325.333	1	25
325.504	1	27
325.675	1	31
325.846	1	29
326.017	1	31
326.188	1	30
326.359	1	30
326.531	1	20
326.702	1	32
326.873	1	41
327.044	1	28
327.215	1	25
327.386	1	32
327.557	1	30
327.728	1	33
327.899	1	41
328.070	1	44
328.241	1	56
328.412	1	19
328.583	1	37
328.754	1	37
328.926	1	49
329.097	1	33
329.268	1	48
329.439	1	31
329.610	1	36
329.781	1	36
329.952	1	43
330.123	1	46
330.294	1	35
330.465	1	39
330.636	1	50
330.807	1	36
330.978	1	42
331.149	1	33
331.320	1	38
331.492	1	33
331.663	1	43
331.834	1	51
332.005	1	40
332.176	1	51
332.347	1	47
332.518	1	42
332.689	1	49
332.860	1	47
333.031	1	46
333.202	1	40
333.373	1	51
333.544	1	46
333.715	1	53
333.886	1	42
334.057	1	47
334.228	1	44
334.399	1	45
334.570	1	59
334.741	1	43
334.912	1	62
335.084	1	60
335.255	1	49
335.426	1	52
335.597	1	51
335.768	1	53
335.939	1	54
336.110	1	56
336.281	1	49
336.452	1	42
336.623	1	61
336.794	1	52
336.965	1	64
337.136	1	59
337.307	1	50
337.478	1	57
337.649	1	58
337.820	1	62
337.991	1	61
338.162	1	63
338.333	1	55
338.504	1	56
338.675	1	72
338.846	1	69
339.017	1	60
339.188	1	63
339.359	1	39
339.530	1	72
339.701	1	58
339.872	1	79
340.043	1	55
340.214	1	65
340.385	1	66
340.556	1	50
340.727	1	63
340.898	1	72
341.069	1	63
341.240	1	72
341.411	1	71
341.582	1	75
341.753	1	62
341.924	1	73
342.095	1	70
342.266	1	79
342.437	1	84
342.608	1	71
342.779	1	79
342.950	1	81
343.121	1	84
343.292	1	66
343.463	1	83
343.634	1	73
343.805	1	80
343.976	1	84
344.147	1	75
344.318	1	76
344.489	1	78
344.660	1	88
344.831	1	73
345.002	1	75
345.173	1	86
345.344	1	85
345.515	1	82
345.686	1	73
345.857	1	90
346.028	1	73
346.199	1	77
346.370	1	84
346.541	1	81
346.712	1	67
346.883	1	83
347.054	1	85
347.225	1	90
347.396	1	99
347.567	1	83
347.738	1	75
347.909	1	97
348.080	1	73
348.251	1	92
348.422	1	93
348.593	1	91
348.764	1	90
348.935	1	89
349.106	1	89
349.277	1	88
349.448	1	103
349.619	1	111
349.790	1	100
349.961	1	93
350.132	1	98
350.303	1	99
350.474	1	115
350.645	1	100
350.816	1	93
350.987	1	108
351.157	1	97
351.328	1	96
351.499	1	101
351.670	1	93
351.841	1	113
352.012	1	112
352.183	1	121
352.354	1	112
352.525	1	116
352.696	1	121
352.867	1	99
353.038	1	107
353.209	1	108
353.380	1	102
353.551	1	106
353.722	1	117
353.893	1	106
354.064	1	112
354.235	1	105
354.406	1	107
354.576	1	100
354.747	1	102
354.918	1	110
355.089	1	114
355.260	1	112
355.431	1	114
355.602	1	113
355.773	1	120
355.944	1	110
356.115	1	124
356.286	1	114
356.457	1	116
356.628	1	122
356.799	1	116
356.970	1	125
357.141	1	119
357.311	1	112
357.482	1	116
357.653	1	126
357.824	1	128
357.995	1	126
358.166	1	110
358.337	1	113
358.508	1	123
358.679	1	119
358.850	1	129
359.021	1	120
359.192	1	123
359.363	1	120
359.533	1	125
359.704	1	127
359.875	1	118
360.046	1	131
360.217	1	123
360.388	1	131
360.559	1	116
360.730	1	127
360.901	1	127
361.072	1	144
361.243	1	134
361.414	1	141
361.584	1	133
361.755	1	135
361.926	1	116
362.097	1	135
362.268	1	130
362.439	1	137
362.610	1	139
362.781	1	134
362.952	1	124
363.123	1	129
363.293	1	119
363.464	1	141
363.635	1	130
363.806	1	124
363.977	1	133
364.148	1	126
364.319	1	134
364.490	1	130
364.661	1	135
364.832	1	150
365.002	1	141
365.173	1	123
365.344	1	137
365.515	1	134
365.686	1	138
365.857	1	136
366.028	1	147
366.199	1	132
366.370	1	139
366.540	1	133
366.711	1	126
366.882	1	129
367.053	1	133
367.224	1	148
367.395	1	151
367.566	1	152
367.737	1	146
367.908	1	146
368.078	1	147
368.249	1	150
368.420	1	131
368.591	1	139
368.762	1	139
368.933	1	134
369.104	1	130
369.274	1	151
369.445	1	137
369.616	1	141
369.787	1	142
369.958	1	159
370.129	1	132
370.300	1	142
370.471	1	140
370.641	1	145
370.812	1	146
370.983	1	142
371.154	1	129
371.325	1	147
371.496	1	143
371.667	1	144
371.837	1	133
372.008	1	143
372.179	1	132
372.350	1	147
372.521	1	161
372.692	1	146
372.863	1	153
373.033	1	131
373.204	1	137
373.375	1	141
373.546	1	149
373.717	1	142
373.888	1	158
374.059	1	143
374.229	1	159
374.400	1	141
374.571	1	148
374.742	1	161
374.913	1	159
375.084	1	152
375.254	1	160
375.425	1	154
375.596	1	159
375.767	1	155
375.938	1	156
376.109	1	156
376.279	1	140
376.450	1	169
376.621	1	161
376.792	1	161
376.963	1	156
377.134	1	175
377.304	1	156
377.475	1	155
377.646	1	160
377.817	1	155
377.988	1	168
378.159	1	168
378.329	1	158
378.500	1	167
378.671	1	167
378.842	1	163
379.013	1	150
379.184	1	165
379.354	1	172
379.525	1	151
379.696	1	178
379.867	1	177
380.038	1	165
380.209	1	170
380.379	1	174
380.550	1	165
380.721	1	168
380.892	1	178
381.063	1	167
381.233	1	173
381.404	1	160
381.575	1	182
381.746	1	163
381.917	1	172
382.087	1	176
382.258	1	165
382.429	1	175
382.600	1	175
382.771	1	179
382.941	1	188
383.112	1	181
383.283	1	185
383.454	1	190
383.625	1	178
383.795	1	194
383.966	1	174
384.137	1	200
384.308	1	183
384.479	1	189
384.649	1	187
384.820	1	173
384.991	1	185
385.162	1	190
385.333	1	180
385.503	1	197
385.674	1	179
385.845	1	194
386.016	1	195
386.187	1	176
386.357	1	198
386.528	1	189
386.699	1	186
386.870	1	209
387.041	1	206
387.211	1	189
387.382	1	208
387.553	1	199
387.724	1	190
387.894	1	202
388.065	1	185
388.236	1	200
388.407	1	205
388.578	1	205
388.748	1	200
388.919	1	200
389.090	1	191
389.261	1	202
389.431	1	206
389.602	1	203
389.773	1	200
389.944	1	205
390.114	1	219
390.285	1	200
390.456	1	186
390.627	1	196
390.798	1	196
390.968	1	199
391.139	1	208
391.310	1	200
391.481	1	206
391.651	1	193
391.822	1	178
391.993	1	196
392.164	1	202
392.334	1	193
392.505	1	193
392.676	1	193
392.847	1	202
393.017	1	201
393.188	1	194
393.359	1	188
393.530	1	205
393.700	1	200
393.871	1	208
394.042	1	190
394.213	1	196
394.383	1	201
394.554	1	199
394.725	1	207
394.896	1	204
395.066	1	216
395.237	1	205
395.408	1	209
395.579	1	208
395.749	1	199
395.920	1	207
396.091	1	202
396.262	1	226
396.432	1	218
396.603	1	222
396.774	1	230
396.945	1	207
397.115	1	212
397.286	1	207
397.457	1	214
397.627	1	211
397.798	1	225
397.969	1	206
398.140	1	213
398.310	1	222
398.481	1	205
398.652	1	211
398.823	1	205
398.993	1	203
399.164	1	201
399.335	1	226
399.505	1	226
399.676	1	201
399.847	1	212
400.018	1	212
400.188	1	204
400.359	1	225
400.530	1	199
400.700	1	220
400.871	1	202
401.042	1	211
401.213	1	228
401.383	1	229
401.554	1	216
401.725	1	235
401.895	1	216
402.066	1	210
402.237	1	222
402.408	1	213
402.578	1	214
402.749	1	220
402.920	1	217
403.090	1	213
403.261	1	209
403.432	1	202
403.603	1	213
403.773	1	222
403.944	1	217
404.115	1	222
404.285	1	220
404.456	1	226
404.627	1	214
404.797	1	220
404.968	1	225
405.139	1	214
405.310	1	228
405.480	1	225
405.651	1	214
405.822	1	223
405.992	1	217
406.163	1	226
406.334	1	213
406.504	1	218
406.675	1	229
406.846	1	229
407.016	1	215
407.187	1	222
407.358	1	225
407.528	1	226
407.699	1	226
407.870	1	221
408.041	1	213
408.211	1	239
408.382	1	222
408.553	1	211
408.723	1	228
408.894	1	213
409.065	1	210
409.235	1	227
409.406	1	229
409.577	1	232
409.747	1	228
409.918	1	229
410.089	1	221
410.259	1	228
410.430	1	227
410.601	1	216
410.771	1	229
410.942	1	228
411.113	1	223
411.283	1	233
411.454	1	230
411.625	1	228
411.795	1	220
411.966	1	228
412.137	1	225
412.307	1	208
412.478	1	214
412.649	1	231
412.819	1	218
412.990	1	217
413.161	1	215
413.331	1	205
413.502	1	233
413.672	1	212
413.843	1	217
414.014	1	219
414.184	1	222
414.355	1	209
414.526	1	218
414.696	1	221
414.867	1	214
415.038	1	203
415.208	1	213
415.379	1	214
415.550	1	222
415.720	1	222
415.891	1	212
416.062	1	212
416.232	1	212
416.403	1	216
416.573	1	219
416.744	1	212
416.915	1	211
417.085	1	221
417.256	1	222
417.427	1	223
417.597	1	213
417.768	1	215
417.939	1	214
418.109	1	215
418.280	1	216
418.450	1	206
418.621	1	207
418.792	1	217
418.962	1	219
419.133	1	226
419.304	1	217
419.474	1	202
419.645	1	211
419.815	1	208
419.986	1	219
420.157	1	221
420.327	1	221
420.498	1	218
420.669	1	206
420.839	1	214
421.010	1	219
421.180	1	201
421.351	1	202
421.522	1	218
421.692	1	219
421.863	1	217
422.033	1	223
422.204	1	207
422.375	1	209
422.545	1	212
422.716	1	210
422.886	1	205
423.057	1	211
423.228	1	201
423.398	1	208
423.569	1	206
423.740	1	195
423.910	1	207
424.081	1	203
424.251	1	197
424.422	1	212
424.593	1	199
424.763	1	203
424.934	1	190
425.104	1	203
425.275	1	210
425.445	1	196
425.616	1	192
425.787	1	205
425.957	1	201
426.128	1	221
426.298	1	207
426.469	1	180
426.640	1	198
426.810	1	203
426.981	1	196
427.151	1	193
427.322	1	190
427.493	1	192
427.663	1	201
427.834	1	189
428.004	1	206
428.175	1	194
428.345	1	198
428.516	1	194
428.687	1	179
428.857	1	174
429.028	1	182
429.198	1	191
429.369	1	195
429.540	1	191
429.710	1	180
429.881	1	194
430.051	1	181
430.222	1	194
430.392	1	197
430.563	1	194
430.734	1	198
430.904	1	187
431.075	1	180
431.245	1	194
431.416	1	204
431.586	1	183
431.757	1	198
431.927	1	197
432.098	1	203
432.269	1	186
432.439	1	171
432.610	1	184
432.780	1	187
432.951	1	188
433.121	1	194
433.292	1	195
433.462	1	185
433.633	1	200
433.804	1	195
433.974	1	194
434.145	1	205
434.315	1	197
434.486	1	190
434.656	1	180
434.827	1	181
434.997	1	192
435.168	1	198
435.339	1	185
435.509	1	190
435.680	1	187
435.850	1	189
436.021	1	176
436.191	1	174
436.362	1	190
436.532	1	174
436.703	1	181
436.873	1	187
437.044	1	171
437.214	1	173
437.385	1	180
437.556	1	170
437.726	1	192
437.897	1	196
438.067	1	169
438.238	1	173
438.408	1	177
438.579	1	181
438.749	1	185
438.920	1	179
439.090	1	182
439.261	1	178
439.431	1	169
439.602	1	169
439.772	1	174
439.943	1	164
440.113	1	172
440.284	1	178
440.455	1	158
440.625	1	174
440.796	1	170
440.966	1	171
441.137	1	176
441.307	1	164
441.478	1	180
441.648	1	158
441.819	1	147
441.989	1	167
442.160	1	160
442.330	1	163
442.501	1	163
442.671	1	163
442.842	1	160
443.012	1	144
443.183	1	160
443.353	1	145
443.524	1	172
443.694	1	167
443.865	1	176
444.035	1	161
444.206	1	166
444.376	1	163
444.547	1	172
444.717	1	158
444.888	1	167
445.058	1	160
445.229	1	156
445.399	1	147
445.570	1	162
445.740	1	148
445.911	1	143
446.081	1	153
446.252	1	159
446.422	1	166
446.593	1	165
446.763	1	148
446.934	1	150
447.104	1	158
447.275	1	152
447.445	1	148
447.616	1	169
447.786	1	150
447.957	1	158
448.127	1	152
448.298	1	148
448.468	1	145
448.639	1	159
448.809	1	163
448.979	1	153
449.150	1	170
449.320	1	164
449.491	1	144
449.661	1	143
449.832	1	138
450.002	1	150
450.173	1	150
450.343	1	144
450.514	1	140
450.684	1	128
450.855	1	146
451.025	1	148
451.196	1	152
451.366	1	154
451.537	1	145
451.707	1	136
451.878	1	142
452.048	1	152
452.218	1	159
452.389	1	143
452.559	1	131
452.730	1	148
452.900	1	146
453.071	1	138
453.241	1	144
453.412	1	129
453.582	1	143
453.753	1	147
453.923	1	136
454.093	1	137
454.264	1	139
454.434	1	142
454.605	1	135
454.775	1	132
454.946	1	139
455.116	1	128
455.287	1	121
455.457	1	128
455.628	1	134
455.798	1	139
455.968	1	146
456.139	1	128
456.309	1	122
456.480	1	124
456.650	1	126
456.821	1	111
456.991	1	122
457.161	1	117
457.332	1	130
457.502	1	120
457.673	1	124
457.843	1	117
458.014	1	132
458.184	1	123
458.355	1	130
458.525	1	129
458.695	1	125
458.866	1	130
459.036	1	131
459.207	1	134
459.377	1	130
459.548	1	129
459.718	1	119
459.888	1	132
460.059	1	129
460.229	1	135
460.400	1	137
460.570	1	111
460.740	1	124
460.911	1	130
461.081	1	123
461.252	1	114
461.422	1	122
461.593	1	126
461.763	1	123
461.933	1	127
462.104	1	113
462.274	1	111
462.445	1	120
462.615	1	118
462.785	1	134
462.956	1	121
463.126	1	128
463.297	1	117
463.467	1	123
463.638	1	115
463.808	1	112
463.978	1	106
464.149	1	121
464.319	1	113
464.490	1	124
464.660	1	114
464.830	1	111
465.001	1	118
465.171	1	117
465.342	1	115
465.512	1	104
465.682	1	107
465.853	1	117
466.023	1	113
466.194	1	103
466.364	1	124
466.534	1	107
466.705	1	99
466.875	1	106
467.045	1	108
467.216	1	122
467.386	1	107
467.557	1	105
467.727	1	100
467.897	1	112
468.068	1	112
468.238	1	94
468.409	1	99
468.579	1	114
468.749	1	109
468.920	1	93
469.090	1	110
469.260	1	100
469.431	1	96
469.601	1	104
469.772	1	101
469.942	1	99
470.112	1	103
470.283	1	99
470.453	1	100
470.623	1	101
470.794	1	101
470.964	1	97
471.135	1	115
471.305	1	89
471.475	1	101
471.646	1	102
471.816	1	100
471.986	1	93
472.157	1	108
472.327	1	90
472.497	1	96
472.668	1	98
472.838	1	104
473.009	1	103
473.179	1	99
473.349	1	97
473.520	1	107
473.690	1	96
473.860	1	92
474.031	1	107
474.201	1	104
474.371	1	105
474.542	1	106
474.712	1	106
474.882	1	106
475.053	1	101
475.223	1	93
475.394	1	106
475.564	1	98
475.734	1	102
475.905	1	100
476.075	1	99
476.245	1	98
476.416	1	105
476.586	1	106
476.756	1	92
476.927	1	95
477.097	1	92
477.267	1	102
477.438	1	88
477.608	1	96
477.778	1	97
477.949	1	87
478.119	1	97
478.289	1	97
478.460	1	94
478.630	1	92
478.800	1	85
478.971	1	99
479.141	1	93
479.311	1	67
479.482	1	96
479.652	1	95
479.822	1	89
479.993	1	97
480.163	1	89
480.333	1	87
480.504	1	93
480.674	1	82
480.844	1	77
481.015	1	90
481.185	1	89
481.355	1	91
481.525	1	88
481.696	1	86
481.866	1	89
482.036	1	81
482.207	1	89
482.377	1	82
482.547	1	96
482.718	1	81
482.888	1	87
483.058	1	81
483.229	1	80
483.399	1	82
483.569	1	76
483.740	1	90
483.910	1	83
484.080	1	77
484.250	1	76
484.421	1	76
484.591	1	87
484.761	1	90
484.932	1	79
485.102	1	94
485.272	1	78
485.443	1	85
485.613	1	74
485.783	1	71
485.953	1	71
486.124	1	87
486.294	1	91
486.464	1	70
486.635	1	90
486.805	1	77
486.975	1	81
487.146	1	76
487.316	1	76
487.486	1	77
487.656	1	70
487.827	1	83
487.997	1	66
488.167	1	76
488.338	1	73
488.508	1	79
488.678	1	71
488.848	1	82
489.019	1	76
489.189	1	76
489.359	1	68
489.529	1	71
489.700	1	61
489.870	1	81
490.040	1	70
490.211	1	66
490.381	1	78
490.551	1	67
490.721	1	77
490.892	1	67
491.062	1	69
491.232	1	77
491.402	1	63
491.573	1	58
491.743	1	66
491.913	1	71
492.084	1	72
492.254	1	65
492.424	1	67
492.594	1	71
492.765	1	70
492.935	1	64
493.105	1	71
493.275	1	70
493.446	1	71
493.616	1	76
493.786	1	72
493.956	1	60
494.127	1	66
494.297	1	63
494.467	1	60
494.637	1	75
494.808	1	56
494.978	1	63
495.148	1	66
495.318	1	67
495.489	1	72
495.659	1	66
495.829	1	63
495.999	1	61
496.170	1	74
496.340	1	76
496.510	1	67
496.680	1	60
496.851	1	68
497.021	1	68
497.191	1	62
497.361	1	56
497.532	1	67
497.702	1	67
497.872	1	53
498.042	1	66
498.213	1	63
498.383	1	68
498.553	1	61
498.723	1	51
498.894	1	65
499.064	1	72
499.234	1	63
499.404	1	57
499.574	1	68
499.745	1	65
499.915	1	73
500.085	1	67
500.255	1	77
500.426	1	62
500.596	1	59
500.766	1	53
500.936	1	59
501.106	1	43
501.277	1	56
501.447	1	53
501.617	1	58
501.787	1	53
501.958	1	46
502.128	1	59
502.298	1	61
502.468	1	52
502.638	1	49
502.809	1	56
502.979	1	52
503.149	1	52
503.319	1	49
503.489	1	56
503.660	1	58
503.830	1	58
504.000	1	65
504.170	1	60
504.340	1	48
504.511	1	57
504.681	1	53
504.851	1	48
505.021	1	53
505.192	1	49
505.362	1	54
505.532	1	62
505.702	1	49
505.872	1	56
506.043	1	63
506.213	1	47
506.383	1	54
506.553	1	53
506.723	1	52
506.893	1	53
507.064	1	58
507.234	1	37
507.404	1	45
507.574	1	45
507.744	1	56
507.915	1	52
508.085	1	55
508.255	1	57
508.425	1	39
508.595	1	68
508.766	1	57
508.936	1	33
509.106	1	57
509.276	1	58
509.446	1	45
509.616	1	47
509.787	1	53
509.957	1	50
510.127	1	42
510.297	1	45
510.467	1	40
510.638	1	44
510.808	1	40
510.978	1	44
511.148	1	52
511.318	1	53
511.488	1	41
511.659	1	47
511.829	1	42
511.999	1	49
512.169	1	51
512.339	1	52
512.509	1	45
512.680	1	50
512.850	1	49
513.020	1	55
513.190	1	53
513.360	1	39
513.530	1	47
513.700	1	56
513.871	1	37
514.041	1	46
514.211	1	50
514.381	1	55
514.551	1	39
514.721	1	46
514.892	1	50
515.062	1	47
515.232	1	60
515.402	1	36
515.572	1	39
515.742	1	42
515.912	1	48
516.083	1	43
516.253	1	40
516.423	1	44
516.593	1	40
516.763	1	55
516.933	1	40
517.104	1	43
517.274	1	43
517.444	1	44
517.614	1	33
517.784	1	30
517.954	1	47
518.124	1	52
518.294	1	44
518.465	1	31
518.635	1	41
518.805	1	36
518.975	1	41
519.145	1	35
519.315	1	43
519.485	1	36
519.656	1	42
519.826	1	47
519.996	1	39
520.166	1	42
520.336	1	51
520.506	1	39
520.676	1	28
520.846	1	49
521.017	1	47
521.187	1	40
521.357	1	44
521.527	1	41
521.697	1	37
521.867	1	32
522.037	1	47
522.207	1	51
522.377	1	46
522.548	1	35
522.718	1	36
522.888	1	51
523.058	1	32
523.228	1	41
523.398	1	44
523.568	1	44
523.738	1	35
523.909	1	42
524.079	1	43
524.249	1	51
524.419	1	37
524.589	1	39
524.759	1	27
524.929	1	39
525.099	1	37
525.269	1	46
525.439	1	36
525.610	1	47
525.780	1	35
525.950	1	43
526.120	1	32
526.290	1	29
526.460	1	25
526.630	1	42
526.800	1	34
526.970	1	34
527.140	1	33
527.311	1	29
527.481	1	30
527.651	1	35
527.821	1	39
527.991	1	38
528.161	1	50
528.331	1	27
528.501	1	31
528.671	1	31
528.841	1	39
529.011	1	22
529.181	1	39
529.352	1	47
529.522	1	24
529.692	1	36
529.862	1	41
530.032	1	32
530.202	1	45
530.372	1	30
530.542	1	37
530.712	1	31
530.882	1	15
531.052	1	37
531.222	1	33
531.392	1	14
531.563	1	38
531.733	1	35
531.903	1	29
532.073	1	48
532.243	1	24
532.413	1	28
532.583	1	34
532.753	1	29
532.923	1	23
533.093	1	43
533.263	1	23
533.433	1	31
533.603	1	32
533.773	1	24
533.943	1	30
534.113	1	42
534.284	1	33
534.454	1	39
534.624	1	34
534.794	1	24
534.964	1	34
535.134	1	16
535.304	1	39
535.474	1	38
535.644	1	13
535.814	1	20
535.984	1	26
536.154	1	17
536.324	1	22
536.494	1	39
536.664	1	34
536.834	1	29
537.004	1	40
537.174	1	53
537.344	1	20
537.514	1	20
537.685	1	26
537.855	1	27
538.025	1	21
538.195	1	22
538.365	1	33
538.535	1	19
538.705	1	32
538.875	1	31
539.045	1	28
539.215	1	39
539.385	1	34
539.555	1	24
539.725	1	29
539.895	1	26
540.065	1	27
540.235	1	41
540.405	1	19
540.575	1	25
540.745	1	31
540.915	1	25
541.085	1	21
541.255	1	12
541.425	1	32
541.595	1	24
541.765	1	24
541.935	1	20
542.105	1	23
542.275	1	25
542.445	1	13
542.615	1	27
542.785	1	23
542.955	1	14
543.125	1	17
543.295	1	27
543.465	1	29
543.635	1	21
543.805	1	36
543.975	1	19
544.145	1	25
544.315	1	17
544.485	1	29
544.655	1	21
544.825	1	17
544.995	1	23
545.165	1	24
545.335	1	23
545.505	1	16
545.675	1	31
545.845	1	32
546.015	1	20
546.185	1	25
546.355	1	19
546.525	1	25
546.695	1	25
546.865	1	18
547.035	1	26
547.205	1	15
547.375	1	28
547.545	1	27
547.715	1	19
547.885	1	27
548.055	1	22
548.225	1	29
548.395	1	16
548.565	1	20
548.735	1	18
548.905	1	22
549.075	1	22
549.245	1	19
549.415	1	14
549.585	1	29
549.755	1	16
549.925	1	17
550.095	1	22
550.265	1	18
550.435	1	15
550.605	1	19
550.775	1	17
550.945	1	25
551.115	1	21
551.285	1	30
551.455	1	17
551.625	1	25
551.795	1	19
551.965	1	22
552.135	1	10
552.305	1	16
552.475	1	11
552.645	1	13
552.815	1	22
552.985	1	22
553.155	1	16
553.325	1	27
553.495	1	18
553.665	1	23
553.835	1	9
554.004	1	23
554.174	1	24
554.344	1	20
554.514	1	12
554.684	1	25
554.854	1	29
555.024	1	16
555.194	1	15
555.364	1	24
555.534	1	25
555.704	1	20
555.874	1	21
556.044	1	17
556.214	1	19
556.384	1	15
556.554	1	30
556.724	1	22
556.894	1	16
557.064	1	28
557.234	1	7
557.404	1	23
557.573	1	20
557.743	1	12
557.913	1	14
558.083	1	25
558.253	1	23
558.423	1	11
558.593	1	21
558.763	1	16
558.933	1	17
559.103	1	26
559.273	1	19
559.443	1	17
559.613	1	15
559.783	1	8
559.953	1	22
560.122	1	23
560.292	1	17
560.462	1	16
560.632	1	19
560.802	1	19
560.972	1	26
561.142	1	24
561.312	1	13
561.482	1	16
561.652	1	28
561.822	1	14
561.992	1	16
562.162	1	19
562.331	1	16
562.501	1	11
562.671	1	23
562.841	1	16
563.011	1	25
563.181	1	12
563.351	1	7
563.521	1	22
563.691	1	8
563.861	1	20
564.031	1	16
564.201	1	24
564.370	1	10
564.540	1	13
564.710	1	14
564.880	1	24
565.050	1	17
565.220	1	13
565.390	1	20
565.560	1	19
565.730	1	15
565.900	1	5
566.069	1	26
566.239	1	17
566.409	1	17
566.579	1	18
566.749	1	9
566.919	1	18
567.089	1	8
567.259	1	19
567.429	1	15
567.599	1	19
567.768	1	18
567.938	1	21
568.108	1	12
568.278	1	10
568.448	1	6
568.618	1	15
568.788	1	12
568.958	1	14
569.128	1	13
569.297	1	12
569.467	1	12
569.637	1	18
569.807	1	18
569.977	1	23
570.147	1	19
570.317	1	7
570.487	1	7
570.656	1	16
570.826	1	5
570.996	1	16
571.166	1	13
571.336	1	5
571.506	1	17
571.676	1	8
571.846	1	19
572.015	1	19
572.185	1	18
572.355	1	14
572.525	1	19
572.695	1	8
572.865	1	11
573.035	1	19
573.205	1	19
573.374	1	1
573.544	1	12
573.714	1	29
573.884	1	14
574.054	1	11
574.224	1	12
574.394	1	4
574.563	1	15
574.733	1	13
574.903	1	15
575.073	1	10
575.243	1	18
575.413	1	24
575.583	1	3
575.752	1	24
575.922	1	14
576.092	1	15
576.262	1	14
576.432	1	11
576.602	1	6
576.772	1	19
576.941	1	14
577.111	1	7
577.281	1	2
577.451	1	12
577.621	1	25
577.791	1	17
577.960	1	4
578.130	1	12
578.300	1	12
578.470	1	18
578.640	1	10
578.810	1	15
578.979	1	20
579.149	1	13
579.319	1	10
579.489	1	18
579.659	1	3
579.829	1	11
579.998	1	18
580.168	1	24
580.338	1	15
580.508	1	17
580.678	1	18
580.848	1	10
581.017	1	11
581.187	1	12
581.357	1	2
581.527	1	16
581.697	1	20
581.867	1	22
582.036	1	12
582.206	1	22
582.376	1	26
582.546	1	7
582.716	1	-3
582.885	1	16
583.055	1	10
583.225	1	6
583.395	1	15
583.565	1	13
583.735	1	18
583.904	1	16
584.074	1	23
584.244	1	15
584.414	1	15
584.584	1	9
584.753	1	5
584.923	1	12
585.093	1	11
585.263	1	21
585.433	1	14
585.602	1	10
585.772	1	2
585.942	1	11
586.112	1	24
586.282	1	9
586.451	1	5
586.621	1	6
586.791	1	15
586.961	1	6
587.131	1	12
587.300	1	15
587.470	1	25
587.640	1	21
587.810	1	3
587.980	1	19
588.149	1	14
588.319	1	18
588.489	1	8
588.659	1	15
588.829	1	17
588.998	1	21
589.168	1	25
589.338	1	13
589.508	1	15
589.677	1	6
589.847	1	7
590.017	1	24
590.187	1	9
590.357	1	18
590.526	1	28
590.696	1	14
590.866	1	18
591.036	1	14
591.205	1	33
591.375	1	2
591.545	1	11
591.715	1	13
591.885	1	12
592.054	1	18
592.224	1	15
592.394	1	12
592.564	1	14
592.733	1	18
592.903	1	16
593.073	1	14
593.243	1	20
593.412	1	25
593.582	1	13
593.752	1	8
593.922	1	20
594.091	1	18
594.261	1	7
594.431	1	10
594.601	1	16
594.771	1	11
594.940	1	11
595.110	1	11
595.280	1	25
595.450	1	4
595.619	1	13
595.789	1	10
595.959	1	22
596.129	1	11
596.298	1	8
596.468	1	16
596.638	1	21
596.808	1	20
596.977	1	13
597.147	1	14
597.317	1	13
597.487	1	10
597.656	1	23
597.826	1	9
597.996	1	20
598.166	1	14
598.335	1	3
598.505	1	15
598.675	1	16
598.844	1	9
599.014	1	11
599.184	1	8
599.354	1	5
599.523	1	23
599.693	1	13
599.863	1	23
600.033	1	5
600.202	1	25
600.372	1	21
600.542	1	22
600.712	1	5
600.881	1	7
601.051	1	25
601.221	1	21
601.390	1	7
601.560	1	20
601.730	1	19
601.900	1	18
602.069	1	27
602.239	1	14
602.409	1	4
602.578	1	7
602.748	1	11
602.918	1	17
603.088	1	21
603.257	1	26
603.427	1	17
603.597	1	13
603.767	1	23
603.936	1	21
604.106	1	17
604.276	1	7
604.445	1	23
604.615	1	10
604.785	1	18
604.954	1	17
605.124	1	13
605.294	1	6
605.464	1	14
605.633	1	16
605.803	1	18
605.973	1	8
606.142	1	17
606.312	1	21
606.482	1	21
606.652	1	15
606.821	1	10
606.991	1	12
607.161	1	11
607.330	1	21
607.500	1	8
607.670	1	11
607.839	1	21
608.009	1	30
608.179	1	22
608.348	1	14
608.518	1	4
608.688	1	23
608.858	1	6
609.027	1	14
609.197	1	22
609.367	1	25
609.536	1	21
609.706	1	13
609.876	1	20
610.045	1	19
610.215	1	21
610.385	1	13
610.554	1	8
610.724	1	27
610.894	1	15
611.063	1	16
611.233	1	9
611.403	1	20
611.572	1	20
611.742	1	14
611.912	1	14
612.081	1	11
612.251	1	20
612.421	1	13
612.590	1	11
612.760	1	19
612.930	1	11
613.099	1	18
613.269	1	27
613.439	1	19
613.608	1	11
613.778	1	24
613.948	1	13
614.117	1	23
614.287	1	18
614.457	1	20
614.626	1	16
614.796	1	20
614.966	1	17
615.135	1	19
615.305	1	25
615.475	1	18
615.644	1	19
615.814	1	18
615.984	1	16
616.153	1	18
616.323	1	17
616.493	1	15
616.662	1	23
616.832	1	22
617.002	1	12
617.171	1	19
617.341	1	15
617.511	1	15
617.680	1	12
617.850	1	21
618.019	1	28
618.189	1	31
618.359	1	19
618.528	1	25
618.698	1	22
618.868	1	22
619.037	1	22
619.207	1	10
619.377	1	15
619.546	1	22
619.716	1	25
619.885	1	20
620.055	1	13
620.225	1	21
620.394	1	17
620.564	1	30
620.734	1	23
620.903	1	13
621.073	1	30
621.242	1	22
621.412	1	23
621.582	1	19
621.751	1	26
621.921	1	23
622.091	1	14
622.260	1	10
622.430	1	32
622.599	1	20
622.769	1	9
622.939	1	24
623.108	1	20
623.278	1	15
623.448	1	25
623.617	1	23
623.787	1	29
623.956	1	29
624.126	1	15
624.296	1	30
624.465	1	24
624.635	1	24
624.804	1	25
624.974	1	24
625.144	1	31
625.313	1	22
625.483	1	17
625.652	1	18
625.822	1	23
625.992	1	25
626.161	1	27
626.331	1	21
626.501	1	21
626.670	1	21
626.840	1	23
627.009	1	29
627.179	1	27
627.348	1	23
627.518	1	29
627.688	1	26
627.857	1	28
628.027	1	12
628.196	1	27
628.366	1	23
628.536	1	20
628.705	1	22
628.875	1	20
629.044	1	23
629.214	1	27
629.384	1	25
629.553	1	34
629.723	1	19
629.892	1	16
630.062	1	18
630.232	1	22
630.401	1	28
630.571	1	25
630.740	1	29
630.910	1	27
631.079	1	25
631.249	1	21
631.419	1	29
631.588	1	23
631.758	1	35
631.927	1	23
632.097	1	28
632.266	1	29
632.436	1	25
632.606	1	21
632.775	1	27
632.945	1	30
633.114	1	33
633.284	1	30
633.453	1	31
633.623	1	17
633.793	1	30
633.962	1	23
634.132	1	25
634.301	1	24
634.471	1	32
634.640	1	30
634.810	1	25
634.979	1	23
635.149	1	33
635.319	1	28
635.488	1	25
635.658	1	17
635.827	1	24
635.997	1	19
636.166	1	27
636.336	1	35
636.505	1	34
636.675	1	29
636.845	1	32
637.014	1	23
637.184	1	40
637.353	1	28
637.523	1	26
637.692	1	33
637.862	1	26
638.031	1	26
638.201	1	42
638.370	1	25
638.540	1	27
638.710	1	33
638.879	1	24
639.049	1	32
639.218	1	34
639.388	1	18
639.557	1	28
639.727	1	30
639.896	1	20
640.066	1	30
640.235	1	29
640.405	1	37
640.574	1	35
640.744	1	14
640.914	1	33
641.083	1	27
641.253	1	23
641.422	1	37
641.592	1	34
641.761	1	19
641.931	1	28
642.100	1	40
642.270	1	26
642.439	1	33
642.609	1	29
642.778	1	30
642.948	1	9
643.117	1	32
643.287	1	33
643.456	1	18
643.626	1	35
643.795	1	24
643.965	1	27
644.134	1	23
644.304	1	23
644.473	1	33
644.643	1	32
644.812	1	30
644.982	1	39
645.151	1	28
645.321	1	31
645.490	1	44
645.660	1	30
645.829	1	32
645.999	1	22
646.168	1	29
646.338	1	31
646.507	1	29
646.677	1	34
646.846	1	28
647.016	1	37
647.185	1	39
647.355	1	17
647.524	1	38
647.694	1	48
647.863	1	42
648.033	1	34
648.202	1	46
648.372	1	39
648.541	1	32
648.711	1	38
648.880	1	29
649.050	1	36
649.219	1	35
649.389	1	50
649.558	1	24
649.728	1	43
649.897	1	22
650.067	1	38
650.236	1	37
650.406	1	31
650.575	1	43
650.745	1	36
650.914	1	21
651.084	1	23
651.253	1	45
651.423	1	27
651.592	1	28
651.762	1	28
651.931	1	39
652.101	1	39
652.270	1	40
652.440	1	46
652.609	1	25
652.778	1	32
652.948	1	33
653.117	1	39
653.287	1	25
653.456	1	47
653.626	1	40
653.795	1	29
653.965	1	34
654.134	1	40
654.304	1	18
654.473	1	44
654.643	1	33
654.812	1	33
654.982	1	38
655.151	1	33
655.320	1	38
655.490	1	30
655.659	1	44
655.829	1	32
655.998	1	43
656.168	1	40
656.337	1	50
656.507	1	38
656.676	1	46
656.846	1	49
657.015	1	40
657.184	1	46
657.354	1	41
657.523	1	39
657.693	1	40
657.862	1	48
658.032	1	38
658.201	1	37
658.371	1	50
658.540	1	52
658.709	1	37
658.879	1	45
659.048	1	38
659.218	1	32
659.387	1	37
659.557	1	42
659.726	1	41
659.895	1	47
660.065	1	35
660.234	1	48
660.404	1	52
660.573	1	38
660.743	1	34
660.912	1	40
661.081	1	47
661.251	1	35
661.420	1	37
661.590	1	42
661.759	1	48
661.929	1	43
662.098	1	57
662.267	1	40
662.437	1	44
662.606	1	29
662.776	1	37
662.945	1	50
663.115	1	37
663.284	1	25
663.453	1	40
663.623	1	39
663.792	1	44
663.962	1	34
664.131	1	49
664.300	1	45
664.470	1	32
664.639	1	38
664.809	1	49
664.978	1	43
665.148	1	35
665.317	1	41
665.486	1	46
665.656	1	39
665.825	1	54
665.995	1	36
666.164	1	46
666.333	1	46
666.503	1	40
666.672	1	31
666.842	1	36
667.011	1	31
667.180	1	41
667.350	1	43
667.519	1	39
667.689	1	46
667.858	1	48
668.027	1	57
668.197	1	44
668.366	1	37
668.536	1	39
668.705	1	49
668.874	1	40
669.044	1	41
669.213	1	51
669.382	1	40
669.552	1	49
669.721	1	42
669.891	1	48
670.060	1	54
670.229	1	52
670.399	1	46
670.568	1	51
670.738	1	51
670.907	1	30
671.076	1	33
671.246	1	40
671.415	1	45
671.584	1	54
671.754	1	38
671.923	1	39
672.093	1	53
672.262	1	39
672.431	1	55
672.601	1	41
672.770	1	34
672.939	1	38
673.109	1	46
673.278	1	42
673.448	1	50
673.617	1	38
673.786	1	43
