325.333	1	7
325.504	1	10
325.675	1	10
325.846	1	0
326.017	1	11
326.188	1	8
326.359	1	-1
326.531	1	-14
326.702	1	3
326.873	1	12
327.044	1	8
327.215	1	11
327.386	1	18
327.557	1	7
327.728	1	6
327.899	1	2
328.070	1	12
328.241	1	4
328.412	1	-1
328.583	1	6
328.754	1	4
328.926	1	16
329.097	1	-8
329.268	1	9
329.439	1	3
329.610	1	9
329.781	1	-3
329.952	1	6
330.123	1	9
330.294	1	-1
330.465	1	8
330.636	1	7
330.807	1	5
330.978	1	8
331.149	1	1
331.320	1	-1
331.492	1	10
331.663	1	5
331.834	1	5
332.005	1	7
332.176	1	11
332.347	1	4
332.518	1	-5
332.689	1	10
332.860	1	4
333.031	1	20
333.202	1	7
333.373	1	10
333.544	1	13
333.715	1	23
333.886	1	-1
334.057	1	14
334.228	1	7
334.399	1	6
334.570	1	12
334.741	1	4
334.912	1	8
335.084	1	18
335.255	1	7
335.426	1	8
335.597	1	10
335.768	1	11
335.939	1	7
336.110	1	2
336.281	1	4
336.452	1	6
336.623	1	7
336.794	1	8
336.965	1	7
337.136	1	19
337.307	1	11
337.478	1	5
337.649	1	1
337.820	1	15
337.991	1	6
338.162	1	12
338.333	1	12
338.504	1	8
338.675	1	6
338.846	1	10
339.017	1	5
339.188	1	12
339.359	1	-3
339.530	1	2
339.701	1	13
339.872	1	16
340.043	1	1
340.214	1	3
340.385	1	12
340.556	1	2
340.727	1	10
340.898	1	23
341.069	1	5
341.240	1	2
341.411	1	8
341.582	1	4
341.753	1	-2
341.924	1	10
342.095	1	2
342.266	1	15
342.437	1	7
342.608	1	10
342.779	1	18
342.950	1	11
343.121	1	18
343.292	1	4
343.463	1	8
343.634	1	8
343.805	1	20
343.976	1	11
344.147	1	10
344.318	1	7
344.489	1	0
344.660	1	17
344.831	1	3
345.002	1	5
345.173	1	16
345.344	1	18
345.515	1	20
345.686	1	15
345.857	1	15
346.028	1	5
346.199	1	13
346.370	1	11
346.541	1	4
346.712	1	4
346.883	1	20
347.054	1	4
347.225	1	18
347.396	1	15
347.567	1	13
347.738	1	8
347.909	1	18
348.080	1	16
348.251	1	19
348.422	1	13
348.593	1	12
348.764	1	4
348.935	1	16
349.106	1	7
349.277	1	10
349.448	1	17
349.619	1	7
349.790	1	14
349.961	1	25
350.132	1	20
350.303	1	16
350.474	1	31
350.645	1	14
350.816	1	11
350.987	1	21
351.157	1	7
351.328	1	26
351.499	1	23
351.670	1	18
351.841	1	26
352.012	1	25
352.183	1	24
352.354	1	23
352.525	1	27
352.696	1	20
352.867	1	20
353.038	1	27
353.209	1	33
353.380	1	22
353.551	1	10
353.722	1	17
353.893	1	13
354.064	1	26
354.235	1	20
354.406	1	16
354.576	1	14
354.747	1	22
354.918	1	23
355.089	1	21
355.260	1	30
355.431	1	16
355.602	1	14
355.773	1	21
355.944	1	23
356.115	1	14
356.286	1	18
356.457	1	15
356.628	1	30
356.799	1	23
356.970	1	28
357.141	1	20
357.311	1	16
357.482	1	16
357.653	1	24
357.824	1	24
357.995	1	25
358.166	1	16
358.337	1	15
358.508	1	23
358.679	1	19
358.850	1	17
359.021	1	9
359.192	1	27
359.363	1	14
359.533	1	13
359.704	1	12
359.875	1	22
360.046	1	31
360.217	1	8
360.388	1	25
360.559	1	17
360.730	1	26
360.901	1	24
361.072	1	31
361.243	1	19
361.414	1	12
361.584	1	20
361.755	1	20
361.926	1	17
362.097	1	19
362.268	1	17
362.439	1	15
362.610	1	31
362.781	1	18
362.952	1	6
363.123	1	18
363.293	1	15
363.464	1	26
363.635	1	25
363.806	1	20
363.977	1	19
364.148	1	14
364.319	1	30
364.490	1	23
364.661	1	19
364.832	1	23
365.002	1	25
365.173	1	15
365.344	1	26
365.515	1	22
365.686	1	16
365.857	1	20
366.028	1	26
366.199	1	13
366.370	1	24
366.540	1	18
366.711	1	15
366.882	1	18
367.053	1	8
367.224	1	22
367.395	1	15
367.566	1	29
367.737	1	28
367.908	1	20
368.078	1	28
368.249	1	35
368.420	1	23
368.591	1	15
368.762	1	27
368.933	1	14
369.104	1	15
369.274	1	19
369.445	1	20
369.616	1	23
369.787	1	15
369.958	1	29
370.129	1	19
370.300	1	24
370.471	1	21
370.641	1	17
370.812	1	23
370.983	1	23
371.154	1	19
371.325	1	29
371.496	1	27
371.667	1	32
371.837	1	19
372.008	1	27
372.179	1	17
372.350	1	30
372.521	1	18
372.692	1	14
372.863	1	22
373.033	1	10
373.204	1	19
373.375	1	22
373.546	1	32
373.717	1	31
373.888	1	39
374.059	1	23
374.229	1	33
374.400	1	27
374.571	1	16
374.742	1	35
374.913	1	43
375.084	1	21
375.254	1	16
375.425	1	34
375.596	1	30
375.767	1	21
375.938	1	32
376.109	1	33
376.279	1	14
376.450	1	19
376.621	1	36
376.792	1	14
376.963	1	30
377.134	1	30
377.304	1	30
377.475	1	24
377.646	1	27
377.817	1	19
377.988	1	26
378.159	1	30
378.329	1	35
378.500	1	27
378.671	1	27
378.842	1	26
379.013	1	9
379.184	1	22
379.354	1	29
379.525	1	27
379.696	1	22
379.867	1	27
380.038	1	33
380.209	1	28
380.379	1	36
380.550	1	20
380.721	1	24
380.892	1	37
381.063	1	28
381.233	1	32
381.404	1	28
381.575	1	35
381.746	1	29
381.917	1	37
382.087	1	28
382.258	1	21
382.429	1	34
382.600	1	37
382.771	1	25
382.941	1	28
383.112	1	24
383.283	1	39
383.454	1	31
383.625	1	25
383.795	1	32
383.966	1	34
384.137	1	47
384.308	1	37
384.479	1	37
384.649	1	33
384.820	1	40
384.991	1	33
385.162	1	24
385.333	1	27
385.503	1	27
385.674	1	21
385.845	1	43
386.016	1	38
386.187	1	33
386.357	1	38
386.528	1	38
386.699	1	28
386.870	1	45
387.041	1	37
387.211	1	41
387.382	1	47
387.553	1	32
387.724	1	24
387.894	1	31
388.065	1	27
388.236	1	27
388.407	1	25
388.578	1	30
388.748	1	25
388.919	1	50
389.090	1	36
389.261	1	28
389.431	1	47
389.602	1	38
389.773	1	40
389.944	1	37
390.114	1	34
390.285	1	33
390.456	1	30
390.627	1	31
390.798	1	48
390.968	1	39
391.139	1	44
391.310	1	30
391.481	1	40
391.651	1	40
391.822	1	23
391.993	1	37
392.164	1	35
392.334	1	32
392.505	1	29
392.676	1	44
392.847	1	52
393.017	1	45
393.188	1	37
393.359	1	28
393.530	1	36
393.700	1	42
393.871	1	38
394.042	1	31
394.213	1	28
394.383	1	47
394.554	1	36
394.725	1	50
394.896	1	41
395.066	1	42
395.237	1	37
395.408	1	33
395.579	1	44
395.749	1	36
395.920	1	35
396.091	1	45
396.262	1	26
396.432	1	38
396.603	1	40
396.774	1	40
396.945	1	42
397.115	1	36
397.286	1	40
397.457	1	33
397.627	1	35
397.798	1	46
397.969	1	32
398.140	1	26
398.310	1	40
398.481	1	43
398.652	1	45
398.823	1	30
398.993	1	38
399.164	1	40
399.335	1	46
399.505	1	40
399.676	1	35
399.847	1	45
400.018	1	36
400.188	1	35
400.359	1	38
400.530	1	35
400.700	1	37
400.871	1	32
401.042	1	34
401.213	1	33
401.383	1	43
401.554	1	42
401.725	1	44
401.895	1	33
402.066	1	41
402.237	1	45
402.408	1	45
402.578	1	42
402.749	1	40
402.920	1	47
403.090	1	33
403.261	1	42
403.432	1	35
403.603	1	41
403.773	1	39
403.944	1	45
404.115	1	42
404.285	1	54
404.456	1	38
404.627	1	42
404.797	1	31
404.968	1	40
405.139	1	31
405.310	1	46
405.480	1	32
405.651	1	39
405.822	1	33
405.992	1	35
406.163	1	38
406.334	1	29
406.504	1	38
406.675	1	45
406.846	1	36
407.016	1	36
407.187	1	45
407.358	1	28
407.528	1	38
407.699	1	28
407.870	1	40
408.041	1	41
408.211	1	41
408.382	1	27
408.553	1	33
408.723	1	50
408.894	1	38
409.065	1	35
409.235	1	41
409.406	1	41
409.577	1	23
409.747	1	50
409.918	1	32
410.089	1	43
410.259	1	46
410.430	1	43
410.601	1	44
410.771	1	37
410.942	1	60
411.113	1	32
411.283	1	39
411.454	1	39
411.625	1	39
411.795	1	40
411.966	1	44
412.137	1	49
412.307	1	37
412.478	1	35
412.649	1	38
412.819	1	35
412.990	1	32
413.161	1	42
413.331	1	33
413.502	1	50
413.672	1	34
413.843	1	40
414.014	1	38
414.184	1	47
414.355	1	35
414.526	1	40
414.696	1	49
414.867	1	43
415.038	1	32
415.208	1	39
415.379	1	44
415.550	1	45
415.720	1	33
415.891	1	32
416.062	1	32
416.232	1	42
416.403	1	40
416.573	1	53
416.744	1	26
416.915	1	46
417.085	1	34
417.256	1	33
417.427	1	45
417.597	1	40
417.768	1	37
417.939	1	42
418.109	1	43
418.280	1	46
418.450	1	36
418.621	1	41
418.792	1	38
418.962	1	43
419.133	1	43
419.304	1	36
419.474	1	34
419.645	1	46
419.815	1	34
419.986	1	37
420.157	1	43
420.327	1	42
420.498	1	50
420.669	1	44
420.839	1	40
421.010	1	47
421.180	1	42
421.351	1	42
421.522	1	39
421.692	1	38
421.863	1	24
422.033	1	49
422.204	1	42
422.375	1	40
422.545	1	51
422.716	1	34
422.886	1	43
423.057	1	43
423.228	1	40
423.398	1	27
423.569	1	34
423.740	1	32
423.910	1	25
424.081	1	45
424.251	1	41
424.422	1	44
424.593	1	35
424.763	1	43
424.934	1	37
425.104	1	39
425.275	1	39
425.445	1	34
425.616	1	33
425.787	1	32
425.957	1	35
426.128	1	43
426.298	1	43
426.469	1	32
426.640	1	45
426.810	1	39
426.981	1	31
427.151	1	35
427.322	1	39
427.493	1	37
427.663	1	40
427.834	1	36
428.004	1	40
428.175	1	34
428.345	1	41
428.516	1	27
428.687	1	47
428.857	1	20
429.028	1	31
429.198	1	36
429.369	1	28
429.540	1	46
429.710	1	23
429.881	1	38
430.051	1	28
430.222	1	40
430.392	1	43
430.563	1	37
430.734	1	42
430.904	1	50
431.075	1	23
431.245	1	30
431.416	1	34
431.586	1	42
431.757	1	35
431.927	1	37
432.098	1	40
432.269	1	38
432.439	1	32
432.610	1	36
432.780	1	40
432.951	1	28
433.121	1	31
433.292	1	41
433.462	1	40
433.633	1	35
433.804	1	41
433.974	1	41
434.145	1	50
434.315	1	20
434.486	1	29
434.656	1	39
434.827	1	34
434.997	1	25
435.168	1	39
435.339	1	36
435.509	1	37
435.680	1	39
435.850	1	29
436.021	1	35
436.191	1	35
436.362	1	40
436.532	1	33
436.703	1	33
436.873	1	34
437.044	1	38
437.214	1	32
437.385	1	27
437.556	1	32
437.726	1	41
437.897	1	49
438.067	1	35
438.238	1	28
438.408	1	44
438.579	1	31
438.749	1	33
438.920	1	38
439.090	1	37
439.261	1	30
439.431	1	30
439.602	1	28
439.772	1	35
439.943	1	42
440.113	1	19
440.284	1	39
440.455	1	34
440.625	1	26
440.796	1	34
440.966	1	25
441.137	1	22
441.307	1	24
441.478	1	39
441.648	1	32
441.819	1	31
441.989	1	32
442.160	1	32
442.330	1	30
442.501	1	42
442.671	1	23
442.842	1	19
443.012	1	28
443.183	1	39
443.353	1	28
443.524	1	32
443.694	1	32
443.865	1	33
444.035	1	32
444.206	1	29
444.376	1	34
444.547	1	32
444.717	1	44
444.888	1	32
445.058	1	36
445.229	1	37
445.399	1	27
445.570	1	19
445.740	1	22
445.911	1	18
446.081	1	21
446.252	1	45
446.422	1	22
446.593	1	29
446.763	1	30
446.934	1	16
447.104	1	36
447.275	1	39
447.445	1	27
447.616	1	40
447.786	1	34
447.957	1	25
448.127	1	35
448.298	1	36
448.468	1	22
448.639	1	27
448.809	1	30
448.979	1	22
449.150	1	31
449.320	1	28
449.491	1	33
449.661	1	24
449.832	1	28
450.002	1	34
450.173	1	23
450.343	1	26
450.514	1	24
450.684	1	24
450.855	1	17
451.025	1	36
451.196	1	35
451.366	1	38
451.537	1	28
451.707	1	22
451.878	1	18
452.048	1	40
452.218	1	29
452.389	1	24
452.559	1	25
452.730	1	30
452.900	1	32
453.071	1	10
453.241	1	27
453.412	1	20
453.582	1	23
453.753	1	30
453.923	1	25
454.093	1	30
454.264	1	40
454.434	1	24
454.605	1	19
454.775	1	33
454.946	1	21
455.116	1	25
455.287	1	14
455.457	1	20
455.628	1	17
455.798	1	23
455.968	1	28
456.139	1	13
456.309	1	28
456.480	1	21
456.650	1	25
456.821	1	8
456.991	1	20
457.161	1	22
457.332	1	21
457.502	1	20
457.673	1	24
457.843	1	24
458.014	1	29
458.184	1	22
458.355	1	31
458.525	1	24
458.695	1	27
458.866	1	33
459.036	1	23
459.207	1	15
459.377	1	26
459.548	1	29
459.718	1	20
459.888	1	37
460.059	1	25
460.229	1	33
460.400	1	31
460.570	1	21
460.740	1	20
460.911	1	25
461.081	1	23
461.252	1	22
461.422	1	33
461.593	1	19
461.763	1	25
461.933	1	39
462.104	1	18
462.274	1	25
462.445	1	33
462.615	1	17
462.785	1	21
462.956	1	26
463.126	1	25
463.297	1	18
463.467	1	23
463.638	1	27
463.808	1	12
463.978	1	8
464.149	1	15
464.319	1	27
464.490	1	25
464.660	1	15
464.830	1	25
465.001	1	20
465.171	1	23
465.342	1	31
465.512	1	12
465.682	1	20
465.853	1	21
466.023	1	19
466.194	1	15
466.364	1	25
466.534	1	19
466.705	1	22
466.875	1	26
467.045	1	18
467.216	1	30
467.386	1	20
467.557	1	18
467.727	1	8
467.897	1	15
468.068	1	18
468.238	1	21
468.409	1	20
468.579	1	33
468.749	1	7
468.920	1	9
469.090	1	13
469.260	1	11
469.431	1	14
469.601	1	29
469.772	1	17
469.942	1	13
470.112	1	24
470.283	1	18
470.453	1	14
470.623	1	11
470.794	1	18
470.964	1	22
471.135	1	19
471.305	1	10
471.475	1	25
471.646	1	17
471.816	1	20
471.986	1	16
472.157	1	30
472.327	1	6
472.497	1	23
472.668	1	10
472.838	1	20
473.009	1	20
473.179	1	14
473.349	1	16
473.520	1	26
473.690	1	16
473.860	1	19
474.031	1	12
474.201	1	21
474.371	1	28
474.542	1	18
474.712	1	8
474.882	1	19
475.053	1	25
475.223	1	16
475.394	1	13
475.564	1	19
475.734	1	18
475.905	1	25
476.075	1	16
476.245	1	26
476.416	1	19
476.586	1	22
476.756	1	9
476.927	1	19
477.097	1	16
477.267	1	5
477.438	1	26
477.608	1	24
477.778	1	11
477.949	1	17
478.119	1	27
478.289	1	31
478.460	1	35
478.630	1	20
478.800	1	16
478.971	1	18
479.141	1	11
479.311	1	17
479.482	1	14
479.652	1	15
479.822	1	18
479.993	1	22
480.163	1	18
480.333	1	13
480.504	1	30
480.674	1	8
480.844	1	8
481.015	1	26
481.185	1	12
481.355	1	23
481.525	1	9
481.696	1	19
481.866	1	18
482.036	1	16
482.207	1	12
482.377	1	8
482.547	1	20
482.718	1	8
482.888	1	17
483.058	1	24
483.229	1	6
483.399	1	15
483.569	1	14
483.740	1	18
483.910	1	13
484.080	1	20
484.250	1	23
484.421	1	14
484.591	1	9
484.761	1	20
484.932	1	20
485.102	1	25
485.272	1	13
485.443	1	23
485.613	1	22
485.783	1	16
485.953	1	12
486.124	1	18
486.294	1	19
486.464	1	17
486.635	1	22
486.805	1	25
486.975	1	11
487.146	1	17
487.316	1	13
487.486	1	9
487.656	1	24
487.827	1	12
487.997	1	3
488.167	1	14
488.338	1	21
488.508	1	4
488.678	1	13
488.848	1	18
489.019	1	18
489.189	1	11
489.359	1	5
489.529	1	11
489.700	1	8
489.870	1	24
490.040	1	7
490.211	1	10
490.381	1	22
490.551	1	7
490.721	1	19
490.892	1	9
491.062	1	14
491.232	1	11
491.402	1	8
491.573	1	2
491.743	1	14
491.913	1	16
492.084	1	19
492.254	1	12
492.424	1	16
492.594	1	10
492.765	1	7
492.935	1	11
493.105	1	12
493.275	1	20
493.446	1	23
493.616	1	13
493.786	1	17
493.956	1	11
494.127	1	8
494.297	1	10
494.467	1	14
494.637	1	13
494.808	1	15
494.978	1	3
495.148	1	14
495.318	1	10
495.489	1	9
495.659	1	17
495.829	1	8
495.999	1	6
496.170	1	15
496.340	1	16
496.510	1	22
496.680	1	6
496.851	1	5
497.021	1	1
497.191	1	-2
497.361	1	5
497.532	1	5
497.702	1	12
497.872	1	14
498.042	1	18
498.213	1	3
498.383	1	11
498.553	1	11
498.723	1	8
498.894	1	13
499.064	1	6
499.234	1	8
499.404	1	19
499.574	1	17
499.745	1	13
499.915	1	17
500.085	1	11
500.255	1	16
500.426	1	16
500.596	1	7
500.766	1	2
500.936	1	13
501.106	1	5
501.277	1	20
501.447	1	11
501.617	1	11
501.787	1	6
501.958	1	-6
502.128	1	10
502.298	1	11
502.468	1	15
502.638	1	5
502.809	1	8
502.979	1	9
503.149	1	-4
503.319	1	1
503.489	1	12
503.660	1	15
503.830	1	9
504.000	1	19
504.170	1	0
504.340	1	1
504.511	1	13
504.681	1	7
504.851	1	9
505.021	1	13
505.192	1	4
505.362	1	22
505.532	1	3
505.702	1	-1
505.872	1	11
506.043	1	10
506.213	1	8
506.383	1	9
506.553	1	22
506.723	1	6
506.893	1	10
507.064	1	15
507.234	1	5
507.404	1	-2
507.574	1	3
507.744	1	8
507.915	1	4
508.085	1	13
508.255	1	9
508.425	1	6
508.595	1	20
508.766	1	18
508.936	1	-6
509.106	1	17
509.276	1	18
509.446	1	7
509.616	1	-1
509.787	1	8
509.957	1	4
510.127	1	10
510.297	1	17
510.467	1	4
510.638	1	9
510.808	1	-2
510.978	1	7
511.148	1	11
511.318	1	6
511.488	1	-6
511.659	1	16
511.829	1	5
511.999	1	6
512.169	1	8
512.339	1	2
512.509	1	5
512.680	1	5
512.850	1	12
513.020	1	15
513.190	1	1
513.360	1	-2
513.530	1	8
513.700	1	18
513.871	1	1
514.041	1	2
514.211	1	13
514.381	1	19
514.551	1	13
514.721	1	1
514.892	1	4
515.062	1	19
515.232	1	9
515.402	1	3
515.572	1	-8
515.742	1	14
515.912	1	8
516.083	1	7
516.253	1	19
516.423	1	16
516.593	1	2
516.763	1	14
516.933	1	4
517.104	1	11
517.274	1	4
517.444	1	9
517.614	1	-3
517.784	1	11
517.954	1	10
518.124	1	9
518.294	1	-4
518.465	1	6
518.635	1	0
518.805	1	-5
518.975	1	3
519.145	1	6
519.315	1	11
519.485	1	3
519.656	1	15
519.826	1	0
519.996	1	8
520.166	1	9
520.336	1	6
520.506	1	8
520.676	1	3
520.846	1	8
521.017	1	12
521.187	1	1
521.357	1	23
521.527	1	3
521.697	1	0
521.867	1	12
522.037	1	11
522.207	1	11
522.377	1	14
522.548	1	4
522.718	1	14
522.888	1	19
523.058	1	8
523.228	1	11
523.398	1	23
523.568	1	7
523.738	1	6
523.909	1	10
524.079	1	8
524.249	1	7
524.419	1	8
524.589	1	12
524.759	1	8
524.929	1	-2
525.099	1	5
525.269	1	11
525.439	1	10
525.610	1	20
525.780	1	6
525.950	1	5
526.120	1	1
526.290	1	4
526.460	1	6
526.630	1	13
526.800	1	5
526.970	1	7
527.140	1	6
527.311	1	-1
527.481	1	-2
527.651	1	8
527.821	1	-3
527.991	1	13
528.161	1	12
528.331	1	5
528.501	1	6
528.671	1	2
528.841	1	-5
529.011	1	-4
529.181	1	6
529.352	1	9
529.522	1	-2
529.692	1	8
529.862	1	8
530.032	1	8
530.202	1	7
530.372	1	7
530.542	1	-3
530.712	1	4
530.882	1	11
531.052	1	11
531.222	1	10
531.392	1	2
531.563	1	12
531.733	1	1
531.903	1	8
532.073	1	9
532.243	1	6
532.413	1	7
532.583	1	2
532.753	1	-3
532.923	1	1
533.093	1	0
533.263	1	1
533.433	1	2
533.603	1	7
533.773	1	1
533.943	1	11
534.113	1	1
534.284	1	11
534.454	1	10
534.624	1	16
534.794	1	2
534.964	1	1
535.134	1	4
535.304	1	-7
535.474	1	16
535.644	1	-2
535.814	1	5
535.984	1	-2
536.154	1	2
536.324	1	7
536.494	1	4
536.664	1	9
536.834	1	12
537.004	1	8
537.174	1	3
537.344	1	-5
537.514	1	0
537.685	1	4
537.855	1	5
538.025	1	6
538.195	1	9
538.365	1	12
538.535	1	5
538.705	1	-4
538.875	1	1
539.045	1	3
539.215	1	4
539.385	1	5
539.555	1	5
539.725	1	11
539.895	1	0
540.065	1	18
540.235	1	7
540.405	1	-1
540.575	1	6
540.745	1	1
540.915	1	9
541.085	1	9
541.255	1	-6
541.425	1	4
541.595	1	5
541.765	1	13
541.935	1	2
542.105	1	0
542.275	1	7
542.445	1	-8
542.615	1	0
542.785	1	6
542.955	1	3
543.125	1	3
543.295	1	13
543.465	1	6
543.635	1	8
543.805	1	15
543.975	1	-2
544.145	1	10
544.315	1	2
544.485	1	0
544.655	1	7
544.825	1	-3
544.995	1	-4
545.165	1	-3
545.335	1	0
545.505	1	-2
545.675	1	-1
545.845	1	11
546.015	1	15
546.185	1	12
546.355	1	11
546.525	1	5
546.695	1	0
546.865	1	-6
547.035	1	11
547.205	1	2
547.375	1	15
547.545	1	7
547.715	1	-3
547.885	1	4
548.055	1	-1
548.225	1	-4
548.395	1	5
548.565	1	10
548.735	1	4
548.905	1	6
549.075	1	8
549.245	1	2
549.415	1	-5
549.585	1	7
549.755	1	7
549.925	1	-4
550.095	1	3
550.265	1	-1
550.435	1	7
550.605	1	-9
550.775	1	7
550.945	1	12
551.115	1	5
551.285	1	-1
551.455	1	1
551.625	1	7
551.795	1	13
551.965	1	2
552.135	1	-3
552.305	1	5
552.475	1	-6
552.645	1	2
552.815	1	2
552.985	1	7
553.155	1	2
553.325	1	11
553.495	1	8
553.665	1	7
553.835	1	2
554.004	1	2
554.174	1	3
554.344	1	8
554.514	1	-1
554.684	1	2
554.854	1	4
555.024	1	-5
555.194	1	3
555.364	1	9
555.534	1	5
555.704	1	-2
555.874	1	17
556.044	1	2
556.214	1	-2
556.384	1	0
556.554	1	12
556.724	1	8
556.894	1	8
557.064	1	1
557.234	1	-6
557.404	1	5
557.573	1	11
557.743	1	5
557.913	1	-2
558.083	1	6
558.253	1	9
558.423	1	-2
558.593	1	11
558.763	1	1
558.933	1	3
559.103	1	12
559.273	1	1
559.443	1	2
559.613	1	8
559.783	1	-1
559.953	1	-1
560.122	1	9
560.292	1	8
560.462	1	2
560.632	1	4
560.802	1	6
560.972	1	7
561.142	1	14
561.312	1	-7
561.482	1	4
561.652	1	3
561.822	1	5
561.992	1	4
562.162	1	-2
562.331	1	-4
562.501	1	-2
562.671	1	8
562.841	1	-15
563.011	1	5
563.181	1	7
563.351	1	-1
563.521	1	5
563.691	1	-4
563.861	1	2
564.031	1	7
564.201	1	4
564.370	1	-8
564.540	1	1
564.710	1	-2
564.880	1	16
565.050	1	4
565.220	1	3
565.390	1	2
565.560	1	11
565.730	1	-1
565.900	1	3
566.069	1	2
566.239	1	1
566.409	1	8
566.579	1	4
566.749	1	8
566.919	1	11
567.089	1	5
567.259	1	3
567.429	1	-2
567.599	1	0
567.768	1	8
567.938	1	10
568.108	1	3
568.278	1	6
568.448	1	-5
568.618	1	10
568.788	1	3
568.958	1	5
569.128	1	9
569.297	1	-2
569.467	1	1
569.637	1	5
569.807	1	-1
569.977	1	3
570.147	1	13
570.317	1	-1
570.487	1	7
570.656	1	4
570.826	1	-7
570.996	1	-3
571.166	1	1
571.336	1	-2
571.506	1	7
571.676	1	6
571.846	1	10
572.015	1	5
572.185	1	2
572.355	1	7
572.525	1	8
572.695	1	3
572.865	1	-9
573.035	1	5
573.205	1	4
573.374	1	-10
573.544	1	-1
573.714	1	11
573.884	1	9
574.054	1	1
574.224	1	4
574.394	1	6
574.563	1	-3
574.733	1	5
574.903	1	-3
575.073	1	1
575.243	1	-1
575.413	1	-1
575.583	1	-2
575.752	1	13
575.922	1	0
576.092	1	6
576.262	1	-1
576.432	1	8
576.602	1	-1
576.772	1	7
576.941	1	2
577.111	1	5
577.281	1	-9
577.451	1	-1
577.621	1	3
577.791	1	3
577.960	1	-4
578.130	1	-2
578.300	1	10
578.470	1	16
578.640	1	1
578.810	1	-3
578.979	1	2
579.149	1	0
579.319	1	-9
579.489	1	9
579.659	1	6
579.829	1	8
579.998	1	7
580.168	1	15
580.338	1	4
580.508	1	0
580.678	1	1
580.848	1	2
581.017	1	9
581.187	1	8
581.357	1	-3
581.527	1	7
581.697	1	6
581.867	1	6
582.036	1	-1
582.206	1	6
582.376	1	13
582.546	1	2
582.716	1	-5
582.885	1	11
583.055	1	-4
583.225	1	-4
583.395	1	6
583.565	1	-7
583.735	1	2
583.904	1	4
584.074	1	6
584.244	1	17
584.414	1	5
584.584	1	5
584.753	1	-9
584.923	1	10
585.093	1	6
585.263	1	2
585.433	1	-1
585.602	1	2
585.772	1	-3
585.942	1	-6
586.112	1	-5
586.282	1	1
586.451	1	-10
586.621	1	-4
586.791	1	-3
586.961	1	2
587.131	1	7
587.300	1	-2
587.470	1	8
587.640	1	7
587.810	1	0
587.980	1	3
588.149	1	2
588.319	1	-2
588.489	1	5
588.659	1	0
588.829	1	9
588.998	1	11
589.168	1	5
589.338	1	4
589.508	1	-4
589.677	1	-8
589.847	1	-11
590.017	1	3
590.187	1	-3
590.357	1	14
590.526	1	14
590.696	1	9
590.866	1	8
591.036	1	-2
591.205	1	9
591.375	1	1
591.545	1	-1
591.715	1	10
591.885	1	5
592.054	1	7
592.224	1	3
592.394	1	-5
592.564	1	-3
592.733	1	15
592.903	1	-4
593.073	1	0
593.243	1	-1
593.412	1	10
593.582	1	4
593.752	1	-7
593.922	1	-3
594.091	1	-4
594.261	1	3
594.431	1	5
594.601	1	-3
594.771	1	2
594.940	1	6
595.110	1	2
595.280	1	4
595.450	1	1
595.619	1	-4
595.789	1	1
595.959	1	1
596.129	1	-6
596.298	1	9
596.468	1	5
596.638	1	7
596.808	1	-3
596.977	1	6
597.147	1	6
597.317	1	-9
597.487	1	9
597.656	1	-2
597.826	1	12
597.996	1	1
598.166	1	-5
598.335	1	-5
598.505	1	2
598.675	1	-3
598.844	1	1
599.014	1	6
599.184	1	3
599.354	1	0
599.523	1	-1
599.693	1	-12
599.863	1	8
600.033	1	9
600.202	1	1
600.372	1	5
600.542	1	5
600.712	1	0
600.881	1	3
601.051	1	9
601.221	1	10
601.390	1	-6
601.560	1	8
601.730	1	11
601.900	1	1
602.069	1	2
602.239	1	-2
602.409	1	0
602.578	1	3
602.748	1	0
602.918	1	8
603.088	1	4
603.257	1	13
603.427	1	-7
603.597	1	1
603.767	1	9
603.936	1	6
604.106	1	0
604.276	1	-2
604.445	1	2
604.615	1	3
604.785	1	1
604.954	1	0
605.124	1	8
605.294	1	5
605.464	1	-5
605.633	1	5
605.803	1	-2
605.973	1	4
606.142	1	7
606.312	1	4
606.482	1	5
606.652	1	9
606.821	1	3
606.991	1	-1
607.161	1	8
607.330	1	-3
607.500	1	9
607.670	1	1
607.839	1	7
608.009	1	11
608.179	1	5
608.348	1	5
608.518	1	-1
608.688	1	13
608.858	1	-6
609.027	1	0
609.197	1	0
609.367	1	7
609.536	1	7
609.706	1	4
609.876	1	10
610.045	1	1
610.215	1	11
610.385	1	5
610.554	1	3
610.724	1	5
610.894	1	5
611.063	1	11
611.233	1	6
611.403	1	3
611.572	1	-4
611.742	1	1
611.912	1	-5
612.081	1	7
612.251	1	8
612.421	1	5
612.590	1	-8
612.760	1	-5
612.930	1	-2
613.099	1	1
613.269	1	10
613.439	1	-2
613.608	1	8
613.778	1	9
613.948	1	-6
614.117	1	4
614.287	1	14
614.457	1	2
614.626	1	-8
614.796	1	1
614.966	1	6
615.135	1	-4
615.305	1	11
615.475	1	-4
615.644	1	0
615.814	1	-1
615.984	1	-4
616.153	1	-1
616.323	1	5
616.493	1	2
616.662	1	7
616.832	1	-4
617.002	1	-1
617.171	1	3
617.341	1	2
617.511	1	1
617.680	1	-4
617.850	1	10
618.019	1	13
618.189	1	9
618.359	1	3
618.528	1	0
618.698	1	12
618.868	1	-7
619.037	1	9
619.207	1	-4
619.377	1	0
619.546	1	-4
619.716	1	4
619.885	1	6
620.055	1	-5
620.225	1	2
620.394	1	-4
620.564	1	8
620.734	1	9
620.903	1	-4
621.073	1	12
621.242	1	10
621.412	1	9
621.582	1	3
621.751	1	2
621.921	1	3
622.091	1	-2
622.260	1	0
622.430	1	18
622.599	1	10
622.769	1	10
622.939	1	8
623.108	1	-4
623.278	1	-1
623.448	1	3
623.617	1	-9
623.787	1	4
623.956	1	8
624.126	1	-4
624.296	1	-1
624.465	1	8
624.635	1	16
624.804	1	5
624.974	1	6
625.144	1	12
625.313	1	1
625.483	1	-6
625.652	1	1
625.822	1	-3
625.992	1	2
626.161	1	15
626.331	1	5
626.501	1	8
626.670	1	8
626.840	1	7
627.009	1	6
627.179	1	4
627.348	1	9
627.518	1	6
627.688	1	6
627.857	1	8
628.027	1	10
628.196	1	8
628.366	1	19
628.536	1	0
628.705	1	9
628.875	1	-3
629.044	1	-1
629.214	1	6
629.384	1	2
629.553	1	12
629.723	1	7
629.892	1	4
630.062	1	6
630.232	1	1
630.401	1	7
630.571	1	5
630.740	1	7
630.910	1	10
631.079	1	5
631.249	1	8
631.419	1	7
631.588	1	-6
631.758	1	5
631.927	1	4
632.097	1	4
632.266	1	5
632.436	1	12
632.606	1	3
632.775	1	7
632.945	1	8
633.114	1	6
633.284	1	4
633.453	1	4
633.623	1	10
633.793	1	3
633.962	1	3
634.132	1	2
634.301	1	12
634.471	1	10
634.640	1	7
634.810	1	1
634.979	1	4
635.149	1	5
635.319	1	0
635.488	1	6
635.658	1	2
635.827	1	1
635.997	1	-1
636.166	1	2
636.336	1	-10
636.505	1	12
636.675	1	9
636.845	1	6
637.014	1	8
637.184	1	10
637.353	1	14
637.523	1	3
637.692	1	9
637.862	1	2
638.031	1	3
638.201	1	0
638.370	1	4
638.540	1	5
638.710	1	0
638.879	1	-7
639.049	1	5
639.218	1	9
639.388	1	6
639.557	1	-3
639.727	1	2
639.896	1	4
640.066	1	6
640.235	1	4
640.405	1	11
640.574	1	2
640.744	1	-2
640.914	1	1
641.083	1	1
641.253	1	-3
641.422	1	6
641.592	1	10
641.761	1	0
641.931	1	9
642.100	1	20
642.270	1	4
642.439	1	10
642.609	1	9
642.778	1	13
642.948	1	-5
643.117	1	11
643.287	1	5
643.456	1	-5
643.626	1	13
643.795	1	3
643.965	1	7
644.134	1	8
644.304	1	5
644.473	1	5
644.643	1	11
644.812	1	-2
644.982	1	4
645.151	1	8
645.321	1	-3
645.490	1	21
645.660	1	-4
645.829	1	8
645.999	1	0
646.168	1	8
646.338	1	3
646.507	1	6
646.677	1	12
646.846	1	4
647.016	1	-3
647.185	1	3
647.355	1	-9
647.524	1	16
647.694	1	12
647.863	1	10
648.033	1	4
648.202	1	6
648.372	1	6
648.541	1	6
648.711	1	11
648.880	1	2
649.050	1	-1
649.219	1	3
649.389	1	7
649.558	1	0
649.728	1	14
649.897	1	7
650.067	1	7
650.236	1	-3
650.406	1	8
650.575	1	8
650.745	1	3
650.914	1	0
651.084	1	-7
651.253	1	6
651.423	1	4
651.592	1	8
651.762	1	-4
651.931	1	15
652.101	1	7
652.270	1	17
652.440	1	7
652.609	1	0
652.778	1	-2
652.948	1	9
653.117	1	10
653.287	1	5
653.456	1	8
653.626	1	11
653.795	1	7
653.965	1	2
654.134	1	16
654.304	1	-5
654.473	1	9
654.643	1	11
654.812	1	13
654.982	1	7
655.151	1	1
655.320	1	9
655.490	1	-2
655.659	1	5
655.829	1	-3
655.998	1	0
656.168	1	-2
656.337	1	18
656.507	1	6
656.676	1	18
656.846	1	17
657.015	1	11
657.184	1	9
657.354	1	10
657.523	1	-2
657.693	1	10
657.862	1	-2
658.032	1	12
658.201	1	10
658.371	1	11
658.540	1	7
658.709	1	0
658.879	1	17
659.048	1	8
659.218	1	3
659.387	1	19
659.557	1	5
659.726	1	9
659.895	1	-6
660.065	1	0
660.234	1	2
660.404	1	5
660.573	1	5
660.743	1	0
660.912	1	8
661.081	1	14
661.251	1	13
661.420	1	8
661.590	1	11
661.759	1	10
661.929	1	2
662.098	1	11
662.267	1	1
662.437	1	20
662.606	1	11
662.776	1	15
662.945	1	7
663.115	1	6
663.284	1	-2
663.453	1	11
663.623	1	-3
663.792	1	3
663.962	1	2
664.131	1	11
664.300	1	12
664.470	1	2
664.639	1	5
664.809	1	9
664.978	1	5
665.148	1	4
665.317	1	8
665.486	1	8
665.656	1	10
665.825	1	10
665.995	1	2
666.164	1	1
666.333	1	15
666.503	1	4
666.672	1	-3
666.842	1	-7
667.011	1	0
667.180	1	9
667.350	1	14
667.519	1	10
667.689	1	13
667.858	1	9
668.027	1	15
668.197	1	2
668.366	1	-3
668.536	1	5
668.705	1	7
668.874	1	4
669.044	1	3
669.213	1	19
669.382	1	0
669.552	1	10
669.721	1	2
669.891	1	17
670.060	1	9
670.229	1	14
670.399	1	6
670.568	1	12
670.738	1	9
670.907	1	3
671.076	1	5
671.246	1	11
671.415	1	7
671.584	1	3
671.754	1	-1
671.923	1	5
672.093	1	12
672.262	1	9
672.431	1	9
672.601	1	3
672.770	1	-1
672.939	1	8
673.109	1	0
673.278	1	11
673.448	1	12
673.617	1	6
673.786	1	13
