325.333	1	24
325.504	1	23
325.675	1	25
325.846	1	16
326.017	1	20
326.188	1	16
326.359	1	19
326.531	1	11
326.702	1	18
326.873	1	46
327.044	1	19
327.215	1	21
327.386	1	28
327.557	1	23
327.728	1	22
327.899	1	32
328.070	1	43
328.241	1	27
328.412	1	24
328.583	1	32
328.754	1	25
328.926	1	34
329.097	1	18
329.268	1	31
329.439	1	22
329.610	1	36
329.781	1	14
329.952	1	31
330.123	1	38
330.294	1	32
330.465	1	38
330.636	1	36
330.807	1	26
330.978	1	29
331.149	1	31
331.320	1	26
331.492	1	29
331.663	1	38
331.834	1	42
332.005	1	31
332.176	1	44
332.347	1	37
332.518	1	25
332.689	1	42
332.860	1	28
333.031	1	46
333.202	1	37
333.373	1	50
333.544	1	39
333.715	1	43
333.886	1	28
334.057	1	37
334.228	1	27
334.399	1	41
334.570	1	43
334.741	1	37
334.912	1	39
335.084	1	49
335.255	1	38
335.426	1	38
335.597	1	32
335.768	1	37
335.939	1	45
336.110	1	36
336.281	1	31
336.452	1	39
336.623	1	54
336.794	1	49
336.965	1	46
337.136	1	39
337.307	1	40
337.478	1	46
337.649	1	47
337.820	1	43
337.991	1	43
338.162	1	52
338.333	1	45
338.504	1	46
338.675	1	43
338.846	1	40
339.017	1	49
339.188	1	38
339.359	1	43
339.530	1	53
339.701	1	43
339.872	1	60
340.043	1	53
340.214	1	43
340.385	1	47
340.556	1	34
340.727	1	58
340.898	1	64
341.069	1	57
341.240	1	44
341.411	1	58
341.582	1	49
341.753	1	41
341.924	1	47
342.095	1	47
342.266	1	65
342.437	1	59
342.608	1	48
342.779	1	55
342.950	1	58
343.121	1	51
343.292	1	55
343.463	1	55
343.634	1	47
343.805	1	64
343.976	1	64
344.147	1	62
344.318	1	50
344.489	1	61
344.660	1	62
344.831	1	51
345.002	1	60
345.173	1	64
345.344	1	63
345.515	1	67
345.686	1	65
345.857	1	67
346.028	1	67
346.199	1	49
346.370	1	64
346.541	1	67
346.712	1	53
346.883	1	67
347.054	1	73
347.225	1	72
347.396	1	68
347.567	1	65
347.738	1	59
347.909	1	71
348.080	1	62
348.251	1	71
348.422	1	80
348.593	1	69
348.764	1	68
348.935	1	68
349.106	1	69
349.277	1	65
349.448	1	71
349.619	1	74
349.790	1	70
349.961	1	76
350.132	1	72
350.303	1	81
350.474	1	83
350.645	1	80
350.816	1	77
350.987	1	80
351.157	1	67
351.328	1	78
351.499	1	77
351.670	1	71
351.841	1	86
352.012	1	85
352.183	1	86
352.354	1	80
352.525	1	92
352.696	1	85
352.867	1	76
353.038	1	79
353.209	1	87
353.380	1	74
353.551	1	72
353.722	1	81
353.893	1	73
354.064	1	90
354.235	1	84
354.406	1	66
354.576	1	84
354.747	1	87
354.918	1	94
355.089	1	81
355.260	1	86
355.431	1	85
355.602	1	78
355.773	1	78
355.944	1	90
356.115	1	87
356.286	1	90
356.457	1	91
356.628	1	90
356.799	1	91
356.970	1	95
357.141	1	86
357.311	1	85
357.482	1	92
357.653	1	83
357.824	1	108
357.995	1	86
358.166	1	88
358.337	1	85
358.508	1	108
358.679	1	95
358.850	1	91
359.021	1	95
359.192	1	106
359.363	1	104
359.533	1	91
359.704	1	89
359.875	1	102
360.046	1	98
360.217	1	83
360.388	1	86
360.559	1	96
360.730	1	102
360.901	1	94
361.072	1	118
361.243	1	106
361.414	1	105
361.584	1	89
361.755	1	100
361.926	1	100
362.097	1	94
362.268	1	105
362.439	1	92
362.610	1	104
362.781	1	94
362.952	1	99
363.123	1	87
363.293	1	100
363.464	1	102
363.635	1	106
363.806	1	96
363.977	1	102
364.148	1	104
364.319	1	90
364.490	1	95
364.661	1	89
364.832	1	98
365.002	1	111
365.173	1	106
365.344	1	97
365.515	1	94
365.686	1	103
365.857	1	107
366.028	1	105
366.199	1	92
366.370	1	107
366.540	1	97
366.711	1	99
366.882	1	90
367.053	1	101
367.224	1	117
367.395	1	97
367.566	1	102
367.737	1	124
367.908	1	120
368.078	1	110
368.249	1	118
368.420	1	105
368.591	1	97
368.762	1	118
368.933	1	103
369.104	1	101
369.274	1	110
369.445	1	106
369.616	1	108
369.787	1	111
369.958	1	113
370.129	1	102
370.300	1	108
370.471	1	117
370.641	1	111
370.812	1	102
370.983	1	104
371.154	1	101
371.325	1	110
371.496	1	117
371.667	1	113
371.837	1	104
372.008	1	103
372.179	1	105
372.350	1	105
372.521	1	108
372.692	1	107
372.863	1	118
373.033	1	99
373.204	1	116
373.375	1	117
373.546	1	103
373.717	1	115
373.888	1	120
374.059	1	125
374.229	1	124
374.400	1	104
374.571	1	110
374.742	1	123
374.913	1	107
375.084	1	119
375.254	1	102
375.425	1	111
375.596	1	118
375.767	1	113
375.938	1	121
376.109	1	120
376.279	1	118
376.450	1	124
376.621	1	118
376.792	1	107
376.963	1	115
377.134	1	123
377.304	1	113
377.475	1	106
377.646	1	111
377.817	1	122
377.988	1	114
378.159	1	125
378.329	1	120
378.500	1	127
378.671	1	132
378.842	1	112
379.013	1	113
379.184	1	122
379.354	1	127
379.525	1	117
379.696	1	141
379.867	1	114
380.038	1	123
380.209	1	131
380.379	1	114
380.550	1	125
380.721	1	136
380.892	1	120
381.063	1	130
381.233	1	135
381.404	1	128
381.575	1	126
381.746	1	127
381.917	1	134
382.087	1	136
382.258	1	125
382.429	1	137
382.600	1	129
382.771	1	124
382.941	1	138
383.112	1	132
383.283	1	132
383.454	1	132
383.625	1	130
383.795	1	141
383.966	1	124
384.137	1	138
384.308	1	135
384.479	1	139
384.649	1	129
384.820	1	142
384.991	1	147
385.162	1	140
385.333	1	138
385.503	1	135
385.674	1	133
385.845	1	149
386.016	1	139
386.187	1	140
386.357	1	141
386.528	1	151
386.699	1	133
386.870	1	156
387.041	1	159
387.211	1	146
387.382	1	152
387.553	1	148
387.724	1	150
387.894	1	157
388.065	1	148
388.236	1	155
388.407	1	146
388.578	1	150
388.748	1	147
388.919	1	158
389.090	1	146
389.261	1	149
389.431	1	141
389.602	1	155
389.773	1	155
389.944	1	164
390.114	1	146
390.285	1	149
390.456	1	153
390.627	1	148
390.798	1	143
390.968	1	147
391.139	1	149
391.310	1	138
391.481	1	144
391.651	1	160
391.822	1	143
391.993	1	139
392.164	1	136
392.334	1	145
392.505	1	127
392.676	1	153
392.847	1	148
393.017	1	162
393.188	1	156
393.359	1	145
393.530	1	153
393.700	1	139
393.871	1	154
394.042	1	146
394.213	1	146
394.383	1	153
394.554	1	158
394.725	1	157
394.896	1	147
395.066	1	163
395.237	1	147
395.408	1	167
395.579	1	151
395.749	1	160
395.920	1	149
396.091	1	152
396.262	1	159
396.432	1	146
396.603	1	162
396.774	1	181
396.945	1	163
397.115	1	168
397.286	1	155
397.457	1	161
397.627	1	159
397.798	1	163
397.969	1	162
398.140	1	159
398.310	1	161
398.481	1	166
398.652	1	152
398.823	1	159
398.993	1	157
399.164	1	162
399.335	1	176
399.505	1	171
399.676	1	149
399.847	1	162
400.018	1	171
400.188	1	167
400.359	1	170
400.530	1	167
400.700	1	159
400.871	1	159
401.042	1	171
401.213	1	157
401.383	1	157
401.554	1	169
401.725	1	153
401.895	1	167
402.066	1	164
402.237	1	163
402.408	1	173
402.578	1	168
402.749	1	156
402.920	1	163
403.090	1	155
403.261	1	154
403.432	1	161
403.603	1	176
403.773	1	151
403.944	1	165
404.115	1	152
404.285	1	172
404.456	1	180
404.627	1	164
404.797	1	180
404.968	1	168
405.139	1	155
405.310	1	165
405.480	1	164
405.651	1	159
405.822	1	166
405.992	1	154
406.163	1	168
406.334	1	157
406.504	1	159
406.675	1	177
406.846	1	173
407.016	1	175
407.187	1	178
407.358	1	163
407.528	1	166
407.699	1	173
407.870	1	159
408.041	1	162
408.211	1	182
408.382	1	177
408.553	1	165
408.723	1	177
408.894	1	181
409.065	1	174
409.235	1	181
409.406	1	170
409.577	1	176
409.747	1	189
409.918	1	174
410.089	1	154
410.259	1	179
410.430	1	185
410.601	1	186
410.771	1	181
410.942	1	181
411.113	1	177
411.283	1	174
411.454	1	175
411.625	1	174
411.795	1	181
411.966	1	167
412.137	1	163
412.307	1	158
412.478	1	178
412.649	1	179
412.819	1	169
412.990	1	161
413.161	1	175
413.331	1	157
413.502	1	181
413.672	1	177
413.843	1	154
414.014	1	168
414.184	1	166
414.355	1	162
414.526	1	173
414.696	1	167
414.867	1	174
415.038	1	143
415.208	1	168
415.379	1	165
415.550	1	162
415.720	1	169
415.891	1	157
416.062	1	161
416.232	1	149
416.403	1	170
416.573	1	167
416.744	1	159
416.915	1	161
417.085	1	161
417.256	1	163
417.427	1	175
417.597	1	170
417.768	1	154
417.939	1	171
418.109	1	164
418.280	1	174
418.450	1	156
418.621	1	157
418.792	1	163
418.962	1	182
419.133	1	170
419.304	1	173
419.474	1	163
419.645	1	169
419.815	1	156
419.986	1	158
420.157	1	165
420.327	1	169
420.498	1	171
420.669	1	148
420.839	1	176
421.010	1	161
421.180	1	166
421.351	1	162
421.522	1	158
421.692	1	156
421.863	1	163
422.033	1	166
422.204	1	149
422.375	1	162
422.545	1	168
422.716	1	162
422.886	1	170
423.057	1	156
423.228	1	164
423.398	1	159
423.569	1	156
423.740	1	163
423.910	1	163
424.081	1	150
424.251	1	147
424.422	1	165
424.593	1	139
424.763	1	159
424.934	1	161
425.104	1	155
425.275	1	147
425.445	1	142
425.616	1	150
425.787	1	127
425.957	1	157
426.128	1	159
426.298	1	143
426.469	1	135
426.640	1	145
426.810	1	150
426.981	1	143
427.151	1	139
427.322	1	150
427.493	1	143
427.663	1	155
427.834	1	138
428.004	1	155
428.175	1	158
428.345	1	157
428.516	1	147
428.687	1	158
428.857	1	149
429.028	1	134
429.198	1	144
429.369	1	139
429.540	1	150
429.710	1	142
429.881	1	150
430.051	1	140
430.222	1	138
430.392	1	151
430.563	1	154
430.734	1	147
430.904	1	140
431.075	1	146
431.245	1	144
431.416	1	140
431.586	1	139
431.757	1	148
431.927	1	139
432.098	1	148
432.269	1	149
432.439	1	150
432.610	1	144
432.780	1	146
432.951	1	149
433.121	1	146
433.292	1	140
433.462	1	145
433.633	1	140
433.804	1	138
433.974	1	147
434.145	1	149
434.315	1	139
434.486	1	144
434.656	1	146
434.827	1	130
434.997	1	143
435.168	1	148
435.339	1	139
435.509	1	143
435.680	1	130
435.850	1	135
436.021	1	140
436.191	1	144
436.362	1	144
436.532	1	146
436.703	1	134
436.873	1	148
437.044	1	121
437.214	1	138
437.385	1	134
437.556	1	137
437.726	1	155
437.897	1	139
438.067	1	134
438.238	1	134
438.408	1	135
438.579	1	133
438.749	1	132
438.920	1	134
439.090	1	136
439.261	1	131
439.431	1	135
439.602	1	139
439.772	1	144
439.943	1	134
440.113	1	130
440.284	1	133
440.455	1	121
440.625	1	135
440.796	1	135
440.966	1	115
441.137	1	130
441.307	1	112
441.478	1	137
441.648	1	135
441.819	1	130
441.989	1	115
442.160	1	136
442.330	1	115
442.501	1	118
442.671	1	120
442.842	1	108
443.012	1	117
443.183	1	121
443.353	1	131
443.524	1	124
443.694	1	134
443.865	1	109
444.035	1	128
444.206	1	132
444.376	1	116
444.547	1	127
444.717	1	115
444.888	1	120
445.058	1	131
445.229	1	125
445.399	1	122
445.570	1	118
445.740	1	110
445.911	1	123
446.081	1	114
446.252	1	127
446.422	1	120
446.593	1	112
446.763	1	113
446.934	1	120
447.104	1	125
447.275	1	120
447.445	1	117
447.616	1	120
447.786	1	119
447.957	1	114
448.127	1	115
448.298	1	118
448.468	1	108
448.639	1	112
448.809	1	115
448.979	1	118
449.150	1	121
449.320	1	114
449.491	1	130
449.661	1	114
449.832	1	98
450.002	1	116
450.173	1	121
450.343	1	123
450.514	1	111
450.684	1	104
450.855	1	99
451.025	1	114
451.196	1	103
451.366	1	112
451.537	1	109
451.707	1	95
451.878	1	114
452.048	1	112
452.218	1	127
452.389	1	118
452.559	1	112
452.730	1	112
452.900	1	111
453.071	1	95
453.241	1	106
453.412	1	99
453.582	1	100
453.753	1	110
453.923	1	117
454.093	1	120
454.264	1	109
454.434	1	98
454.605	1	95
454.775	1	106
454.946	1	104
455.116	1	102
455.287	1	89
455.457	1	103
455.628	1	93
455.798	1	116
455.968	1	115
456.139	1	96
456.309	1	104
456.480	1	84
456.650	1	101
456.821	1	98
456.991	1	103
457.161	1	92
457.332	1	109
457.502	1	86
457.673	1	102
457.843	1	113
458.014	1	105
458.184	1	95
458.355	1	85
458.525	1	95
458.695	1	97
458.866	1	94
459.036	1	96
459.207	1	93
459.377	1	101
459.548	1	99
459.718	1	95
459.888	1	96
460.059	1	97
460.229	1	101
460.400	1	99
460.570	1	89
460.740	1	103
460.911	1	94
461.081	1	92
461.252	1	88
461.422	1	99
461.593	1	99
461.763	1	92
461.933	1	102
462.104	1	98
462.274	1	99
462.445	1	98
462.615	1	87
462.785	1	93
462.956	1	89
463.126	1	96
463.297	1	93
463.467	1	98
463.638	1	91
463.808	1	86
463.978	1	96
464.149	1	78
464.319	1	94
464.490	1	97
464.660	1	87
464.830	1	79
465.001	1	83
465.171	1	100
465.342	1	90
465.512	1	79
465.682	1	87
465.853	1	95
466.023	1	78
466.194	1	90
466.364	1	102
466.534	1	91
466.705	1	80
466.875	1	91
467.045	1	77
467.216	1	97
467.386	1	72
467.557	1	81
467.727	1	82
467.897	1	83
468.068	1	92
468.238	1	79
468.409	1	88
468.579	1	94
468.749	1	83
468.920	1	74
469.090	1	82
469.260	1	74
469.431	1	75
469.601	1	82
469.772	1	79
469.942	1	66
470.112	1	87
470.283	1	87
470.453	1	85
470.623	1	82
470.794	1	67
470.964	1	78
471.135	1	74
471.305	1	65
471.475	1	89
471.646	1	75
471.816	1	72
471.986	1	75
472.157	1	85
472.327	1	78
472.497	1	82
472.668	1	68
472.838	1	79
473.009	1	86
473.179	1	75
473.349	1	76
473.520	1	87
473.690	1	75
473.860	1	68
474.031	1	70
474.201	1	73
474.371	1	84
474.542	1	70
474.712	1	75
474.882	1	72
475.053	1	89
475.223	1	69
475.394	1	79
475.564	1	73
475.734	1	78
475.905	1	83
476.075	1	63
476.245	1	79
476.416	1	74
476.586	1	75
476.756	1	73
476.927	1	80
477.097	1	77
477.267	1	63
477.438	1	79
477.608	1	72
477.778	1	74
477.949	1	67
478.119	1	74
478.289	1	78
478.460	1	83
478.630	1	79
478.800	1	63
478.971	1	78
479.141	1	73
479.311	1	63
479.482	1	74
479.652	1	71
479.822	1	68
479.993	1	63
480.163	1	70
480.333	1	66
480.504	1	79
480.674	1	77
480.844	1	68
481.015	1	71
481.185	1	59
481.355	1	78
481.525	1	49
481.696	1	67
481.866	1	67
482.036	1	73
482.207	1	56
482.377	1	72
482.547	1	70
482.718	1	67
482.888	1	71
483.058	1	66
483.229	1	58
483.399	1	63
483.569	1	67
483.740	1	63
483.910	1	57
484.080	1	61
484.250	1	66
484.421	1	60
484.591	1	65
484.761	1	71
484.932	1	61
485.102	1	66
485.272	1	69
485.443	1	70
485.613	1	56
485.783	1	62
485.953	1	70
486.124	1	66
486.294	1	71
486.464	1	57
486.635	1	57
486.805	1	64
486.975	1	49
487.146	1	67
487.316	1	55
487.486	1	61
487.656	1	65
487.827	1	55
487.997	1	49
488.167	1	52
488.338	1	68
488.508	1	57
488.678	1	56
488.848	1	59
489.019	1	55
489.189	1	53
489.359	1	51
489.529	1	57
489.700	1	51
489.870	1	66
490.040	1	47
490.211	1	52
490.381	1	65
490.551	1	60
490.721	1	52
490.892	1	51
491.062	1	57
491.232	1	57
491.402	1	50
491.573	1	41
491.743	1	54
491.913	1	45
492.084	1	64
492.254	1	47
492.424	1	56
492.594	1	52
492.765	1	61
492.935	1	49
493.105	1	51
493.275	1	59
493.446	1	52
493.616	1	62
493.786	1	49
493.956	1	51
494.127	1	55
494.297	1	47
494.467	1	47
494.637	1	49
494.808	1	43
494.978	1	42
495.148	1	52
495.318	1	44
495.489	1	61
495.659	1	43
495.829	1	52
495.999	1	38
496.170	1	56
496.340	1	48
496.510	1	56
496.680	1	45
496.851	1	56
497.021	1	51
497.191	1	38
497.361	1	43
497.532	1	54
497.702	1	46
497.872	1	38
498.042	1	60
498.213	1	48
498.383	1	49
498.553	1	46
498.723	1	54
498.894	1	50
499.064	1	50
499.234	1	52
499.404	1	54
499.574	1	44
499.745	1	49
499.915	1	36
500.085	1	50
500.255	1	57
500.426	1	46
500.596	1	44
500.766	1	51
500.936	1	43
501.106	1	36
501.277	1	45
501.447	1	41
501.617	1	54
501.787	1	44
501.958	1	49
502.128	1	40
502.298	1	52
502.468	1	38
502.638	1	41
502.809	1	38
502.979	1	33
503.149	1	46
503.319	1	29
503.489	1	39
503.660	1	43
503.830	1	47
504.000	1	48
504.170	1	33
504.340	1	42
504.511	1	53
504.681	1	50
504.851	1	38
505.021	1	55
505.192	1	33
505.362	1	45
505.532	1	33
505.702	1	34
505.872	1	43
506.043	1	37
506.213	1	41
506.383	1	38
506.553	1	45
506.723	1	37
506.893	1	52
507.064	1	52
507.234	1	38
507.404	1	25
507.574	1	42
507.744	1	40
507.915	1	30
508.085	1	47
508.255	1	48
508.425	1	34
508.595	1	39
508.766	1	45
508.936	1	26
509.106	1	39
509.276	1	43
509.446	1	35
509.616	1	37
509.787	1	39
509.957	1	37
510.127	1	40
510.297	1	36
510.467	1	26
510.638	1	42
510.808	1	29
510.978	1	30
511.148	1	35
511.318	1	31
511.488	1	30
511.659	1	31
511.829	1	24
511.999	1	48
512.169	1	35
512.339	1	35
512.509	1	40
512.680	1	38
512.850	1	28
513.020	1	48
513.190	1	44
513.360	1	26
513.530	1	26
513.700	1	38
513.871	1	35
514.041	1	28
514.211	1	44
514.381	1	41
514.551	1	52
514.721	1	28
514.892	1	45
515.062	1	36
515.232	1	37
515.402	1	28
515.572	1	33
515.742	1	40
515.912	1	45
516.083	1	29
516.253	1	38
516.423	1	35
516.593	1	30
516.763	1	39
516.933	1	25
517.104	1	40
517.274	1	34
517.444	1	41
517.614	1	24
517.784	1	33
517.954	1	32
518.124	1	43
518.294	1	34
518.465	1	29
518.635	1	27
518.805	1	23
518.975	1	41
519.145	1	22
519.315	1	33
519.485	1	21
519.656	1	37
519.826	1	35
519.996	1	18
520.166	1	26
520.336	1	44
520.506	1	28
520.676	1	19
520.846	1	31
521.017	1	37
521.187	1	26
521.357	1	37
521.527	1	30
521.697	1	19
521.867	1	21
522.037	1	38
522.207	1	29
522.377	1	26
522.548	1	31
522.718	1	35
522.888	1	35
523.058	1	39
523.228	1	29
523.398	1	32
523.568	1	35
523.738	1	29
523.909	1	24
524.079	1	28
524.249	1	20
524.419	1	26
524.589	1	12
524.759	1	30
524.929	1	24
525.099	1	23
525.269	1	27
525.439	1	18
525.610	1	36
525.780	1	19
525.950	1	26
526.120	1	24
526.290	1	32
526.460	1	14
526.630	1	30
526.800	1	31
526.970	1	21
527.140	1	31
527.311	1	31
527.481	1	17
527.651	1	26
527.821	1	15
527.991	1	38
528.161	1	19
528.331	1	25
528.501	1	22
528.671	1	18
528.841	1	29
529.011	1	12
529.181	1	27
529.352	1	23
529.522	1	22
529.692	1	23
529.862	1	26
530.032	1	22
530.202	1	23
530.372	1	25
530.542	1	22
530.712	1	22
530.882	1	12
531.052	1	29
531.222	1	14
531.392	1	15
531.563	1	21
531.733	1	29
531.903	1	20
532.073	1	32
532.243	1	16
532.413	1	25
532.583	1	12
532.753	1	23
532.923	1	16
533.093	1	21
533.263	1	21
533.433	1	24
533.603	1	9
533.773	1	17
533.943	1	22
534.113	1	21
534.284	1	20
534.454	1	27
534.624	1	25
534.794	1	25
534.964	1	22
535.134	1	17
535.304	1	28
535.474	1	31
535.644	1	17
535.814	1	10
535.984	1	18
536.154	1	12
536.324	1	26
536.494	1	11
536.664	1	28
536.834	1	21
537.004	1	15
537.174	1	33
537.344	1	21
537.514	1	13
537.685	1	15
537.855	1	26
538.025	1	19
538.195	1	31
538.365	1	26
538.535	1	20
538.705	1	17
538.875	1	19
539.045	1	23
539.215	1	22
539.385	1	16
539.555	1	22
539.725	1	18
539.895	1	11
540.065	1	24
540.235	1	24
540.405	1	20
540.575	1	29
540.745	1	21
540.915	1	21
541.085	1	15
541.255	1	8
541.425	1	25
541.595	1	15
541.765	1	24
541.935	1	13
542.105	1	11
542.275	1	18
542.445	1	17
542.615	1	24
542.785	1	30
542.955	1	17
543.125	1	18
543.295	1	25
543.465	1	20
543.635	1	14
543.805	1	33
543.975	1	24
544.145	1	28
544.315	1	19
544.485	1	20
544.655	1	33
544.825	1	2
544.995	1	25
545.165	1	7
545.335	1	15
545.505	1	15
545.675	1	25
545.845	1	17
546.015	1	12
546.185	1	19
546.355	1	21
546.525	1	21
546.695	1	24
546.865	1	12
547.035	1	19
547.205	1	9
547.375	1	22
547.545	1	26
547.715	1	12
547.885	1	23
548.055	1	8
548.225	1	22
548.395	1	22
548.565	1	18
548.735	1	21
548.905	1	21
549.075	1	20
549.245	1	8
549.415	1	5
549.585	1	21
549.755	1	11
549.925	1	10
550.095	1	16
550.265	1	4
550.435	1	6
550.605	1	16
550.775	1	19
550.945	1	16
551.115	1	13
551.285	1	17
551.455	1	18
551.625	1	13
551.795	1	23
551.965	1	13
552.135	1	14
552.305	1	8
552.475	1	3
552.645	1	18
552.815	1	9
552.985	1	12
553.155	1	12
553.325	1	25
553.495	1	14
553.665	1	10
553.835	1	10
554.004	1	18
554.174	1	7
554.344	1	12
554.514	1	20
554.684	1	19
554.854	1	20
555.024	1	18
555.194	1	12
555.364	1	18
555.534	1	15
555.704	1	18
555.874	1	19
556.044	1	14
556.214	1	8
556.384	1	5
556.554	1	16
556.724	1	16
556.894	1	11
557.064	1	5
557.234	1	16
557.404	1	16
557.573	1	17
557.743	1	9
557.913	1	5
558.083	1	8
558.253	1	25
558.423	1	11
558.593	1	17
558.763	1	8
558.933	1	13
559.103	1	13
559.273	1	20
559.443	1	16
559.613	1	19
559.783	1	7
559.953	1	8
560.122	1	24
560.292	1	17
560.462	1	12
560.632	1	17
560.802	1	18
560.972	1	8
561.142	1	14
561.312	1	14
561.482	1	15
561.652	1	16
561.822	1	16
561.992	1	3
562.162	1	19
562.331	1	17
562.501	1	-2
562.671	1	17
562.841	1	5
563.011	1	5
563.181	1	9
563.351	1	6
563.521	1	8
563.691	1	11
563.861	1	12
564.031	1	25
564.201	1	19
564.370	1	4
564.540	1	19
564.710	1	-4
564.880	1	23
565.050	1	12
565.220	1	2
565.390	1	28
565.560	1	24
565.730	1	15
565.900	1	9
566.069	1	30
566.239	1	15
566.409	1	12
566.579	1	15
566.749	1	2
566.919	1	17
567.089	1	13
567.259	1	28
567.429	1	8
567.599	1	14
567.768	1	14
567.938	1	14
568.108	1	10
568.278	1	7
568.448	1	3
568.618	1	9
568.788	1	19
568.958	1	11
569.128	1	15
569.297	1	12
569.467	1	10
569.637	1	17
569.807	1	15
569.977	1	13
570.147	1	12
570.317	1	13
570.487	1	17
570.656	1	15
570.826	1	6
570.996	1	5
571.166	1	14
571.336	1	3
571.506	1	16
571.676	1	15
571.846	1	14
572.015	1	9
572.185	1	5
572.355	1	10
572.525	1	6
572.695	1	11
572.865	1	6
573.035	1	11
573.205	1	8
573.374	1	8
573.544	1	9
573.714	1	18
573.884	1	18
574.054	1	14
574.224	1	7
574.394	1	7
574.563	1	11
574.733	1	10
574.903	1	15
575.073	1	4
575.243	1	7
575.413	1	13
575.583	1	9
575.752	1	14
575.922	1	10
576.092	1	12
576.262	1	12
576.432	1	11
576.602	1	9
576.772	1	13
576.941	1	7
577.111	1	-2
577.281	1	0
577.451	1	11
577.621	1	23
577.791	1	11
577.960	1	9
578.130	1	12
578.300	1	11
578.470	1	26
578.640	1	15
578.810	1	16
578.979	1	17
579.149	1	6
579.319	1	4
579.489	1	8
579.659	1	5
579.829	1	10
579.998	1	10
580.168	1	22
580.338	1	12
580.508	1	6
580.678	1	5
580.848	1	8
581.017	1	13
581.187	1	11
581.357	1	3
581.527	1	15
581.697	1	20
581.867	1	10
582.036	1	17
582.206	1	11
582.376	1	18
582.546	1	4
582.716	1	7
582.885	1	5
583.055	1	16
583.225	1	-1
583.395	1	15
583.565	1	7
583.735	1	15
583.904	1	9
584.074	1	14
584.244	1	17
584.414	1	11
584.584	1	23
584.753	1	4
584.923	1	13
585.093	1	13
585.263	1	15
585.433	1	8
585.602	1	-6
585.772	1	7
585.942	1	7
586.112	1	12
586.282	1	6
586.451	1	-2
586.621	1	11
586.791	1	3
586.961	1	11
587.131	1	12
587.300	1	9
587.470	1	9
587.640	1	19
587.810	1	8
587.980	1	10
588.149	1	16
588.319	1	3
588.489	1	12
588.659	1	5
588.829	1	9
588.998	1	17
589.168	1	19
589.338	1	19
589.508	1	12
589.677	1	3
589.847	1	-2
590.017	1	19
590.187	1	11
590.357	1	16
590.526	1	16
590.696	1	16
590.866	1	18
591.036	1	19
591.205	1	18
591.375	1	6
591.545	1	3
591.715	1	16
591.885	1	7
592.054	1	12
592.224	1	4
592.394	1	5
592.564	1	11
592.733	1	8
592.903	1	17
593.073	1	15
593.243	1	14
593.412	1	20
593.582	1	6
593.752	1	10
593.922	1	7
594.091	1	5
594.261	1	5
594.431	1	17
594.601	1	14
594.771	1	8
594.940	1	-2
595.110	1	18
595.280	1	8
595.450	1	3
595.619	1	5
595.789	1	20
595.959	1	24
596.129	1	8
596.298	1	3
596.468	1	13
596.638	1	8
596.808	1	11
596.977	1	13
597.147	1	7
597.317	1	1
597.487	1	12
597.656	1	10
597.826	1	15
597.996	1	6
598.166	1	-2
598.335	1	-3
598.505	1	11
598.675	1	1
598.844	1	8
599.014	1	6
599.184	1	17
599.354	1	5
599.523	1	12
599.693	1	4
599.863	1	11
600.033	1	12
600.202	1	13
600.372	1	14
600.542	1	16
600.712	1	11
600.881	1	9
601.051	1	20
601.221	1	19
601.390	1	8
601.560	1	17
601.730	1	18
601.900	1	20
602.069	1	16
602.239	1	-5
602.409	1	15
602.578	1	10
602.748	1	8
602.918	1	17
603.088	1	18
603.257	1	9
603.427	1	1
603.597	1	12
603.767	1	9
603.936	1	16
604.106	1	9
604.276	1	7
604.445	1	19
604.615	1	23
604.785	1	11
604.954	1	8
605.124	1	11
605.294	1	8
605.464	1	11
605.633	1	14
605.803	1	11
605.973	1	18
606.142	1	14
606.312	1	11
606.482	1	16
606.652	1	14
606.821	1	11
606.991	1	13
607.161	1	13
607.330	1	16
607.500	1	19
607.670	1	-4
607.839	1	28
608.009	1	25
608.179	1	16
608.348	1	11
608.518	1	12
608.688	1	23
608.858	1	12
609.027	1	7
609.197	1	19
609.367	1	20
609.536	1	17
609.706	1	8
609.876	1	14
610.045	1	11
610.215	1	11
610.385	1	11
610.554	1	7
610.724	1	18
610.894	1	8
611.063	1	10
611.233	1	4
611.403	1	4
611.572	1	8
611.742	1	24
611.912	1	17
612.081	1	7
612.251	1	13
612.421	1	7
612.590	1	15
612.760	1	3
612.930	1	9
613.099	1	11
613.269	1	21
613.439	1	15
613.608	1	0
613.778	1	16
613.948	1	9
614.117	1	13
614.287	1	18
614.457	1	14
614.626	1	17
614.796	1	26
614.966	1	11
615.135	1	9
615.305	1	20
615.475	1	10
615.644	1	13
615.814	1	8
615.984	1	9
616.153	1	14
616.323	1	10
616.493	1	17
616.662	1	22
616.832	1	16
617.002	1	10
617.171	1	7
617.341	1	10
617.511	1	4
617.680	1	18
617.850	1	17
618.019	1	12
618.189	1	26
618.359	1	22
618.528	1	13
618.698	1	24
618.868	1	12
619.037	1	13
619.207	1	7
619.377	1	13
619.546	1	10
619.716	1	12
619.885	1	17
620.055	1	4
620.225	1	15
620.394	1	5
620.564	1	19
620.734	1	22
620.903	1	5
621.073	1	18
621.242	1	19
621.412	1	12
621.582	1	9
621.751	1	20
621.921	1	19
622.091	1	7
622.260	1	23
622.430	1	28
622.599	1	13
622.769	1	13
622.939	1	15
623.108	1	16
623.278	1	3
623.448	1	15
623.617	1	22
623.787	1	19
623.956	1	24
624.126	1	8
624.296	1	15
624.465	1	24
624.635	1	17
624.804	1	14
624.974	1	17
625.144	1	15
625.313	1	9
625.483	1	8
625.652	1	19
625.822	1	19
625.992	1	18
626.161	1	24
626.331	1	26
626.501	1	15
626.670	1	13
626.840	1	12
627.009	1	15
627.179	1	20
627.348	1	27
627.518	1	13
627.688	1	27
627.857	1	16
628.027	1	13
628.196	1	15
628.366	1	23
628.536	1	20
628.705	1	27
628.875	1	14
629.044	1	21
629.214	1	16
629.384	1	25
629.553	1	18
629.723	1	17
629.892	1	22
630.062	1	16
630.232	1	10
630.401	1	18
630.571	1	26
630.740	1	14
630.910	1	28
631.079	1	14
631.249	1	16
631.419	1	24
631.588	1	13
631.758	1	23
631.927	1	14
632.097	1	20
632.266	1	13
632.436	1	24
632.606	1	19
632.775	1	26
632.945	1	22
633.114	1	20
633.284	1	20
633.453	1	17
633.623	1	29
633.793	1	16
633.962	1	24
634.132	1	27
634.301	1	18
634.471	1	20
634.640	1	20
634.810	1	15
634.979	1	22
635.149	1	20
635.319	1	20
635.488	1	27
635.658	1	20
635.827	1	11
635.997	1	19
636.166	1	23
636.336	1	17
636.505	1	21
636.675	1	19
636.845	1	23
637.014	1	25
637.184	1	29
637.353	1	18
637.523	1	28
637.692	1	25
637.862	1	29
638.031	1	23
638.201	1	31
638.370	1	16
638.540	1	24
638.710	1	17
638.879	1	-3
639.049	1	23
639.218	1	17
639.388	1	5
639.557	1	14
639.727	1	15
639.896	1	21
640.066	1	16
640.235	1	31
640.405	1	30
640.574	1	19
640.744	1	8
640.914	1	15
641.083	1	19
641.253	1	29
641.422	1	26
641.592	1	27
641.761	1	30
641.931	1	20
642.100	1	38
642.270	1	18
642.439	1	28
642.609	1	25
642.778	1	21
642.948	1	18
643.117	1	25
643.287	1	27
643.456	1	21
643.626	1	33
643.795	1	17
643.965	1	23
644.134	1	20
644.304	1	29
644.473	1	37
644.643	1	31
644.812	1	16
644.982	1	33
645.151	1	19
645.321	1	8
645.490	1	40
645.660	1	17
645.829	1	18
645.999	1	24
646.168	1	26
646.338	1	32
646.507	1	22
646.677	1	24
646.846	1	16
647.016	1	7
647.185	1	17
647.355	1	8
647.524	1	27
647.694	1	34
647.863	1	19
648.033	1	24
648.202	1	30
648.372	1	18
648.541	1	33
648.711	1	18
648.880	1	26
649.050	1	25
649.219	1	23
649.389	1	33
649.558	1	29
649.728	1	25
649.897	1	15
650.067	1	26
650.236	1	24
650.406	1	24
650.575	1	22
650.745	1	25
650.914	1	28
651.084	1	23
651.253	1	28
651.423	1	32
651.592	1	31
651.762	1	12
651.931	1	38
652.101	1	25
652.270	1	27
652.440	1	31
652.609	1	14
652.778	1	14
652.948	1	27
653.117	1	19
653.287	1	24
653.456	1	27
653.626	1	40
653.795	1	30
653.965	1	32
654.134	1	32
654.304	1	6
654.473	1	34
654.643	1	29
654.812	1	23
654.982	1	22
655.151	1	18
655.320	1	35
655.490	1	17
655.659	1	31
655.829	1	30
655.998	1	26
656.168	1	17
656.337	1	31
656.507	1	30
656.676	1	29
656.846	1	34
657.015	1	33
657.184	1	40
657.354	1	22
657.523	1	20
657.693	1	32
657.862	1	25
658.032	1	32
658.201	1	22
658.371	1	37
658.540	1	41
658.709	1	25
658.879	1	26
659.048	1	30
659.218	1	25
659.387	1	23
659.557	1	30
659.726	1	25
659.895	1	24
660.065	1	15
660.234	1	29
660.404	1	30
660.573	1	22
660.743	1	27
660.912	1	28
661.081	1	35
661.251	1	25
661.420	1	25
661.590	1	37
661.759	1	27
661.929	1	20
662.098	1	40
662.267	1	22
662.437	1	31
662.606	1	39
662.776	1	27
662.945	1	30
663.115	1	35
663.284	1	21
663.453	1	23
663.623	1	32
663.792	1	35
663.962	1	28
664.131	1	40
664.300	1	48
664.470	1	12
664.639	1	26
664.809	1	32
664.978	1	38
665.148	1	25
665.317	1	29
665.486	1	38
665.656	1	23
665.825	1	35
665.995	1	16
666.164	1	30
666.333	1	29
666.503	1	24
666.672	1	26
666.842	1	23
667.011	1	27
667.180	1	39
667.350	1	30
667.519	1	30
667.689	1	35
667.858	1	37
668.027	1	37
668.197	1	42
668.366	1	21
668.536	1	21
668.705	1	27
668.874	1	28
669.044	1	26
669.213	1	39
669.382	1	32
669.552	1	37
669.721	1	29
669.891	1	45
670.060	1	38
670.229	1	32
670.399	1	32
670.568	1	42
670.738	1	35
670.907	1	28
671.076	1	33
671.246	1	31
671.415	1	42
671.584	1	28
671.754	1	29
671.923	1	31
672.093	1	24
672.262	1	27
672.431	1	38
672.601	1	29
672.770	1	29
672.939	1	41
673.109	1	33
673.278	1	43
673.448	1	38
673.617	1	34
673.786	1	31
