325.333	1	8
325.504	1	-3
325.675	1	2
325.846	1	6
326.017	1	4
326.188	1	6
326.359	1	9
326.531	1	-10
326.702	1	2
326.873	1	12
327.044	1	6
327.215	1	1
327.386	1	15
327.557	1	-2
327.728	1	4
327.899	1	2
328.070	1	14
328.241	1	3
328.412	1	-9
328.583	1	5
328.754	1	-4
328.926	1	7
329.097	1	-8
329.268	1	4
329.439	1	8
329.610	1	2
329.781	1	-6
329.952	1	8
330.123	1	0
330.294	1	-5
330.465	1	-3
330.636	1	7
330.807	1	-2
330.978	1	2
331.149	1	-7
331.320	1	0
331.492	1	4
331.663	1	6
331.834	1	10
332.005	1	3
332.176	1	9
332.347	1	12
332.518	1	0
332.689	1	12
332.860	1	6
333.031	1	8
333.202	1	-2
333.373	1	2
333.544	1	-2
333.715	1	8
333.886	1	-2
334.057	1	7
334.228	1	2
334.399	1	6
334.570	1	7
334.741	1	-7
334.912	1	3
335.084	1	11
335.255	1	4
335.426	1	-1
335.597	1	4
335.768	1	0
335.939	1	10
336.110	1	-5
336.281	1	-10
336.452	1	-5
336.623	1	0
336.794	1	12
336.965	1	7
337.136	1	13
337.307	1	1
337.478	1	7
337.649	1	-8
337.820	1	5
337.991	1	4
338.162	1	4
338.333	1	-5
338.504	1	1
338.675	1	5
338.846	1	7
339.017	1	6
339.188	1	1
339.359	1	-9
339.530	1	-3
339.701	1	11
339.872	1	8
340.043	1	-1
340.214	1	-4
340.385	1	-1
340.556	1	-12
340.727	1	14
340.898	1	14
341.069	1	6
341.240	1	1
341.411	1	2
341.582	1	15
341.753	1	-9
341.924	1	0
342.095	1	4
342.266	1	6
342.437	1	15
342.608	1	1
342.779	1	13
342.950	1	4
343.121	1	15
343.292	1	-3
343.463	1	4
343.634	1	2
343.805	1	7
343.976	1	-4
344.147	1	-7
344.318	1	1
344.489	1	2
344.660	1	8
344.831	1	12
345.002	1	-6
345.173	1	6
345.344	1	6
345.515	1	8
345.686	1	6
345.857	1	4
346.028	1	8
346.199	1	-2
346.370	1	6
346.541	1	9
346.712	1	4
346.883	1	4
347.054	1	3
347.225	1	3
347.396	1	9
347.567	1	2
347.738	1	-2
347.909	1	2
348.080	1	-1
348.251	1	11
348.422	1	18
348.593	1	-8
348.764	1	3
348.935	1	7
349.106	1	3
349.277	1	8
349.448	1	13
349.619	1	7
349.790	1	2
349.961	1	15
350.132	1	11
350.303	1	-2
350.474	1	6
350.645	1	10
350.816	1	5
350.987	1	3
351.157	1	-6
351.328	1	9
351.499	1	8
351.670	1	-1
351.841	1	8
352.012	1	12
352.183	1	13
352.354	1	6
352.525	1	12
352.696	1	19
352.867	1	5
353.038	1	10
353.209	1	11
353.380	1	10
353.551	1	-3
353.722	1	13
353.893	1	-2
354.064	1	15
354.235	1	5
354.406	1	1
354.576	1	8
354.747	1	3
354.918	1	10
355.089	1	2
355.260	1	12
355.431	1	18
355.602	1	1
355.773	1	7
355.944	1	6
356.115	1	18
356.286	1	11
356.457	1	10
356.628	1	13
356.799	1	0
356.970	1	15
357.141	1	9
357.311	1	1
357.482	1	8
357.653	1	10
357.824	1	9
357.995	1	1
358.166	1	3
358.337	1	10
358.508	1	19
358.679	1	8
358.850	1	14
359.021	1	-1
359.192	1	10
359.363	1	5
359.533	1	8
359.704	1	6
359.875	1	1
360.046	1	0
360.217	1	0
360.388	1	20
360.559	1	4
360.730	1	9
360.901	1	14
361.072	1	25
361.243	1	8
361.414	1	3
361.584	1	2
361.755	1	8
361.926	1	5
362.097	1	12
362.268	1	9
362.439	1	10
362.610	1	14
362.781	1	6
362.952	1	11
363.123	1	9
363.293	1	-2
363.464	1	9
363.635	1	9
363.806	1	5
363.977	1	7
364.148	1	10
364.319	1	9
364.490	1	11
364.661	1	9
364.832	1	13
365.002	1	8
365.173	1	6
365.344	1	19
365.515	1	-4
365.686	1	9
365.857	1	13
366.028	1	20
366.199	1	4
366.370	1	4
366.540	1	8
366.711	1	-13
366.882	1	5
367.053	1	-1
367.224	1	19
367.395	1	1
367.566	1	15
367.737	1	13
367.908	1	16
368.078	1	5
368.249	1	20
368.420	1	-3
368.591	1	-1
368.762	1	17
368.933	1	7
369.104	1	1
369.274	1	6
369.445	1	11
369.616	1	10
369.787	1	13
369.958	1	10
370.129	1	4
370.300	1	7
370.471	1	-2
370.641	1	12
370.812	1	14
370.983	1	19
371.154	1	2
371.325	1	13
371.496	1	15
371.667	1	18
371.837	1	-2
372.008	1	9
372.179	1	2
372.350	1	27
372.521	1	9
372.692	1	7
372.863	1	16
373.033	1	0
373.204	1	1
373.375	1	12
373.546	1	7
373.717	1	9
373.888	1	14
374.059	1	23
374.229	1	10
374.400	1	2
374.571	1	4
374.742	1	15
374.913	1	13
375.084	1	10
375.254	1	15
375.425	1	9
375.596	1	5
375.767	1	10
375.938	1	13
376.109	1	16
376.279	1	0
376.450	1	14
376.621	1	17
376.792	1	5
376.963	1	6
377.134	1	23
377.304	1	7
377.475	1	5
377.646	1	5
377.817	1	6
377.988	1	5
378.159	1	12
378.329	1	13
378.500	1	9
378.671	1	6
378.842	1	5
379.013	1	-1
379.184	1	7
379.354	1	13
379.525	1	9
379.696	1	20
379.867	1	15
380.038	1	8
380.209	1	12
380.379	1	14
380.550	1	-2
380.721	1	9
380.892	1	9
381.063	1	6
381.233	1	13
381.404	1	9
381.575	1	12
381.746	1	13
381.917	1	12
382.087	1	19
382.258	1	4
382.429	1	12
382.600	1	22
382.771	1	0
382.941	1	9
383.112	1	13
383.283	1	17
383.454	1	1
383.625	1	1
383.795	1	9
383.966	1	9
384.137	1	24
384.308	1	11
384.479	1	10
384.649	1	14
384.820	1	9
384.991	1	9
385.162	1	18
385.333	1	6
385.503	1	13
385.674	1	2
385.845	1	17
386.016	1	15
386.187	1	10
386.357	1	6
386.528	1	17
386.699	1	2
386.870	1	29
387.041	1	21
387.211	1	11
387.382	1	13
387.553	1	17
387.724	1	7
387.894	1	7
388.065	1	9
388.236	1	14
388.407	1	11
388.578	1	4
388.748	1	11
388.919	1	12
389.090	1	9
389.261	1	10
389.431	1	17
389.602	1	8
389.773	1	7
389.944	1	11
390.114	1	12
390.285	1	17
390.456	1	14
390.627	1	16
390.798	1	16
390.968	1	9
391.139	1	23
391.310	1	8
391.481	1	15
391.651	1	11
391.822	1	13
391.993	1	1
392.164	1	6
392.334	1	13
392.505	1	6
392.676	1	17
392.847	1	15
393.017	1	18
393.188	1	13
393.359	1	6
393.530	1	15
393.700	1	14
393.871	1	1
394.042	1	14
394.213	1	13
394.383	1	8
394.554	1	14
394.725	1	14
394.896	1	11
395.066	1	1
395.237	1	7
395.408	1	10
395.579	1	9
395.749	1	14
395.920	1	3
396.091	1	16
396.262	1	6
396.432	1	16
396.603	1	11
396.774	1	24
396.945	1	13
397.115	1	8
397.286	1	20
397.457	1	7
397.627	1	11
397.798	1	18
397.969	1	6
398.140	1	5
398.310	1	8
398.481	1	14
398.652	1	20
398.823	1	2
398.993	1	7
399.164	1	12
399.335	1	22
399.505	1	18
399.676	1	14
399.847	1	25
400.018	1	13
400.188	1	9
400.359	1	17
400.530	1	0
400.700	1	7
400.871	1	6
401.042	1	19
401.213	1	12
401.383	1	5
401.554	1	16
401.725	1	18
401.895	1	13
402.066	1	10
402.237	1	22
402.408	1	22
402.578	1	6
402.749	1	10
402.920	1	17
403.090	1	6
403.261	1	16
403.432	1	20
403.603	1	25
403.773	1	13
403.944	1	17
404.115	1	21
404.285	1	22
404.456	1	10
404.627	1	11
404.797	1	9
404.968	1	12
405.139	1	4
405.310	1	23
405.480	1	17
405.651	1	10
405.822	1	23
405.992	1	9
406.163	1	13
406.334	1	3
406.504	1	12
406.675	1	28
406.846	1	8
407.016	1	13
407.187	1	11
407.358	1	8
407.528	1	5
407.699	1	5
407.870	1	7
408.041	1	15
408.211	1	28
408.382	1	4
408.553	1	1
408.723	1	13
408.894	1	16
409.065	1	18
409.235	1	11
409.406	1	14
409.577	1	8
409.747	1	18
409.918	1	11
410.089	1	7
410.259	1	23
410.430	1	19
410.601	1	18
410.771	1	14
410.942	1	26
411.113	1	23
411.283	1	10
411.454	1	15
411.625	1	12
411.795	1	25
411.966	1	21
412.137	1	20
412.307	1	1
412.478	1	15
412.649	1	16
412.819	1	15
412.990	1	10
413.161	1	18
413.331	1	6
413.502	1	16
413.672	1	20
413.843	1	10
414.014	1	10
414.184	1	23
414.355	1	3
414.526	1	7
414.696	1	18
414.867	1	16
415.038	1	-1
415.208	1	19
415.379	1	10
415.550	1	16
415.720	1	8
415.891	1	7
416.062	1	12
416.232	1	25
416.403	1	10
416.573	1	18
416.744	1	11
416.915	1	19
417.085	1	17
417.256	1	21
417.427	1	13
417.597	1	12
417.768	1	10
417.939	1	13
418.109	1	16
418.280	1	17
418.450	1	16
418.621	1	1
418.792	1	7
418.962	1	21
419.133	1	23
419.304	1	11
419.474	1	4
419.645	1	20
419.815	1	10
419.986	1	15
420.157	1	10
420.327	1	24
420.498	1	12
420.669	1	14
420.839	1	23
421.010	1	14
421.180	1	17
421.351	1	15
421.522	1	18
421.692	1	9
421.863	1	18
422.033	1	25
422.204	1	12
422.375	1	14
422.545	1	15
422.716	1	11
422.886	1	14
423.057	1	15
423.228	1	17
423.398	1	11
423.569	1	18
423.740	1	8
423.910	1	-2
424.081	1	12
424.251	1	6
424.422	1	14
424.593	1	17
424.763	1	14
424.934	1	9
425.104	1	15
425.275	1	18
425.445	1	14
425.616	1	1
425.787	1	8
425.957	1	17
426.128	1	15
426.298	1	9
426.469	1	5
426.640	1	17
426.810	1	10
426.981	1	11
427.151	1	11
427.322	1	21
427.493	1	19
427.663	1	16
427.834	1	9
428.004	1	14
428.175	1	14
428.345	1	15
428.516	1	6
428.687	1	9
428.857	1	5
429.028	1	12
429.198	1	11
429.369	1	9
429.540	1	19
429.710	1	4
429.881	1	15
430.051	1	7
430.222	1	20
430.392	1	9
430.563	1	21
430.734	1	11
430.904	1	20
431.075	1	9
431.245	1	9
431.416	1	20
431.586	1	13
431.757	1	14
431.927	1	18
432.098	1	11
432.269	1	9
432.439	1	13
432.610	1	9
432.780	1	17
432.951	1	15
433.121	1	26
433.292	1	24
433.462	1	6
433.633	1	11
433.804	1	11
433.974	1	9
434.145	1	32
434.315	1	6
434.486	1	4
434.656	1	13
434.827	1	13
434.997	1	5
435.168	1	19
435.339	1	10
435.509	1	13
435.680	1	16
435.850	1	14
436.021	1	11
436.191	1	22
436.362	1	10
436.532	1	4
436.703	1	10
436.873	1	15
437.044	1	3
437.214	1	19
437.385	1	11
437.556	1	15
437.726	1	22
437.897	1	32
438.067	1	10
438.238	1	14
438.408	1	23
438.579	1	0
438.749	1	11
438.920	1	5
439.090	1	12
439.261	1	2
439.431	1	6
439.602	1	15
439.772	1	11
439.943	1	25
440.113	1	18
440.284	1	10
440.455	1	16
440.625	1	13
440.796	1	7
440.966	1	12
441.137	1	9
441.307	1	-6
441.478	1	23
441.648	1	15
441.819	1	6
441.989	1	23
442.160	1	20
442.330	1	26
442.501	1	5
442.671	1	4
442.842	1	3
443.012	1	0
443.183	1	16
443.353	1	8
443.524	1	18
443.694	1	17
443.865	1	12
444.035	1	19
444.206	1	16
444.376	1	2
444.547	1	16
444.717	1	7
444.888	1	8
445.058	1	19
445.229	1	11
445.399	1	21
445.570	1	11
445.740	1	4
445.911	1	19
446.081	1	6
446.252	1	15
446.422	1	11
446.593	1	6
446.763	1	7
446.934	1	18
447.104	1	12
447.275	1	10
447.445	1	11
447.616	1	8
447.786	1	11
447.957	1	14
448.127	1	0
448.298	1	5
448.468	1	9
448.639	1	10
448.809	1	16
448.979	1	4
449.150	1	12
449.320	1	9
449.491	1	15
449.661	1	3
449.832	1	4
450.002	1	18
450.173	1	5
450.343	1	8
450.514	1	10
450.684	1	14
450.855	1	13
451.025	1	10
451.196	1	7
451.366	1	21
451.537	1	2
451.707	1	0
451.878	1	13
452.048	1	18
452.218	1	14
452.389	1	18
452.559	1	13
452.730	1	17
452.900	1	15
453.071	1	7
453.241	1	5
453.412	1	11
453.582	1	7
453.753	1	14
453.923	1	13
454.093	1	21
454.264	1	15
454.434	1	14
454.605	1	12
454.775	1	11
454.946	1	9
455.116	1	12
455.287	1	1
455.457	1	1
455.628	1	3
455.798	1	17
455.968	1	11
456.139	1	12
456.309	1	9
456.480	1	0
456.650	1	-3
456.821	1	1
456.991	1	14
457.161	1	0
457.332	1	8
457.502	1	0
457.673	1	9
457.843	1	5
458.014	1	11
458.184	1	8
458.355	1	8
458.525	1	9
458.695	1	16
458.866	1	9
459.036	1	12
459.207	1	11
459.377	1	0
459.548	1	13
459.718	1	0
459.888	1	21
460.059	1	11
460.229	1	10
460.400	1	14
460.570	1	7
460.740	1	9
460.911	1	14
461.081	1	18
461.252	1	8
461.422	1	7
461.593	1	8
461.763	1	12
461.933	1	12
462.104	1	7
462.274	1	7
462.445	1	20
462.615	1	6
462.785	1	6
462.956	1	14
463.126	1	16
463.297	1	8
463.467	1	6
463.638	1	13
463.808	1	0
463.978	1	6
464.149	1	5
464.319	1	5
464.490	1	21
464.660	1	7
464.830	1	6
465.001	1	14
465.171	1	11
465.342	1	8
465.512	1	-8
465.682	1	10
465.853	1	12
466.023	1	9
466.194	1	-2
466.364	1	12
466.534	1	13
466.705	1	7
466.875	1	1
467.045	1	1
467.216	1	7
467.386	1	-9
467.557	1	4
467.727	1	3
467.897	1	8
468.068	1	9
468.238	1	12
468.409	1	6
468.579	1	10
468.749	1	2
468.920	1	-6
469.090	1	9
469.260	1	4
469.431	1	-5
469.601	1	15
469.772	1	18
469.942	1	4
470.112	1	14
470.283	1	3
470.453	1	3
470.623	1	8
470.794	1	2
470.964	1	5
471.135	1	8
471.305	1	-1
471.475	1	17
471.646	1	2
471.816	1	12
471.986	1	2
472.157	1	20
472.327	1	-3
472.497	1	7
472.668	1	-8
472.838	1	10
473.009	1	3
473.179	1	5
473.349	1	5
473.520	1	17
473.690	1	10
473.860	1	-4
474.031	1	6
474.201	1	5
474.371	1	12
474.542	1	5
474.712	1	7
474.882	1	14
475.053	1	20
475.223	1	2
475.394	1	11
475.564	1	-1
475.734	1	9
475.905	1	12
476.075	1	6
476.245	1	19
476.416	1	19
476.586	1	8
476.756	1	12
476.927	1	11
477.097	1	6
477.267	1	3
477.438	1	15
477.608	1	5
477.778	1	11
477.949	1	9
478.119	1	14
478.289	1	22
478.460	1	17
478.630	1	1
478.800	1	5
478.971	1	18
479.141	1	4
479.311	1	0
479.482	1	7
479.652	1	6
479.822	1	9
479.993	1	14
480.163	1	14
480.333	1	-2
480.504	1	4
480.674	1	6
480.844	1	-3
481.015	1	8
481.185	1	13
481.355	1	4
481.525	1	4
481.696	1	6
481.866	1	7
482.036	1	7
482.207	1	0
482.377	1	12
482.547	1	13
482.718	1	4
482.888	1	0
483.058	1	9
483.229	1	0
483.399	1	1
483.569	1	2
483.740	1	10
483.910	1	10
484.080	1	3
484.250	1	10
484.421	1	8
484.591	1	8
484.761	1	16
484.932	1	10
485.102	1	13
485.272	1	5
485.443	1	14
485.613	1	1
485.783	1	19
485.953	1	5
486.124	1	11
486.294	1	10
486.464	1	5
486.635	1	12
486.805	1	9
486.975	1	0
487.146	1	5
487.316	1	6
487.486	1	14
487.656	1	8
487.827	1	12
487.997	1	-1
488.167	1	3
488.338	1	13
488.508	1	0
488.678	1	-1
488.848	1	11
489.019	1	3
489.189	1	7
489.359	1	1
489.529	1	8
489.700	1	2
489.870	1	20
490.040	1	4
490.211	1	-2
490.381	1	9
490.551	1	2
490.721	1	9
490.892	1	2
491.062	1	15
491.232	1	12
491.402	1	7
491.573	1	-8
491.743	1	4
491.913	1	8
492.084	1	11
492.254	1	10
492.424	1	7
492.594	1	3
492.765	1	6
492.935	1	9
493.105	1	11
493.275	1	2
493.446	1	19
493.616	1	16
493.786	1	1
493.956	1	0
494.127	1	1
494.297	1	5
494.467	1	4
494.637	1	2
494.808	1	-2
494.978	1	-2
495.148	1	4
495.318	1	6
495.489	1	5
495.659	1	1
495.829	1	3
495.999	1	-2
496.170	1	8
496.340	1	11
496.510	1	8
496.680	1	-1
496.851	1	2
497.021	1	5
497.191	1	0
497.361	1	4
497.532	1	6
497.702	1	6
497.872	1	4
498.042	1	-2
498.213	1	5
498.383	1	14
498.553	1	0
498.723	1	-2
498.894	1	8
499.064	1	3
499.234	1	8
499.404	1	-2
499.574	1	11
499.745	1	5
499.915	1	-1
500.085	1	8
500.255	1	5
500.426	1	4
500.596	1	6
500.766	1	5
500.936	1	3
501.106	1	-4
501.277	1	7
501.447	1	8
501.617	1	0
501.787	1	5
501.958	1	-8
502.128	1	7
502.298	1	6
502.468	1	6
502.638	1	10
502.809	1	8
502.979	1	-8
503.149	1	-4
503.319	1	-4
503.489	1	8
503.660	1	14
503.830	1	11
504.000	1	20
504.170	1	2
504.340	1	3
504.511	1	16
504.681	1	2
504.851	1	8
505.021	1	8
505.192	1	4
505.362	1	7
505.532	1	12
505.702	1	-1
505.872	1	0
506.043	1	-8
506.213	1	-4
506.383	1	9
506.553	1	13
506.723	1	13
506.893	1	6
507.064	1	13
507.234	1	-3
507.404	1	1
507.574	1	4
507.744	1	5
507.915	1	7
508.085	1	11
508.255	1	9
508.425	1	4
508.595	1	15
508.766	1	9
508.936	1	-15
509.106	1	17
509.276	1	7
509.446	1	1
509.616	1	1
509.787	1	13
509.957	1	9
510.127	1	5
510.297	1	-4
510.467	1	-5
510.638	1	0
510.808	1	-11
510.978	1	-10
511.148	1	9
511.318	1	1
511.488	1	-8
511.659	1	8
511.829	1	4
511.999	1	5
512.169	1	2
512.339	1	-1
512.509	1	-1
512.680	1	4
512.850	1	-1
513.020	1	2
513.190	1	4
513.360	1	-6
513.530	1	8
513.700	1	6
513.871	1	2
514.041	1	-12
514.211	1	13
514.381	1	3
514.551	1	0
514.721	1	4
514.892	1	1
515.062	1	5
515.232	1	2
515.402	1	4
515.572	1	-3
515.742	1	10
515.912	1	-1
516.083	1	-1
516.253	1	5
516.423	1	1
516.593	1	3
516.763	1	10
516.933	1	-3
517.104	1	8
517.274	1	-4
517.444	1	6
517.614	1	-2
517.784	1	1
517.954	1	8
518.124	1	4
518.294	1	4
518.465	1	-2
518.635	1	4
518.805	1	-6
518.975	1	4
519.145	1	-1
519.315	1	5
519.485	1	5
519.656	1	12
519.826	1	6
519.996	1	-11
520.166	1	0
520.336	1	5
520.506	1	2
520.676	1	4
520.846	1	12
521.017	1	4
521.187	1	-6
521.357	1	11
521.527	1	1
521.697	1	1
521.867	1	2
522.037	1	8
522.207	1	14
522.377	1	1
522.548	1	4
522.718	1	-1
522.888	1	8
523.058	1	-1
523.228	1	4
523.398	1	2
523.568	1	0
523.738	1	6
523.909	1	13
524.079	1	-2
524.249	1	-1
524.419	1	0
524.589	1	-6
524.759	1	2
524.929	1	-8
525.099	1	11
525.269	1	13
525.439	1	0
525.610	1	11
525.780	1	-2
525.950	1	11
526.120	1	-4
526.290	1	10
526.460	1	-8
526.630	1	9
526.800	1	1
526.970	1	6
527.140	1	14
527.311	1	6
527.481	1	1
527.651	1	12
527.821	1	-11
527.991	1	13
528.161	1	10
528.331	1	-3
528.501	1	2
528.671	1	-3
528.841	1	8
529.011	1	-4
529.181	1	9
529.352	1	7
529.522	1	-3
529.692	1	1
529.862	1	3
530.032	1	7
530.202	1	5
530.372	1	0
530.542	1	0
530.712	1	9
530.882	1	4
531.052	1	3
531.222	1	0
531.392	1	4
531.563	1	10
531.733	1	-1
531.903	1	3
532.073	1	-1
532.243	1	8
532.413	1	7
532.583	1	-4
532.753	1	-1
532.923	1	3
533.093	1	9
533.263	1	6
533.433	1	7
533.603	1	-2
533.773	1	1
533.943	1	-1
534.113	1	4
534.284	1	5
534.454	1	19
534.624	1	12
534.794	1	-1
534.964	1	3
535.134	1	-4
535.304	1	7
535.474	1	10
535.644	1	1
535.814	1	-6
535.984	1	-4
536.154	1	-1
536.324	1	-4
536.494	1	5
536.664	1	10
536.834	1	4
537.004	1	-2
537.174	1	15
537.344	1	7
537.514	1	-12
537.685	1	-1
537.855	1	6
538.025	1	-1
538.195	1	2
538.365	1	11
538.535	1	12
538.705	1	2
538.875	1	5
539.045	1	-1
539.215	1	7
539.385	1	11
539.555	1	2
539.725	1	-1
539.895	1	0
540.065	1	21
540.235	1	8
540.405	1	-9
540.575	1	2
540.745	1	3
540.915	1	16
541.085	1	10
541.255	1	-6
541.425	1	10
541.595	1	-7
541.765	1	4
541.935	1	5
542.105	1	-4
542.275	1	1
542.445	1	-4
542.615	1	1
542.785	1	3
542.955	1	0
543.125	1	2
543.295	1	6
543.465	1	-1
543.635	1	2
543.805	1	8
543.975	1	3
544.145	1	10
544.315	1	-1
544.485	1	9
544.655	1	-2
544.825	1	-8
544.995	1	8
545.165	1	-3
545.335	1	2
545.505	1	-6
545.675	1	3
545.845	1	13
546.015	1	8
546.185	1	6
546.355	1	1
546.525	1	7
546.695	1	5
546.865	1	3
547.035	1	7
547.205	1	5
547.375	1	7
547.545	1	6
547.715	1	-1
547.885	1	-3
548.055	1	-2
548.225	1	1
548.395	1	1
548.565	1	-1
548.735	1	10
548.905	1	-5
549.075	1	13
549.245	1	-8
549.415	1	-3
549.585	1	4
549.755	1	-1
549.925	1	-4
550.095	1	3
550.265	1	-3
550.435	1	-6
550.605	1	-6
550.775	1	8
550.945	1	3
551.115	1	1
551.285	1	6
551.455	1	-3
551.625	1	4
551.795	1	13
551.965	1	3
552.135	1	4
552.305	1	-6
552.475	1	-6
552.645	1	-3
552.815	1	-10
552.985	1	3
553.155	1	5
553.325	1	7
553.495	1	4
553.665	1	-5
553.835	1	-5
554.004	1	5
554.174	1	-8
554.344	1	14
554.514	1	-7
554.684	1	1
554.854	1	9
555.024	1	-11
555.194	1	-8
555.364	1	-1
555.534	1	6
555.704	1	-10
555.874	1	6
556.044	1	6
556.214	1	-4
556.384	1	3
556.554	1	7
556.724	1	6
556.894	1	3
557.064	1	-1
557.234	1	1
557.404	1	5
557.573	1	5
557.743	1	-3
557.913	1	1
558.083	1	-4
558.253	1	10
558.423	1	0
558.593	1	7
558.763	1	2
558.933	1	0
559.103	1	6
559.273	1	4
559.443	1	12
559.613	1	5
559.783	1	6
559.953	1	-2
560.122	1	11
560.292	1	6
560.462	1	1
560.632	1	0
560.802	1	1
560.972	1	3
561.142	1	3
561.312	1	-4
561.482	1	3
561.652	1	9
561.822	1	-5
561.992	1	-4
562.162	1	-7
562.331	1	3
562.501	1	-7
562.671	1	4
562.841	1	-1
563.011	1	5
563.181	1	3
563.351	1	3
563.521	1	12
563.691	1	-9
563.861	1	-4
564.031	1	6
564.201	1	6
564.370	1	-8
564.540	1	3
564.710	1	-4
564.880	1	12
565.050	1	7
565.220	1	-3
565.390	1	4
565.560	1	0
565.730	1	0
565.900	1	1
566.069	1	7
566.239	1	1
566.409	1	12
566.579	1	12
566.749	1	1
566.919	1	5
567.089	1	5
567.259	1	10
567.429	1	4
567.599	1	2
567.768	1	10
567.938	1	-1
568.108	1	12
568.278	1	-6
568.448	1	-1
568.618	1	-5
568.788	1	6
568.958	1	2
569.128	1	10
569.297	1	-5
569.467	1	-1
569.637	1	10
569.807	1	0
569.977	1	8
570.147	1	13
570.317	1	0
570.487	1	3
570.656	1	8
570.826	1	-2
570.996	1	-7
571.166	1	9
571.336	1	1
571.506	1	9
571.676	1	0
571.846	1	2
572.015	1	8
572.185	1	5
572.355	1	-4
572.525	1	1
572.695	1	0
572.865	1	-6
573.035	1	6
573.205	1	4
573.374	1	0
573.544	1	0
573.714	1	7
573.884	1	10
574.054	1	2
574.224	1	-2
574.394	1	-4
574.563	1	-3
574.733	1	-3
574.903	1	-2
575.073	1	-2
575.243	1	3
575.413	1	7
575.583	1	-7
575.752	1	9
575.922	1	2
576.092	1	8
576.262	1	9
576.432	1	4
576.602	1	-3
576.772	1	16
576.941	1	4
577.111	1	-3
577.281	1	-11
577.451	1	-2
577.621	1	-2
577.791	1	6
577.960	1	1
578.130	1	8
578.300	1	8
578.470	1	13
578.640	1	2
578.810	1	2
578.979	1	1
579.149	1	1
579.319	1	-6
579.489	1	1
579.659	1	1
579.829	1	3
579.998	1	11
580.168	1	6
580.338	1	10
580.508	1	-2
580.678	1	0
580.848	1	-2
581.017	1	-1
581.187	1	-3
581.357	1	-6
581.527	1	11
581.697	1	2
581.867	1	10
582.036	1	-3
582.206	1	6
582.376	1	15
582.546	1	-4
582.716	1	-11
582.885	1	-8
583.055	1	2
583.225	1	-6
583.395	1	5
583.565	1	-4
583.735	1	1
583.904	1	2
584.074	1	9
584.244	1	-4
584.414	1	8
584.584	1	9
584.753	1	-7
584.923	1	2
585.093	1	1
585.263	1	9
585.433	1	-1
585.602	1	-2
585.772	1	-1
585.942	1	-7
586.112	1	7
586.282	1	-7
586.451	1	-6
586.621	1	3
586.791	1	1
586.961	1	9
587.131	1	0
587.300	1	-9
587.470	1	6
587.640	1	10
587.810	1	-7
587.980	1	-7
588.149	1	3
588.319	1	-2
588.489	1	-4
588.659	1	1
588.829	1	8
588.998	1	6
589.168	1	4
589.338	1	1
589.508	1	5
589.677	1	-3
589.847	1	0
590.017	1	18
590.187	1	-12
590.357	1	18
590.526	1	5
590.696	1	3
590.866	1	-2
591.036	1	-1
591.205	1	14
591.375	1	-2
591.545	1	3
591.715	1	3
591.885	1	5
592.054	1	-1
592.224	1	2
592.394	1	2
592.564	1	-1
592.733	1	0
592.903	1	5
593.073	1	2
593.243	1	-1
593.412	1	8
593.582	1	9
593.752	1	1
593.922	1	1
594.091	1	-2
594.261	1	4
594.431	1	2
594.601	1	8
594.771	1	4
594.940	1	-2
595.110	1	0
595.280	1	4
595.450	1	0
595.619	1	6
595.789	1	0
595.959	1	3
596.129	1	-1
596.298	1	-5
596.468	1	5
596.638	1	4
596.808	1	0
596.977	1	-2
597.147	1	3
597.317	1	-6
597.487	1	7
597.656	1	2
597.826	1	8
597.996	1	4
598.166	1	-4
598.335	1	4
598.505	1	7
598.675	1	4
598.844	1	5
599.014	1	-8
599.184	1	9
599.354	1	-5
599.523	1	0
599.693	1	-6
599.863	1	2
600.033	1	-3
600.202	1	-2
600.372	1	0
600.542	1	1
600.712	1	-5
600.881	1	0
601.051	1	14
601.221	1	9
601.390	1	-5
601.560	1	9
601.730	1	10
601.900	1	5
602.069	1	9
602.239	1	-13
602.409	1	-5
602.578	1	-2
602.748	1	1
602.918	1	10
603.088	1	5
603.257	1	-1
603.427	1	-4
603.597	1	7
603.767	1	0
603.936	1	7
604.106	1	1
604.276	1	4
604.445	1	10
604.615	1	6
604.785	1	-5
604.954	1	3
605.124	1	0
605.294	1	3
605.464	1	-8
605.633	1	5
605.803	1	2
605.973	1	1
606.142	1	-4
606.312	1	6
606.482	1	-1
606.652	1	9
606.821	1	4
606.991	1	5
607.161	1	-4
607.330	1	0
607.500	1	-4
607.670	1	0
607.839	1	-1
608.009	1	7
608.179	1	13
608.348	1	8
608.518	1	2
608.688	1	12
608.858	1	-2
609.027	1	-6
609.197	1	-3
609.367	1	5
609.536	1	5
609.706	1	1
609.876	1	1
610.045	1	6
610.215	1	10
610.385	1	3
610.554	1	3
610.724	1	1
610.894	1	0
611.063	1	5
611.233	1	-5
611.403	1	-5
611.572	1	2
611.742	1	7
611.912	1	4
612.081	1	4
612.251	1	5
612.421	1	9
612.590	1	2
612.760	1	2
612.930	1	2
613.099	1	0
613.269	1	10
613.439	1	1
613.608	1	-3
613.778	1	9
613.948	1	7
614.117	1	4
614.287	1	3
614.457	1	2
614.626	1	2
614.796	1	0
614.966	1	6
615.135	1	-5
615.305	1	4
615.475	1	2
615.644	1	9
615.814	1	-1
615.984	1	2
616.153	1	2
616.323	1	3
616.493	1	-1
616.662	1	11
616.832	1	3
617.002	1	0
617.171	1	-2
617.341	1	5
617.511	1	-9
617.680	1	3
617.850	1	6
618.019	1	15
618.189	1	17
618.359	1	5
618.528	1	-4
618.698	1	6
618.868	1	-5
619.037	1	5
619.207	1	-8
619.377	1	0
619.546	1	-7
619.716	1	-7
619.885	1	8
620.055	1	-7
620.225	1	3
620.394	1	-5
620.564	1	3
620.734	1	9
620.903	1	-2
621.073	1	2
621.242	1	10
621.412	1	-2
621.582	1	-1
621.751	1	9
621.921	1	5
622.091	1	0
622.260	1	-5
622.430	1	11
622.599	1	-5
622.769	1	-5
622.939	1	5
623.108	1	3
623.278	1	-7
623.448	1	5
623.617	1	-1
623.787	1	0
623.956	1	9
624.126	1	-4
624.296	1	2
624.465	1	6
624.635	1	5
624.804	1	8
624.974	1	11
625.144	1	3
625.313	1	9
625.483	1	-4
625.652	1	3
625.822	1	1
625.992	1	-4
626.161	1	10
626.331	1	-3
626.501	1	2
626.670	1	6
626.840	1	7
627.009	1	-1
627.179	1	0
627.348	1	11
627.518	1	7
627.688	1	-1
627.857	1	11
628.027	1	1
628.196	1	0
628.366	1	6
628.536	1	6
628.705	1	10
628.875	1	3
629.044	1	-5
629.214	1	11
629.384	1	12
629.553	1	18
629.723	1	-6
629.892	1	3
630.062	1	2
630.232	1	-2
630.401	1	15
630.571	1	-2
630.740	1	-4
630.910	1	3
631.079	1	6
631.249	1	-2
631.419	1	14
631.588	1	-12
631.758	1	4
631.927	1	8
632.097	1	-3
632.266	1	4
632.436	1	1
632.606	1	-8
632.775	1	4
632.945	1	5
633.114	1	10
633.284	1	11
633.453	1	-2
633.623	1	2
633.793	1	4
633.962	1	5
634.132	1	13
634.301	1	5
634.471	1	-1
634.640	1	2
634.810	1	11
634.979	1	1
635.149	1	8
635.319	1	8
635.488	1	2
635.658	1	0
635.827	1	-6
635.997	1	5
636.166	1	3
636.336	1	-3
636.505	1	8
636.675	1	2
636.845	1	15
637.014	1	7
637.184	1	8
637.353	1	0
637.523	1	2
637.692	1	1
637.862	1	11
638.031	1	-2
638.201	1	2
638.370	1	1
638.540	1	5
638.710	1	-5
638.879	1	-6
639.049	1	2
639.218	1	-1
639.388	1	0
639.557	1	3
639.727	1	6
639.896	1	1
640.066	1	-4
640.235	1	1
640.405	1	20
640.574	1	6
640.744	1	-3
640.914	1	7
641.083	1	-2
641.253	1	-1
641.422	1	0
641.592	1	16
641.761	1	0
641.931	1	8
642.100	1	11
642.270	1	-3
642.439	1	15
642.609	1	10
642.778	1	2
642.948	1	5
643.117	1	9
643.287	1	3
643.456	1	-9
643.626	1	17
643.795	1	4
643.965	1	8
644.134	1	1
644.304	1	-1
644.473	1	5
644.643	1	12
644.812	1	1
644.982	1	10
645.151	1	7
645.321	1	-5
645.490	1	14
645.660	1	-4
645.829	1	-1
645.999	1	5
646.168	1	4
646.338	1	-1
646.507	1	-2
646.677	1	12
646.846	1	-3
647.016	1	-6
647.185	1	9
647.355	1	-9
647.524	1	4
647.694	1	8
647.863	1	4
648.033	1	9
648.202	1	8
648.372	1	3
648.541	1	0
648.711	1	-3
648.880	1	2
649.050	1	-4
649.219	1	7
649.389	1	8
649.558	1	3
649.728	1	7
649.897	1	0
650.067	1	12
650.236	1	-2
650.406	1	3
650.575	1	8
650.745	1	5
650.914	1	1
651.084	1	3
651.253	1	0
651.423	1	-4
651.592	1	0
651.762	1	0
651.931	1	8
652.101	1	10
652.270	1	2
652.440	1	7
652.609	1	-7
652.778	1	-16
652.948	1	7
653.117	1	4
653.287	1	5
653.456	1	1
653.626	1	7
653.795	1	2
653.965	1	15
654.134	1	7
654.304	1	-12
654.473	1	11
654.643	1	-5
654.812	1	3
654.982	1	7
655.151	1	1
655.320	1	1
655.490	1	-7
655.659	1	-2
655.829	1	3
655.998	1	-5
656.168	1	-6
656.337	1	4
656.507	1	2
656.676	1	4
656.846	1	10
657.015	1	11
657.184	1	10
657.354	1	-3
657.523	1	-1
657.693	1	8
657.862	1	0
658.032	1	1
658.201	1	6
658.371	1	9
658.540	1	7
658.709	1	-7
658.879	1	16
659.048	1	9
659.218	1	1
659.387	1	5
659.557	1	3
659.726	1	14
659.895	1	5
660.065	1	-4
660.234	1	0
660.404	1	-1
660.573	1	7
660.743	1	6
660.912	1	7
661.081	1	5
661.251	1	-3
661.420	1	10
661.590	1	2
661.759	1	11
661.929	1	-1
662.098	1	12
662.267	1	-1
662.437	1	3
662.606	1	6
662.776	1	-7
662.945	1	9
663.115	1	7
663.284	1	-4
663.453	1	11
663.623	1	6
663.792	1	3
663.962	1	-4
664.131	1	1
664.300	1	9
664.470	1	-6
664.639	1	4
664.809	1	12
664.978	1	9
665.148	1	5
665.317	1	1
665.486	1	9
665.656	1	-2
665.825	1	14
665.995	1	-2
666.164	1	2
666.333	1	1
666.503	1	-5
666.672	1	3
666.842	1	0
667.011	1	-3
667.180	1	7
667.350	1	0
667.519	1	4
667.689	1	-5
667.858	1	7
668.027	1	14
668.197	1	7
668.366	1	0
668.536	1	1
668.705	1	5
668.874	1	12
669.044	1	0
669.213	1	1
669.382	1	-10
669.552	1	14
669.721	1	2
669.891	1	11
670.060	1	10
670.229	1	20
670.399	1	-2
670.568	1	12
670.738	1	8
670.907	1	-10
671.076	1	0
671.246	1	-7
671.415	1	1
671.584	1	-6
671.754	1	4
671.923	1	8
672.093	1	-1
672.262	1	0
672.431	1	-2
672.601	1	-3
672.770	1	-9
672.939	1	2
673.109	1	1
673.278	1	9
673.448	1	3
673.617	1	-3
673.786	1	9
