325.333	1	-2
325.504	1	2
325.675	1	4
325.846	1	-1
326.017	1	-4
326.188	1	0
326.359	1	5
326.531	1	-9
326.702	1	1
326.873	1	9
327.044	1	-5
327.215	1	7
327.386	1	-2
327.557	1	5
327.728	1	-1
327.899	1	5
328.070	1	5
328.241	1	1
328.412	1	-14
328.583	1	2
328.754	1	0
328.926	1	14
329.097	1	0
329.268	1	15
329.439	1	1
329.610	1	0
329.781	1	-11
329.952	1	11
330.123	1	2
330.294	1	11
330.465	1	5
330.636	1	5
330.807	1	2
330.978	1	-1
331.149	1	-1
331.320	1	1
331.492	1	6
331.663	1	-4
331.834	1	13
332.005	1	2
332.176	1	21
332.347	1	12
332.518	1	7
332.689	1	6
332.860	1	-8
333.031	1	14
333.202	1	-1
333.373	1	-9
333.544	1	-5
333.715	1	13
333.886	1	-5
334.057	1	11
334.228	1	4
334.399	1	-5
334.570	1	15
334.741	1	-2
334.912	1	11
335.084	1	22
335.255	1	3
335.426	1	-2
335.597	1	3
335.768	1	5
335.939	1	-2
336.110	1	2
336.281	1	-3
336.452	1	-1
336.623	1	3
336.794	1	6
336.965	1	1
337.136	1	4
337.307	1	2
337.478	1	-5
337.649	1	13
337.820	1	-7
337.991	1	3
338.162	1	7
338.333	1	-3
338.504	1	8
338.675	1	7
338.846	1	6
339.017	1	-4
339.188	1	0
339.359	1	-5
339.530	1	6
339.701	1	15
339.872	1	8
340.043	1	4
340.214	1	-6
340.385	1	9
340.556	1	0
340.727	1	1
340.898	1	13
341.069	1	8
341.240	1	11
341.411	1	8
341.582	1	2
341.753	1	5
341.924	1	7
342.095	1	7
342.266	1	15
342.437	1	9
342.608	1	0
342.779	1	10
342.950	1	9
343.121	1	13
343.292	1	-2
343.463	1	6
343.634	1	2
343.805	1	4
343.976	1	9
344.147	1	2
344.318	1	-5
344.489	1	-1
344.660	1	18
344.831	1	2
345.002	1	-2
345.173	1	3
345.344	1	4
345.515	1	7
345.686	1	6
345.857	1	12
346.028	1	2
346.199	1	-5
346.370	1	3
346.541	1	8
346.712	1	-4
346.883	1	6
347.054	1	3
347.225	1	5
347.396	1	11
347.567	1	2
347.738	1	-2
347.909	1	19
348.080	1	-1
348.251	1	13
348.422	1	5
348.593	1	-9
348.764	1	0
348.935	1	9
349.106	1	0
349.277	1	2
349.448	1	7
349.619	1	11
349.790	1	9
349.961	1	11
350.132	1	10
350.303	1	8
350.474	1	12
350.645	1	6
350.816	1	16
350.987	1	2
351.157	1	-3
351.328	1	11
351.499	1	10
351.670	1	2
351.841	1	6
352.012	1	16
352.183	1	16
352.354	1	14
352.525	1	17
352.696	1	9
352.867	1	7
353.038	1	13
353.209	1	16
353.380	1	0
353.551	1	-1
353.722	1	7
353.893	1	3
354.064	1	16
354.235	1	4
354.406	1	10
354.576	1	7
354.747	1	11
354.918	1	5
355.089	1	11
355.260	1	8
355.431	1	22
355.602	1	0
355.773	1	14
355.944	1	11
356.115	1	5
356.286	1	12
356.457	1	9
356.628	1	7
356.799	1	4
356.970	1	12
357.141	1	2
357.311	1	-3
357.482	1	1
357.653	1	2
357.824	1	17
357.995	1	10
358.166	1	-2
358.337	1	4
358.508	1	6
358.679	1	5
358.850	1	9
359.021	1	4
359.192	1	4
359.363	1	5
359.533	1	4
359.704	1	9
359.875	1	5
360.046	1	-2
360.217	1	0
360.388	1	12
360.559	1	1
360.730	1	13
360.901	1	3
361.072	1	22
361.243	1	12
361.414	1	8
361.584	1	1
361.755	1	5
361.926	1	5
362.097	1	9
362.268	1	17
362.439	1	0
362.610	1	14
362.781	1	9
362.952	1	8
363.123	1	8
363.293	1	-4
363.464	1	18
363.635	1	12
363.806	1	-1
363.977	1	8
364.148	1	3
364.319	1	15
364.490	1	7
364.661	1	-4
364.832	1	15
365.002	1	13
365.173	1	3
365.344	1	15
365.515	1	7
365.686	1	-1
365.857	1	11
366.028	1	15
366.199	1	-4
366.370	1	9
366.540	1	0
366.711	1	-7
366.882	1	0
367.053	1	10
367.224	1	14
367.395	1	15
367.566	1	18
367.737	1	15
367.908	1	16
368.078	1	0
368.249	1	13
368.420	1	-15
368.591	1	-3
368.762	1	6
368.933	1	6
369.104	1	9
369.274	1	9
369.445	1	5
369.616	1	8
369.787	1	14
369.958	1	12
370.129	1	-3
370.300	1	15
370.471	1	2
370.641	1	15
370.812	1	11
370.983	1	4
371.154	1	-2
371.325	1	15
371.496	1	14
371.667	1	24
371.837	1	-3
372.008	1	-4
372.179	1	6
372.350	1	20
372.521	1	4
372.692	1	8
372.863	1	8
373.033	1	-5
373.204	1	-4
373.375	1	5
373.546	1	14
373.717	1	13
373.888	1	20
374.059	1	19
374.229	1	20
374.400	1	8
374.571	1	10
374.742	1	17
374.913	1	8
375.084	1	4
375.254	1	7
375.425	1	17
375.596	1	7
375.767	1	10
375.938	1	14
376.109	1	9
376.279	1	3
376.450	1	20
376.621	1	11
376.792	1	3
376.963	1	3
377.134	1	20
377.304	1	9
377.475	1	13
377.646	1	9
377.817	1	6
377.988	1	2
378.159	1	15
378.329	1	16
378.500	1	9
378.671	1	2
378.842	1	1
379.013	1	0
379.184	1	6
379.354	1	12
379.525	1	4
379.696	1	12
379.867	1	8
380.038	1	12
380.209	1	22
380.379	1	-2
380.550	1	-1
380.721	1	13
380.892	1	13
381.063	1	15
381.233	1	2
381.404	1	2
381.575	1	23
381.746	1	17
381.917	1	2
382.087	1	19
382.258	1	7
382.429	1	15
382.600	1	16
382.771	1	8
382.941	1	7
383.112	1	5
383.283	1	7
383.454	1	16
383.625	1	7
383.795	1	8
383.966	1	16
384.137	1	15
384.308	1	11
384.479	1	13
384.649	1	8
384.820	1	12
384.991	1	16
385.162	1	4
385.333	1	1
385.503	1	12
385.674	1	6
385.845	1	20
386.016	1	10
386.187	1	7
386.357	1	14
386.528	1	16
386.699	1	10
386.870	1	18
387.041	1	19
387.211	1	6
387.382	1	20
387.553	1	11
387.724	1	12
387.894	1	8
388.065	1	11
388.236	1	8
388.407	1	16
388.578	1	-1
388.748	1	7
388.919	1	22
389.090	1	6
389.261	1	6
389.431	1	13
389.602	1	20
389.773	1	9
389.944	1	9
390.114	1	7
390.285	1	6
390.456	1	20
390.627	1	10
390.798	1	24
390.968	1	6
391.139	1	10
391.310	1	11
391.481	1	15
391.651	1	12
391.822	1	10
391.993	1	15
392.164	1	12
392.334	1	17
392.505	1	5
392.676	1	14
392.847	1	18
393.017	1	13
393.188	1	22
393.359	1	11
393.530	1	14
393.700	1	7
393.871	1	12
394.042	1	14
394.213	1	2
394.383	1	15
394.554	1	16
394.725	1	21
394.896	1	2
395.066	1	19
395.237	1	17
395.408	1	8
395.579	1	9
395.749	1	10
395.920	1	18
396.091	1	7
396.262	1	13
396.432	1	13
396.603	1	13
396.774	1	21
396.945	1	11
397.115	1	12
397.286	1	4
397.457	1	12
397.627	1	12
397.798	1	17
397.969	1	5
398.140	1	2
398.310	1	12
398.481	1	17
398.652	1	6
398.823	1	12
398.993	1	0
399.164	1	12
399.335	1	18
399.505	1	16
399.676	1	6
399.847	1	11
400.018	1	9
400.188	1	5
400.359	1	12
400.530	1	0
400.700	1	18
400.871	1	16
401.042	1	7
401.213	1	17
401.383	1	5
401.554	1	19
401.725	1	13
401.895	1	10
402.066	1	12
402.237	1	16
402.408	1	23
402.578	1	19
402.749	1	27
402.920	1	14
403.090	1	7
403.261	1	11
403.432	1	14
403.603	1	16
403.773	1	18
403.944	1	26
404.115	1	26
404.285	1	16
404.456	1	11
404.627	1	12
404.797	1	8
404.968	1	5
405.139	1	8
405.310	1	14
405.480	1	16
405.651	1	6
405.822	1	10
405.992	1	12
406.163	1	12
406.334	1	0
406.504	1	13
406.675	1	21
406.846	1	9
407.016	1	17
407.187	1	24
407.358	1	-1
407.528	1	5
407.699	1	11
407.870	1	8
408.041	1	8
408.211	1	17
408.382	1	5
408.553	1	5
408.723	1	22
408.894	1	9
409.065	1	9
409.235	1	10
409.406	1	6
409.577	1	15
409.747	1	13
409.918	1	7
410.089	1	16
410.259	1	6
410.430	1	13
410.601	1	21
410.771	1	9
410.942	1	24
411.113	1	13
411.283	1	4
411.454	1	14
411.625	1	15
411.795	1	19
411.966	1	21
412.137	1	15
412.307	1	6
412.478	1	-1
412.649	1	17
412.819	1	11
412.990	1	7
413.161	1	20
413.331	1	2
413.502	1	19
413.672	1	16
413.843	1	11
414.014	1	8
414.184	1	17
414.355	1	12
414.526	1	16
414.696	1	21
414.867	1	21
415.038	1	-8
415.208	1	16
415.379	1	20
415.550	1	26
415.720	1	8
415.891	1	18
416.062	1	10
416.232	1	8
416.403	1	10
416.573	1	15
416.744	1	7
416.915	1	21
417.085	1	21
417.256	1	10
417.427	1	22
417.597	1	12
417.768	1	12
417.939	1	21
418.109	1	11
418.280	1	15
418.450	1	11
418.621	1	3
418.792	1	27
418.962	1	10
419.133	1	24
419.304	1	15
419.474	1	8
419.645	1	9
419.815	1	15
419.986	1	13
420.157	1	23
420.327	1	6
420.498	1	26
420.669	1	5
420.839	1	17
421.010	1	13
421.180	1	14
421.351	1	18
421.522	1	12
421.692	1	18
421.863	1	13
422.033	1	20
422.204	1	13
422.375	1	6
422.545	1	15
422.716	1	12
422.886	1	6
423.057	1	16
423.228	1	23
423.398	1	12
423.569	1	20
423.740	1	5
423.910	1	-1
424.081	1	14
424.251	1	10
424.422	1	19
424.593	1	9
424.763	1	10
424.934	1	7
425.104	1	8
425.275	1	14
425.445	1	11
425.616	1	11
425.787	1	8
425.957	1	16
426.128	1	12
426.298	1	10
426.469	1	2
426.640	1	14
426.810	1	10
426.981	1	17
427.151	1	11
427.322	1	25
427.493	1	12
427.663	1	10
427.834	1	10
428.004	1	11
428.175	1	7
428.345	1	13
428.516	1	13
428.687	1	13
428.857	1	7
429.028	1	15
429.198	1	16
429.369	1	12
429.540	1	16
429.710	1	17
429.881	1	15
430.051	1	9
430.222	1	9
430.392	1	4
430.563	1	18
430.734	1	16
430.904	1	11
431.075	1	12
431.245	1	9
431.416	1	12
431.586	1	18
431.757	1	13
431.927	1	10
432.098	1	11
432.269	1	7
432.439	1	16
432.610	1	9
432.780	1	23
432.951	1	14
433.121	1	13
433.292	1	14
433.462	1	23
433.633	1	11
433.804	1	17
433.974	1	6
434.145	1	21
434.315	1	8
434.486	1	-1
434.656	1	13
434.827	1	6
434.997	1	5
435.168	1	16
435.339	1	24
435.509	1	15
435.680	1	10
435.850	1	11
436.021	1	14
436.191	1	15
436.362	1	8
436.532	1	15
436.703	1	8
436.873	1	11
437.044	1	0
437.214	1	9
437.385	1	14
437.556	1	8
437.726	1	23
437.897	1	17
438.067	1	7
438.238	1	13
438.408	1	24
438.579	1	5
438.749	1	14
438.920	1	11
439.090	1	17
439.261	1	3
439.431	1	5
439.602	1	11
439.772	1	9
439.943	1	18
440.113	1	11
440.284	1	11
440.455	1	14
440.625	1	15
440.796	1	18
440.966	1	9
441.137	1	7
441.307	1	-1
441.478	1	20
441.648	1	11
441.819	1	13
441.989	1	9
442.160	1	17
442.330	1	11
442.501	1	10
442.671	1	6
442.842	1	-10
443.012	1	12
443.183	1	12
443.353	1	1
443.524	1	22
443.694	1	16
443.865	1	5
444.035	1	19
444.206	1	9
444.376	1	-2
444.547	1	29
444.717	1	7
444.888	1	6
445.058	1	21
445.229	1	4
445.399	1	5
445.570	1	3
445.740	1	9
445.911	1	6
446.081	1	8
446.252	1	10
446.422	1	8
446.593	1	10
446.763	1	8
446.934	1	5
447.104	1	12
447.275	1	9
447.445	1	5
447.616	1	17
447.786	1	18
447.957	1	15
448.127	1	11
448.298	1	11
448.468	1	9
448.639	1	4
448.809	1	11
448.979	1	9
449.150	1	15
449.320	1	11
449.491	1	12
449.661	1	7
449.832	1	15
450.002	1	16
450.173	1	1
450.343	1	16
450.514	1	8
450.684	1	10
450.855	1	16
451.025	1	13
451.196	1	10
451.366	1	16
451.537	1	5
451.707	1	-5
451.878	1	12
452.048	1	13
452.218	1	22
452.389	1	17
452.559	1	11
452.730	1	22
452.900	1	6
453.071	1	10
453.241	1	14
453.412	1	6
453.582	1	0
453.753	1	16
453.923	1	8
454.093	1	22
454.264	1	12
454.434	1	15
454.605	1	10
454.775	1	15
454.946	1	7
455.116	1	7
455.287	1	-1
455.457	1	8
455.628	1	5
455.798	1	15
455.968	1	15
456.139	1	7
456.309	1	3
456.480	1	4
456.650	1	12
456.821	1	1
456.991	1	11
457.161	1	6
457.332	1	12
457.502	1	1
457.673	1	4
457.843	1	9
458.014	1	11
458.184	1	15
458.355	1	9
458.525	1	8
458.695	1	8
458.866	1	2
459.036	1	13
459.207	1	9
459.377	1	2
459.548	1	16
459.718	1	0
459.888	1	17
460.059	1	11
460.229	1	12
460.400	1	22
460.570	1	17
460.740	1	11
460.911	1	16
461.081	1	8
461.252	1	-8
461.422	1	4
461.593	1	8
461.763	1	14
461.933	1	14
462.104	1	0
462.274	1	7
462.445	1	12
462.615	1	-1
462.785	1	9
462.956	1	11
463.126	1	7
463.297	1	3
463.467	1	9
463.638	1	5
463.808	1	4
463.978	1	2
464.149	1	4
464.319	1	13
464.490	1	29
464.660	1	2
464.830	1	6
465.001	1	8
465.171	1	16
465.342	1	9
465.512	1	0
465.682	1	1
465.853	1	9
466.023	1	12
466.194	1	7
466.364	1	10
466.534	1	6
466.705	1	-2
466.875	1	1
467.045	1	4
467.216	1	16
467.386	1	4
467.557	1	7
467.727	1	8
467.897	1	2
468.068	1	0
468.238	1	6
468.409	1	4
468.579	1	11
468.749	1	11
468.920	1	1
469.090	1	16
469.260	1	2
469.431	1	7
469.601	1	12
469.772	1	11
469.942	1	-4
470.112	1	10
470.283	1	6
470.453	1	13
470.623	1	3
470.794	1	13
470.964	1	8
471.135	1	4
471.305	1	-4
471.475	1	13
471.646	1	8
471.816	1	1
471.986	1	8
472.157	1	14
472.327	1	2
472.497	1	7
472.668	1	3
472.838	1	4
473.009	1	11
473.179	1	-2
473.349	1	1
473.520	1	7
473.690	1	6
473.860	1	13
474.031	1	17
474.201	1	14
474.371	1	19
474.542	1	12
474.712	1	10
474.882	1	12
475.053	1	15
475.223	1	5
475.394	1	12
475.564	1	10
475.734	1	9
475.905	1	15
476.075	1	-2
476.245	1	11
476.416	1	14
476.586	1	14
476.756	1	-2
476.927	1	19
477.097	1	7
477.267	1	-11
477.438	1	13
477.608	1	3
477.778	1	11
477.949	1	11
478.119	1	11
478.289	1	16
478.460	1	10
478.630	1	-2
478.800	1	9
478.971	1	8
479.141	1	3
479.311	1	2
479.482	1	0
479.652	1	1
479.822	1	3
479.993	1	11
480.163	1	0
480.333	1	6
480.504	1	8
480.674	1	0
480.844	1	5
481.015	1	12
481.185	1	8
481.355	1	7
481.525	1	4
481.696	1	13
481.866	1	13
482.036	1	1
482.207	1	5
482.377	1	9
482.547	1	18
482.718	1	-1
482.888	1	15
483.058	1	3
483.229	1	-2
483.399	1	0
483.569	1	7
483.740	1	7
483.910	1	9
484.080	1	6
484.250	1	11
484.421	1	6
484.591	1	5
484.761	1	13
484.932	1	16
485.102	1	15
485.272	1	4
485.443	1	9
485.613	1	7
485.783	1	1
485.953	1	10
486.124	1	9
486.294	1	14
486.464	1	10
486.635	1	12
486.805	1	9
486.975	1	0
487.146	1	6
487.316	1	1
487.486	1	16
487.656	1	-2
487.827	1	6
487.997	1	-3
488.167	1	1
488.338	1	14
488.508	1	4
488.678	1	10
488.848	1	15
489.019	1	4
489.189	1	8
489.359	1	5
489.529	1	11
489.700	1	8
489.870	1	13
490.040	1	-6
490.211	1	-1
490.381	1	7
490.551	1	9
490.721	1	11
490.892	1	9
491.062	1	6
491.232	1	15
491.402	1	-3
491.573	1	-5
491.743	1	2
491.913	1	-1
492.084	1	6
492.254	1	8
492.424	1	3
492.594	1	7
492.765	1	10
492.935	1	11
493.105	1	16
493.275	1	4
493.446	1	6
493.616	1	4
493.786	1	4
493.956	1	6
494.127	1	7
494.297	1	0
494.467	1	-1
494.637	1	10
494.808	1	-1
494.978	1	1
495.148	1	6
495.318	1	0
495.489	1	9
495.659	1	5
495.829	1	-4
495.999	1	-7
496.170	1	11
496.340	1	10
496.510	1	6
496.680	1	-4
496.851	1	6
497.021	1	2
497.191	1	-3
497.361	1	1
497.532	1	-1
497.702	1	8
497.872	1	4
498.042	1	13
498.213	1	0
498.383	1	13
498.553	1	-9
498.723	1	8
498.894	1	-1
499.064	1	8
499.234	1	8
499.404	1	7
499.574	1	9
499.745	1	6
499.915	1	6
500.085	1	6
500.255	1	10
500.426	1	2
500.596	1	11
500.766	1	-1
500.936	1	5
501.106	1	-4
501.277	1	3
501.447	1	8
501.617	1	1
501.787	1	2
501.958	1	-3
502.128	1	7
502.298	1	13
502.468	1	3
502.638	1	7
502.809	1	8
502.979	1	-3
503.149	1	-6
503.319	1	-5
503.489	1	-2
503.660	1	4
503.830	1	-3
504.000	1	11
504.170	1	4
504.340	1	-2
504.511	1	12
504.681	1	2
504.851	1	14
505.021	1	8
505.192	1	-4
505.362	1	4
505.532	1	-2
505.702	1	-2
505.872	1	2
506.043	1	3
506.213	1	8
506.383	1	6
506.553	1	6
506.723	1	-10
506.893	1	13
507.064	1	8
507.234	1	-11
507.404	1	1
507.574	1	13
507.744	1	-2
507.915	1	2
508.085	1	5
508.255	1	4
508.425	1	-4
508.595	1	10
508.766	1	8
508.936	1	-10
509.106	1	8
509.276	1	11
509.446	1	0
509.616	1	2
509.787	1	-2
509.957	1	4
510.127	1	1
510.297	1	-4
510.467	1	3
510.638	1	10
510.808	1	-11
510.978	1	-4
511.148	1	6
511.318	1	-10
511.488	1	-5
511.659	1	-2
511.829	1	-1
511.999	1	8
512.169	1	-3
512.339	1	9
512.509	1	4
512.680	1	1
512.850	1	-2
513.020	1	8
513.190	1	0
513.360	1	-7
513.530	1	0
513.700	1	-1
513.871	1	-5
514.041	1	8
514.211	1	20
514.381	1	13
514.551	1	-3
514.721	1	-1
514.892	1	2
515.062	1	-3
515.232	1	6
515.402	1	-5
515.572	1	-11
515.742	1	10
515.912	1	9
516.083	1	3
516.253	1	13
516.423	1	2
516.593	1	3
516.763	1	10
516.933	1	4
517.104	1	9
517.274	1	-2
517.444	1	-3
517.614	1	-3
517.784	1	3
517.954	1	10
518.124	1	10
518.294	1	10
518.465	1	6
518.635	1	-3
518.805	1	-8
518.975	1	9
519.145	1	4
519.315	1	6
519.485	1	1
519.656	1	8
519.826	1	3
519.996	1	-4
520.166	1	4
520.336	1	18
520.506	1	-5
520.676	1	1
520.846	1	7
521.017	1	3
521.187	1	6
521.357	1	10
521.527	1	7
521.697	1	2
521.867	1	4
522.037	1	11
522.207	1	8
522.377	1	11
522.548	1	0
522.718	1	8
522.888	1	5
523.058	1	6
523.228	1	10
523.398	1	8
523.568	1	5
523.738	1	9
523.909	1	7
524.079	1	2
524.249	1	3
524.419	1	2
524.589	1	-7
524.759	1	-7
524.929	1	-3
525.099	1	3
525.269	1	18
525.439	1	-3
525.610	1	19
525.780	1	4
525.950	1	13
526.120	1	-4
526.290	1	9
526.460	1	-8
526.630	1	5
526.800	1	3
526.970	1	3
527.140	1	10
527.311	1	-1
527.481	1	-6
527.651	1	11
527.821	1	3
527.991	1	5
528.161	1	12
528.331	1	-6
528.501	1	5
528.671	1	-3
528.841	1	-4
529.011	1	-3
529.181	1	9
529.352	1	-1
529.522	1	-2
529.692	1	4
529.862	1	2
530.032	1	6
530.202	1	5
530.372	1	6
530.542	1	2
530.712	1	-4
530.882	1	5
531.052	1	3
531.222	1	4
531.392	1	1
531.563	1	10
531.733	1	2
531.903	1	3
532.073	1	6
532.243	1	10
532.413	1	2
532.583	1	3
532.753	1	2
532.923	1	-7
533.093	1	0
533.263	1	2
533.433	1	0
533.603	1	8
533.773	1	1
533.943	1	-6
534.113	1	3
534.284	1	2
534.454	1	0
534.624	1	9
534.794	1	-13
534.964	1	3
535.134	1	9
535.304	1	5
535.474	1	8
535.644	1	-15
535.814	1	0
535.984	1	-1
536.154	1	-6
536.324	1	1
536.494	1	13
536.664	1	2
536.834	1	8
537.004	1	-5
537.174	1	12
537.344	1	-1
537.514	1	-11
537.685	1	6
537.855	1	13
538.025	1	-11
538.195	1	1
538.365	1	2
538.535	1	3
538.705	1	6
538.875	1	3
539.045	1	-4
539.215	1	4
539.385	1	9
539.555	1	8
539.725	1	2
539.895	1	-5
540.065	1	9
540.235	1	15
540.405	1	-2
540.575	1	6
540.745	1	6
540.915	1	1
541.085	1	7
541.255	1	-9
541.425	1	5
541.595	1	-3
541.765	1	5
541.935	1	1
542.105	1	1
542.275	1	8
542.445	1	-9
542.615	1	6
542.785	1	7
542.955	1	-3
543.125	1	-2
543.295	1	1
543.465	1	1
543.635	1	1
543.805	1	20
543.975	1	-7
544.145	1	5
544.315	1	5
544.485	1	-3
544.655	1	7
544.825	1	-11
544.995	1	-1
545.165	1	-11
545.335	1	7
545.505	1	3
545.675	1	4
545.845	1	4
546.015	1	5
546.185	1	3
546.355	1	7
546.525	1	0
546.695	1	0
546.865	1	-5
547.035	1	0
547.205	1	-1
547.375	1	4
547.545	1	8
547.715	1	3
547.885	1	-3
548.055	1	-4
548.225	1	-2
548.395	1	-6
548.565	1	8
548.735	1	2
548.905	1	3
549.075	1	2
549.245	1	-1
549.415	1	-11
549.585	1	15
549.755	1	1
549.925	1	-9
550.095	1	11
550.265	1	2
550.435	1	11
550.605	1	3
550.775	1	0
550.945	1	8
551.115	1	5
551.285	1	6
551.455	1	-6
551.625	1	6
551.795	1	12
551.965	1	8
552.135	1	-1
552.305	1	-5
552.475	1	-13
552.645	1	3
552.815	1	3
552.985	1	7
553.155	1	5
553.325	1	8
553.495	1	5
553.665	1	-3
553.835	1	-2
554.004	1	-9
554.174	1	7
554.344	1	3
554.514	1	0
554.684	1	0
554.854	1	8
555.024	1	-2
555.194	1	-6
555.364	1	6
555.534	1	2
555.704	1	-2
555.874	1	9
556.044	1	5
556.214	1	-12
556.384	1	-9
556.554	1	9
556.724	1	6
556.894	1	3
557.064	1	-5
557.234	1	-6
557.404	1	9
557.573	1	0
557.743	1	-4
557.913	1	-3
558.083	1	-5
558.253	1	3
558.423	1	0
558.593	1	10
558.763	1	-1
558.933	1	-2
559.103	1	5
559.273	1	2
559.443	1	10
559.613	1	6
559.783	1	-2
559.953	1	-7
560.122	1	8
560.292	1	0
560.462	1	0
560.632	1	4
560.802	1	12
560.972	1	6
561.142	1	2
561.312	1	-9
561.482	1	11
561.652	1	10
561.822	1	-6
561.992	1	2
562.162	1	6
562.331	1	5
562.501	1	-4
562.671	1	6
562.841	1	-3
563.011	1	2
563.181	1	1
563.351	1	-3
563.521	1	2
563.691	1	1
563.861	1	5
564.031	1	10
564.201	1	7
564.370	1	-9
564.540	1	3
564.710	1	-3
564.880	1	7
565.050	1	11
565.220	1	2
565.390	1	2
565.560	1	8
565.730	1	-1
565.900	1	6
566.069	1	3
566.239	1	5
566.409	1	6
566.579	1	5
566.749	1	-2
566.919	1	10
567.089	1	8
567.259	1	17
567.429	1	-1
567.599	1	-5
567.768	1	-1
567.938	1	4
568.108	1	-6
568.278	1	-4
568.448	1	-7
568.618	1	-4
568.788	1	1
568.958	1	11
569.128	1	1
569.297	1	-9
569.467	1	-5
569.637	1	7
569.807	1	-1
569.977	1	13
570.147	1	11
570.317	1	-1
570.487	1	0
570.656	1	7
570.826	1	-8
570.996	1	-1
571.166	1	10
571.336	1	-5
571.506	1	5
571.676	1	2
571.846	1	10
572.015	1	3
572.185	1	4
572.355	1	3
572.525	1	5
572.695	1	3
572.865	1	-6
573.035	1	2
573.205	1	5
573.374	1	-7
573.544	1	1
573.714	1	10
573.884	1	4
574.054	1	8
574.224	1	3
574.394	1	1
574.563	1	0
574.733	1	0
574.903	1	-14
575.073	1	-4
575.243	1	10
575.413	1	0
575.583	1	0
575.752	1	8
575.922	1	6
576.092	1	4
576.262	1	3
576.432	1	5
576.602	1	-2
576.772	1	6
576.941	1	10
577.111	1	2
577.281	1	-10
577.451	1	-2
577.621	1	12
577.791	1	9
577.960	1	-5
578.130	1	7
578.300	1	11
578.470	1	10
578.640	1	-7
578.810	1	-1
578.979	1	2
579.149	1	0
579.319	1	6
579.489	1	0
579.659	1	0
579.829	1	0
579.998	1	0
580.168	1	10
580.338	1	6
580.508	1	2
580.678	1	9
580.848	1	-9
581.017	1	5
581.187	1	4
581.357	1	-5
581.527	1	15
581.697	1	2
581.867	1	-2
582.036	1	-5
582.206	1	2
582.376	1	12
582.546	1	-6
582.716	1	-5
582.885	1	5
583.055	1	2
583.225	1	-6
583.395	1	7
583.565	1	0
583.735	1	2
583.904	1	4
584.074	1	3
584.244	1	7
584.414	1	-1
584.584	1	8
584.753	1	-1
584.923	1	-2
585.093	1	1
585.263	1	-7
585.433	1	7
585.602	1	-5
585.772	1	-4
585.942	1	2
586.112	1	-2
586.282	1	-3
586.451	1	-2
586.621	1	-1
586.791	1	-6
586.961	1	5
587.131	1	-4
587.300	1	-7
587.470	1	8
587.640	1	7
587.810	1	-13
587.980	1	-4
588.149	1	6
588.319	1	5
588.489	1	6
588.659	1	-2
588.829	1	1
588.998	1	13
589.168	1	11
589.338	1	2
589.508	1	1
589.677	1	-12
589.847	1	-7
590.017	1	18
590.187	1	-2
590.357	1	15
590.526	1	2
590.696	1	4
590.866	1	2
591.036	1	-1
591.205	1	16
591.375	1	1
591.545	1	-5
591.715	1	-4
591.885	1	7
592.054	1	10
592.224	1	-1
592.394	1	-3
592.564	1	7
592.733	1	4
592.903	1	2
593.073	1	2
593.243	1	7
593.412	1	-1
593.582	1	4
593.752	1	-1
593.922	1	0
594.091	1	7
594.261	1	3
594.431	1	3
594.601	1	11
594.771	1	-1
594.940	1	12
595.110	1	0
595.280	1	-2
595.450	1	-5
595.619	1	4
595.789	1	-3
595.959	1	10
596.129	1	-3
596.298	1	-1
596.468	1	5
596.638	1	8
596.808	1	4
596.977	1	6
597.147	1	-4
597.317	1	-3
597.487	1	-2
597.656	1	2
597.826	1	4
597.996	1	-2
598.166	1	1
598.335	1	-7
598.505	1	-3
598.675	1	-1
598.844	1	5
599.014	1	-7
599.184	1	2
599.354	1	-9
599.523	1	6
599.693	1	1
599.863	1	5
600.033	1	4
600.202	1	3
600.372	1	11
600.542	1	4
600.712	1	-1
600.881	1	-6
601.051	1	1
601.221	1	10
601.390	1	-16
601.560	1	12
601.730	1	0
601.900	1	2
602.069	1	10
602.239	1	-3
602.409	1	-7
602.578	1	3
602.748	1	2
602.918	1	11
603.088	1	9
603.257	1	6
603.427	1	-4
603.597	1	11
603.767	1	1
603.936	1	13
604.106	1	-3
604.276	1	1
604.445	1	1
604.615	1	3
604.785	1	6
604.954	1	-3
605.124	1	6
605.294	1	-7
605.464	1	-8
605.633	1	-1
605.803	1	9
605.973	1	0
606.142	1	6
606.312	1	11
606.482	1	-8
606.652	1	3
606.821	1	-1
606.991	1	-1
607.161	1	-11
607.330	1	6
607.500	1	2
607.670	1	-9
607.839	1	9
608.009	1	12
608.179	1	8
608.348	1	2
608.518	1	6
608.688	1	7
608.858	1	4
609.027	1	-7
609.197	1	11
609.367	1	2
609.536	1	-1
609.706	1	-4
609.876	1	-5
610.045	1	2
610.215	1	8
610.385	1	-7
610.554	1	4
610.724	1	14
610.894	1	1
611.063	1	8
611.233	1	-6
611.403	1	1
611.572	1	-3
611.742	1	5
611.912	1	11
612.081	1	-8
612.251	1	6
612.421	1	0
612.590	1	-2
612.760	1	5
612.930	1	0
613.099	1	4
613.269	1	10
613.439	1	-1
613.608	1	-9
613.778	1	3
613.948	1	1
614.117	1	4
614.287	1	3
614.457	1	6
614.626	1	-1
614.796	1	-2
614.966	1	2
615.135	1	-4
615.305	1	12
615.475	1	-9
615.644	1	-7
615.814	1	5
615.984	1	-7
616.153	1	4
616.323	1	-3
616.493	1	5
616.662	1	11
616.832	1	-3
617.002	1	-6
617.171	1	6
617.341	1	-9
617.511	1	-10
617.680	1	-4
617.850	1	5
618.019	1	17
618.189	1	15
618.359	1	3
618.528	1	1
618.698	1	1
618.868	1	1
619.037	1	-2
619.207	1	2
619.377	1	-7
619.546	1	2
619.716	1	3
619.885	1	-2
620.055	1	-12
620.225	1	4
620.394	1	-2
620.564	1	7
620.734	1	7
620.903	1	-1
621.073	1	2
621.242	1	1
621.412	1	1
621.582	1	-5
621.751	1	2
621.921	1	7
622.091	1	-11
622.260	1	0
622.430	1	15
622.599	1	1
622.769	1	13
622.939	1	4
623.108	1	4
623.278	1	-7
623.448	1	-5
623.617	1	0
623.787	1	-2
623.956	1	4
624.126	1	-2
624.296	1	-2
624.465	1	5
624.635	1	12
624.804	1	3
624.974	1	-2
625.144	1	0
625.313	1	3
625.483	1	-16
625.652	1	-2
625.822	1	-5
625.992	1	7
626.161	1	13
626.331	1	2
626.501	1	1
626.670	1	10
626.840	1	5
627.009	1	1
627.179	1	5
627.348	1	8
627.518	1	-1
627.688	1	11
627.857	1	8
628.027	1	0
628.196	1	5
628.366	1	5
628.536	1	2
628.705	1	-7
628.875	1	9
629.044	1	-7
629.214	1	13
629.384	1	9
629.553	1	8
629.723	1	3
629.892	1	7
630.062	1	2
630.232	1	2
630.401	1	5
630.571	1	5
630.740	1	-5
630.910	1	7
631.079	1	2
631.249	1	0
631.419	1	7
631.588	1	-3
631.758	1	2
631.927	1	-8
632.097	1	-1
632.266	1	-4
632.436	1	6
632.606	1	1
632.775	1	7
632.945	1	3
633.114	1	1
633.284	1	2
633.453	1	-3
633.623	1	-6
633.793	1	13
633.962	1	1
634.132	1	7
634.301	1	3
634.471	1	9
634.640	1	17
634.810	1	7
634.979	1	4
635.149	1	16
635.319	1	-2
635.488	1	5
635.658	1	-6
635.827	1	5
635.997	1	2
636.166	1	-3
636.336	1	-1
636.505	1	2
636.675	1	-3
636.845	1	2
637.014	1	5
637.184	1	3
637.353	1	7
637.523	1	-1
637.692	1	4
637.862	1	4
638.031	1	7
638.201	1	-1
638.370	1	1
638.540	1	8
638.710	1	2
638.879	1	-8
639.049	1	5
639.218	1	-2
639.388	1	-10
639.557	1	-10
639.727	1	5
639.896	1	-6
640.066	1	-1
640.235	1	7
640.405	1	6
640.574	1	1
640.744	1	-6
640.914	1	-3
641.083	1	8
641.253	1	-4
641.422	1	-6
641.592	1	18
641.761	1	4
641.931	1	-1
642.100	1	13
642.270	1	-3
642.439	1	10
642.609	1	15
642.778	1	-1
642.948	1	-7
643.117	1	6
643.287	1	8
643.456	1	-8
643.626	1	20
643.795	1	8
643.965	1	5
644.134	1	0
644.304	1	8
644.473	1	7
644.643	1	10
644.812	1	-4
644.982	1	9
645.151	1	4
645.321	1	0
645.490	1	15
645.660	1	-7
645.829	1	-2
645.999	1	1
646.168	1	8
646.338	1	8
646.507	1	-2
646.677	1	-1
646.846	1	2
647.016	1	0
647.185	1	7
647.355	1	-10
647.524	1	9
647.694	1	15
647.863	1	6
648.033	1	9
648.202	1	0
648.372	1	-6
648.541	1	-2
648.711	1	-3
648.880	1	4
649.050	1	-5
649.219	1	7
649.389	1	7
649.558	1	3
649.728	1	10
649.897	1	-1
650.067	1	5
650.236	1	2
650.406	1	8
650.575	1	9
650.745	1	6
650.914	1	-9
651.084	1	1
651.253	1	4
651.423	1	-2
651.592	1	-5
651.762	1	-8
651.931	1	9
652.101	1	4
652.270	1	2
652.440	1	12
652.609	1	-2
652.778	1	-3
652.948	1	3
653.117	1	1
653.287	1	2
653.456	1	4
653.626	1	9
653.795	1	1
653.965	1	4
654.134	1	7
654.304	1	-7
654.473	1	13
654.643	1	5
654.812	1	0
654.982	1	0
655.151	1	-2
655.320	1	0
655.490	1	-4
655.659	1	5
655.829	1	4
655.998	1	7
656.168	1	5
656.337	1	6
656.507	1	2
656.676	1	15
656.846	1	9
657.015	1	9
657.184	1	10
657.354	1	7
657.523	1	2
657.693	1	12
657.862	1	9
658.032	1	-1
658.201	1	-1
658.371	1	1
658.540	1	11
658.709	1	3
658.879	1	1
659.048	1	-1
659.218	1	-7
659.387	1	3
659.557	1	7
659.726	1	7
659.895	1	7
660.065	1	-1
660.234	1	6
660.404	1	9
660.573	1	-2
660.743	1	-1
660.912	1	1
661.081	1	8
661.251	1	3
661.420	1	10
661.590	1	-3
661.759	1	6
661.929	1	6
662.098	1	17
662.267	1	5
662.437	1	6
662.606	1	4
662.776	1	8
662.945	1	8
663.115	1	0
663.284	1	1
663.453	1	5
663.623	1	6
663.792	1	4
663.962	1	-3
664.131	1	11
664.300	1	7
664.470	1	-6
664.639	1	6
664.809	1	4
664.978	1	5
665.148	1	8
665.317	1	-1
665.486	1	7
665.656	1	5
665.825	1	9
665.995	1	-2
666.164	1	1
666.333	1	10
666.503	1	4
666.672	1	-2
666.842	1	12
667.011	1	-2
667.180	1	10
667.350	1	-2
667.519	1	10
667.689	1	-3
667.858	1	7
668.027	1	11
668.197	1	-2
668.366	1	-7
668.536	1	6
668.705	1	8
668.874	1	9
669.044	1	2
669.213	1	8
669.382	1	-2
669.552	1	10
669.721	1	1
669.891	1	10
670.060	1	4
670.229	1	12
670.399	1	-4
670.568	1	15
670.738	1	13
670.907	1	-2
671.076	1	-6
671.246	1	3
671.415	1	3
671.584	1	-4
671.754	1	1
671.923	1	3
672.093	1	1
672.262	1	-10
672.431	1	5
672.601	1	1
672.770	1	-15
672.939	1	5
673.109	1	-3
673.278	1	3
673.448	1	8
673.617	1	4
673.786	1	0
