325.333	1	1
325.504	1	5
325.675	1	1
325.846	1	6
326.017	1	7
326.188	1	1
326.359	1	2
326.531	1	-15
326.702	1	-9
326.873	1	16
327.044	1	2
327.215	1	4
327.386	1	4
327.557	1	-7
327.728	1	-5
327.899	1	7
328.070	1	7
328.241	1	9
328.412	1	-13
328.583	1	2
328.754	1	8
328.926	1	14
329.097	1	-5
329.268	1	6
329.439	1	0
329.610	1	11
329.781	1	-3
329.952	1	6
330.123	1	-10
330.294	1	-2
330.465	1	8
330.636	1	1
330.807	1	-7
330.978	1	13
331.149	1	-2
331.320	1	3
331.492	1	6
331.663	1	-3
331.834	1	12
332.005	1	3
332.176	1	19
332.347	1	11
332.518	1	-1
332.689	1	12
332.860	1	2
333.031	1	9
333.202	1	1
333.373	1	12
333.544	1	10
333.715	1	5
333.886	1	-6
334.057	1	6
334.228	1	4
334.399	1	4
334.570	1	6
334.741	1	2
334.912	1	4
335.084	1	21
335.255	1	2
335.426	1	-1
335.597	1	8
335.768	1	-4
335.939	1	12
336.110	1	3
336.281	1	-2
336.452	1	3
336.623	1	-6
336.794	1	9
336.965	1	-3
337.136	1	10
337.307	1	-1
337.478	1	4
337.649	1	-1
337.820	1	3
337.991	1	-1
338.162	1	13
338.333	1	6
338.504	1	4
338.675	1	13
338.846	1	0
339.017	1	5
339.188	1	-6
339.359	1	-4
339.530	1	0
339.701	1	8
339.872	1	18
340.043	1	9
340.214	1	1
340.385	1	16
340.556	1	-8
340.727	1	1
340.898	1	12
341.069	1	6
341.240	1	-4
341.411	1	-1
341.582	1	15
341.753	1	-5
341.924	1	2
342.095	1	3
342.266	1	8
342.437	1	12
342.608	1	-5
342.779	1	5
342.950	1	3
343.121	1	13
343.292	1	6
343.463	1	7
343.634	1	2
343.805	1	15
343.976	1	14
344.147	1	1
344.318	1	3
344.489	1	0
344.660	1	14
344.831	1	3
345.002	1	0
345.173	1	10
345.344	1	7
345.515	1	7
345.686	1	4
345.857	1	10
346.028	1	9
346.199	1	-2
346.370	1	-2
346.541	1	7
346.712	1	-6
346.883	1	9
347.054	1	4
347.225	1	-1
347.396	1	10
347.567	1	5
347.738	1	6
347.909	1	5
348.080	1	-2
348.251	1	13
348.422	1	10
348.593	1	5
348.764	1	3
348.935	1	-1
349.106	1	-2
349.277	1	12
349.448	1	11
349.619	1	11
349.790	1	11
349.961	1	10
350.132	1	5
350.303	1	10
350.474	1	17
350.645	1	3
350.816	1	4
350.987	1	18
351.157	1	1
351.328	1	14
351.499	1	14
351.670	1	-5
351.841	1	13
352.012	1	10
352.183	1	15
352.354	1	8
352.525	1	14
352.696	1	11
352.867	1	5
353.038	1	14
353.209	1	3
353.380	1	9
353.551	1	0
353.722	1	3
353.893	1	-2
354.064	1	12
354.235	1	9
354.406	1	-4
354.576	1	5
354.747	1	6
354.918	1	12
355.089	1	15
355.260	1	10
355.431	1	10
355.602	1	12
355.773	1	12
355.944	1	6
356.115	1	16
356.286	1	6
356.457	1	9
356.628	1	12
356.799	1	12
356.970	1	16
357.141	1	4
357.311	1	0
357.482	1	2
357.653	1	14
357.824	1	11
357.995	1	10
358.166	1	0
358.337	1	3
358.508	1	11
358.679	1	8
358.850	1	11
359.021	1	1
359.192	1	18
359.363	1	8
359.533	1	8
359.704	1	7
359.875	1	6
360.046	1	7
360.217	1	0
360.388	1	10
360.559	1	1
360.730	1	11
360.901	1	10
361.072	1	21
361.243	1	13
361.414	1	14
361.584	1	0
361.755	1	10
361.926	1	11
362.097	1	3
362.268	1	10
362.439	1	11
362.610	1	10
362.781	1	1
362.952	1	1
363.123	1	11
363.293	1	0
363.464	1	20
363.635	1	6
363.806	1	12
363.977	1	12
364.148	1	14
364.319	1	20
364.490	1	9
364.661	1	7
364.832	1	9
365.002	1	8
365.173	1	9
365.344	1	19
365.515	1	1
365.686	1	5
365.857	1	20
366.028	1	17
366.199	1	10
366.370	1	15
366.540	1	8
366.711	1	-2
366.882	1	-1
367.053	1	4
367.224	1	24
367.395	1	13
367.566	1	17
367.737	1	13
367.908	1	17
368.078	1	8
368.249	1	17
368.420	1	4
368.591	1	10
368.762	1	9
368.933	1	12
369.104	1	5
369.274	1	7
369.445	1	7
369.616	1	12
369.787	1	11
369.958	1	14
370.129	1	3
370.300	1	18
370.471	1	4
370.641	1	14
370.812	1	9
370.983	1	7
371.154	1	1
371.325	1	21
371.496	1	13
371.667	1	16
371.837	1	7
372.008	1	5
372.179	1	9
372.350	1	23
372.521	1	4
372.692	1	10
372.863	1	20
373.033	1	-2
373.204	1	3
373.375	1	22
373.546	1	17
373.717	1	13
373.888	1	23
374.059	1	12
374.229	1	15
374.400	1	11
374.571	1	7
374.742	1	13
374.913	1	17
375.084	1	13
375.254	1	20
375.425	1	14
375.596	1	18
375.767	1	12
375.938	1	14
376.109	1	10
376.279	1	7
376.450	1	15
376.621	1	18
376.792	1	4
376.963	1	11
377.134	1	16
377.304	1	8
377.475	1	10
377.646	1	8
377.817	1	7
377.988	1	6
378.159	1	15
378.329	1	18
378.500	1	13
378.671	1	10
378.842	1	4
379.013	1	3
379.184	1	9
379.354	1	16
379.525	1	8
379.696	1	16
379.867	1	10
380.038	1	4
380.209	1	14
380.379	1	6
380.550	1	3
380.721	1	14
380.892	1	15
381.063	1	7
381.233	1	20
381.404	1	6
381.575	1	21
381.746	1	11
381.917	1	5
382.087	1	19
382.258	1	4
382.429	1	9
382.600	1	16
382.771	1	13
382.941	1	10
383.112	1	6
383.283	1	15
383.454	1	8
383.625	1	6
383.795	1	16
383.966	1	5
384.137	1	17
384.308	1	20
384.479	1	11
384.649	1	12
384.820	1	14
384.991	1	5
385.162	1	16
385.333	1	7
385.503	1	6
385.674	1	8
385.845	1	15
386.016	1	13
386.187	1	12
386.357	1	15
386.528	1	13
386.699	1	9
386.870	1	25
387.041	1	16
387.211	1	13
387.382	1	24
387.553	1	15
387.724	1	6
387.894	1	22
388.065	1	4
388.236	1	19
388.407	1	14
388.578	1	10
388.748	1	14
388.919	1	23
389.090	1	9
389.261	1	18
389.431	1	13
389.602	1	14
389.773	1	17
389.944	1	17
390.114	1	3
390.285	1	16
390.456	1	21
390.627	1	12
390.798	1	11
390.968	1	4
391.139	1	15
391.310	1	12
391.481	1	12
391.651	1	16
391.822	1	4
391.993	1	20
392.164	1	13
392.334	1	16
392.505	1	6
392.676	1	17
392.847	1	13
393.017	1	22
393.188	1	10
393.359	1	19
393.530	1	16
393.700	1	6
393.871	1	2
394.042	1	17
394.213	1	4
394.383	1	16
394.554	1	7
394.725	1	18
394.896	1	6
395.066	1	23
395.237	1	5
395.408	1	9
395.579	1	18
395.749	1	8
395.920	1	-1
396.091	1	23
396.262	1	13
396.432	1	15
396.603	1	25
396.774	1	23
396.945	1	15
397.115	1	9
397.286	1	21
397.457	1	21
397.627	1	14
397.798	1	19
397.969	1	10
398.140	1	8
398.310	1	13
398.481	1	11
398.652	1	7
398.823	1	2
398.993	1	10
399.164	1	15
399.335	1	21
399.505	1	19
399.676	1	20
399.847	1	22
400.018	1	14
400.188	1	16
400.359	1	19
400.530	1	3
400.700	1	16
400.871	1	10
401.042	1	17
401.213	1	16
401.383	1	7
401.554	1	16
401.725	1	16
401.895	1	5
402.066	1	16
402.237	1	18
402.408	1	25
402.578	1	17
402.749	1	26
402.920	1	12
403.090	1	18
403.261	1	9
403.432	1	3
403.603	1	18
403.773	1	23
403.944	1	26
404.115	1	19
404.285	1	15
404.456	1	11
404.627	1	8
404.797	1	5
404.968	1	7
405.139	1	1
405.310	1	11
405.480	1	20
405.651	1	11
405.822	1	14
405.992	1	6
406.163	1	21
406.334	1	16
406.504	1	7
406.675	1	24
406.846	1	6
407.016	1	19
407.187	1	20
407.358	1	11
407.528	1	9
407.699	1	15
407.870	1	14
408.041	1	24
408.211	1	31
408.382	1	3
408.553	1	4
408.723	1	20
408.894	1	11
409.065	1	17
409.235	1	14
409.406	1	10
409.577	1	12
409.747	1	19
409.918	1	16
410.089	1	16
410.259	1	17
410.430	1	14
410.601	1	25
410.771	1	23
410.942	1	16
411.113	1	17
411.283	1	12
411.454	1	24
411.625	1	4
411.795	1	15
411.966	1	21
412.137	1	12
412.307	1	9
412.478	1	8
412.649	1	13
412.819	1	6
412.990	1	20
413.161	1	15
413.331	1	8
413.502	1	9
413.672	1	14
413.843	1	19
414.014	1	16
414.184	1	12
414.355	1	17
414.526	1	19
414.696	1	31
414.867	1	26
415.038	1	5
415.208	1	13
415.379	1	24
415.550	1	27
415.720	1	8
415.891	1	13
416.062	1	24
416.232	1	16
416.403	1	24
416.573	1	13
416.744	1	14
416.915	1	20
417.085	1	16
417.256	1	12
417.427	1	17
417.597	1	17
417.768	1	5
417.939	1	19
418.109	1	22
418.280	1	24
418.450	1	7
418.621	1	5
418.792	1	17
418.962	1	16
419.133	1	31
419.304	1	8
419.474	1	8
419.645	1	12
419.815	1	9
419.986	1	22
420.157	1	9
420.327	1	12
420.498	1	25
420.669	1	17
420.839	1	25
421.010	1	12
421.180	1	14
421.351	1	16
421.522	1	21
421.692	1	20
421.863	1	20
422.033	1	20
422.204	1	23
422.375	1	11
422.545	1	22
422.716	1	11
422.886	1	18
423.057	1	18
423.228	1	21
423.398	1	11
423.569	1	20
423.740	1	7
423.910	1	9
424.081	1	12
424.251	1	14
424.422	1	25
424.593	1	11
424.763	1	18
424.934	1	15
425.104	1	13
425.275	1	12
425.445	1	22
425.616	1	6
425.787	1	13
425.957	1	11
426.128	1	21
426.298	1	15
426.469	1	14
426.640	1	16
426.810	1	11
426.981	1	16
427.151	1	15
427.322	1	17
427.493	1	13
427.663	1	27
427.834	1	5
428.004	1	15
428.175	1	15
428.345	1	10
428.516	1	9
428.687	1	11
428.857	1	6
429.028	1	17
429.198	1	23
429.369	1	7
429.540	1	15
429.710	1	0
429.881	1	16
430.051	1	5
430.222	1	18
430.392	1	12
430.563	1	20
430.734	1	16
430.904	1	15
431.075	1	15
431.245	1	11
431.416	1	17
431.586	1	10
431.757	1	18
431.927	1	10
432.098	1	21
432.269	1	11
432.439	1	24
432.610	1	16
432.780	1	22
432.951	1	7
433.121	1	10
433.292	1	26
433.462	1	22
433.633	1	20
433.804	1	14
433.974	1	24
434.145	1	20
434.315	1	9
434.486	1	5
434.656	1	14
434.827	1	11
434.997	1	6
435.168	1	17
435.339	1	20
435.509	1	11
435.680	1	11
435.850	1	12
436.021	1	15
436.191	1	15
436.362	1	19
436.532	1	6
436.703	1	17
436.873	1	16
437.044	1	7
437.214	1	18
437.385	1	20
437.556	1	6
437.726	1	27
437.897	1	17
438.067	1	3
438.238	1	14
438.408	1	14
438.579	1	2
438.749	1	5
438.920	1	10
439.090	1	14
439.261	1	5
439.431	1	10
439.602	1	16
439.772	1	17
439.943	1	23
440.113	1	21
440.284	1	15
440.455	1	15
440.625	1	6
440.796	1	12
440.966	1	10
441.137	1	17
441.307	1	13
441.478	1	18
441.648	1	17
441.819	1	10
441.989	1	23
442.160	1	27
442.330	1	15
442.501	1	16
442.671	1	3
442.842	1	-3
443.012	1	16
443.183	1	23
443.353	1	6
443.524	1	19
443.694	1	24
443.865	1	6
444.035	1	12
444.206	1	16
444.376	1	9
444.547	1	19
444.717	1	14
444.888	1	9
445.058	1	14
445.229	1	17
445.399	1	8
445.570	1	19
445.740	1	0
445.911	1	16
446.081	1	0
446.252	1	21
446.422	1	7
446.593	1	11
446.763	1	17
446.934	1	0
447.104	1	9
447.275	1	17
447.445	1	19
447.616	1	18
447.786	1	14
447.957	1	10
448.127	1	9
448.298	1	22
448.468	1	17
448.639	1	3
448.809	1	18
448.979	1	1
449.150	1	17
449.320	1	15
449.491	1	17
449.661	1	10
449.832	1	7
450.002	1	15
450.173	1	15
450.343	1	14
450.514	1	14
450.684	1	15
450.855	1	8
451.025	1	13
451.196	1	11
451.366	1	11
451.537	1	14
451.707	1	4
451.878	1	6
452.048	1	21
452.218	1	13
452.389	1	14
452.559	1	9
452.730	1	26
452.900	1	16
453.071	1	2
453.241	1	17
453.412	1	17
453.582	1	11
453.753	1	9
453.923	1	13
454.093	1	5
454.264	1	26
454.434	1	10
454.605	1	18
454.775	1	8
454.946	1	15
455.116	1	11
455.287	1	1
455.457	1	4
455.628	1	10
455.798	1	8
455.968	1	15
456.139	1	2
456.309	1	6
456.480	1	1
456.650	1	8
456.821	1	6
456.991	1	14
457.161	1	15
457.332	1	18
457.502	1	1
457.673	1	13
457.843	1	6
458.014	1	7
458.184	1	6
458.355	1	7
458.525	1	15
458.695	1	8
458.866	1	14
459.036	1	17
459.207	1	16
459.377	1	10
459.548	1	17
459.718	1	3
459.888	1	15
460.059	1	15
460.229	1	13
460.400	1	10
460.570	1	19
460.740	1	16
460.911	1	11
461.081	1	14
461.252	1	8
461.422	1	5
461.593	1	8
461.763	1	16
461.933	1	13
462.104	1	6
462.274	1	6
462.445	1	7
462.615	1	8
462.785	1	7
462.956	1	10
463.126	1	17
463.297	1	9
463.467	1	3
463.638	1	15
463.808	1	3
463.978	1	6
464.149	1	4
464.319	1	4
464.490	1	19
464.660	1	9
464.830	1	10
465.001	1	4
465.171	1	13
465.342	1	17
465.512	1	0
465.682	1	3
465.853	1	7
466.023	1	13
466.194	1	7
466.364	1	25
466.534	1	6
466.705	1	10
466.875	1	7
467.045	1	12
467.216	1	17
467.386	1	0
467.557	1	10
467.727	1	-5
467.897	1	6
468.068	1	10
468.238	1	5
468.409	1	-1
468.579	1	10
468.749	1	-2
468.920	1	6
469.090	1	9
469.260	1	10
469.431	1	5
469.601	1	15
469.772	1	5
469.942	1	0
470.112	1	14
470.283	1	6
470.453	1	7
470.623	1	-1
470.794	1	4
470.964	1	12
471.135	1	10
471.305	1	1
471.475	1	9
471.646	1	4
471.816	1	9
471.986	1	1
472.157	1	22
472.327	1	0
472.497	1	20
472.668	1	-4
472.838	1	11
473.009	1	12
473.179	1	11
473.349	1	3
473.520	1	14
473.690	1	12
473.860	1	4
474.031	1	13
474.201	1	10
474.371	1	8
474.542	1	14
474.712	1	7
474.882	1	11
475.053	1	19
475.223	1	7
475.394	1	10
475.564	1	7
475.734	1	5
475.905	1	16
476.075	1	12
476.245	1	8
476.416	1	20
476.586	1	10
476.756	1	4
476.927	1	14
477.097	1	10
477.267	1	8
477.438	1	12
477.608	1	0
477.778	1	9
477.949	1	15
478.119	1	17
478.289	1	17
478.460	1	14
478.630	1	11
478.800	1	10
478.971	1	6
479.141	1	-3
479.311	1	8
479.482	1	4
479.652	1	2
479.822	1	4
479.993	1	7
480.163	1	15
480.333	1	3
480.504	1	10
480.674	1	1
480.844	1	4
481.015	1	16
481.185	1	7
481.355	1	2
481.525	1	-6
481.696	1	7
481.866	1	13
482.036	1	5
482.207	1	5
482.377	1	11
482.547	1	15
482.718	1	7
482.888	1	6
483.058	1	4
483.229	1	-3
483.399	1	10
483.569	1	4
483.740	1	12
483.910	1	9
484.080	1	5
484.250	1	8
484.421	1	5
484.591	1	14
484.761	1	6
484.932	1	6
485.102	1	17
485.272	1	11
485.443	1	10
485.613	1	3
485.783	1	5
485.953	1	8
486.124	1	19
486.294	1	9
486.464	1	16
486.635	1	15
486.805	1	9
486.975	1	6
487.146	1	13
487.316	1	6
487.486	1	10
487.656	1	2
487.827	1	7
487.997	1	0
488.167	1	5
488.338	1	7
488.508	1	7
488.678	1	-2
488.848	1	17
489.019	1	-3
489.189	1	10
489.359	1	6
489.529	1	6
489.700	1	5
489.870	1	21
490.040	1	-6
490.211	1	-1
490.381	1	9
490.551	1	6
490.721	1	15
490.892	1	3
491.062	1	9
491.232	1	9
491.402	1	3
491.573	1	-1
491.743	1	6
491.913	1	7
492.084	1	7
492.254	1	9
492.424	1	1
492.594	1	7
492.765	1	6
492.935	1	4
493.105	1	13
493.275	1	5
493.446	1	12
493.616	1	11
493.786	1	2
493.956	1	3
494.127	1	2
494.297	1	2
494.467	1	6
494.637	1	-1
494.808	1	6
494.978	1	1
495.148	1	4
495.318	1	2
495.489	1	16
495.659	1	5
495.829	1	0
495.999	1	-3
496.170	1	9
496.340	1	7
496.510	1	2
496.680	1	-2
496.851	1	-2
497.021	1	3
497.191	1	-1
497.361	1	7
497.532	1	7
497.702	1	1
497.872	1	-3
498.042	1	17
498.213	1	6
498.383	1	12
498.553	1	2
498.723	1	3
498.894	1	7
499.064	1	2
499.234	1	12
499.404	1	6
499.574	1	12
499.745	1	7
499.915	1	3
500.085	1	12
500.255	1	9
500.426	1	-2
500.596	1	10
500.766	1	14
500.936	1	12
501.106	1	-1
501.277	1	14
501.447	1	-1
501.617	1	8
501.787	1	0
501.958	1	1
502.128	1	2
502.298	1	6
502.468	1	5
502.638	1	12
502.809	1	5
502.979	1	-5
503.149	1	0
503.319	1	0
503.489	1	8
503.660	1	7
503.830	1	4
504.000	1	5
504.170	1	2
504.340	1	5
504.511	1	12
504.681	1	1
504.851	1	7
505.021	1	2
505.192	1	-1
505.362	1	7
505.532	1	13
505.702	1	2
505.872	1	3
506.043	1	4
506.213	1	-6
506.383	1	5
506.553	1	11
506.723	1	7
506.893	1	4
507.064	1	11
507.234	1	3
507.404	1	0
507.574	1	10
507.744	1	6
507.915	1	3
508.085	1	7
508.255	1	19
508.425	1	1
508.595	1	7
508.766	1	21
508.936	1	-6
509.106	1	15
509.276	1	13
509.446	1	-1
509.616	1	4
509.787	1	4
509.957	1	1
510.127	1	6
510.297	1	6
510.467	1	1
510.638	1	6
510.808	1	-8
510.978	1	3
511.148	1	2
511.318	1	3
511.488	1	-8
511.659	1	4
511.829	1	7
511.999	1	6
512.169	1	6
512.339	1	4
512.509	1	4
512.680	1	-3
512.850	1	10
513.020	1	12
513.190	1	12
513.360	1	4
513.530	1	2
513.700	1	10
513.871	1	-2
514.041	1	2
514.211	1	18
514.381	1	7
514.551	1	-2
514.721	1	1
514.892	1	7
515.062	1	-9
515.232	1	1
515.402	1	-8
515.572	1	-3
515.742	1	-2
515.912	1	15
516.083	1	0
516.253	1	7
516.423	1	0
516.593	1	7
516.763	1	11
516.933	1	-9
517.104	1	4
517.274	1	8
517.444	1	1
517.614	1	-6
517.784	1	-4
517.954	1	7
518.124	1	3
518.294	1	0
518.465	1	-2
518.635	1	13
518.805	1	-6
518.975	1	11
519.145	1	2
519.315	1	5
519.485	1	-8
519.656	1	8
519.826	1	11
519.996	1	-7
520.166	1	11
520.336	1	12
520.506	1	-2
520.676	1	-5
520.846	1	9
521.017	1	5
521.187	1	0
521.357	1	20
521.527	1	9
521.697	1	-5
521.867	1	-1
522.037	1	5
522.207	1	14
522.377	1	4
522.548	1	8
522.718	1	0
522.888	1	14
523.058	1	7
523.228	1	13
523.398	1	4
523.568	1	8
523.738	1	-2
523.909	1	14
524.079	1	6
524.249	1	0
524.419	1	2
524.589	1	-1
524.759	1	1
524.929	1	-6
525.099	1	3
525.269	1	6
525.439	1	-3
525.610	1	13
525.780	1	-4
525.950	1	3
526.120	1	1
526.290	1	4
526.460	1	-11
526.630	1	6
526.800	1	-7
526.970	1	4
527.140	1	5
527.311	1	-7
527.481	1	-3
527.651	1	8
527.821	1	3
527.991	1	14
528.161	1	12
528.331	1	-3
528.501	1	10
528.671	1	3
528.841	1	7
529.011	1	-2
529.181	1	14
529.352	1	0
529.522	1	-7
529.692	1	6
529.862	1	6
530.032	1	8
530.202	1	9
530.372	1	-1
530.542	1	4
530.712	1	0
530.882	1	4
531.052	1	5
531.222	1	6
531.392	1	5
531.563	1	3
531.733	1	6
531.903	1	2
532.073	1	15
532.243	1	0
532.413	1	8
532.583	1	10
532.753	1	5
532.923	1	-5
533.093	1	-2
533.263	1	1
533.433	1	3
533.603	1	2
533.773	1	1
533.943	1	10
534.113	1	1
534.284	1	-7
534.454	1	9
534.624	1	6
534.794	1	-9
534.964	1	3
535.134	1	2
535.304	1	3
535.474	1	15
535.644	1	-5
535.814	1	-5
535.984	1	-10
536.154	1	-1
536.324	1	11
536.494	1	3
536.664	1	4
536.834	1	6
537.004	1	7
537.174	1	13
537.344	1	-2
537.514	1	-2
537.685	1	2
537.855	1	7
538.025	1	8
538.195	1	0
538.365	1	9
538.535	1	1
538.705	1	2
538.875	1	9
539.045	1	8
539.215	1	9
539.385	1	11
539.555	1	2
539.725	1	4
539.895	1	-1
540.065	1	12
540.235	1	13
540.405	1	0
540.575	1	4
540.745	1	6
540.915	1	9
541.085	1	13
541.255	1	-10
541.425	1	6
541.595	1	-3
541.765	1	-1
541.935	1	-7
542.105	1	-6
542.275	1	0
542.445	1	1
542.615	1	2
542.785	1	15
542.955	1	1
543.125	1	2
543.295	1	3
543.465	1	10
543.635	1	7
543.805	1	8
543.975	1	0
544.145	1	14
544.315	1	2
544.485	1	13
544.655	1	5
544.825	1	-7
544.995	1	6
545.165	1	4
545.335	1	5
545.505	1	-7
545.675	1	13
545.845	1	12
546.015	1	7
546.185	1	12
546.355	1	-1
546.525	1	9
546.695	1	10
546.865	1	-3
547.035	1	11
547.205	1	-3
547.375	1	5
547.545	1	1
547.715	1	4
547.885	1	10
548.055	1	-2
548.225	1	5
548.395	1	-1
548.565	1	9
548.735	1	4
548.905	1	-4
549.075	1	7
549.245	1	3
549.415	1	-8
549.585	1	3
549.755	1	4
549.925	1	-2
550.095	1	9
550.265	1	-1
550.435	1	-9
550.605	1	-1
550.775	1	7
550.945	1	8
551.115	1	6
551.285	1	-2
551.455	1	4
551.625	1	4
551.795	1	6
551.965	1	4
552.135	1	1
552.305	1	-5
552.475	1	-9
552.645	1	0
552.815	1	1
552.985	1	1
553.155	1	7
553.325	1	6
553.495	1	-5
553.665	1	3
553.835	1	6
554.004	1	-4
554.174	1	0
554.344	1	2
554.514	1	0
554.684	1	12
554.854	1	8
555.024	1	7
555.194	1	-5
555.364	1	2
555.534	1	-8
555.704	1	3
555.874	1	9
556.044	1	1
556.214	1	3
556.384	1	5
556.554	1	11
556.724	1	-2
556.894	1	-2
557.064	1	2
557.234	1	-6
557.404	1	8
557.573	1	0
557.743	1	9
557.913	1	-3
558.083	1	-2
558.253	1	1
558.423	1	6
558.593	1	6
558.763	1	-6
558.933	1	2
559.103	1	11
559.273	1	-1
559.443	1	4
559.613	1	5
559.783	1	1
559.953	1	1
560.122	1	13
560.292	1	7
560.462	1	6
560.632	1	11
560.802	1	7
560.972	1	0
561.142	1	-5
561.312	1	-13
561.482	1	-2
561.652	1	12
561.822	1	-6
561.992	1	-7
562.162	1	6
562.331	1	7
562.501	1	-10
562.671	1	4
562.841	1	-1
563.011	1	4
563.181	1	0
563.351	1	-6
563.521	1	12
563.691	1	-4
563.861	1	2
564.031	1	2
564.201	1	9
564.370	1	-10
564.540	1	0
564.710	1	3
564.880	1	8
565.050	1	14
565.220	1	-4
565.390	1	5
565.560	1	-2
565.730	1	-1
565.900	1	1
566.069	1	2
566.239	1	0
566.409	1	10
566.579	1	9
566.749	1	-1
566.919	1	0
567.089	1	10
567.259	1	2
567.429	1	0
567.599	1	2
567.768	1	6
567.938	1	0
568.108	1	6
568.278	1	-5
568.448	1	-2
568.618	1	-1
568.788	1	-4
568.958	1	-4
569.128	1	12
569.297	1	-5
569.467	1	-9
569.637	1	10
569.807	1	8
569.977	1	11
570.147	1	11
570.317	1	-1
570.487	1	14
570.656	1	4
570.826	1	-2
570.996	1	-10
571.166	1	14
571.336	1	1
571.506	1	-2
571.676	1	6
571.846	1	9
572.015	1	0
572.185	1	0
572.355	1	7
572.525	1	3
572.695	1	7
572.865	1	-8
573.035	1	-4
573.205	1	-1
573.374	1	-8
573.544	1	3
573.714	1	2
573.884	1	4
574.054	1	-2
574.224	1	6
574.394	1	-3
574.563	1	-6
574.733	1	-5
574.903	1	-1
575.073	1	-3
575.243	1	-4
575.413	1	2
575.583	1	4
575.752	1	7
575.922	1	6
576.092	1	3
576.262	1	15
576.432	1	12
576.602	1	1
576.772	1	10
576.941	1	9
577.111	1	-10
577.281	1	-11
577.451	1	-5
577.621	1	7
577.791	1	5
577.960	1	3
578.130	1	11
578.300	1	4
578.470	1	13
578.640	1	4
578.810	1	6
578.979	1	-6
579.149	1	1
579.319	1	0
579.489	1	-5
579.659	1	1
579.829	1	-2
579.998	1	11
580.168	1	12
580.338	1	10
580.508	1	-8
580.678	1	5
580.848	1	-5
581.017	1	2
581.187	1	4
581.357	1	-14
581.527	1	2
581.697	1	10
581.867	1	1
582.036	1	2
582.206	1	-4
582.376	1	5
582.546	1	-2
582.716	1	0
582.885	1	-5
583.055	1	0
583.225	1	-4
583.395	1	7
583.565	1	-6
583.735	1	7
583.904	1	7
584.074	1	16
584.244	1	3
584.414	1	2
584.584	1	-1
584.753	1	-2
584.923	1	6
585.093	1	-3
585.263	1	-6
585.433	1	4
585.602	1	2
585.772	1	2
585.942	1	-1
586.112	1	1
586.282	1	3
586.451	1	-1
586.621	1	-2
586.791	1	5
586.961	1	-8
587.131	1	4
587.300	1	-7
587.470	1	7
587.640	1	13
587.810	1	-7
587.980	1	1
588.149	1	-1
588.319	1	-1
588.489	1	2
588.659	1	4
588.829	1	13
588.998	1	11
589.168	1	9
589.338	1	8
589.508	1	5
589.677	1	-7
589.847	1	-1
590.017	1	19
590.187	1	-6
590.357	1	8
590.526	1	10
590.696	1	11
590.866	1	6
591.036	1	-1
591.205	1	4
591.375	1	2
591.545	1	-1
591.715	1	6
591.885	1	-4
592.054	1	4
592.224	1	0
592.394	1	0
592.564	1	-2
592.733	1	3
592.903	1	4
593.073	1	-2
593.243	1	7
593.412	1	5
593.582	1	3
593.752	1	4
593.922	1	-9
594.091	1	3
594.261	1	-3
594.431	1	11
594.601	1	2
594.771	1	3
594.940	1	-8
595.110	1	-1
595.280	1	6
595.450	1	-2
595.619	1	2
595.789	1	3
595.959	1	12
596.129	1	6
596.298	1	-6
596.468	1	14
596.638	1	5
596.808	1	1
596.977	1	0
597.147	1	3
597.317	1	-7
597.487	1	12
597.656	1	-2
597.826	1	5
597.996	1	1
598.166	1	0
598.335	1	-10
598.505	1	3
598.675	1	5
598.844	1	-1
599.014	1	2
599.184	1	5
599.354	1	-3
599.523	1	2
599.693	1	7
599.863	1	7
600.033	1	8
600.202	1	1
600.372	1	9
600.542	1	9
600.712	1	2
600.881	1	-8
601.051	1	14
601.221	1	11
601.390	1	-4
601.560	1	11
601.730	1	18
601.900	1	6
602.069	1	14
602.239	1	-9
602.409	1	-3
602.578	1	-7
602.748	1	-3
602.918	1	10
603.088	1	3
603.257	1	9
603.427	1	-4
603.597	1	9
603.767	1	2
603.936	1	3
604.106	1	5
604.276	1	2
604.445	1	2
604.615	1	-2
604.785	1	-1
604.954	1	-2
605.124	1	-1
605.294	1	1
605.464	1	0
605.633	1	13
605.803	1	5
605.973	1	-10
606.142	1	5
606.312	1	11
606.482	1	1
606.652	1	5
606.821	1	0
606.991	1	3
607.161	1	-2
607.330	1	0
607.500	1	1
607.670	1	-1
607.839	1	14
608.009	1	19
608.179	1	5
608.348	1	10
608.518	1	-6
608.688	1	11
608.858	1	-3
609.027	1	-3
609.197	1	-1
609.367	1	5
609.536	1	0
609.706	1	0
609.876	1	5
610.045	1	-2
610.215	1	12
610.385	1	7
610.554	1	9
610.724	1	7
610.894	1	-1
611.063	1	6
611.233	1	-5
611.403	1	3
611.572	1	-4
611.742	1	5
611.912	1	2
612.081	1	5
612.251	1	8
612.421	1	6
612.590	1	-1
612.760	1	0
612.930	1	-2
613.099	1	-1
613.269	1	4
613.439	1	6
613.608	1	1
613.778	1	-5
613.948	1	4
614.117	1	5
614.287	1	6
614.457	1	2
614.626	1	1
614.796	1	4
614.966	1	4
615.135	1	1
615.305	1	13
615.475	1	-7
615.644	1	11
615.814	1	6
615.984	1	0
616.153	1	-7
616.323	1	-2
616.493	1	-2
616.662	1	11
616.832	1	7
617.002	1	3
617.171	1	2
617.341	1	5
617.511	1	0
617.680	1	2
617.850	1	-3
618.019	1	13
618.189	1	17
618.359	1	6
618.528	1	7
618.698	1	9
618.868	1	-3
619.037	1	-1
619.207	1	-12
619.377	1	-6
619.546	1	0
619.716	1	5
619.885	1	7
620.055	1	-7
620.225	1	-3
620.394	1	-3
620.564	1	5
620.734	1	-3
620.903	1	-7
621.073	1	9
621.242	1	2
621.412	1	8
621.582	1	1
621.751	1	5
621.921	1	2
622.091	1	5
622.260	1	7
622.430	1	11
622.599	1	-1
622.769	1	8
622.939	1	5
623.108	1	1
623.278	1	-6
623.448	1	4
623.617	1	1
623.787	1	4
623.956	1	1
624.126	1	5
624.296	1	2
624.465	1	1
624.635	1	12
624.804	1	5
624.974	1	3
625.144	1	9
625.313	1	3
625.483	1	-2
625.652	1	4
625.822	1	0
625.992	1	9
626.161	1	8
626.331	1	5
626.501	1	5
626.670	1	2
626.840	1	-6
627.009	1	0
627.179	1	8
627.348	1	0
627.518	1	3
627.688	1	9
627.857	1	6
628.027	1	-3
628.196	1	-7
628.366	1	13
628.536	1	6
628.705	1	-3
628.875	1	1
629.044	1	-4
629.214	1	4
629.384	1	5
629.553	1	11
629.723	1	-2
629.892	1	9
630.062	1	6
630.232	1	-2
630.401	1	11
630.571	1	-8
630.740	1	7
630.910	1	13
631.079	1	-4
631.249	1	10
631.419	1	4
631.588	1	-7
631.758	1	6
631.927	1	5
632.097	1	6
632.266	1	-1
632.436	1	8
632.606	1	0
632.775	1	8
632.945	1	0
633.114	1	2
633.284	1	5
633.453	1	3
633.623	1	-2
633.793	1	8
633.962	1	2
634.132	1	0
634.301	1	3
634.471	1	17
634.640	1	10
634.810	1	8
634.979	1	6
635.149	1	11
635.319	1	6
635.488	1	4
635.658	1	-2
635.827	1	-5
635.997	1	-4
636.166	1	3
636.336	1	-6
636.505	1	14
636.675	1	-5
636.845	1	8
637.014	1	11
637.184	1	6
637.353	1	2
637.523	1	9
637.692	1	3
637.862	1	7
638.031	1	3
638.201	1	7
638.370	1	-11
638.540	1	-1
638.710	1	8
638.879	1	-2
639.049	1	-6
639.218	1	1
639.388	1	-4
639.557	1	3
639.727	1	-1
639.896	1	5
640.066	1	-5
640.235	1	4
640.405	1	15
640.574	1	-4
640.744	1	1
640.914	1	6
641.083	1	-4
641.253	1	6
641.422	1	-1
641.592	1	14
641.761	1	-6
641.931	1	3
642.100	1	22
642.270	1	0
642.439	1	10
642.609	1	10
642.778	1	2
642.948	1	-4
643.117	1	5
643.287	1	0
643.456	1	4
643.626	1	18
643.795	1	0
643.965	1	6
644.134	1	-5
644.304	1	1
644.473	1	10
644.643	1	14
644.812	1	6
644.982	1	8
645.151	1	7
645.321	1	2
645.490	1	13
645.660	1	-5
645.829	1	-8
645.999	1	-5
646.168	1	8
646.338	1	3
646.507	1	-2
646.677	1	5
646.846	1	7
647.016	1	-12
647.185	1	11
647.355	1	-7
647.524	1	15
647.694	1	6
647.863	1	13
648.033	1	6
648.202	1	14
648.372	1	-9
648.541	1	3
648.711	1	2
648.880	1	-10
649.050	1	3
649.219	1	10
649.389	1	5
649.558	1	11
649.728	1	9
649.897	1	1
650.067	1	13
650.236	1	7
650.406	1	3
650.575	1	15
650.745	1	5
650.914	1	-1
651.084	1	-4
651.253	1	2
651.423	1	11
651.592	1	1
651.762	1	-2
651.931	1	7
652.101	1	8
652.270	1	7
652.440	1	9
652.609	1	3
652.778	1	-5
652.948	1	6
653.117	1	2
653.287	1	7
653.456	1	-1
653.626	1	7
653.795	1	1
653.965	1	7
654.134	1	7
654.304	1	-10
654.473	1	5
654.643	1	5
654.812	1	3
654.982	1	5
655.151	1	-8
655.320	1	3
655.490	1	-7
655.659	1	3
655.829	1	7
655.998	1	-11
656.168	1	2
656.337	1	10
656.507	1	12
656.676	1	13
656.846	1	2
657.015	1	7
657.184	1	14
657.354	1	8
657.523	1	4
657.693	1	7
657.862	1	0
658.032	1	2
658.201	1	12
658.371	1	12
658.540	1	2
658.709	1	2
658.879	1	5
659.048	1	-1
659.218	1	-2
659.387	1	6
659.557	1	8
659.726	1	12
659.895	1	2
660.065	1	7
660.234	1	-1
660.404	1	9
660.573	1	-2
660.743	1	8
660.912	1	-1
661.081	1	11
661.251	1	-2
661.420	1	7
661.590	1	10
661.759	1	0
661.929	1	7
662.098	1	12
662.267	1	-3
662.437	1	5
662.606	1	9
662.776	1	7
662.945	1	6
663.115	1	2
663.284	1	-8
663.453	1	-2
663.623	1	4
663.792	1	0
663.962	1	0
664.131	1	8
664.300	1	2
664.470	1	2
664.639	1	14
664.809	1	0
664.978	1	11
665.148	1	3
665.317	1	5
665.486	1	8
665.656	1	6
665.825	1	12
665.995	1	2
666.164	1	6
666.333	1	11
666.503	1	3
666.672	1	1
666.842	1	3
667.011	1	-1
667.180	1	7
667.350	1	-2
667.519	1	8
667.689	1	5
667.858	1	10
668.027	1	6
668.197	1	-1
668.366	1	-11
668.536	1	-7
668.705	1	3
668.874	1	5
669.044	1	3
669.213	1	12
669.382	1	3
669.552	1	7
669.721	1	10
669.891	1	10
670.060	1	10
670.229	1	12
670.399	1	6
670.568	1	16
670.738	1	13
670.907	1	-2
671.076	1	1
671.246	1	-2
671.415	1	2
671.584	1	4
671.754	1	3
671.923	1	0
672.093	1	6
672.262	1	-7
672.431	1	5
672.601	1	-5
672.770	1	-1
672.939	1	6
673.109	1	-3
673.278	1	9
673.448	1	3
673.617	1	5
673.786	1	9
