325.333	1	10
325.504	1	-2
325.675	1	12
325.846	1	6
326.017	1	2
326.188	1	20
326.359	1	8
326.531	1	-5
326.702	1	14
326.873	1	16
327.044	1	16
327.215	1	4
327.386	1	6
327.557	1	-1
327.728	1	3
327.899	1	12
328.070	1	17
328.241	1	18
328.412	1	-2
328.583	1	15
328.754	1	11
328.926	1	11
329.097	1	-2
329.268	1	22
329.439	1	2
329.610	1	9
329.781	1	-4
329.952	1	16
330.123	1	17
330.294	1	3
330.465	1	9
330.636	1	17
330.807	1	6
330.978	1	6
331.149	1	9
331.320	1	9
331.492	1	7
331.663	1	5
331.834	1	25
332.005	1	11
332.176	1	28
332.347	1	5
332.518	1	4
332.689	1	26
332.860	1	2
333.031	1	15
333.202	1	11
333.373	1	15
333.544	1	6
333.715	1	19
333.886	1	7
334.057	1	18
334.228	1	11
334.399	1	12
334.570	1	18
334.741	1	0
334.912	1	15
335.084	1	32
335.255	1	14
335.426	1	7
335.597	1	5
335.768	1	6
335.939	1	22
336.110	1	7
336.281	1	5
336.452	1	3
336.623	1	9
336.794	1	21
336.965	1	10
337.136	1	17
337.307	1	10
337.478	1	10
337.649	1	21
337.820	1	3
337.991	1	11
338.162	1	16
338.333	1	19
338.504	1	5
338.675	1	21
338.846	1	10
339.017	1	3
339.188	1	25
339.359	1	9
339.530	1	21
339.701	1	24
339.872	1	22
340.043	1	14
340.214	1	6
340.385	1	21
340.556	1	12
340.727	1	18
340.898	1	32
341.069	1	18
341.240	1	18
341.411	1	14
341.582	1	28
341.753	1	7
341.924	1	19
342.095	1	12
342.266	1	23
342.437	1	22
342.608	1	17
342.779	1	16
342.950	1	25
343.121	1	28
343.292	1	15
343.463	1	19
343.634	1	26
343.805	1	24
343.976	1	21
344.147	1	22
344.318	1	11
344.489	1	16
344.660	1	35
344.831	1	22
345.002	1	16
345.173	1	16
345.344	1	18
345.515	1	27
345.686	1	16
345.857	1	23
346.028	1	19
346.199	1	13
346.370	1	29
346.541	1	29
346.712	1	16
346.883	1	32
347.054	1	18
347.225	1	29
347.396	1	27
347.567	1	18
347.738	1	18
347.909	1	31
348.080	1	13
348.251	1	28
348.422	1	22
348.593	1	14
348.764	1	26
348.935	1	22
349.106	1	21
349.277	1	20
349.448	1	32
349.619	1	23
349.790	1	23
349.961	1	31
350.132	1	39
350.303	1	28
350.474	1	34
350.645	1	37
350.816	1	23
350.987	1	33
351.157	1	30
351.328	1	30
351.499	1	29
351.670	1	27
351.841	1	21
352.012	1	30
352.183	1	36
352.354	1	29
352.525	1	38
352.696	1	26
352.867	1	24
353.038	1	41
353.209	1	30
353.380	1	23
353.551	1	22
353.722	1	25
353.893	1	19
354.064	1	32
354.235	1	20
354.406	1	21
354.576	1	25
354.747	1	24
354.918	1	32
355.089	1	33
355.260	1	25
355.431	1	25
355.602	1	24
355.773	1	24
355.944	1	38
356.115	1	35
356.286	1	37
356.457	1	42
356.628	1	35
356.799	1	35
356.970	1	35
357.141	1	30
357.311	1	24
357.482	1	36
357.653	1	36
357.824	1	36
357.995	1	38
358.166	1	31
358.337	1	32
358.508	1	46
358.679	1	46
358.850	1	37
359.021	1	32
359.192	1	35
359.363	1	26
359.533	1	29
359.704	1	42
359.875	1	36
360.046	1	42
360.217	1	21
360.388	1	33
360.559	1	29
360.730	1	39
360.901	1	40
361.072	1	46
361.243	1	40
361.414	1	40
361.584	1	40
361.755	1	39
361.926	1	37
362.097	1	32
362.268	1	41
362.439	1	32
362.610	1	48
362.781	1	31
362.952	1	35
363.123	1	41
363.293	1	36
363.464	1	47
363.635	1	45
363.806	1	41
363.977	1	30
364.148	1	39
364.319	1	42
364.490	1	33
364.661	1	41
364.832	1	40
365.002	1	46
365.173	1	38
365.344	1	50
365.515	1	32
365.686	1	40
365.857	1	38
366.028	1	41
366.199	1	38
366.370	1	45
366.540	1	29
366.711	1	19
366.882	1	31
367.053	1	36
367.224	1	57
367.395	1	50
367.566	1	48
367.737	1	41
367.908	1	45
368.078	1	48
368.249	1	37
368.420	1	31
368.591	1	32
368.762	1	52
368.933	1	35
369.104	1	35
369.274	1	33
369.445	1	40
369.616	1	39
369.787	1	50
369.958	1	50
370.129	1	32
370.300	1	52
370.471	1	28
370.641	1	48
370.812	1	42
370.983	1	54
371.154	1	38
371.325	1	52
371.496	1	37
371.667	1	43
371.837	1	37
372.008	1	29
372.179	1	36
372.350	1	53
372.521	1	41
372.692	1	44
372.863	1	41
373.033	1	27
373.204	1	35
373.375	1	41
373.546	1	44
373.717	1	44
373.888	1	58
374.059	1	49
374.229	1	50
374.400	1	40
374.571	1	28
374.742	1	43
374.913	1	45
375.084	1	37
375.254	1	51
375.425	1	48
375.596	1	45
375.767	1	43
375.938	1	48
376.109	1	45
376.279	1	34
376.450	1	38
376.621	1	42
376.792	1	42
376.963	1	39
377.134	1	54
377.304	1	46
377.475	1	42
377.646	1	52
377.817	1	39
377.988	1	42
378.159	1	49
378.329	1	53
378.500	1	48
378.671	1	44
378.842	1	41
379.013	1	29
379.184	1	33
379.354	1	54
379.525	1	54
379.696	1	46
379.867	1	41
380.038	1	44
380.209	1	50
380.379	1	55
380.550	1	48
380.721	1	50
380.892	1	46
381.063	1	42
381.233	1	52
381.404	1	38
381.575	1	54
381.746	1	52
381.917	1	47
382.087	1	51
382.258	1	51
382.429	1	46
382.600	1	61
382.771	1	45
382.941	1	49
383.112	1	42
383.283	1	53
383.454	1	45
383.625	1	46
383.795	1	50
383.966	1	44
384.137	1	60
384.308	1	50
384.479	1	51
384.649	1	47
384.820	1	56
384.991	1	48
385.162	1	50
385.333	1	41
385.503	1	49
385.674	1	51
385.845	1	64
386.016	1	46
386.187	1	49
386.357	1	56
386.528	1	62
386.699	1	50
386.870	1	57
387.041	1	59
387.211	1	47
387.382	1	59
387.553	1	60
387.724	1	40
387.894	1	51
388.065	1	52
388.236	1	54
388.407	1	51
388.578	1	46
388.748	1	56
388.919	1	61
389.090	1	59
389.261	1	47
389.431	1	53
389.602	1	60
389.773	1	63
389.944	1	48
390.114	1	61
390.285	1	62
390.456	1	50
390.627	1	60
390.798	1	60
390.968	1	53
391.139	1	64
391.310	1	46
391.481	1	62
391.651	1	59
391.822	1	53
391.993	1	51
392.164	1	35
392.334	1	55
392.505	1	53
392.676	1	53
392.847	1	57
393.017	1	61
393.188	1	59
393.359	1	58
393.530	1	60
393.700	1	53
393.871	1	59
394.042	1	50
394.213	1	50
394.383	1	59
394.554	1	50
394.725	1	63
394.896	1	56
395.066	1	62
395.237	1	52
395.408	1	56
395.579	1	56
395.749	1	63
395.920	1	56
396.091	1	68
396.262	1	61
396.432	1	47
396.603	1	64
396.774	1	65
396.945	1	61
397.115	1	55
397.286	1	52
397.457	1	58
397.627	1	56
397.798	1	58
397.969	1	52
398.140	1	53
398.310	1	55
398.481	1	64
398.652	1	57
398.823	1	44
398.993	1	61
399.164	1	57
399.335	1	68
399.505	1	57
399.676	1	58
399.847	1	57
400.018	1	60
400.188	1	48
400.359	1	60
400.530	1	55
400.700	1	67
400.871	1	55
401.042	1	65
401.213	1	50
401.383	1	53
401.554	1	61
401.725	1	69
401.895	1	48
402.066	1	65
402.237	1	65
402.408	1	66
402.578	1	64
402.749	1	61
402.920	1	69
403.090	1	45
403.261	1	57
403.432	1	57
403.603	1	60
403.773	1	63
403.944	1	78
404.115	1	63
404.285	1	79
404.456	1	65
404.627	1	60
404.797	1	53
404.968	1	56
405.139	1	59
405.310	1	84
405.480	1	57
405.651	1	59
405.822	1	59
405.992	1	56
406.163	1	71
406.334	1	49
406.504	1	71
406.675	1	64
406.846	1	61
407.016	1	69
407.187	1	57
407.358	1	52
407.528	1	59
407.699	1	51
407.870	1	58
408.041	1	58
408.211	1	68
408.382	1	56
408.553	1	52
408.723	1	61
408.894	1	53
409.065	1	67
409.235	1	54
409.406	1	70
409.577	1	55
409.747	1	66
409.918	1	62
410.089	1	66
410.259	1	63
410.430	1	52
410.601	1	65
410.771	1	64
410.942	1	69
411.113	1	67
411.283	1	60
411.454	1	66
411.625	1	63
411.795	1	70
411.966	1	73
412.137	1	69
412.307	1	53
412.478	1	70
412.649	1	66
412.819	1	63
412.990	1	66
413.161	1	80
413.331	1	46
413.502	1	68
413.672	1	67
413.843	1	60
414.014	1	56
414.184	1	60
414.355	1	72
414.526	1	64
414.696	1	72
414.867	1	67
415.038	1	49
415.208	1	56
415.379	1	61
415.550	1	60
415.720	1	54
415.891	1	50
416.062	1	63
416.232	1	65
416.403	1	65
416.573	1	71
416.744	1	54
416.915	1	67
417.085	1	55
417.256	1	59
417.427	1	66
417.597	1	62
417.768	1	58
417.939	1	70
418.109	1	65
418.280	1	67
418.450	1	56
418.621	1	50
418.792	1	61
418.962	1	61
419.133	1	66
419.304	1	58
419.474	1	45
419.645	1	59
419.815	1	46
419.986	1	68
420.157	1	66
420.327	1	69
420.498	1	62
420.669	1	56
420.839	1	65
421.010	1	61
421.180	1	56
421.351	1	64
421.522	1	63
421.692	1	59
421.863	1	68
422.033	1	70
422.204	1	68
422.375	1	50
422.545	1	57
422.716	1	51
422.886	1	60
423.057	1	66
423.228	1	53
423.398	1	51
423.569	1	57
423.740	1	57
423.910	1	50
424.081	1	60
424.251	1	59
424.422	1	50
424.593	1	51
424.763	1	70
424.934	1	64
425.104	1	63
425.275	1	58
425.445	1	61
425.616	1	51
425.787	1	48
425.957	1	58
426.128	1	56
426.298	1	47
426.469	1	53
426.640	1	60
426.810	1	61
426.981	1	59
427.151	1	56
427.322	1	64
427.493	1	60
427.663	1	60
427.834	1	47
428.004	1	56
428.175	1	58
428.345	1	57
428.516	1	58
428.687	1	55
428.857	1	47
429.028	1	53
429.198	1	65
429.369	1	61
429.540	1	57
429.710	1	48
429.881	1	51
430.051	1	40
430.222	1	49
430.392	1	63
430.563	1	59
430.734	1	62
430.904	1	58
431.075	1	57
431.245	1	49
431.416	1	59
431.586	1	59
431.757	1	49
431.927	1	51
432.098	1	60
432.269	1	55
432.439	1	60
432.610	1	54
432.780	1	62
432.951	1	51
433.121	1	62
433.292	1	68
433.462	1	57
433.633	1	53
433.804	1	55
433.974	1	57
434.145	1	71
434.315	1	52
434.486	1	48
434.656	1	56
434.827	1	56
434.997	1	45
435.168	1	59
435.339	1	62
435.509	1	52
435.680	1	51
435.850	1	49
436.021	1	56
436.191	1	56
436.362	1	68
436.532	1	49
436.703	1	47
436.873	1	62
437.044	1	48
437.214	1	50
437.385	1	54
437.556	1	54
437.726	1	62
437.897	1	67
438.067	1	56
438.238	1	53
438.408	1	64
438.579	1	43
438.749	1	41
438.920	1	41
439.090	1	59
439.261	1	45
439.431	1	47
439.602	1	43
439.772	1	48
439.943	1	62
440.113	1	43
440.284	1	55
440.455	1	48
440.625	1	42
440.796	1	53
440.966	1	57
441.137	1	60
441.307	1	47
441.478	1	46
441.648	1	47
441.819	1	45
441.989	1	55
442.160	1	65
442.330	1	52
442.501	1	53
442.671	1	37
442.842	1	49
443.012	1	57
443.183	1	50
443.353	1	38
443.524	1	47
443.694	1	50
443.865	1	47
444.035	1	50
444.206	1	50
444.376	1	38
444.547	1	59
444.717	1	45
444.888	1	43
445.058	1	64
445.229	1	42
445.399	1	39
445.570	1	53
445.740	1	54
445.911	1	46
446.081	1	45
446.252	1	54
446.422	1	46
446.593	1	44
446.763	1	47
446.934	1	39
447.104	1	44
447.275	1	45
447.445	1	43
447.616	1	50
447.786	1	42
447.957	1	49
448.127	1	53
448.298	1	53
448.468	1	54
448.639	1	51
448.809	1	48
448.979	1	45
449.150	1	50
449.320	1	36
449.491	1	54
449.661	1	40
449.832	1	51
450.002	1	52
450.173	1	36
450.343	1	47
450.514	1	51
450.684	1	40
450.855	1	51
451.025	1	46
451.196	1	39
451.366	1	39
451.537	1	37
451.707	1	30
451.878	1	43
452.048	1	53
452.218	1	43
452.389	1	48
452.559	1	43
452.730	1	51
452.900	1	46
453.071	1	29
453.241	1	39
453.412	1	37
453.582	1	45
453.753	1	51
453.923	1	49
454.093	1	54
454.264	1	50
454.434	1	40
454.605	1	41
454.775	1	44
454.946	1	42
455.116	1	40
455.287	1	39
455.457	1	36
455.628	1	38
455.798	1	52
455.968	1	48
456.139	1	31
456.309	1	44
456.480	1	35
456.650	1	33
456.821	1	38
456.991	1	36
457.161	1	30
457.332	1	41
457.502	1	32
457.673	1	45
457.843	1	46
458.014	1	29
458.184	1	43
458.355	1	33
458.525	1	37
458.695	1	36
458.866	1	40
459.036	1	46
459.207	1	55
459.377	1	34
459.548	1	48
459.718	1	27
459.888	1	46
460.059	1	43
460.229	1	44
460.400	1	38
460.570	1	51
460.740	1	42
460.911	1	45
461.081	1	40
461.252	1	31
461.422	1	35
461.593	1	31
461.763	1	34
461.933	1	48
462.104	1	34
462.274	1	47
462.445	1	34
462.615	1	39
462.785	1	41
462.956	1	39
463.126	1	41
463.297	1	33
463.467	1	41
463.638	1	41
463.808	1	27
463.978	1	40
464.149	1	37
464.319	1	32
464.490	1	57
464.660	1	28
464.830	1	38
465.001	1	30
465.171	1	36
465.342	1	38
465.512	1	16
465.682	1	30
465.853	1	32
466.023	1	34
466.194	1	37
466.364	1	32
466.534	1	43
466.705	1	35
466.875	1	31
467.045	1	24
467.216	1	56
467.386	1	35
467.557	1	27
467.727	1	35
467.897	1	29
468.068	1	18
468.238	1	25
468.409	1	32
468.579	1	35
468.749	1	21
468.920	1	14
469.090	1	36
469.260	1	21
469.431	1	31
469.601	1	36
469.772	1	24
469.942	1	32
470.112	1	31
470.283	1	24
470.453	1	38
470.623	1	29
470.794	1	20
470.964	1	38
471.135	1	39
471.305	1	21
471.475	1	26
471.646	1	26
471.816	1	18
471.986	1	23
472.157	1	47
472.327	1	13
472.497	1	36
472.668	1	30
472.838	1	23
473.009	1	38
473.179	1	23
473.349	1	19
473.520	1	38
473.690	1	25
473.860	1	28
474.031	1	29
474.201	1	29
474.371	1	32
474.542	1	26
474.712	1	14
474.882	1	36
475.053	1	38
475.223	1	25
475.394	1	39
475.564	1	26
475.734	1	37
475.905	1	41
476.075	1	30
476.245	1	41
476.416	1	35
476.586	1	36
476.756	1	39
476.927	1	25
477.097	1	36
477.267	1	32
477.438	1	29
477.608	1	25
477.778	1	25
477.949	1	26
478.119	1	31
478.289	1	29
478.460	1	34
478.630	1	29
478.800	1	23
478.971	1	23
479.141	1	18
479.311	1	14
479.482	1	21
479.652	1	25
479.822	1	26
479.993	1	29
480.163	1	30
480.333	1	25
480.504	1	38
480.674	1	24
480.844	1	27
481.015	1	33
481.185	1	18
481.355	1	38
481.525	1	16
481.696	1	26
481.866	1	27
482.036	1	20
482.207	1	22
482.377	1	28
482.547	1	34
482.718	1	21
482.888	1	15
483.058	1	21
483.229	1	19
483.399	1	11
483.569	1	24
483.740	1	26
483.910	1	31
484.080	1	16
484.250	1	30
484.421	1	19
484.591	1	31
484.761	1	34
484.932	1	31
485.102	1	26
485.272	1	15
485.443	1	25
485.613	1	17
485.783	1	26
485.953	1	30
486.124	1	25
486.294	1	26
486.464	1	19
486.635	1	41
486.805	1	24
486.975	1	20
487.146	1	27
487.316	1	18
487.486	1	22
487.656	1	13
487.827	1	18
487.997	1	9
488.167	1	15
488.338	1	25
488.508	1	14
488.678	1	19
488.848	1	34
489.019	1	26
489.189	1	23
489.359	1	18
489.529	1	12
489.700	1	19
489.870	1	33
490.040	1	14
490.211	1	14
490.381	1	28
490.551	1	24
490.721	1	28
490.892	1	19
491.062	1	25
491.232	1	21
491.402	1	10
491.573	1	11
491.743	1	16
491.913	1	13
492.084	1	26
492.254	1	23
492.424	1	18
492.594	1	19
492.765	1	23
492.935	1	26
493.105	1	14
493.275	1	24
493.446	1	22
493.616	1	27
493.786	1	20
493.956	1	20
494.127	1	11
494.297	1	12
494.467	1	21
494.637	1	19
494.808	1	12
494.978	1	9
495.148	1	13
495.318	1	19
495.489	1	19
495.659	1	22
495.829	1	21
495.999	1	14
496.170	1	22
496.340	1	15
496.510	1	18
496.680	1	11
496.851	1	15
497.021	1	12
497.191	1	15
497.361	1	21
497.532	1	15
497.702	1	13
497.872	1	15
498.042	1	26
498.213	1	15
498.383	1	17
498.553	1	9
498.723	1	15
498.894	1	15
499.064	1	16
499.234	1	17
499.404	1	19
499.574	1	23
499.745	1	23
499.915	1	20
500.085	1	24
500.255	1	26
500.426	1	15
500.596	1	22
500.766	1	14
500.936	1	19
501.106	1	11
501.277	1	29
501.447	1	17
501.617	1	26
501.787	1	14
501.958	1	13
502.128	1	8
502.298	1	21
502.468	1	16
502.638	1	18
502.809	1	19
502.979	1	8
503.149	1	13
503.319	1	8
503.489	1	18
503.660	1	14
503.830	1	14
504.000	1	27
504.170	1	14
504.340	1	12
504.511	1	18
504.681	1	11
504.851	1	21
505.021	1	13
505.192	1	9
505.362	1	33
505.532	1	14
505.702	1	18
505.872	1	14
506.043	1	13
506.213	1	8
506.383	1	12
506.553	1	22
506.723	1	10
506.893	1	18
507.064	1	19
507.234	1	17
507.404	1	10
507.574	1	15
507.744	1	17
507.915	1	12
508.085	1	24
508.255	1	14
508.425	1	9
508.595	1	16
508.766	1	10
508.936	1	0
509.106	1	25
509.276	1	18
509.446	1	12
509.616	1	8
509.787	1	8
509.957	1	8
510.127	1	11
510.297	1	20
510.467	1	3
510.638	1	21
510.808	1	10
510.978	1	8
511.148	1	8
511.318	1	6
511.488	1	13
511.659	1	11
511.829	1	8
511.999	1	8
512.169	1	14
512.339	1	10
512.509	1	16
512.680	1	14
512.850	1	7
513.020	1	16
513.190	1	19
513.360	1	13
513.530	1	12
513.700	1	20
513.871	1	2
514.041	1	8
514.211	1	16
514.381	1	16
514.551	1	15
514.721	1	9
514.892	1	11
515.062	1	23
515.232	1	7
515.402	1	6
515.572	1	9
515.742	1	14
515.912	1	14
516.083	1	13
516.253	1	16
516.423	1	16
516.593	1	14
516.763	1	15
516.933	1	4
517.104	1	9
517.274	1	10
517.444	1	7
517.614	1	4
517.784	1	0
517.954	1	17
518.124	1	19
518.294	1	12
518.465	1	-4
518.635	1	8
518.805	1	5
518.975	1	11
519.145	1	4
519.315	1	14
519.485	1	7
519.656	1	23
519.826	1	15
519.996	1	3
520.166	1	14
520.336	1	15
520.506	1	8
520.676	1	15
520.846	1	20
521.017	1	11
521.187	1	5
521.357	1	21
521.527	1	6
521.697	1	9
521.867	1	2
522.037	1	19
522.207	1	15
522.377	1	19
522.548	1	12
522.718	1	3
522.888	1	18
523.058	1	16
523.228	1	18
523.398	1	17
523.568	1	12
523.738	1	14
523.909	1	16
524.079	1	8
524.249	1	6
524.419	1	13
524.589	1	8
524.759	1	0
524.929	1	13
525.099	1	15
525.269	1	8
525.439	1	9
525.610	1	24
525.780	1	9
525.950	1	9
526.120	1	14
526.290	1	9
526.460	1	2
526.630	1	10
526.800	1	10
526.970	1	6
527.140	1	13
527.311	1	10
527.481	1	6
527.651	1	14
527.821	1	12
527.991	1	20
528.161	1	15
528.331	1	6
528.501	1	5
528.671	1	4
528.841	1	8
529.011	1	2
529.181	1	9
529.352	1	11
529.522	1	7
529.692	1	19
529.862	1	16
530.032	1	15
530.202	1	8
530.372	1	14
530.542	1	3
530.712	1	9
530.882	1	7
531.052	1	12
531.222	1	9
531.392	1	1
531.563	1	13
531.733	1	9
531.903	1	8
532.073	1	18
532.243	1	8
532.413	1	9
532.583	1	5
532.753	1	6
532.923	1	6
533.093	1	8
533.263	1	7
533.433	1	11
533.603	1	11
533.773	1	6
533.943	1	4
534.113	1	9
534.284	1	2
534.454	1	14
534.624	1	17
534.794	1	3
534.964	1	4
535.134	1	9
535.304	1	8
535.474	1	17
535.644	1	-1
535.814	1	2
535.984	1	-2
536.154	1	0
536.324	1	9
536.494	1	10
536.664	1	6
536.834	1	10
537.004	1	14
537.174	1	22
537.344	1	2
537.514	1	0
537.685	1	2
537.855	1	10
538.025	1	7
538.195	1	12
538.365	1	18
538.535	1	5
538.705	1	1
538.875	1	14
539.045	1	6
539.215	1	14
539.385	1	11
539.555	1	9
539.725	1	6
539.895	1	4
540.065	1	15
540.235	1	11
540.405	1	1
540.575	1	13
540.745	1	7
540.915	1	14
541.085	1	-1
541.255	1	6
541.425	1	9
541.595	1	-1
541.765	1	5
541.935	1	-2
542.105	1	-1
542.275	1	10
542.445	1	-5
542.615	1	14
542.785	1	9
542.955	1	5
543.125	1	-3
543.295	1	0
543.465	1	10
543.635	1	9
543.805	1	9
543.975	1	7
544.145	1	7
544.315	1	22
544.485	1	13
544.655	1	9
544.825	1	-5
544.995	1	8
545.165	1	1
545.335	1	2
545.505	1	4
545.675	1	9
545.845	1	10
546.015	1	12
546.185	1	17
546.355	1	4
546.525	1	13
546.695	1	3
546.865	1	10
547.035	1	9
547.205	1	1
547.375	1	17
547.545	1	15
547.715	1	0
547.885	1	13
548.055	1	0
548.225	1	5
548.395	1	5
548.565	1	16
548.735	1	8
548.905	1	4
549.075	1	14
549.245	1	5
549.415	1	7
549.585	1	1
549.755	1	8
549.925	1	-9
550.095	1	14
550.265	1	8
550.435	1	6
550.605	1	4
550.775	1	-5
550.945	1	3
551.115	1	10
551.285	1	3
551.455	1	-3
551.625	1	11
551.795	1	9
551.965	1	3
552.135	1	8
552.305	1	0
552.475	1	-11
552.645	1	-1
552.815	1	4
552.985	1	10
553.155	1	20
553.325	1	11
553.495	1	8
553.665	1	7
553.835	1	0
554.004	1	-2
554.174	1	1
554.344	1	10
554.514	1	-9
554.684	1	12
554.854	1	10
555.024	1	-7
555.194	1	6
555.364	1	5
555.534	1	13
555.704	1	-3
555.874	1	14
556.044	1	5
556.214	1	2
556.384	1	2
556.554	1	9
556.724	1	8
556.894	1	8
557.064	1	7
557.234	1	1
557.404	1	13
557.573	1	6
557.743	1	1
557.913	1	-4
558.083	1	5
558.253	1	12
558.423	1	6
558.593	1	10
558.763	1	6
558.933	1	10
559.103	1	17
559.273	1	9
559.443	1	12
559.613	1	9
559.783	1	2
559.953	1	1
560.122	1	15
560.292	1	1
560.462	1	9
560.632	1	17
560.802	1	5
560.972	1	7
561.142	1	4
561.312	1	3
561.482	1	15
561.652	1	10
561.822	1	-6
561.992	1	-3
562.162	1	9
562.331	1	8
562.501	1	6
562.671	1	12
562.841	1	1
563.011	1	13
563.181	1	1
563.351	1	-9
563.521	1	5
563.691	1	6
563.861	1	8
564.031	1	19
564.201	1	18
564.370	1	-10
564.540	1	7
564.710	1	-1
564.880	1	1
565.050	1	7
565.220	1	1
565.390	1	2
565.560	1	15
565.730	1	0
565.900	1	12
566.069	1	7
566.239	1	13
566.409	1	12
566.579	1	7
566.749	1	-1
566.919	1	14
567.089	1	6
567.259	1	7
567.429	1	6
567.599	1	-1
567.768	1	9
567.938	1	7
568.108	1	7
568.278	1	3
568.448	1	4
568.618	1	0
568.788	1	4
568.958	1	1
569.128	1	8
569.297	1	7
569.467	1	-8
569.637	1	8
569.807	1	7
569.977	1	7
570.147	1	13
570.317	1	-8
570.487	1	1
570.656	1	14
570.826	1	1
570.996	1	2
571.166	1	11
571.336	1	-1
571.506	1	12
571.676	1	-1
571.846	1	15
572.015	1	2
572.185	1	-3
572.355	1	6
572.525	1	8
572.695	1	1
572.865	1	-5
573.035	1	10
573.205	1	10
573.374	1	3
573.544	1	3
573.714	1	4
573.884	1	12
574.054	1	4
574.224	1	1
574.394	1	5
574.563	1	-6
574.733	1	-5
574.903	1	6
575.073	1	3
575.243	1	0
575.413	1	9
575.583	1	5
575.752	1	15
575.922	1	-4
576.092	1	3
576.262	1	6
576.432	1	7
576.602	1	0
576.772	1	12
576.941	1	11
577.111	1	-1
577.281	1	-8
577.451	1	2
577.621	1	11
577.791	1	7
577.960	1	0
578.130	1	1
578.300	1	14
578.470	1	7
578.640	1	3
578.810	1	2
578.979	1	6
579.149	1	6
579.319	1	1
579.489	1	-1
579.659	1	-3
579.829	1	8
579.998	1	7
580.168	1	9
580.338	1	0
580.508	1	13
580.678	1	13
580.848	1	0
581.017	1	3
581.187	1	3
581.357	1	-10
581.527	1	4
581.697	1	11
581.867	1	6
582.036	1	-5
582.206	1	2
582.376	1	12
582.546	1	-1
582.716	1	-1
582.885	1	-7
583.055	1	1
583.225	1	-8
583.395	1	5
583.565	1	-6
583.735	1	15
583.904	1	8
584.074	1	5
584.244	1	8
584.414	1	3
584.584	1	9
584.753	1	1
584.923	1	2
585.093	1	-3
585.263	1	5
585.433	1	3
585.602	1	-4
585.772	1	-8
585.942	1	4
586.112	1	-2
586.282	1	-9
586.451	1	1
586.621	1	-9
586.791	1	5
586.961	1	2
587.131	1	7
587.300	1	2
587.470	1	13
587.640	1	8
587.810	1	0
587.980	1	-1
588.149	1	4
588.319	1	12
588.489	1	3
588.659	1	5
588.829	1	6
588.998	1	9
589.168	1	6
589.338	1	2
589.508	1	0
589.677	1	-2
589.847	1	5
590.017	1	6
590.187	1	0
590.357	1	9
590.526	1	10
590.696	1	11
590.866	1	11
591.036	1	10
591.205	1	12
591.375	1	-5
591.545	1	0
591.715	1	6
591.885	1	3
592.054	1	6
592.224	1	1
592.394	1	-2
592.564	1	6
592.733	1	5
592.903	1	7
593.073	1	9
593.243	1	5
593.412	1	0
593.582	1	2
593.752	1	0
593.922	1	-2
594.091	1	-2
594.261	1	1
594.431	1	14
594.601	1	11
594.771	1	16
594.940	1	1
595.110	1	-3
595.280	1	1
595.450	1	-4
595.619	1	7
595.789	1	6
595.959	1	10
596.129	1	3
596.298	1	-3
596.468	1	10
596.638	1	11
596.808	1	7
596.977	1	0
597.147	1	3
597.317	1	-5
597.487	1	8
597.656	1	5
597.826	1	5
597.996	1	8
598.166	1	1
598.335	1	-1
598.505	1	3
598.675	1	8
598.844	1	9
599.014	1	8
599.184	1	-3
599.354	1	-7
599.523	1	8
599.693	1	0
599.863	1	18
600.033	1	4
600.202	1	3
600.372	1	4
600.542	1	15
600.712	1	8
600.881	1	-2
601.051	1	7
601.221	1	7
601.390	1	-1
601.560	1	11
601.730	1	8
601.900	1	4
602.069	1	11
602.239	1	-5
602.409	1	-1
602.578	1	4
602.748	1	5
602.918	1	2
603.088	1	3
603.257	1	10
603.427	1	-3
603.597	1	7
603.767	1	6
603.936	1	4
604.106	1	-1
604.276	1	4
604.445	1	8
604.615	1	9
604.785	1	5
604.954	1	-2
605.124	1	3
605.294	1	-5
605.464	1	6
605.633	1	13
605.803	1	5
605.973	1	3
606.142	1	3
606.312	1	11
606.482	1	4
606.652	1	11
606.821	1	1
606.991	1	5
607.161	1	0
607.330	1	5
607.500	1	4
607.670	1	5
607.839	1	10
608.009	1	18
608.179	1	9
608.348	1	18
608.518	1	2
608.688	1	21
608.858	1	-7
609.027	1	-1
609.197	1	3
609.367	1	14
609.536	1	10
609.706	1	4
609.876	1	3
610.045	1	9
610.215	1	10
610.385	1	-1
610.554	1	7
610.724	1	11
610.894	1	-3
611.063	1	6
611.233	1	6
611.403	1	11
611.572	1	4
611.742	1	9
611.912	1	6
612.081	1	5
612.251	1	9
612.421	1	6
612.590	1	8
612.760	1	0
612.930	1	6
613.099	1	4
613.269	1	10
613.439	1	11
613.608	1	3
613.778	1	-1
613.948	1	-3
614.117	1	11
614.287	1	12
614.457	1	10
614.626	1	8
614.796	1	15
614.966	1	8
615.135	1	7
615.305	1	13
615.475	1	3
615.644	1	2
615.814	1	4
615.984	1	1
616.153	1	0
616.323	1	6
616.493	1	-2
616.662	1	20
616.832	1	2
617.002	1	9
617.171	1	2
617.341	1	2
617.511	1	-7
617.680	1	2
617.850	1	12
618.019	1	15
618.189	1	11
618.359	1	8
618.528	1	9
618.698	1	7
618.868	1	4
619.037	1	4
619.207	1	-3
619.377	1	1
619.546	1	4
619.716	1	-1
619.885	1	11
620.055	1	3
620.225	1	4
620.394	1	-7
620.564	1	11
620.734	1	18
620.903	1	4
621.073	1	10
621.242	1	18
621.412	1	5
621.582	1	-2
621.751	1	10
621.921	1	10
622.091	1	0
622.260	1	-8
622.430	1	8
622.599	1	1
622.769	1	3
622.939	1	10
623.108	1	12
623.278	1	0
623.448	1	-7
623.617	1	-7
623.787	1	4
623.956	1	13
624.126	1	-1
624.296	1	-5
624.465	1	5
624.635	1	18
624.804	1	8
624.974	1	9
625.144	1	15
625.313	1	5
625.483	1	-3
625.652	1	4
625.822	1	6
625.992	1	14
626.161	1	9
626.331	1	14
626.501	1	0
626.670	1	13
626.840	1	2
627.009	1	10
627.179	1	7
627.348	1	7
627.518	1	12
627.688	1	18
627.857	1	12
628.027	1	1
628.196	1	12
628.366	1	11
628.536	1	15
628.705	1	4
628.875	1	4
629.044	1	-8
629.214	1	8
629.384	1	6
629.553	1	14
629.723	1	-5
629.892	1	10
630.062	1	6
630.232	1	3
630.401	1	6
630.571	1	6
630.740	1	10
630.910	1	5
631.079	1	4
631.249	1	0
631.419	1	13
631.588	1	-1
631.758	1	14
631.927	1	5
632.097	1	3
632.266	1	2
632.436	1	13
632.606	1	2
632.775	1	5
632.945	1	4
633.114	1	12
633.284	1	11
633.453	1	10
633.623	1	3
633.793	1	6
633.962	1	7
634.132	1	13
634.301	1	1
634.471	1	17
634.640	1	9
634.810	1	11
634.979	1	10
635.149	1	10
635.319	1	-8
635.488	1	1
635.658	1	3
635.827	1	0
635.997	1	11
636.166	1	10
636.336	1	6
636.505	1	10
636.675	1	5
636.845	1	13
637.014	1	13
637.184	1	11
637.353	1	3
637.523	1	9
637.692	1	12
637.862	1	7
638.031	1	7
638.201	1	12
638.370	1	4
638.540	1	4
638.710	1	5
638.879	1	-7
639.049	1	11
639.218	1	13
639.388	1	5
639.557	1	4
639.727	1	6
639.896	1	9
640.066	1	10
640.235	1	2
640.405	1	13
640.574	1	11
640.744	1	1
640.914	1	14
641.083	1	8
641.253	1	5
641.422	1	10
641.592	1	12
641.761	1	10
641.931	1	0
642.100	1	21
642.270	1	8
642.439	1	21
642.609	1	15
642.778	1	2
642.948	1	13
643.117	1	14
643.287	1	19
643.456	1	3
643.626	1	20
643.795	1	3
643.965	1	11
644.134	1	4
644.304	1	6
644.473	1	5
644.643	1	18
644.812	1	12
644.982	1	13
645.151	1	-1
645.321	1	9
645.490	1	16
645.660	1	-1
645.829	1	-1
645.999	1	4
646.168	1	15
646.338	1	15
646.507	1	7
646.677	1	15
646.846	1	8
647.016	1	-2
647.185	1	13
647.355	1	-6
647.524	1	16
647.694	1	13
647.863	1	10
648.033	1	4
648.202	1	12
648.372	1	6
648.541	1	5
648.711	1	11
648.880	1	5
649.050	1	11
649.219	1	9
649.389	1	19
649.558	1	3
649.728	1	12
649.897	1	-5
650.067	1	3
650.236	1	17
650.406	1	25
650.575	1	15
650.745	1	11
650.914	1	8
651.084	1	7
651.253	1	14
651.423	1	5
651.592	1	5
651.762	1	9
651.931	1	18
652.101	1	17
652.270	1	26
652.440	1	9
652.609	1	3
652.778	1	7
652.948	1	0
653.117	1	2
653.287	1	5
653.456	1	13
653.626	1	13
653.795	1	14
653.965	1	13
654.134	1	14
654.304	1	-9
654.473	1	15
654.643	1	11
654.812	1	18
654.982	1	15
655.151	1	6
655.320	1	6
655.490	1	3
655.659	1	9
655.829	1	13
655.998	1	5
656.168	1	2
656.337	1	10
656.507	1	13
656.676	1	16
656.846	1	12
657.015	1	15
657.184	1	19
657.354	1	12
657.523	1	4
657.693	1	22
657.862	1	13
658.032	1	5
658.201	1	10
658.371	1	13
658.540	1	11
658.709	1	4
658.879	1	4
659.048	1	11
659.218	1	5
659.387	1	7
659.557	1	10
659.726	1	18
659.895	1	-4
660.065	1	1
660.234	1	7
660.404	1	11
660.573	1	9
660.743	1	13
660.912	1	16
661.081	1	17
661.251	1	8
661.420	1	16
661.590	1	8
661.759	1	12
661.929	1	13
662.098	1	22
662.267	1	16
662.437	1	3
662.606	1	4
662.776	1	17
662.945	1	21
663.115	1	12
663.284	1	11
663.453	1	19
663.623	1	5
663.792	1	15
663.962	1	12
664.131	1	8
664.300	1	21
664.470	1	0
664.639	1	18
664.809	1	17
664.978	1	16
665.148	1	13
665.317	1	14
665.486	1	19
665.656	1	3
665.825	1	13
665.995	1	8
666.164	1	7
666.333	1	12
666.503	1	6
666.672	1	11
666.842	1	5
667.011	1	14
667.180	1	19
667.350	1	9
667.519	1	14
667.689	1	11
667.858	1	15
668.027	1	27
668.197	1	-1
668.366	1	0
668.536	1	9
668.705	1	11
668.874	1	10
669.044	1	13
669.213	1	6
669.382	1	10
669.552	1	17
669.721	1	18
669.891	1	19
670.060	1	18
670.229	1	15
670.399	1	14
670.568	1	14
670.738	1	16
670.907	1	0
671.076	1	7
671.246	1	6
671.415	1	17
671.584	1	15
671.754	1	18
671.923	1	5
672.093	1	10
672.262	1	0
672.431	1	14
672.601	1	0
672.770	1	6
672.939	1	17
673.109	1	9
673.278	1	8
673.448	1	20
673.617	1	11
673.786	1	1
