325.333	1	14
325.504	1	15
325.675	1	23
325.846	1	8
326.017	1	14
326.188	1	18
326.359	1	16
326.531	1	1
326.702	1	12
326.873	1	14
327.044	1	11
327.215	1	13
327.386	1	21
327.557	1	9
327.728	1	12
327.899	1	15
328.070	1	21
328.241	1	20
328.412	1	4
328.583	1	17
328.754	1	25
328.926	1	24
329.097	1	11
329.268	1	31
329.439	1	16
329.610	1	27
329.781	1	9
329.952	1	20
330.123	1	20
330.294	1	15
330.465	1	18
330.636	1	32
330.807	1	20
330.978	1	14
331.149	1	20
331.320	1	16
331.492	1	18
331.663	1	17
331.834	1	19
332.005	1	26
332.176	1	27
332.347	1	20
332.518	1	16
332.689	1	29
332.860	1	14
333.031	1	25
333.202	1	13
333.373	1	20
333.544	1	20
333.715	1	23
333.886	1	21
334.057	1	28
334.228	1	27
334.399	1	35
334.570	1	23
334.741	1	25
334.912	1	35
335.084	1	40
335.255	1	35
335.426	1	29
335.597	1	22
335.768	1	28
335.939	1	34
336.110	1	23
336.281	1	22
336.452	1	20
336.623	1	28
336.794	1	34
336.965	1	26
337.136	1	36
337.307	1	38
337.478	1	27
337.649	1	25
337.820	1	27
337.991	1	27
338.162	1	22
338.333	1	35
338.504	1	36
338.675	1	32
338.846	1	34
339.017	1	25
339.188	1	29
339.359	1	18
339.530	1	28
339.701	1	29
339.872	1	32
340.043	1	38
340.214	1	20
340.385	1	38
340.556	1	26
340.727	1	38
340.898	1	32
341.069	1	27
341.240	1	27
341.411	1	27
341.582	1	30
341.753	1	31
341.924	1	21
342.095	1	41
342.266	1	46
342.437	1	37
342.608	1	34
342.779	1	41
342.950	1	40
343.121	1	40
343.292	1	33
343.463	1	38
343.634	1	47
343.805	1	47
343.976	1	43
344.147	1	38
344.318	1	43
344.489	1	37
344.660	1	46
344.831	1	50
345.002	1	30
345.173	1	42
345.344	1	40
345.515	1	44
345.686	1	44
345.857	1	38
346.028	1	49
346.199	1	36
346.370	1	36
346.541	1	46
346.712	1	38
346.883	1	41
347.054	1	33
347.225	1	40
347.396	1	46
347.567	1	41
347.738	1	43
347.909	1	57
348.080	1	39
348.251	1	50
348.422	1	47
348.593	1	41
348.764	1	52
348.935	1	50
349.106	1	49
349.277	1	51
349.448	1	53
349.619	1	50
349.790	1	42
349.961	1	52
350.132	1	50
350.303	1	54
350.474	1	51
350.645	1	59
350.816	1	48
350.987	1	60
351.157	1	48
351.328	1	53
351.499	1	57
351.670	1	35
351.841	1	55
352.012	1	59
352.183	1	60
352.354	1	61
352.525	1	61
352.696	1	63
352.867	1	53
353.038	1	64
353.209	1	50
353.380	1	59
353.551	1	50
353.722	1	54
353.893	1	53
354.064	1	58
354.235	1	45
354.406	1	47
354.576	1	60
354.747	1	47
354.918	1	56
355.089	1	50
355.260	1	58
355.431	1	52
355.602	1	63
355.773	1	59
355.944	1	58
356.115	1	54
356.286	1	59
356.457	1	58
356.628	1	66
356.799	1	60
356.970	1	69
357.141	1	53
357.311	1	57
357.482	1	62
357.653	1	68
357.824	1	68
357.995	1	74
358.166	1	58
358.337	1	57
358.508	1	58
358.679	1	70
358.850	1	65
359.021	1	54
359.192	1	69
359.363	1	68
359.533	1	53
359.704	1	70
359.875	1	66
360.046	1	65
360.217	1	57
360.388	1	64
360.559	1	57
360.730	1	74
360.901	1	59
361.072	1	76
361.243	1	72
361.414	1	75
361.584	1	65
361.755	1	72
361.926	1	61
362.097	1	58
362.268	1	62
362.439	1	67
362.610	1	81
362.781	1	56
362.952	1	66
363.123	1	74
363.293	1	61
363.464	1	72
363.635	1	67
363.806	1	64
363.977	1	70
364.148	1	66
364.319	1	71
364.490	1	66
364.661	1	64
364.832	1	74
365.002	1	80
365.173	1	69
365.344	1	60
365.515	1	62
365.686	1	69
365.857	1	63
366.028	1	71
366.199	1	59
366.370	1	64
366.540	1	59
366.711	1	49
366.882	1	66
367.053	1	54
367.224	1	86
367.395	1	71
367.566	1	64
367.737	1	79
367.908	1	68
368.078	1	79
368.249	1	75
368.420	1	77
368.591	1	72
368.762	1	79
368.933	1	66
369.104	1	68
369.274	1	78
369.445	1	70
369.616	1	69
369.787	1	73
369.958	1	75
370.129	1	58
370.300	1	85
370.471	1	67
370.641	1	67
370.812	1	73
370.983	1	79
371.154	1	68
371.325	1	77
371.496	1	69
371.667	1	71
371.837	1	74
372.008	1	68
372.179	1	68
372.350	1	74
372.521	1	70
372.692	1	68
372.863	1	76
373.033	1	55
373.204	1	68
373.375	1	72
373.546	1	79
373.717	1	78
373.888	1	88
374.059	1	75
374.229	1	81
374.400	1	70
374.571	1	62
374.742	1	79
374.913	1	71
375.084	1	80
375.254	1	68
375.425	1	73
375.596	1	72
375.767	1	75
375.938	1	83
376.109	1	85
376.279	1	71
376.450	1	79
376.621	1	78
376.792	1	71
376.963	1	79
377.134	1	79
377.304	1	77
377.475	1	75
377.646	1	86
377.817	1	76
377.988	1	83
378.159	1	78
378.329	1	88
378.500	1	79
378.671	1	82
378.842	1	77
379.013	1	76
379.184	1	74
379.354	1	90
379.525	1	79
379.696	1	93
379.867	1	95
380.038	1	85
380.209	1	87
380.379	1	85
380.550	1	67
380.721	1	92
380.892	1	83
381.063	1	85
381.233	1	86
381.404	1	79
381.575	1	93
381.746	1	84
381.917	1	87
382.087	1	95
382.258	1	81
382.429	1	88
382.600	1	91
382.771	1	85
382.941	1	90
383.112	1	80
383.283	1	92
383.454	1	90
383.625	1	89
383.795	1	86
383.966	1	94
384.137	1	93
384.308	1	92
384.479	1	102
384.649	1	96
384.820	1	84
384.991	1	91
385.162	1	100
385.333	1	87
385.503	1	87
385.674	1	92
385.845	1	102
386.016	1	86
386.187	1	93
386.357	1	106
386.528	1	94
386.699	1	97
386.870	1	98
387.041	1	99
387.211	1	91
387.382	1	95
387.553	1	106
387.724	1	99
387.894	1	99
388.065	1	106
388.236	1	105
388.407	1	102
388.578	1	81
388.748	1	104
388.919	1	116
389.090	1	105
389.261	1	99
389.431	1	97
389.602	1	110
389.773	1	100
389.944	1	97
390.114	1	103
390.285	1	101
390.456	1	90
390.627	1	100
390.798	1	96
390.968	1	92
391.139	1	98
391.310	1	88
391.481	1	101
391.651	1	95
391.822	1	92
391.993	1	99
392.164	1	84
392.334	1	100
392.505	1	95
392.676	1	110
392.847	1	111
393.017	1	107
393.188	1	97
393.359	1	101
393.530	1	105
393.700	1	103
393.871	1	105
394.042	1	95
394.213	1	99
394.383	1	95
394.554	1	104
394.725	1	106
394.896	1	100
395.066	1	99
395.237	1	93
395.408	1	101
395.579	1	105
395.749	1	104
395.920	1	95
396.091	1	106
396.262	1	105
396.432	1	110
396.603	1	111
396.774	1	116
396.945	1	106
397.115	1	108
397.286	1	113
397.457	1	107
397.627	1	107
397.798	1	112
397.969	1	107
398.140	1	108
398.310	1	105
398.481	1	109
398.652	1	111
398.823	1	94
398.993	1	104
399.164	1	104
399.335	1	116
399.505	1	116
399.676	1	104
399.847	1	109
400.018	1	113
400.188	1	100
400.359	1	98
400.530	1	97
400.700	1	108
400.871	1	112
401.042	1	106
401.213	1	107
401.383	1	105
401.554	1	109
401.725	1	113
401.895	1	97
402.066	1	111
402.237	1	100
402.408	1	105
402.578	1	108
402.749	1	114
402.920	1	120
403.090	1	95
403.261	1	112
403.432	1	97
403.603	1	113
403.773	1	110
403.944	1	122
404.115	1	104
404.285	1	107
404.456	1	112
404.627	1	108
404.797	1	104
404.968	1	105
405.139	1	116
405.310	1	112
405.480	1	109
405.651	1	109
405.822	1	114
405.992	1	103
406.163	1	107
406.334	1	105
406.504	1	119
406.675	1	113
406.846	1	107
407.016	1	115
407.187	1	121
407.358	1	102
407.528	1	107
407.699	1	113
407.870	1	110
408.041	1	127
408.211	1	115
408.382	1	109
408.553	1	105
408.723	1	112
408.894	1	111
409.065	1	115
409.235	1	125
409.406	1	116
409.577	1	104
409.747	1	132
409.918	1	109
410.089	1	119
410.259	1	122
410.430	1	104
410.601	1	118
410.771	1	105
410.942	1	122
411.113	1	111
411.283	1	109
411.454	1	109
411.625	1	114
411.795	1	107
411.966	1	113
412.137	1	118
412.307	1	105
412.478	1	113
412.649	1	115
412.819	1	112
412.990	1	105
413.161	1	110
413.331	1	111
413.502	1	109
413.672	1	108
413.843	1	105
414.014	1	103
414.184	1	113
414.355	1	113
414.526	1	113
414.696	1	119
414.867	1	107
415.038	1	85
415.208	1	103
415.379	1	115
415.550	1	120
415.720	1	110
415.891	1	119
416.062	1	111
416.232	1	108
416.403	1	115
416.573	1	118
416.744	1	103
416.915	1	117
417.085	1	111
417.256	1	113
417.427	1	107
417.597	1	117
417.768	1	90
417.939	1	122
418.109	1	104
418.280	1	113
418.450	1	106
418.621	1	98
418.792	1	108
418.962	1	110
419.133	1	123
419.304	1	102
419.474	1	105
419.645	1	107
419.815	1	100
419.986	1	113
420.157	1	110
420.327	1	106
420.498	1	125
420.669	1	113
420.839	1	111
421.010	1	111
421.180	1	102
421.351	1	110
421.522	1	121
421.692	1	101
421.863	1	110
422.033	1	113
422.204	1	119
422.375	1	105
422.545	1	118
422.716	1	96
422.886	1	101
423.057	1	117
423.228	1	90
423.398	1	94
423.569	1	105
423.740	1	100
423.910	1	97
424.081	1	99
424.251	1	102
424.422	1	109
424.593	1	95
424.763	1	99
424.934	1	96
425.104	1	99
425.275	1	104
425.445	1	97
425.616	1	94
425.787	1	90
425.957	1	100
426.128	1	105
426.298	1	92
426.469	1	95
426.640	1	99
426.810	1	96
426.981	1	97
427.151	1	95
427.322	1	97
427.493	1	101
427.663	1	94
427.834	1	99
428.004	1	107
428.175	1	92
428.345	1	90
428.516	1	91
428.687	1	98
428.857	1	84
429.028	1	96
429.198	1	105
429.369	1	92
429.540	1	104
429.710	1	94
429.881	1	95
430.051	1	98
430.222	1	96
430.392	1	90
430.563	1	103
430.734	1	96
430.904	1	100
431.075	1	106
431.245	1	85
431.416	1	98
431.586	1	97
431.757	1	103
431.927	1	99
432.098	1	105
432.269	1	89
432.439	1	94
432.610	1	93
432.780	1	98
432.951	1	89
433.121	1	98
433.292	1	101
433.462	1	105
433.633	1	95
433.804	1	96
433.974	1	94
434.145	1	106
434.315	1	92
434.486	1	88
434.656	1	104
434.827	1	94
434.997	1	93
435.168	1	97
435.339	1	101
435.509	1	109
435.680	1	90
435.850	1	95
436.021	1	87
436.191	1	91
436.362	1	97
436.532	1	86
436.703	1	91
436.873	1	99
437.044	1	79
437.214	1	86
437.385	1	86
437.556	1	81
437.726	1	103
437.897	1	92
438.067	1	88
438.238	1	102
438.408	1	100
438.579	1	81
438.749	1	79
438.920	1	85
439.090	1	83
439.261	1	75
439.431	1	79
439.602	1	85
439.772	1	90
439.943	1	101
440.113	1	99
440.284	1	87
440.455	1	77
440.625	1	93
440.796	1	88
440.966	1	85
441.137	1	86
441.307	1	80
441.478	1	87
441.648	1	88
441.819	1	89
441.989	1	91
442.160	1	89
442.330	1	80
442.501	1	82
442.671	1	72
442.842	1	70
443.012	1	90
443.183	1	87
443.353	1	80
443.524	1	86
443.694	1	90
443.865	1	83
444.035	1	81
444.206	1	84
444.376	1	64
444.547	1	96
444.717	1	77
444.888	1	83
445.058	1	82
445.229	1	87
445.399	1	80
445.570	1	78
445.740	1	68
445.911	1	85
446.081	1	76
446.252	1	82
446.422	1	84
446.593	1	83
446.763	1	79
446.934	1	74
447.104	1	78
447.275	1	75
447.445	1	88
447.616	1	86
447.786	1	73
447.957	1	90
448.127	1	74
448.298	1	83
448.468	1	77
448.639	1	74
448.809	1	83
448.979	1	77
449.150	1	81
449.320	1	75
449.491	1	92
449.661	1	73
449.832	1	73
450.002	1	84
450.173	1	83
450.343	1	69
450.514	1	87
450.684	1	67
450.855	1	70
451.025	1	72
451.196	1	82
451.366	1	71
451.537	1	73
451.707	1	67
451.878	1	79
452.048	1	87
452.218	1	86
452.389	1	86
452.559	1	70
452.730	1	83
452.900	1	81
453.071	1	59
453.241	1	77
453.412	1	73
453.582	1	67
453.753	1	71
453.923	1	78
454.093	1	83
454.264	1	76
454.434	1	73
454.605	1	79
454.775	1	61
454.946	1	69
455.116	1	78
455.287	1	67
455.457	1	58
455.628	1	61
455.798	1	86
455.968	1	77
456.139	1	72
456.309	1	62
456.480	1	68
456.650	1	53
456.821	1	60
456.991	1	67
457.161	1	58
457.332	1	71
457.502	1	61
457.673	1	69
457.843	1	69
458.014	1	68
458.184	1	67
458.355	1	64
458.525	1	74
458.695	1	78
458.866	1	65
459.036	1	69
459.207	1	66
459.377	1	57
459.548	1	77
459.718	1	67
459.888	1	62
460.059	1	61
460.229	1	76
460.400	1	68
460.570	1	55
460.740	1	71
460.911	1	65
461.081	1	69
461.252	1	62
461.422	1	64
461.593	1	60
461.763	1	77
461.933	1	70
462.104	1	58
462.274	1	59
462.445	1	66
462.615	1	64
462.785	1	62
462.956	1	64
463.126	1	71
463.297	1	59
463.467	1	61
463.638	1	62
463.808	1	54
463.978	1	59
464.149	1	56
464.319	1	60
464.490	1	70
464.660	1	58
464.830	1	62
465.001	1	59
465.171	1	67
465.342	1	68
465.512	1	59
465.682	1	53
465.853	1	61
466.023	1	65
466.194	1	60
466.364	1	72
466.534	1	62
466.705	1	69
466.875	1	55
467.045	1	52
467.216	1	73
467.386	1	55
467.557	1	52
467.727	1	52
467.897	1	49
468.068	1	49
468.238	1	50
468.409	1	55
468.579	1	56
468.749	1	55
468.920	1	46
469.090	1	67
469.260	1	58
469.431	1	55
469.601	1	58
469.772	1	61
469.942	1	46
470.112	1	57
470.283	1	46
470.453	1	49
470.623	1	48
470.794	1	43
470.964	1	56
471.135	1	57
471.305	1	47
471.475	1	61
471.646	1	45
471.816	1	57
471.986	1	56
472.157	1	61
472.327	1	38
472.497	1	53
472.668	1	51
472.838	1	52
473.009	1	46
473.179	1	44
473.349	1	50
473.520	1	58
473.690	1	57
473.860	1	42
474.031	1	56
474.201	1	50
474.371	1	61
474.542	1	57
474.712	1	50
474.882	1	45
475.053	1	59
475.223	1	52
475.394	1	55
475.564	1	46
475.734	1	63
475.905	1	54
476.075	1	53
476.245	1	47
476.416	1	55
476.586	1	52
476.756	1	51
476.927	1	55
477.097	1	57
477.267	1	38
477.438	1	55
477.608	1	53
477.778	1	53
477.949	1	52
478.119	1	55
478.289	1	54
478.460	1	58
478.630	1	48
478.800	1	49
478.971	1	50
479.141	1	44
479.311	1	36
479.482	1	42
479.652	1	42
479.822	1	50
479.993	1	52
480.163	1	59
480.333	1	45
480.504	1	55
480.674	1	46
480.844	1	39
481.015	1	60
481.185	1	49
481.355	1	56
481.525	1	44
481.696	1	51
481.866	1	52
482.036	1	49
482.207	1	49
482.377	1	44
482.547	1	44
482.718	1	48
482.888	1	47
483.058	1	40
483.229	1	46
483.399	1	34
483.569	1	34
483.740	1	45
483.910	1	50
484.080	1	44
484.250	1	51
484.421	1	46
484.591	1	38
484.761	1	54
484.932	1	48
485.102	1	47
485.272	1	53
485.443	1	51
485.613	1	41
485.783	1	38
485.953	1	42
486.124	1	55
486.294	1	46
486.464	1	43
486.635	1	48
486.805	1	50
486.975	1	31
487.146	1	42
487.316	1	37
487.486	1	37
487.656	1	38
487.827	1	46
487.997	1	33
488.167	1	43
488.338	1	48
488.508	1	42
488.678	1	38
488.848	1	48
489.019	1	35
489.189	1	33
489.359	1	36
489.529	1	43
489.700	1	41
489.870	1	59
490.040	1	28
490.211	1	28
490.381	1	44
490.551	1	47
490.721	1	38
490.892	1	30
491.062	1	41
491.232	1	49
491.402	1	33
491.573	1	25
491.743	1	40
491.913	1	31
492.084	1	46
492.254	1	41
492.424	1	38
492.594	1	37
492.765	1	34
492.935	1	39
493.105	1	37
493.275	1	39
493.446	1	40
493.616	1	52
493.786	1	31
493.956	1	34
494.127	1	37
494.297	1	38
494.467	1	32
494.637	1	41
494.808	1	40
494.978	1	33
495.148	1	37
495.318	1	30
495.489	1	31
495.659	1	33
495.829	1	38
495.999	1	24
496.170	1	38
496.340	1	47
496.510	1	30
496.680	1	39
496.851	1	36
497.021	1	28
497.191	1	23
497.361	1	34
497.532	1	31
497.702	1	25
497.872	1	45
498.042	1	41
498.213	1	26
498.383	1	38
498.553	1	26
498.723	1	29
498.894	1	36
499.064	1	33
499.234	1	34
499.404	1	45
499.574	1	31
499.745	1	40
499.915	1	33
500.085	1	33
500.255	1	42
500.426	1	39
500.596	1	34
500.766	1	32
500.936	1	37
501.106	1	30
501.277	1	31
501.447	1	39
501.617	1	31
501.787	1	22
501.958	1	24
502.128	1	40
502.298	1	21
502.468	1	44
502.638	1	32
502.809	1	30
502.979	1	25
503.149	1	30
503.319	1	20
503.489	1	32
503.660	1	27
503.830	1	34
504.000	1	42
504.170	1	26
504.340	1	27
504.511	1	30
504.681	1	18
504.851	1	35
505.021	1	34
505.192	1	28
505.362	1	49
505.532	1	26
505.702	1	31
505.872	1	33
506.043	1	20
506.213	1	23
506.383	1	34
506.553	1	28
506.723	1	19
506.893	1	27
507.064	1	26
507.234	1	21
507.404	1	27
507.574	1	28
507.744	1	30
507.915	1	30
508.085	1	25
508.255	1	15
508.425	1	6
508.595	1	32
508.766	1	26
508.936	1	19
509.106	1	23
509.276	1	20
509.446	1	14
509.616	1	17
509.787	1	28
509.957	1	24
510.127	1	24
510.297	1	17
510.467	1	18
510.638	1	27
510.808	1	9
510.978	1	23
511.148	1	19
511.318	1	20
511.488	1	2
511.659	1	31
511.829	1	13
511.999	1	32
512.169	1	33
512.339	1	21
512.509	1	25
512.680	1	23
512.850	1	29
513.020	1	29
513.190	1	20
513.360	1	14
513.530	1	24
513.700	1	30
513.871	1	20
514.041	1	18
514.211	1	31
514.381	1	27
514.551	1	22
514.721	1	13
514.892	1	24
515.062	1	25
515.232	1	16
515.402	1	15
515.572	1	9
515.742	1	30
515.912	1	28
516.083	1	23
516.253	1	26
516.423	1	23
516.593	1	17
516.763	1	32
516.933	1	12
517.104	1	21
517.274	1	17
517.444	1	22
517.614	1	10
517.784	1	21
517.954	1	21
518.124	1	27
518.294	1	12
518.465	1	20
518.635	1	25
518.805	1	12
518.975	1	25
519.145	1	18
519.315	1	26
519.485	1	12
519.656	1	24
519.826	1	18
519.996	1	14
520.166	1	17
520.336	1	27
520.506	1	13
520.676	1	18
520.846	1	29
521.017	1	23
521.187	1	23
521.357	1	28
521.527	1	17
521.697	1	10
521.867	1	16
522.037	1	29
522.207	1	30
522.377	1	24
522.548	1	21
522.718	1	16
522.888	1	34
523.058	1	18
523.228	1	20
523.398	1	22
523.568	1	27
523.738	1	16
523.909	1	19
524.079	1	23
524.249	1	29
524.419	1	12
524.589	1	19
524.759	1	5
524.929	1	10
525.099	1	15
525.269	1	21
525.439	1	10
525.610	1	26
525.780	1	12
525.950	1	19
526.120	1	16
526.290	1	15
526.460	1	16
526.630	1	17
526.800	1	14
526.970	1	15
527.140	1	23
527.311	1	12
527.481	1	11
527.651	1	23
527.821	1	10
527.991	1	23
528.161	1	28
528.331	1	13
528.501	1	24
528.671	1	10
528.841	1	20
529.011	1	20
529.181	1	18
529.352	1	14
529.522	1	9
529.692	1	21
529.862	1	21
530.032	1	22
530.202	1	13
530.372	1	16
530.542	1	16
530.712	1	21
530.882	1	27
531.052	1	29
531.222	1	16
531.392	1	10
531.563	1	14
531.733	1	20
531.903	1	14
532.073	1	23
532.243	1	12
532.413	1	11
532.583	1	4
532.753	1	22
532.923	1	2
533.093	1	5
533.263	1	14
533.433	1	6
533.603	1	12
533.773	1	13
533.943	1	14
534.113	1	15
534.284	1	10
534.454	1	17
534.624	1	25
534.794	1	8
534.964	1	13
535.134	1	9
535.304	1	23
535.474	1	23
535.644	1	9
535.814	1	15
535.984	1	14
536.154	1	7
536.324	1	15
536.494	1	17
536.664	1	17
536.834	1	25
537.004	1	8
537.174	1	18
537.344	1	15
537.514	1	6
537.685	1	6
537.855	1	21
538.025	1	9
538.195	1	14
538.365	1	20
538.535	1	8
538.705	1	11
538.875	1	8
539.045	1	12
539.215	1	20
539.385	1	14
539.555	1	19
539.725	1	12
539.895	1	8
540.065	1	29
540.235	1	20
540.405	1	3
540.575	1	15
540.745	1	10
540.915	1	23
541.085	1	18
541.255	1	7
541.425	1	12
541.595	1	10
541.765	1	25
541.935	1	10
542.105	1	10
542.275	1	15
542.445	1	-3
542.615	1	11
542.785	1	20
542.955	1	4
543.125	1	7
543.295	1	11
543.465	1	15
543.635	1	11
543.805	1	25
543.975	1	9
544.145	1	12
544.315	1	15
544.485	1	13
544.655	1	11
544.825	1	2
544.995	1	11
545.165	1	10
545.335	1	18
545.505	1	9
545.675	1	16
545.845	1	18
546.015	1	24
546.185	1	14
546.355	1	10
546.525	1	11
546.695	1	16
546.865	1	8
547.035	1	20
547.205	1	8
547.375	1	17
547.545	1	16
547.715	1	11
547.885	1	14
548.055	1	13
548.225	1	7
548.395	1	3
548.565	1	26
548.735	1	8
548.905	1	5
549.075	1	7
549.245	1	3
549.415	1	8
549.585	1	12
549.755	1	11
549.925	1	1
550.095	1	10
550.265	1	8
550.435	1	7
550.605	1	2
550.775	1	10
550.945	1	19
551.115	1	6
551.285	1	20
551.455	1	4
551.625	1	13
551.795	1	13
551.965	1	11
552.135	1	2
552.305	1	-1
552.475	1	1
552.645	1	2
552.815	1	11
552.985	1	14
553.155	1	18
553.325	1	14
553.495	1	7
553.665	1	8
553.835	1	6
554.004	1	2
554.174	1	7
554.344	1	6
554.514	1	5
554.684	1	10
554.854	1	20
555.024	1	7
555.194	1	4
555.364	1	14
555.534	1	17
555.704	1	6
555.874	1	12
556.044	1	2
556.214	1	7
556.384	1	11
556.554	1	21
556.724	1	13
556.894	1	14
557.064	1	11
557.234	1	8
557.404	1	14
557.573	1	13
557.743	1	-1
557.913	1	8
558.083	1	4
558.253	1	16
558.423	1	10
558.593	1	14
558.763	1	8
558.933	1	8
559.103	1	19
559.273	1	16
559.443	1	15
559.613	1	4
559.783	1	13
559.953	1	9
560.122	1	13
560.292	1	14
560.462	1	14
560.632	1	11
560.802	1	9
560.972	1	9
561.142	1	4
561.312	1	5
561.482	1	13
561.652	1	11
561.822	1	-3
561.992	1	12
562.162	1	11
562.331	1	9
562.501	1	-2
562.671	1	10
562.841	1	-4
563.011	1	15
563.181	1	11
563.351	1	-2
563.521	1	15
563.691	1	9
563.861	1	13
564.031	1	12
564.201	1	24
564.370	1	4
564.540	1	2
564.710	1	7
564.880	1	12
565.050	1	10
565.220	1	0
565.390	1	12
565.560	1	6
565.730	1	0
565.900	1	4
566.069	1	19
566.239	1	9
566.409	1	4
566.579	1	11
566.749	1	6
566.919	1	10
567.089	1	12
567.259	1	15
567.429	1	0
567.599	1	6
567.768	1	14
567.938	1	6
568.108	1	2
568.278	1	-3
568.448	1	6
568.618	1	7
568.788	1	13
568.958	1	7
569.128	1	12
569.297	1	1
569.467	1	7
569.637	1	15
569.807	1	3
569.977	1	7
570.147	1	19
570.317	1	3
570.487	1	8
570.656	1	8
570.826	1	4
570.996	1	2
571.166	1	19
571.336	1	-2
571.506	1	14
571.676	1	8
571.846	1	6
572.015	1	9
572.185	1	14
572.355	1	11
572.525	1	10
572.695	1	6
572.865	1	0
573.035	1	11
573.205	1	6
573.374	1	-1
573.544	1	3
573.714	1	15
573.884	1	16
574.054	1	9
574.224	1	11
574.394	1	5
574.563	1	5
574.733	1	5
574.903	1	5
575.073	1	8
575.243	1	11
575.413	1	12
575.583	1	-2
575.752	1	15
575.922	1	9
576.092	1	11
576.262	1	12
576.432	1	4
576.602	1	2
576.772	1	12
576.941	1	7
577.111	1	2
577.281	1	-6
577.451	1	-7
577.621	1	17
577.791	1	6
577.960	1	8
578.130	1	11
578.300	1	9
578.470	1	16
578.640	1	5
578.810	1	11
578.979	1	6
579.149	1	0
579.319	1	3
579.489	1	7
579.659	1	10
579.829	1	7
579.998	1	4
580.168	1	21
580.338	1	4
580.508	1	12
580.678	1	9
580.848	1	-2
581.017	1	4
581.187	1	5
581.357	1	7
581.527	1	5
581.697	1	10
581.867	1	12
582.036	1	0
582.206	1	-2
582.376	1	14
582.546	1	-2
582.716	1	-6
582.885	1	6
583.055	1	13
583.225	1	6
583.395	1	11
583.565	1	-1
583.735	1	11
583.904	1	5
584.074	1	6
584.244	1	14
584.414	1	12
584.584	1	14
584.753	1	-3
584.923	1	2
585.093	1	9
585.263	1	11
585.433	1	10
585.602	1	2
585.772	1	2
585.942	1	4
586.112	1	6
586.282	1	12
586.451	1	6
586.621	1	3
586.791	1	4
586.961	1	7
587.131	1	17
587.300	1	6
587.470	1	14
587.640	1	8
587.810	1	1
587.980	1	0
588.149	1	5
588.319	1	11
588.489	1	9
588.659	1	3
588.829	1	3
588.998	1	19
589.168	1	13
589.338	1	7
589.508	1	10
589.677	1	-3
589.847	1	0
590.017	1	24
590.187	1	0
590.357	1	14
590.526	1	20
590.696	1	14
590.866	1	14
591.036	1	5
591.205	1	22
591.375	1	6
591.545	1	9
591.715	1	9
591.885	1	2
592.054	1	3
592.224	1	4
592.394	1	2
592.564	1	5
592.733	1	1
592.903	1	4
593.073	1	3
593.243	1	12
593.412	1	19
593.582	1	5
593.752	1	6
593.922	1	17
594.091	1	10
594.261	1	1
594.431	1	5
594.601	1	7
594.771	1	19
594.940	1	7
595.110	1	10
595.280	1	8
595.450	1	9
595.619	1	0
595.789	1	7
595.959	1	13
596.129	1	-1
596.298	1	9
596.468	1	12
596.638	1	14
596.808	1	8
596.977	1	11
597.147	1	10
597.317	1	-1
597.487	1	21
597.656	1	7
597.826	1	9
597.996	1	9
598.166	1	10
598.335	1	-2
598.505	1	14
598.675	1	9
598.844	1	13
599.014	1	13
599.184	1	9
599.354	1	-2
599.523	1	13
599.693	1	1
599.863	1	17
600.033	1	5
600.202	1	12
600.372	1	10
600.542	1	15
600.712	1	-4
600.881	1	9
601.051	1	11
601.221	1	9
601.390	1	-10
601.560	1	15
601.730	1	2
601.900	1	10
602.069	1	20
602.239	1	2
602.409	1	1
602.578	1	-1
602.748	1	8
602.918	1	10
603.088	1	18
603.257	1	8
603.427	1	4
603.597	1	13
603.767	1	14
603.936	1	17
604.106	1	2
604.276	1	3
604.445	1	18
604.615	1	13
604.785	1	-8
604.954	1	-2
605.124	1	9
605.294	1	11
605.464	1	9
605.633	1	14
605.803	1	13
605.973	1	-1
606.142	1	5
606.312	1	2
606.482	1	10
606.652	1	14
606.821	1	-3
606.991	1	9
607.161	1	15
607.330	1	15
607.500	1	5
607.670	1	1
607.839	1	16
608.009	1	16
608.179	1	9
608.348	1	17
608.518	1	6
608.688	1	24
608.858	1	1
609.027	1	8
609.197	1	9
609.367	1	8
609.536	1	11
609.706	1	8
609.876	1	5
610.045	1	1
610.215	1	6
610.385	1	5
610.554	1	4
610.724	1	14
610.894	1	20
611.063	1	8
611.233	1	1
611.403	1	1
611.572	1	9
611.742	1	15
611.912	1	12
612.081	1	1
612.251	1	12
612.421	1	4
612.590	1	3
612.760	1	12
612.930	1	6
613.099	1	4
613.269	1	12
613.439	1	8
613.608	1	10
613.778	1	6
613.948	1	5
614.117	1	4
614.287	1	11
614.457	1	11
614.626	1	2
614.796	1	15
614.966	1	6
615.135	1	12
615.305	1	15
615.475	1	9
615.644	1	11
615.814	1	17
615.984	1	0
616.153	1	5
616.323	1	15
616.493	1	3
616.662	1	18
616.832	1	16
617.002	1	7
617.171	1	4
617.341	1	12
617.511	1	6
617.680	1	-1
617.850	1	16
618.019	1	16
618.189	1	22
618.359	1	16
618.528	1	11
618.698	1	10
618.868	1	-2
619.037	1	6
619.207	1	1
619.377	1	1
619.546	1	5
619.716	1	15
619.885	1	23
620.055	1	2
620.225	1	16
620.394	1	4
620.564	1	22
620.734	1	12
620.903	1	7
621.073	1	18
621.242	1	13
621.412	1	6
621.582	1	16
621.751	1	19
621.921	1	16
622.091	1	-1
622.260	1	4
622.430	1	24
622.599	1	16
622.769	1	12
622.939	1	9
623.108	1	14
623.278	1	1
623.448	1	13
623.617	1	11
623.787	1	13
623.956	1	16
624.126	1	8
624.296	1	7
624.465	1	14
624.635	1	17
624.804	1	2
624.974	1	10
625.144	1	15
625.313	1	10
625.483	1	1
625.652	1	7
625.822	1	-4
625.992	1	13
626.161	1	17
626.331	1	18
626.501	1	15
626.670	1	10
626.840	1	3
627.009	1	6
627.179	1	18
627.348	1	17
627.518	1	11
627.688	1	18
627.857	1	24
628.027	1	14
628.196	1	15
628.366	1	18
628.536	1	16
628.705	1	18
628.875	1	8
629.044	1	10
629.214	1	12
629.384	1	11
629.553	1	22
629.723	1	18
629.892	1	12
630.062	1	12
630.232	1	4
630.401	1	22
630.571	1	11
630.740	1	16
630.910	1	11
631.079	1	8
631.249	1	12
631.419	1	14
631.588	1	8
631.758	1	15
631.927	1	1
632.097	1	21
632.266	1	13
632.436	1	20
632.606	1	8
632.775	1	28
632.945	1	10
633.114	1	25
633.284	1	18
633.453	1	5
633.623	1	8
633.793	1	26
633.962	1	13
634.132	1	16
634.301	1	9
634.471	1	18
634.640	1	14
634.810	1	19
634.979	1	13
635.149	1	18
635.319	1	16
635.488	1	19
635.658	1	13
635.827	1	12
635.997	1	12
636.166	1	18
636.336	1	9
636.505	1	16
636.675	1	11
636.845	1	8
637.014	1	16
637.184	1	21
637.353	1	18
637.523	1	21
637.692	1	13
637.862	1	15
638.031	1	11
638.201	1	21
638.370	1	8
638.540	1	8
638.710	1	12
638.879	1	4
639.049	1	11
639.218	1	16
639.388	1	7
639.557	1	14
639.727	1	18
639.896	1	9
640.066	1	13
640.235	1	11
640.405	1	15
640.574	1	19
640.744	1	-2
640.914	1	15
641.083	1	16
641.253	1	27
641.422	1	10
641.592	1	31
641.761	1	22
641.931	1	8
642.100	1	30
642.270	1	6
642.439	1	16
642.609	1	15
642.778	1	18
642.948	1	3
643.117	1	25
643.287	1	17
643.456	1	18
643.626	1	17
643.795	1	14
643.965	1	18
644.134	1	17
644.304	1	11
644.473	1	17
644.643	1	15
644.812	1	20
644.982	1	25
645.151	1	21
645.321	1	13
645.490	1	27
645.660	1	3
645.829	1	15
645.999	1	11
646.168	1	16
646.338	1	19
646.507	1	8
646.677	1	21
646.846	1	20
647.016	1	4
647.185	1	23
647.355	1	4
647.524	1	19
647.694	1	19
647.863	1	18
648.033	1	15
648.202	1	23
648.372	1	15
648.541	1	19
648.711	1	14
648.880	1	3
649.050	1	4
649.219	1	15
649.389	1	19
649.558	1	14
649.728	1	22
649.897	1	0
650.067	1	19
650.236	1	16
650.406	1	8
650.575	1	27
650.745	1	18
650.914	1	12
651.084	1	5
651.253	1	19
651.423	1	20
651.592	1	14
651.762	1	8
651.931	1	21
652.101	1	18
652.270	1	17
652.440	1	23
652.609	1	16
652.778	1	11
652.948	1	19
653.117	1	9
653.287	1	22
653.456	1	21
653.626	1	26
653.795	1	13
653.965	1	13
654.134	1	20
654.304	1	4
654.473	1	17
654.643	1	21
654.812	1	16
654.982	1	25
655.151	1	14
655.320	1	22
655.490	1	9
655.659	1	17
655.829	1	23
655.998	1	13
656.168	1	15
656.337	1	11
656.507	1	13
656.676	1	22
656.846	1	21
657.015	1	22
657.184	1	28
657.354	1	20
657.523	1	15
657.693	1	22
657.862	1	22
658.032	1	11
658.201	1	20
658.371	1	22
658.540	1	22
658.709	1	21
658.879	1	24
659.048	1	9
659.218	1	23
659.387	1	18
659.557	1	22
659.726	1	15
659.895	1	9
660.065	1	11
660.234	1	16
660.404	1	22
660.573	1	11
660.743	1	19
660.912	1	17
661.081	1	35
661.251	1	8
661.420	1	22
661.590	1	17
661.759	1	16
661.929	1	24
662.098	1	30
662.267	1	16
662.437	1	28
662.606	1	10
662.776	1	26
662.945	1	27
663.115	1	21
663.284	1	8
663.453	1	18
663.623	1	15
663.792	1	19
663.962	1	21
664.131	1	14
664.300	1	23
664.470	1	22
664.639	1	34
664.809	1	29
664.978	1	23
665.148	1	22
665.317	1	12
665.486	1	24
665.656	1	15
665.825	1	21
665.995	1	10
666.164	1	15
666.333	1	28
666.503	1	27
666.672	1	10
666.842	1	6
667.011	1	15
667.180	1	21
667.350	1	15
667.519	1	16
667.689	1	24
667.858	1	18
668.027	1	30
668.197	1	27
668.366	1	12
668.536	1	21
668.705	1	17
668.874	1	25
669.044	1	14
669.213	1	25
669.382	1	17
669.552	1	24
669.721	1	24
669.891	1	31
670.060	1	27
670.229	1	34
670.399	1	16
670.568	1	31
670.738	1	27
670.907	1	15
671.076	1	7
671.246	1	26
671.415	1	16
671.584	1	23
671.754	1	16
671.923	1	25
672.093	1	28
672.262	1	11
672.431	1	16
672.601	1	8
672.770	1	8
672.939	1	24
673.109	1	25
673.278	1	21
673.448	1	21
673.617	1	16
673.786	1	25
