325.333	1	13
325.504	1	5
325.675	1	4
325.846	1	-1
326.017	1	-3
326.188	1	8
326.359	1	6
326.531	1	-5
326.702	1	2
326.873	1	6
327.044	1	-3
327.215	1	9
327.386	1	18
327.557	1	-3
327.728	1	4
327.899	1	4
328.070	1	6
328.241	1	9
328.412	1	-11
328.583	1	3
328.754	1	-5
328.926	1	5
329.097	1	-2
329.268	1	8
329.439	1	5
329.610	1	18
329.781	1	1
329.952	1	9
330.123	1	15
330.294	1	-3
330.465	1	3
330.636	1	7
330.807	1	-3
330.978	1	1
331.149	1	2
331.320	1	9
331.492	1	7
331.663	1	14
331.834	1	8
332.005	1	5
332.176	1	6
332.347	1	7
332.518	1	-3
332.689	1	11
332.860	1	1
333.031	1	19
333.202	1	6
333.373	1	14
333.544	1	-6
333.715	1	2
333.886	1	-1
334.057	1	9
334.228	1	-4
334.399	1	1
334.570	1	19
334.741	1	2
334.912	1	11
335.084	1	20
335.255	1	5
335.426	1	3
335.597	1	-1
335.768	1	8
335.939	1	9
336.110	1	-1
336.281	1	10
336.452	1	5
336.623	1	8
336.794	1	4
336.965	1	-1
337.136	1	5
337.307	1	1
337.478	1	-1
337.649	1	-2
337.820	1	6
337.991	1	11
338.162	1	18
338.333	1	3
338.504	1	7
338.675	1	8
338.846	1	10
339.017	1	9
339.188	1	2
339.359	1	-4
339.530	1	11
339.701	1	8
339.872	1	18
340.043	1	5
340.214	1	7
340.385	1	12
340.556	1	-4
340.727	1	7
340.898	1	11
341.069	1	17
341.240	1	9
341.411	1	6
341.582	1	19
341.753	1	-6
341.924	1	4
342.095	1	3
342.266	1	14
342.437	1	21
342.608	1	7
342.779	1	6
342.950	1	12
343.121	1	11
343.292	1	3
343.463	1	1
343.634	1	5
343.805	1	15
343.976	1	15
344.147	1	5
344.318	1	6
344.489	1	5
344.660	1	17
344.831	1	11
345.002	1	9
345.173	1	16
345.344	1	7
345.515	1	3
345.686	1	4
345.857	1	8
346.028	1	13
346.199	1	3
346.370	1	4
346.541	1	18
346.712	1	0
346.883	1	13
347.054	1	14
347.225	1	14
347.396	1	7
347.567	1	7
347.738	1	-5
347.909	1	13
348.080	1	3
348.251	1	19
348.422	1	19
348.593	1	9
348.764	1	13
348.935	1	15
349.106	1	6
349.277	1	15
349.448	1	14
349.619	1	14
349.790	1	10
349.961	1	12
350.132	1	17
350.303	1	12
350.474	1	20
350.645	1	6
350.816	1	6
350.987	1	18
351.157	1	-1
351.328	1	20
351.499	1	23
351.670	1	9
351.841	1	19
352.012	1	21
352.183	1	25
352.354	1	16
352.525	1	21
352.696	1	19
352.867	1	5
353.038	1	22
353.209	1	18
353.380	1	14
353.551	1	11
353.722	1	13
353.893	1	16
354.064	1	21
354.235	1	17
354.406	1	7
354.576	1	11
354.747	1	12
354.918	1	19
355.089	1	15
355.260	1	15
355.431	1	19
355.602	1	13
355.773	1	16
355.944	1	22
356.115	1	16
356.286	1	25
356.457	1	13
356.628	1	12
356.799	1	13
356.970	1	21
357.141	1	8
357.311	1	11
357.482	1	0
357.653	1	9
357.824	1	27
357.995	1	12
358.166	1	2
358.337	1	10
358.508	1	25
358.679	1	15
358.850	1	18
359.021	1	4
359.192	1	20
359.363	1	7
359.533	1	14
359.704	1	19
359.875	1	9
360.046	1	21
360.217	1	12
360.388	1	9
360.559	1	14
360.730	1	19
360.901	1	24
361.072	1	32
361.243	1	21
361.414	1	15
361.584	1	15
361.755	1	16
361.926	1	16
362.097	1	13
362.268	1	11
362.439	1	7
362.610	1	28
362.781	1	17
362.952	1	5
363.123	1	17
363.293	1	8
363.464	1	18
363.635	1	23
363.806	1	9
363.977	1	21
364.148	1	10
364.319	1	23
364.490	1	13
364.661	1	12
364.832	1	14
365.002	1	18
365.173	1	15
365.344	1	17
365.515	1	7
365.686	1	12
365.857	1	14
366.028	1	31
366.199	1	14
366.370	1	22
366.540	1	11
366.711	1	7
366.882	1	10
367.053	1	8
367.224	1	21
367.395	1	20
367.566	1	32
367.737	1	18
367.908	1	17
368.078	1	22
368.249	1	15
368.420	1	1
368.591	1	8
368.762	1	22
368.933	1	19
369.104	1	3
369.274	1	19
369.445	1	15
369.616	1	19
369.787	1	12
369.958	1	23
370.129	1	10
370.300	1	18
370.471	1	17
370.641	1	18
370.812	1	22
370.983	1	13
371.154	1	18
371.325	1	20
371.496	1	18
371.667	1	32
371.837	1	19
372.008	1	18
372.179	1	11
372.350	1	24
372.521	1	19
372.692	1	9
372.863	1	8
373.033	1	10
373.204	1	19
373.375	1	24
373.546	1	27
373.717	1	25
373.888	1	18
374.059	1	26
374.229	1	28
374.400	1	16
374.571	1	12
374.742	1	23
374.913	1	18
375.084	1	18
375.254	1	16
375.425	1	32
375.596	1	23
375.767	1	19
375.938	1	18
376.109	1	20
376.279	1	8
376.450	1	28
376.621	1	19
376.792	1	13
376.963	1	16
377.134	1	22
377.304	1	22
377.475	1	17
377.646	1	15
377.817	1	11
377.988	1	19
378.159	1	29
378.329	1	27
378.500	1	14
378.671	1	22
378.842	1	20
379.013	1	13
379.184	1	21
379.354	1	28
379.525	1	13
379.696	1	23
379.867	1	24
380.038	1	16
380.209	1	18
380.379	1	15
380.550	1	13
380.721	1	18
380.892	1	26
381.063	1	17
381.233	1	21
381.404	1	8
381.575	1	26
381.746	1	25
381.917	1	21
382.087	1	22
382.258	1	15
382.429	1	20
382.600	1	35
382.771	1	17
382.941	1	29
383.112	1	19
383.283	1	22
383.454	1	28
383.625	1	14
383.795	1	15
383.966	1	10
384.137	1	32
384.308	1	31
384.479	1	27
384.649	1	30
384.820	1	18
384.991	1	23
385.162	1	20
385.333	1	26
385.503	1	14
385.674	1	19
385.845	1	38
386.016	1	28
386.187	1	7
386.357	1	37
386.528	1	11
386.699	1	25
386.870	1	41
387.041	1	30
387.211	1	24
387.382	1	43
387.553	1	28
387.724	1	22
387.894	1	28
388.065	1	17
388.236	1	31
388.407	1	16
388.578	1	21
388.748	1	21
388.919	1	31
389.090	1	32
389.261	1	18
389.431	1	23
389.602	1	28
389.773	1	32
389.944	1	28
390.114	1	15
390.285	1	30
390.456	1	24
390.627	1	20
390.798	1	35
390.968	1	29
391.139	1	26
391.310	1	30
391.481	1	37
391.651	1	27
391.822	1	25
391.993	1	20
392.164	1	14
392.334	1	31
392.505	1	20
392.676	1	34
392.847	1	42
393.017	1	18
393.188	1	21
393.359	1	28
393.530	1	18
393.700	1	27
393.871	1	21
394.042	1	25
394.213	1	20
394.383	1	23
394.554	1	17
394.725	1	28
394.896	1	19
395.066	1	28
395.237	1	23
395.408	1	26
395.579	1	34
395.749	1	20
395.920	1	19
396.091	1	36
396.262	1	24
396.432	1	28
396.603	1	28
396.774	1	26
396.945	1	32
397.115	1	26
397.286	1	28
397.457	1	30
397.627	1	19
397.798	1	32
397.969	1	24
398.140	1	15
398.310	1	27
398.481	1	27
398.652	1	24
398.823	1	22
398.993	1	17
399.164	1	36
399.335	1	35
399.505	1	29
399.676	1	30
399.847	1	18
400.018	1	16
400.188	1	22
400.359	1	25
400.530	1	20
400.700	1	24
400.871	1	21
401.042	1	32
401.213	1	28
401.383	1	24
401.554	1	39
401.725	1	28
401.895	1	15
402.066	1	31
402.237	1	28
402.408	1	32
402.578	1	41
402.749	1	28
402.920	1	27
403.090	1	31
403.261	1	22
403.432	1	32
403.603	1	35
403.773	1	37
403.944	1	44
404.115	1	35
404.285	1	24
404.456	1	34
404.627	1	16
404.797	1	27
404.968	1	31
405.139	1	18
405.310	1	44
405.480	1	34
405.651	1	28
405.822	1	30
405.992	1	25
406.163	1	33
406.334	1	24
406.504	1	29
406.675	1	39
406.846	1	29
407.016	1	38
407.187	1	33
407.358	1	13
407.528	1	17
407.699	1	21
407.870	1	24
408.041	1	24
408.211	1	33
408.382	1	20
408.553	1	21
408.723	1	39
408.894	1	24
409.065	1	31
409.235	1	36
409.406	1	27
409.577	1	25
409.747	1	33
409.918	1	21
410.089	1	37
410.259	1	23
410.430	1	29
410.601	1	42
410.771	1	28
410.942	1	41
411.113	1	37
411.283	1	16
411.454	1	28
411.625	1	33
411.795	1	28
411.966	1	29
412.137	1	31
412.307	1	17
412.478	1	32
412.649	1	39
412.819	1	27
412.990	1	25
413.161	1	33
413.331	1	16
413.502	1	25
413.672	1	40
413.843	1	19
414.014	1	21
414.184	1	35
414.355	1	24
414.526	1	28
414.696	1	42
414.867	1	25
415.038	1	20
415.208	1	30
415.379	1	29
415.550	1	41
415.720	1	26
415.891	1	24
416.062	1	23
416.232	1	37
416.403	1	29
416.573	1	27
416.744	1	23
416.915	1	28
417.085	1	39
417.256	1	26
417.427	1	29
417.597	1	39
417.768	1	15
417.939	1	27
418.109	1	42
418.280	1	21
418.450	1	24
418.621	1	26
418.792	1	25
418.962	1	25
419.133	1	42
419.304	1	21
419.474	1	20
419.645	1	25
419.815	1	21
419.986	1	26
420.157	1	28
420.327	1	39
420.498	1	36
420.669	1	26
420.839	1	43
421.010	1	21
421.180	1	33
421.351	1	25
421.522	1	36
421.692	1	26
421.863	1	25
422.033	1	43
422.204	1	25
422.375	1	26
422.545	1	39
422.716	1	21
422.886	1	16
423.057	1	30
423.228	1	29
423.398	1	30
423.569	1	28
423.740	1	22
423.910	1	18
424.081	1	33
424.251	1	16
424.422	1	31
424.593	1	28
424.763	1	20
424.934	1	18
425.104	1	26
425.275	1	21
425.445	1	18
425.616	1	18
425.787	1	24
425.957	1	28
426.128	1	33
426.298	1	23
426.469	1	15
426.640	1	22
426.810	1	31
426.981	1	23
427.151	1	23
427.322	1	33
427.493	1	26
427.663	1	21
427.834	1	20
428.004	1	30
428.175	1	34
428.345	1	20
428.516	1	23
428.687	1	29
428.857	1	11
429.028	1	18
429.198	1	40
429.369	1	23
429.540	1	17
429.710	1	26
429.881	1	36
430.051	1	34
430.222	1	20
430.392	1	28
430.563	1	36
430.734	1	33
430.904	1	28
431.075	1	30
431.245	1	21
431.416	1	29
431.586	1	26
431.757	1	30
431.927	1	26
432.098	1	19
432.269	1	18
432.439	1	33
432.610	1	30
432.780	1	30
432.951	1	33
433.121	1	36
433.292	1	26
433.462	1	33
433.633	1	36
433.804	1	22
433.974	1	13
434.145	1	47
434.315	1	23
434.486	1	24
434.656	1	25
434.827	1	30
434.997	1	13
435.168	1	20
435.339	1	38
435.509	1	25
435.680	1	22
435.850	1	21
436.021	1	22
436.191	1	17
436.362	1	29
436.532	1	23
436.703	1	29
436.873	1	17
437.044	1	12
437.214	1	16
437.385	1	24
437.556	1	13
437.726	1	36
437.897	1	33
438.067	1	29
438.238	1	17
438.408	1	30
438.579	1	31
438.749	1	16
438.920	1	21
439.090	1	35
439.261	1	21
439.431	1	22
439.602	1	19
439.772	1	30
439.943	1	31
440.113	1	23
440.284	1	30
440.455	1	26
440.625	1	28
440.796	1	20
440.966	1	8
441.137	1	15
441.307	1	19
441.478	1	25
441.648	1	24
441.819	1	26
441.989	1	20
442.160	1	27
442.330	1	18
442.501	1	28
442.671	1	18
442.842	1	11
443.012	1	15
443.183	1	29
443.353	1	27
443.524	1	27
443.694	1	29
443.865	1	23
444.035	1	20
444.206	1	25
444.376	1	9
444.547	1	30
444.717	1	20
444.888	1	28
445.058	1	27
445.229	1	18
445.399	1	24
445.570	1	13
445.740	1	14
445.911	1	18
446.081	1	10
446.252	1	31
446.422	1	13
446.593	1	20
446.763	1	16
446.934	1	20
447.104	1	18
447.275	1	21
447.445	1	22
447.616	1	22
447.786	1	19
447.957	1	20
448.127	1	21
448.298	1	22
448.468	1	12
448.639	1	17
448.809	1	26
448.979	1	19
449.150	1	33
449.320	1	22
449.491	1	28
449.661	1	13
449.832	1	11
450.002	1	27
450.173	1	12
450.343	1	21
450.514	1	18
450.684	1	17
450.855	1	26
451.025	1	24
451.196	1	21
451.366	1	22
451.537	1	18
451.707	1	14
451.878	1	17
452.048	1	13
452.218	1	29
452.389	1	28
452.559	1	17
452.730	1	29
452.900	1	20
453.071	1	21
453.241	1	15
453.412	1	11
453.582	1	18
453.753	1	16
453.923	1	22
454.093	1	26
454.264	1	20
454.434	1	16
454.605	1	23
454.775	1	26
454.946	1	17
455.116	1	19
455.287	1	15
455.457	1	17
455.628	1	15
455.798	1	25
455.968	1	18
456.139	1	14
456.309	1	16
456.480	1	12
456.650	1	13
456.821	1	9
456.991	1	17
457.161	1	17
457.332	1	21
457.502	1	13
457.673	1	28
457.843	1	20
458.014	1	9
458.184	1	17
458.355	1	17
458.525	1	20
458.695	1	26
458.866	1	12
459.036	1	31
459.207	1	12
459.377	1	6
459.548	1	20
459.718	1	13
459.888	1	28
460.059	1	16
460.229	1	27
460.400	1	22
460.570	1	21
460.740	1	11
460.911	1	23
461.081	1	15
461.252	1	14
461.422	1	16
461.593	1	15
461.763	1	26
461.933	1	14
462.104	1	11
462.274	1	18
462.445	1	23
462.615	1	12
462.785	1	10
462.956	1	11
463.126	1	23
463.297	1	15
463.467	1	21
463.638	1	21
463.808	1	7
463.978	1	15
464.149	1	12
464.319	1	11
464.490	1	23
464.660	1	4
464.830	1	12
465.001	1	17
465.171	1	22
465.342	1	21
465.512	1	11
465.682	1	17
465.853	1	18
466.023	1	15
466.194	1	14
466.364	1	23
466.534	1	12
466.705	1	16
466.875	1	17
467.045	1	12
467.216	1	28
467.386	1	7
467.557	1	13
467.727	1	10
467.897	1	11
468.068	1	15
468.238	1	23
468.409	1	12
468.579	1	20
468.749	1	10
468.920	1	9
469.090	1	21
469.260	1	7
469.431	1	5
469.601	1	17
469.772	1	3
469.942	1	9
470.112	1	13
470.283	1	20
470.453	1	18
470.623	1	10
470.794	1	0
470.964	1	18
471.135	1	11
471.305	1	4
471.475	1	16
471.646	1	11
471.816	1	10
471.986	1	12
472.157	1	13
472.327	1	5
472.497	1	14
472.668	1	9
472.838	1	16
473.009	1	16
473.179	1	12
473.349	1	14
473.520	1	20
473.690	1	22
473.860	1	15
474.031	1	8
474.201	1	23
474.371	1	23
474.542	1	15
474.712	1	14
474.882	1	19
475.053	1	22
475.223	1	7
475.394	1	17
475.564	1	4
475.734	1	13
475.905	1	34
476.075	1	8
476.245	1	27
476.416	1	19
476.586	1	16
476.756	1	17
476.927	1	13
477.097	1	11
477.267	1	13
477.438	1	15
477.608	1	15
477.778	1	11
477.949	1	14
478.119	1	21
478.289	1	21
478.460	1	15
478.630	1	18
478.800	1	12
478.971	1	16
479.141	1	17
479.311	1	-4
479.482	1	18
479.652	1	6
479.822	1	13
479.993	1	15
480.163	1	11
480.333	1	16
480.504	1	23
480.674	1	14
480.844	1	10
481.015	1	14
481.185	1	12
481.355	1	24
481.525	1	6
481.696	1	15
481.866	1	7
482.036	1	13
482.207	1	3
482.377	1	12
482.547	1	18
482.718	1	4
482.888	1	13
483.058	1	8
483.229	1	7
483.399	1	12
483.569	1	6
483.740	1	17
483.910	1	13
484.080	1	8
484.250	1	16
484.421	1	12
484.591	1	14
484.761	1	19
484.932	1	23
485.102	1	20
485.272	1	17
485.443	1	18
485.613	1	14
485.783	1	6
485.953	1	15
486.124	1	20
486.294	1	13
486.464	1	14
486.635	1	13
486.805	1	22
486.975	1	12
487.146	1	5
487.316	1	9
487.486	1	7
487.656	1	11
487.827	1	11
487.997	1	1
488.167	1	20
488.338	1	17
488.508	1	11
488.678	1	9
488.848	1	20
489.019	1	7
489.189	1	6
489.359	1	3
489.529	1	22
489.700	1	11
489.870	1	27
490.040	1	-1
490.211	1	-1
490.381	1	16
490.551	1	20
490.721	1	10
490.892	1	13
491.062	1	11
491.232	1	18
491.402	1	13
491.573	1	5
491.743	1	7
491.913	1	5
492.084	1	22
492.254	1	12
492.424	1	12
492.594	1	8
492.765	1	5
492.935	1	-1
493.105	1	13
493.275	1	10
493.446	1	16
493.616	1	20
493.786	1	3
493.956	1	14
494.127	1	3
494.297	1	-2
494.467	1	-1
494.637	1	9
494.808	1	8
494.978	1	10
495.148	1	5
495.318	1	6
495.489	1	9
495.659	1	18
495.829	1	7
495.999	1	6
496.170	1	17
496.340	1	10
496.510	1	10
496.680	1	8
496.851	1	5
497.021	1	10
497.191	1	6
497.361	1	19
497.532	1	5
497.702	1	0
497.872	1	12
498.042	1	19
498.213	1	4
498.383	1	10
498.553	1	8
498.723	1	11
498.894	1	0
499.064	1	4
499.234	1	12
499.404	1	14
499.574	1	15
499.745	1	16
499.915	1	7
500.085	1	-1
500.255	1	21
500.426	1	13
500.596	1	-4
500.766	1	19
500.936	1	0
501.106	1	1
501.277	1	17
501.447	1	15
501.617	1	3
501.787	1	6
501.958	1	5
502.128	1	6
502.298	1	16
502.468	1	5
502.638	1	8
502.809	1	11
502.979	1	0
503.149	1	1
503.319	1	3
503.489	1	14
503.660	1	17
503.830	1	4
504.000	1	13
504.170	1	8
504.340	1	0
504.511	1	11
504.681	1	0
504.851	1	9
505.021	1	6
505.192	1	9
505.362	1	18
505.532	1	1
505.702	1	3
505.872	1	8
506.043	1	9
506.213	1	-5
506.383	1	0
506.553	1	4
506.723	1	11
506.893	1	20
507.064	1	19
507.234	1	1
507.404	1	1
507.574	1	6
507.744	1	12
507.915	1	3
508.085	1	5
508.255	1	14
508.425	1	-7
508.595	1	15
508.766	1	13
508.936	1	-3
509.106	1	13
509.276	1	6
509.446	1	3
509.616	1	3
509.787	1	8
509.957	1	10
510.127	1	16
510.297	1	7
510.467	1	4
510.638	1	17
510.808	1	-2
510.978	1	-4
511.148	1	7
511.318	1	1
511.488	1	-5
511.659	1	6
511.829	1	-4
511.999	1	15
512.169	1	2
512.339	1	1
512.509	1	0
512.680	1	3
512.850	1	4
513.020	1	6
513.190	1	9
513.360	1	1
513.530	1	7
513.700	1	4
513.871	1	-3
514.041	1	2
514.211	1	7
514.381	1	11
514.551	1	16
514.721	1	1
514.892	1	9
515.062	1	8
515.232	1	15
515.402	1	-4
515.572	1	-7
515.742	1	6
515.912	1	5
516.083	1	-5
516.253	1	12
516.423	1	1
516.593	1	10
516.763	1	13
516.933	1	1
517.104	1	-2
517.274	1	3
517.444	1	8
517.614	1	-2
517.784	1	-1
517.954	1	12
518.124	1	-3
518.294	1	5
518.465	1	8
518.635	1	2
518.805	1	-6
518.975	1	5
519.145	1	4
519.315	1	-1
519.485	1	-8
519.656	1	9
519.826	1	13
519.996	1	-4
520.166	1	9
520.336	1	11
520.506	1	-1
520.676	1	1
520.846	1	8
521.017	1	8
521.187	1	-2
521.357	1	17
521.527	1	-9
521.697	1	6
521.867	1	-12
522.037	1	9
522.207	1	11
522.377	1	12
522.548	1	4
522.718	1	5
522.888	1	18
523.058	1	3
523.228	1	9
523.398	1	13
523.568	1	7
523.738	1	-2
523.909	1	14
524.079	1	8
524.249	1	4
524.419	1	5
524.589	1	9
524.759	1	-2
524.929	1	6
525.099	1	5
525.269	1	11
525.439	1	7
525.610	1	24
525.780	1	1
525.950	1	7
526.120	1	9
526.290	1	5
526.460	1	-6
526.630	1	5
526.800	1	3
526.970	1	9
527.140	1	8
527.311	1	5
527.481	1	-2
527.651	1	12
527.821	1	-1
527.991	1	12
528.161	1	14
528.331	1	7
528.501	1	7
528.671	1	-3
528.841	1	6
529.011	1	-4
529.181	1	11
529.352	1	3
529.522	1	-3
529.692	1	9
529.862	1	10
530.032	1	5
530.202	1	14
530.372	1	-4
530.542	1	1
530.712	1	9
530.882	1	1
531.052	1	8
531.222	1	4
531.392	1	0
531.563	1	4
531.733	1	7
531.903	1	2
532.073	1	13
532.243	1	8
532.413	1	4
532.583	1	-1
532.753	1	8
532.923	1	1
533.093	1	2
533.263	1	3
533.433	1	4
533.603	1	14
533.773	1	5
533.943	1	7
534.113	1	0
534.284	1	-2
534.454	1	0
534.624	1	16
534.794	1	-4
534.964	1	6
535.134	1	5
535.304	1	-2
535.474	1	12
535.644	1	4
535.814	1	1
535.984	1	-5
536.154	1	4
536.324	1	1
536.494	1	17
536.664	1	5
536.834	1	9
537.004	1	-3
537.174	1	7
537.344	1	1
537.514	1	-11
537.685	1	7
537.855	1	20
538.025	1	-1
538.195	1	5
538.365	1	10
538.535	1	3
538.705	1	-2
538.875	1	7
539.045	1	0
539.215	1	7
539.385	1	14
539.555	1	4
539.725	1	2
539.895	1	1
540.065	1	18
540.235	1	8
540.405	1	4
540.575	1	4
540.745	1	5
540.915	1	8
541.085	1	6
541.255	1	-8
541.425	1	4
541.595	1	-1
541.765	1	11
541.935	1	-3
542.105	1	-5
542.275	1	-4
542.445	1	-9
542.615	1	3
542.785	1	10
542.955	1	4
543.125	1	0
543.295	1	9
543.465	1	10
543.635	1	7
543.805	1	18
543.975	1	2
544.145	1	5
544.315	1	2
544.485	1	7
544.655	1	3
544.825	1	-8
544.995	1	8
545.165	1	-5
545.335	1	3
545.505	1	-15
545.675	1	10
545.845	1	6
546.015	1	14
546.185	1	6
546.355	1	7
546.525	1	11
546.695	1	9
546.865	1	-6
547.035	1	10
547.205	1	-7
547.375	1	7
547.545	1	5
547.715	1	3
547.885	1	6
548.055	1	5
548.225	1	1
548.395	1	3
548.565	1	1
548.735	1	5
548.905	1	5
549.075	1	9
549.245	1	-6
549.415	1	1
549.585	1	14
549.755	1	0
549.925	1	-6
550.095	1	1
550.265	1	3
550.435	1	-1
550.605	1	-1
550.775	1	6
550.945	1	7
551.115	1	-2
551.285	1	6
551.455	1	-3
551.625	1	14
551.795	1	4
551.965	1	1
552.135	1	-5
552.305	1	-2
552.475	1	-3
552.645	1	1
552.815	1	-1
552.985	1	3
553.155	1	3
553.325	1	16
553.495	1	-5
553.665	1	-1
553.835	1	-2
554.004	1	-1
554.174	1	1
554.344	1	3
554.514	1	7
554.684	1	0
554.854	1	9
555.024	1	-6
555.194	1	-1
555.364	1	5
555.534	1	11
555.704	1	-2
555.874	1	9
556.044	1	8
556.214	1	-2
556.384	1	-1
556.554	1	14
556.724	1	4
556.894	1	6
557.064	1	1
557.234	1	-3
557.404	1	9
557.573	1	11
557.743	1	2
557.913	1	-10
558.083	1	-4
558.253	1	4
558.423	1	-6
558.593	1	10
558.763	1	0
558.933	1	0
559.103	1	10
559.273	1	6
559.443	1	8
559.613	1	6
559.783	1	0
559.953	1	1
560.122	1	9
560.292	1	3
560.462	1	-2
560.632	1	-4
560.802	1	7
560.972	1	10
561.142	1	3
561.312	1	-1
561.482	1	17
561.652	1	9
561.822	1	-7
561.992	1	9
562.162	1	0
562.331	1	-3
562.501	1	-4
562.671	1	6
562.841	1	-4
563.011	1	4
563.181	1	1
563.351	1	1
563.521	1	5
563.691	1	1
563.861	1	3
564.031	1	7
564.201	1	11
564.370	1	-7
564.540	1	-1
564.710	1	-5
564.880	1	5
565.050	1	10
565.220	1	-4
565.390	1	14
565.560	1	4
565.730	1	1
565.900	1	4
566.069	1	16
566.239	1	13
566.409	1	16
566.579	1	5
566.749	1	4
566.919	1	10
567.089	1	4
567.259	1	3
567.429	1	-4
567.599	1	4
567.768	1	-2
567.938	1	2
568.108	1	2
568.278	1	-10
568.448	1	-2
568.618	1	1
568.788	1	0
568.958	1	8
569.128	1	11
569.297	1	5
569.467	1	1
569.637	1	7
569.807	1	-2
569.977	1	0
570.147	1	11
570.317	1	1
570.487	1	-9
570.656	1	1
570.826	1	-13
570.996	1	2
571.166	1	9
571.336	1	-3
571.506	1	4
571.676	1	5
571.846	1	13
572.015	1	7
572.185	1	2
572.355	1	-3
572.525	1	9
572.695	1	3
572.865	1	3
573.035	1	2
573.205	1	6
573.374	1	0
573.544	1	4
573.714	1	12
573.884	1	8
574.054	1	-1
574.224	1	-1
574.394	1	-2
574.563	1	1
574.733	1	2
574.903	1	4
575.073	1	-2
575.243	1	0
575.413	1	3
575.583	1	3
575.752	1	5
575.922	1	4
576.092	1	-2
576.262	1	7
576.432	1	3
576.602	1	-12
576.772	1	12
576.941	1	7
577.111	1	-1
577.281	1	2
577.451	1	-11
577.621	1	2
577.791	1	6
577.960	1	-3
578.130	1	5
578.300	1	3
578.470	1	3
578.640	1	-4
578.810	1	8
578.979	1	6
579.149	1	3
579.319	1	-8
579.489	1	0
579.659	1	-1
579.829	1	-3
579.998	1	15
580.168	1	8
580.338	1	0
580.508	1	5
580.678	1	15
580.848	1	-9
581.017	1	0
581.187	1	4
581.357	1	-9
581.527	1	3
581.697	1	1
581.867	1	12
582.036	1	5
582.206	1	-7
582.376	1	11
582.546	1	0
582.716	1	0
582.885	1	1
583.055	1	8
583.225	1	-4
583.395	1	7
583.565	1	-10
583.735	1	6
583.904	1	8
584.074	1	4
584.244	1	9
584.414	1	5
584.584	1	12
584.753	1	-7
584.923	1	2
585.093	1	2
585.263	1	5
585.433	1	0
585.602	1	-3
585.772	1	-5
585.942	1	2
586.112	1	10
586.282	1	4
586.451	1	-1
586.621	1	-7
586.791	1	0
586.961	1	5
587.131	1	17
587.300	1	3
587.470	1	9
587.640	1	7
587.810	1	0
587.980	1	-1
588.149	1	4
588.319	1	4
588.489	1	-3
588.659	1	5
588.829	1	5
588.998	1	18
589.168	1	-3
589.338	1	13
589.508	1	4
589.677	1	-3
589.847	1	-11
590.017	1	11
590.187	1	-2
590.357	1	6
590.526	1	6
590.696	1	4
590.866	1	6
591.036	1	-5
591.205	1	16
591.375	1	-3
591.545	1	-1
591.715	1	8
591.885	1	0
592.054	1	0
592.224	1	-7
592.394	1	4
592.564	1	8
592.733	1	-1
592.903	1	4
593.073	1	2
593.243	1	-3
593.412	1	6
593.582	1	5
593.752	1	-14
593.922	1	-3
594.091	1	-1
594.261	1	-4
594.431	1	6
594.601	1	17
594.771	1	17
594.940	1	-1
595.110	1	-9
595.280	1	-1
595.450	1	1
595.619	1	-2
595.789	1	-4
595.959	1	14
596.129	1	3
596.298	1	-5
596.468	1	4
596.638	1	12
596.808	1	5
596.977	1	2
597.147	1	8
597.317	1	-5
597.487	1	7
597.656	1	4
597.826	1	1
597.996	1	3
598.166	1	5
598.335	1	-1
598.505	1	6
598.675	1	1
598.844	1	5
599.014	1	-6
599.184	1	-3
599.354	1	-6
599.523	1	7
599.693	1	0
599.863	1	3
600.033	1	10
600.202	1	2
600.372	1	1
600.542	1	8
600.712	1	-9
600.881	1	3
601.051	1	14
601.221	1	8
601.390	1	-1
601.560	1	1
601.730	1	13
601.900	1	5
602.069	1	7
602.239	1	-4
602.409	1	0
602.578	1	-3
602.748	1	4
602.918	1	13
603.088	1	8
603.257	1	8
603.427	1	-2
603.597	1	1
603.767	1	-3
603.936	1	6
604.106	1	9
604.276	1	-3
604.445	1	1
604.615	1	3
604.785	1	-2
604.954	1	-7
605.124	1	7
605.294	1	-1
605.464	1	-4
605.633	1	9
605.803	1	-1
605.973	1	-3
606.142	1	7
606.312	1	5
606.482	1	3
606.652	1	0
606.821	1	-4
606.991	1	-5
607.161	1	0
607.330	1	4
607.500	1	-2
607.670	1	-2
607.839	1	10
608.009	1	16
608.179	1	13
608.348	1	4
608.518	1	-1
608.688	1	16
608.858	1	1
609.027	1	-5
609.197	1	-1
609.367	1	6
609.536	1	8
609.706	1	-6
609.876	1	10
610.045	1	5
610.215	1	-5
610.385	1	5
610.554	1	8
610.724	1	3
610.894	1	9
611.063	1	3
611.233	1	13
611.403	1	-2
611.572	1	0
611.742	1	5
611.912	1	1
612.081	1	1
612.251	1	2
612.421	1	-3
612.590	1	-3
612.760	1	3
612.930	1	6
613.099	1	5
613.269	1	5
613.439	1	-1
613.608	1	-6
613.778	1	20
613.948	1	5
614.117	1	0
614.287	1	8
614.457	1	3
614.626	1	-2
614.796	1	6
614.966	1	-3
615.135	1	6
615.305	1	10
615.475	1	12
615.644	1	-1
615.814	1	4
615.984	1	-10
616.153	1	-3
616.323	1	-2
616.493	1	2
616.662	1	12
616.832	1	9
617.002	1	-4
617.171	1	6
617.341	1	-1
617.511	1	-3
617.680	1	-6
617.850	1	1
618.019	1	13
618.189	1	12
618.359	1	3
618.528	1	2
618.698	1	7
618.868	1	-4
619.037	1	-2
619.207	1	-5
619.377	1	2
619.546	1	7
619.716	1	5
619.885	1	5
620.055	1	-11
620.225	1	3
620.394	1	-5
620.564	1	9
620.734	1	15
620.903	1	-1
621.073	1	8
621.242	1	11
621.412	1	3
621.582	1	-1
621.751	1	11
621.921	1	-4
622.091	1	3
622.260	1	0
622.430	1	1
622.599	1	0
622.769	1	6
622.939	1	12
623.108	1	6
623.278	1	-2
623.448	1	-1
623.617	1	7
623.787	1	6
623.956	1	8
624.126	1	2
624.296	1	6
624.465	1	0
624.635	1	11
624.804	1	6
624.974	1	-4
625.144	1	13
625.313	1	2
625.483	1	1
625.652	1	8
625.822	1	-9
625.992	1	-2
626.161	1	6
626.331	1	9
626.501	1	-1
626.670	1	5
626.840	1	-5
627.009	1	-3
627.179	1	4
627.348	1	13
627.518	1	0
627.688	1	14
627.857	1	4
628.027	1	1
628.196	1	7
628.366	1	7
628.536	1	14
628.705	1	5
628.875	1	11
629.044	1	1
629.214	1	11
629.384	1	7
629.553	1	11
629.723	1	3
629.892	1	-1
630.062	1	6
630.232	1	-2
630.401	1	8
630.571	1	1
630.740	1	11
630.910	1	6
631.079	1	5
631.249	1	9
631.419	1	9
631.588	1	-7
631.758	1	3
631.927	1	3
632.097	1	9
632.266	1	0
632.436	1	8
632.606	1	-10
632.775	1	8
632.945	1	-1
633.114	1	6
633.284	1	10
633.453	1	-3
633.623	1	14
633.793	1	11
633.962	1	-1
634.132	1	5
634.301	1	2
634.471	1	10
634.640	1	11
634.810	1	6
634.979	1	6
635.149	1	8
635.319	1	7
635.488	1	10
635.658	1	1
635.827	1	0
635.997	1	4
636.166	1	1
636.336	1	-2
636.505	1	13
636.675	1	-1
636.845	1	11
637.014	1	10
637.184	1	8
637.353	1	1
637.523	1	13
637.692	1	1
637.862	1	6
638.031	1	7
638.201	1	7
638.370	1	-2
638.540	1	4
638.710	1	3
638.879	1	-5
639.049	1	6
639.218	1	8
639.388	1	-6
639.557	1	2
639.727	1	8
639.896	1	6
640.066	1	1
640.235	1	9
640.405	1	5
640.574	1	2
640.744	1	2
640.914	1	-2
641.083	1	8
641.253	1	-1
641.422	1	4
641.592	1	7
641.761	1	2
641.931	1	0
642.100	1	21
642.270	1	-3
642.439	1	15
642.609	1	15
642.778	1	4
642.948	1	6
643.117	1	8
643.287	1	3
643.456	1	-1
643.626	1	1
643.795	1	13
643.965	1	9
644.134	1	-3
644.304	1	-6
644.473	1	11
644.643	1	6
644.812	1	4
644.982	1	2
645.151	1	10
645.321	1	-4
645.490	1	15
645.660	1	0
645.829	1	0
645.999	1	5
646.168	1	2
646.338	1	8
646.507	1	4
646.677	1	-2
646.846	1	5
647.016	1	-6
647.185	1	7
647.355	1	-13
647.524	1	7
647.694	1	10
647.863	1	4
648.033	1	4
648.202	1	4
648.372	1	3
648.541	1	1
648.711	1	7
648.880	1	-8
649.050	1	-1
649.219	1	2
649.389	1	1
649.558	1	6
649.728	1	1
649.897	1	0
650.067	1	7
650.236	1	0
650.406	1	0
650.575	1	5
650.745	1	11
650.914	1	-8
651.084	1	5
651.253	1	7
651.423	1	1
651.592	1	1
651.762	1	-1
651.931	1	16
652.101	1	12
652.270	1	17
652.440	1	3
652.609	1	3
652.778	1	5
652.948	1	12
653.117	1	12
653.287	1	4
653.456	1	9
653.626	1	8
653.795	1	-1
653.965	1	5
654.134	1	8
654.304	1	-6
654.473	1	8
654.643	1	5
654.812	1	5
654.982	1	5
655.151	1	4
655.320	1	7
655.490	1	2
655.659	1	8
655.829	1	5
655.998	1	2
656.168	1	0
656.337	1	14
656.507	1	2
656.676	1	12
656.846	1	6
657.015	1	19
657.184	1	12
657.354	1	8
657.523	1	-3
657.693	1	8
657.862	1	7
658.032	1	-3
658.201	1	14
658.371	1	11
658.540	1	9
658.709	1	2
658.879	1	7
659.048	1	1
659.218	1	0
659.387	1	4
659.557	1	5
659.726	1	9
659.895	1	12
660.065	1	1
660.234	1	9
660.404	1	10
660.573	1	-5
660.743	1	3
660.912	1	5
661.081	1	7
661.251	1	1
661.420	1	10
661.590	1	10
661.759	1	7
661.929	1	3
662.098	1	9
662.267	1	2
662.437	1	11
662.606	1	3
662.776	1	12
662.945	1	12
663.115	1	4
663.284	1	-2
663.453	1	4
663.623	1	1
663.792	1	5
663.962	1	-5
664.131	1	3
664.300	1	7
664.470	1	-1
664.639	1	4
664.809	1	-1
664.978	1	4
665.148	1	1
665.317	1	1
665.486	1	11
665.656	1	6
665.825	1	11
665.995	1	-3
666.164	1	-1
666.333	1	8
666.503	1	2
666.672	1	-2
666.842	1	11
667.011	1	6
667.180	1	10
667.350	1	-2
667.519	1	13
667.689	1	5
667.858	1	11
668.027	1	16
668.197	1	5
668.366	1	1
668.536	1	0
668.705	1	3
668.874	1	11
669.044	1	7
669.213	1	16
669.382	1	-6
669.552	1	2
669.721	1	14
669.891	1	15
670.060	1	2
670.229	1	18
670.399	1	2
670.568	1	12
670.738	1	10
670.907	1	3
671.076	1	4
671.246	1	9
671.415	1	4
671.584	1	1
671.754	1	7
671.923	1	-1
672.093	1	10
672.262	1	0
672.431	1	17
672.601	1	3
672.770	1	-6
672.939	1	14
673.109	1	1
673.278	1	9
673.448	1	9
673.617	1	10
673.786	1	9
