325.333	1	25
325.504	1	25
325.675	1	21
325.846	1	29
326.017	1	26
326.188	1	29
326.359	1	17
326.531	1	15
326.702	1	22
326.873	1	39
327.044	1	35
327.215	1	36
327.386	1	30
327.557	1	28
327.728	1	40
327.899	1	41
328.070	1	40
328.241	1	41
328.412	1	18
328.583	1	35
328.754	1	34
328.926	1	43
329.097	1	26
329.268	1	51
329.439	1	36
329.610	1	39
329.781	1	26
329.952	1	40
330.123	1	40
330.294	1	35
330.465	1	43
330.636	1	46
330.807	1	39
330.978	1	45
331.149	1	32
331.320	1	40
331.492	1	41
331.663	1	33
331.834	1	52
332.005	1	33
332.176	1	56
332.347	1	43
332.518	1	32
332.689	1	43
332.860	1	42
333.031	1	50
333.202	1	33
333.373	1	48
333.544	1	55
333.715	1	53
333.886	1	47
334.057	1	50
334.228	1	35
334.399	1	49
334.570	1	52
334.741	1	41
334.912	1	47
335.084	1	57
335.255	1	44
335.426	1	46
335.597	1	43
335.768	1	58
335.939	1	59
336.110	1	51
336.281	1	52
336.452	1	48
336.623	1	41
336.794	1	53
336.965	1	56
337.136	1	60
337.307	1	49
337.478	1	53
337.649	1	59
337.820	1	55
337.991	1	62
338.162	1	61
338.333	1	49
338.504	1	62
338.675	1	62
338.846	1	61
339.017	1	51
339.188	1	49
339.359	1	47
339.530	1	63
339.701	1	65
339.872	1	64
340.043	1	56
340.214	1	65
340.385	1	63
340.556	1	49
340.727	1	60
340.898	1	77
341.069	1	69
341.240	1	55
341.411	1	61
341.582	1	66
341.753	1	58
341.924	1	64
342.095	1	75
342.266	1	65
342.437	1	70
342.608	1	69
342.779	1	70
342.950	1	79
343.121	1	81
343.292	1	58
343.463	1	69
343.634	1	72
343.805	1	85
343.976	1	76
344.147	1	66
344.318	1	68
344.489	1	60
344.660	1	88
344.831	1	76
345.002	1	73
345.173	1	81
345.344	1	76
345.515	1	79
345.686	1	75
345.857	1	75
346.028	1	75
346.199	1	71
346.370	1	83
346.541	1	75
346.712	1	73
346.883	1	79
347.054	1	74
347.225	1	81
347.396	1	87
347.567	1	77
347.738	1	68
347.909	1	87
348.080	1	83
348.251	1	82
348.422	1	95
348.593	1	78
348.764	1	85
348.935	1	87
349.106	1	97
349.277	1	85
349.448	1	85
349.619	1	91
349.790	1	92
349.961	1	90
350.132	1	97
350.303	1	96
350.474	1	108
350.645	1	90
350.816	1	86
350.987	1	105
351.157	1	90
351.328	1	98
351.499	1	91
351.670	1	97
351.841	1	98
352.012	1	107
352.183	1	104
352.354	1	101
352.525	1	105
352.696	1	109
352.867	1	95
353.038	1	113
353.209	1	100
353.380	1	101
353.551	1	95
353.722	1	98
353.893	1	105
354.064	1	109
354.235	1	106
354.406	1	98
354.576	1	110
354.747	1	110
354.918	1	111
355.089	1	109
355.260	1	121
355.431	1	118
355.602	1	104
355.773	1	115
355.944	1	107
356.115	1	105
356.286	1	112
356.457	1	106
356.628	1	106
356.799	1	108
356.970	1	120
357.141	1	105
357.311	1	105
357.482	1	117
357.653	1	108
357.824	1	126
357.995	1	119
358.166	1	116
358.337	1	124
358.508	1	113
358.679	1	121
358.850	1	117
359.021	1	106
359.192	1	126
359.363	1	120
359.533	1	123
359.704	1	123
359.875	1	132
360.046	1	117
360.217	1	109
360.388	1	102
360.559	1	109
360.730	1	129
360.901	1	116
361.072	1	140
361.243	1	122
361.414	1	130
361.584	1	127
361.755	1	132
361.926	1	121
362.097	1	113
362.268	1	118
362.439	1	138
362.610	1	129
362.781	1	115
362.952	1	120
363.123	1	127
363.293	1	116
363.464	1	132
363.635	1	133
363.806	1	126
363.977	1	121
364.148	1	126
364.319	1	131
364.490	1	124
364.661	1	139
364.832	1	135
365.002	1	139
365.173	1	126
365.344	1	144
365.515	1	118
365.686	1	127
365.857	1	134
366.028	1	136
366.199	1	137
366.370	1	127
366.540	1	135
366.711	1	117
366.882	1	107
367.053	1	121
367.224	1	154
367.395	1	139
367.566	1	132
367.737	1	151
367.908	1	134
368.078	1	151
368.249	1	145
368.420	1	133
368.591	1	128
368.762	1	133
368.933	1	133
369.104	1	131
369.274	1	139
369.445	1	130
369.616	1	126
369.787	1	137
369.958	1	137
370.129	1	136
370.300	1	147
370.471	1	124
370.641	1	148
370.812	1	151
370.983	1	131
371.154	1	130
371.325	1	132
371.496	1	141
371.667	1	143
371.837	1	123
372.008	1	150
372.179	1	121
372.350	1	161
372.521	1	142
372.692	1	137
372.863	1	137
373.033	1	129
373.204	1	134
373.375	1	134
373.546	1	144
373.717	1	144
373.888	1	148
374.059	1	136
374.229	1	135
374.400	1	144
374.571	1	144
374.742	1	149
374.913	1	148
375.084	1	138
375.254	1	152
375.425	1	151
375.596	1	148
375.767	1	157
375.938	1	148
376.109	1	152
376.279	1	162
376.450	1	151
376.621	1	156
376.792	1	154
376.963	1	162
377.134	1	155
377.304	1	174
377.475	1	160
377.646	1	137
377.817	1	145
377.988	1	161
378.159	1	158
378.329	1	161
378.500	1	153
378.671	1	149
378.842	1	163
379.013	1	145
379.184	1	159
379.354	1	170
379.525	1	150
379.696	1	170
379.867	1	158
380.038	1	155
380.209	1	154
380.379	1	166
380.550	1	151
380.721	1	158
380.892	1	155
381.063	1	171
381.233	1	169
381.404	1	153
381.575	1	160
381.746	1	180
381.917	1	159
382.087	1	161
382.258	1	158
382.429	1	171
382.600	1	174
382.771	1	166
382.941	1	169
383.112	1	174
383.283	1	182
383.454	1	169
383.625	1	173
383.795	1	181
383.966	1	160
384.137	1	188
384.308	1	167
384.479	1	186
384.649	1	170
384.820	1	175
384.991	1	161
385.162	1	190
385.333	1	182
385.503	1	167
385.674	1	173
385.845	1	187
386.016	1	166
386.187	1	179
386.357	1	177
386.528	1	192
386.699	1	184
386.870	1	193
387.041	1	191
387.211	1	183
387.382	1	186
387.553	1	189
387.724	1	173
387.894	1	190
388.065	1	177
388.236	1	193
388.407	1	189
388.578	1	192
388.748	1	177
388.919	1	199
389.090	1	196
389.261	1	192
389.431	1	199
389.602	1	181
389.773	1	203
389.944	1	199
390.114	1	189
390.285	1	184
390.456	1	185
390.627	1	184
390.798	1	194
390.968	1	180
391.139	1	197
391.310	1	198
391.481	1	184
391.651	1	185
391.822	1	194
391.993	1	202
392.164	1	181
392.334	1	173
392.505	1	187
392.676	1	191
392.847	1	195
393.017	1	205
393.188	1	200
393.359	1	172
393.530	1	195
393.700	1	186
393.871	1	192
394.042	1	190
394.213	1	194
394.383	1	190
394.554	1	191
394.725	1	201
394.896	1	195
395.066	1	207
395.237	1	189
395.408	1	184
395.579	1	189
395.749	1	205
395.920	1	197
396.091	1	192
396.262	1	199
396.432	1	197
396.603	1	202
396.774	1	224
396.945	1	193
397.115	1	201
397.286	1	215
397.457	1	214
397.627	1	194
397.798	1	206
397.969	1	190
398.140	1	204
398.310	1	203
398.481	1	203
398.652	1	203
398.823	1	213
398.993	1	193
399.164	1	201
399.335	1	211
399.505	1	210
399.676	1	200
399.847	1	214
400.018	1	200
400.188	1	204
400.359	1	210
400.530	1	196
400.700	1	208
400.871	1	201
401.042	1	208
401.213	1	205
401.383	1	211
401.554	1	213
401.725	1	199
401.895	1	194
402.066	1	217
402.237	1	226
402.408	1	207
402.578	1	197
402.749	1	207
402.920	1	196
403.090	1	214
403.261	1	194
403.432	1	207
403.603	1	204
403.773	1	212
403.944	1	212
404.115	1	211
404.285	1	198
404.456	1	188
404.627	1	195
404.797	1	198
404.968	1	208
405.139	1	199
405.310	1	215
405.480	1	214
405.651	1	197
405.822	1	210
405.992	1	200
406.163	1	207
406.334	1	202
406.504	1	202
406.675	1	227
406.846	1	209
407.016	1	203
407.187	1	211
407.358	1	215
407.528	1	206
407.699	1	207
407.870	1	198
408.041	1	206
408.211	1	228
408.382	1	200
408.553	1	216
408.723	1	219
408.894	1	212
409.065	1	219
409.235	1	215
409.406	1	208
409.577	1	217
409.747	1	241
409.918	1	213
410.089	1	221
410.259	1	220
410.430	1	205
410.601	1	218
410.771	1	210
410.942	1	217
411.113	1	223
411.283	1	208
411.454	1	219
411.625	1	193
411.795	1	207
411.966	1	214
412.137	1	209
412.307	1	194
412.478	1	217
412.649	1	208
412.819	1	211
412.990	1	203
413.161	1	204
413.331	1	200
413.502	1	213
413.672	1	215
413.843	1	204
414.014	1	201
414.184	1	217
414.355	1	215
414.526	1	207
414.696	1	215
414.867	1	204
415.038	1	189
415.208	1	209
415.379	1	215
415.550	1	217
415.720	1	202
415.891	1	202
416.062	1	201
416.232	1	215
416.403	1	199
416.573	1	206
416.744	1	198
416.915	1	208
417.085	1	197
417.256	1	204
417.427	1	189
417.597	1	211
417.768	1	198
417.939	1	201
418.109	1	207
418.280	1	211
418.450	1	208
418.621	1	191
418.792	1	211
418.962	1	213
419.133	1	212
419.304	1	208
419.474	1	189
419.645	1	196
419.815	1	198
419.986	1	201
420.157	1	207
420.327	1	213
420.498	1	213
420.669	1	200
420.839	1	209
421.010	1	205
421.180	1	214
421.351	1	200
421.522	1	205
421.692	1	206
421.863	1	205
422.033	1	207
422.204	1	203
422.375	1	199
422.545	1	212
422.716	1	201
422.886	1	196
423.057	1	205
423.228	1	197
423.398	1	192
423.569	1	195
423.740	1	171
423.910	1	197
424.081	1	202
424.251	1	177
424.422	1	203
424.593	1	188
424.763	1	187
424.934	1	187
425.104	1	192
425.275	1	182
425.445	1	189
425.616	1	195
425.787	1	195
425.957	1	183
426.128	1	196
426.298	1	202
426.469	1	193
426.640	1	186
426.810	1	187
426.981	1	184
427.151	1	181
427.322	1	185
427.493	1	192
427.663	1	190
427.834	1	187
428.004	1	199
428.175	1	192
428.345	1	179
428.516	1	173
428.687	1	186
428.857	1	169
429.028	1	181
429.198	1	187
429.369	1	187
429.540	1	184
429.710	1	170
429.881	1	185
430.051	1	187
430.222	1	176
430.392	1	194
430.563	1	198
430.734	1	195
430.904	1	179
431.075	1	181
431.245	1	175
431.416	1	182
431.586	1	189
431.757	1	193
431.927	1	181
432.098	1	186
432.269	1	183
432.439	1	176
432.610	1	175
432.780	1	181
432.951	1	175
433.121	1	170
433.292	1	187
433.462	1	185
433.633	1	191
433.804	1	185
433.974	1	189
434.145	1	192
434.315	1	178
434.486	1	173
434.656	1	177
434.827	1	170
434.997	1	173
435.168	1	173
435.339	1	178
435.509	1	176
435.680	1	184
435.850	1	187
436.021	1	167
436.191	1	169
436.362	1	178
436.532	1	181
436.703	1	159
436.873	1	181
437.044	1	169
437.214	1	175
437.385	1	157
437.556	1	172
437.726	1	184
437.897	1	180
438.067	1	171
438.238	1	170
438.408	1	158
438.579	1	151
438.749	1	166
438.920	1	158
439.090	1	169
439.261	1	155
439.431	1	179
439.602	1	173
439.772	1	162
439.943	1	177
440.113	1	164
440.284	1	170
440.455	1	159
440.625	1	158
440.796	1	180
440.966	1	157
441.137	1	153
441.307	1	149
441.478	1	167
441.648	1	159
441.819	1	144
441.989	1	162
442.160	1	157
442.330	1	159
442.501	1	167
442.671	1	146
442.842	1	135
443.012	1	151
443.183	1	157
443.353	1	136
443.524	1	162
443.694	1	158
443.865	1	153
444.035	1	158
444.206	1	156
444.376	1	152
444.547	1	157
444.717	1	158
444.888	1	162
445.058	1	159
445.229	1	162
445.399	1	150
445.570	1	139
445.740	1	150
445.911	1	142
446.081	1	138
446.252	1	160
446.422	1	144
446.593	1	149
446.763	1	149
446.934	1	133
447.104	1	157
447.275	1	157
447.445	1	152
447.616	1	164
447.786	1	145
447.957	1	150
448.127	1	148
448.298	1	152
448.468	1	147
448.639	1	140
448.809	1	162
448.979	1	147
449.150	1	138
449.320	1	145
449.491	1	151
449.661	1	133
449.832	1	144
450.002	1	140
450.173	1	148
450.343	1	142
450.514	1	139
450.684	1	143
450.855	1	137
451.025	1	142
451.196	1	145
451.366	1	147
451.537	1	136
451.707	1	123
451.878	1	131
452.048	1	143
452.218	1	138
452.389	1	143
452.559	1	136
452.730	1	145
452.900	1	135
453.071	1	116
453.241	1	139
453.412	1	126
453.582	1	109
453.753	1	131
453.923	1	132
454.093	1	140
454.264	1	133
454.434	1	131
454.605	1	113
454.775	1	131
454.946	1	121
455.116	1	135
455.287	1	116
455.457	1	122
455.628	1	116
455.798	1	134
455.968	1	138
456.139	1	120
456.309	1	117
456.480	1	134
456.650	1	113
456.821	1	117
456.991	1	117
457.161	1	124
457.332	1	132
457.502	1	116
457.673	1	126
457.843	1	130
458.014	1	121
458.184	1	119
458.355	1	116
458.525	1	130
458.695	1	127
458.866	1	127
459.036	1	126
459.207	1	117
459.377	1	136
459.548	1	123
459.718	1	105
459.888	1	116
460.059	1	126
460.229	1	138
460.400	1	127
460.570	1	125
460.740	1	111
460.911	1	122
461.081	1	116
461.252	1	129
461.422	1	111
461.593	1	114
461.763	1	119
461.933	1	125
462.104	1	122
462.274	1	112
462.445	1	120
462.615	1	113
462.785	1	107
462.956	1	118
463.126	1	125
463.297	1	109
463.467	1	107
463.638	1	119
463.808	1	121
463.978	1	103
464.149	1	99
464.319	1	107
464.490	1	116
464.660	1	109
464.830	1	114
465.001	1	106
465.171	1	112
465.342	1	108
465.512	1	98
465.682	1	105
465.853	1	112
466.023	1	109
466.194	1	98
466.364	1	108
466.534	1	108
466.705	1	111
466.875	1	109
467.045	1	101
467.216	1	116
467.386	1	104
467.557	1	107
467.727	1	90
467.897	1	104
468.068	1	96
468.238	1	98
468.409	1	101
468.579	1	102
468.749	1	111
468.920	1	92
469.090	1	100
469.260	1	96
469.431	1	93
469.601	1	120
469.772	1	99
469.942	1	101
470.112	1	96
470.283	1	100
470.453	1	91
470.623	1	99
470.794	1	91
470.964	1	97
471.135	1	114
471.305	1	86
471.475	1	95
471.646	1	91
471.816	1	96
471.986	1	85
472.157	1	111
472.327	1	73
472.497	1	92
472.668	1	88
472.838	1	85
473.009	1	93
473.179	1	85
473.349	1	76
473.520	1	96
473.690	1	102
473.860	1	99
474.031	1	94
474.201	1	89
474.371	1	93
474.542	1	85
474.712	1	92
474.882	1	91
475.053	1	104
475.223	1	80
475.394	1	93
475.564	1	94
475.734	1	93
475.905	1	107
476.075	1	99
476.245	1	102
476.416	1	92
476.586	1	90
476.756	1	92
476.927	1	96
477.097	1	91
477.267	1	85
477.438	1	86
477.608	1	88
477.778	1	89
477.949	1	85
478.119	1	87
478.289	1	91
478.460	1	92
478.630	1	92
478.800	1	80
478.971	1	91
479.141	1	74
479.311	1	75
479.482	1	83
479.652	1	82
479.822	1	87
479.993	1	82
480.163	1	93
480.333	1	90
480.504	1	92
480.674	1	86
480.844	1	83
481.015	1	88
481.185	1	73
481.355	1	79
481.525	1	81
481.696	1	92
481.866	1	85
482.036	1	79
482.207	1	82
482.377	1	73
482.547	1	83
482.718	1	86
482.888	1	75
483.058	1	72
483.229	1	65
483.399	1	74
483.569	1	77
483.740	1	80
483.910	1	70
484.080	1	72
484.250	1	80
484.421	1	71
484.591	1	79
484.761	1	90
484.932	1	77
485.102	1	81
485.272	1	86
485.443	1	90
485.613	1	77
485.783	1	81
485.953	1	74
486.124	1	77
486.294	1	80
486.464	1	72
486.635	1	82
486.805	1	74
486.975	1	75
487.146	1	82
487.316	1	69
487.486	1	66
487.656	1	61
487.827	1	72
487.997	1	64
488.167	1	65
488.338	1	85
488.508	1	75
488.678	1	65
488.848	1	87
489.019	1	64
489.189	1	68
489.359	1	73
489.529	1	59
489.700	1	58
489.870	1	74
490.040	1	59
490.211	1	60
490.381	1	77
490.551	1	73
490.721	1	70
490.892	1	67
491.062	1	72
491.232	1	75
491.402	1	65
491.573	1	62
491.743	1	65
491.913	1	66
492.084	1	81
492.254	1	50
492.424	1	67
492.594	1	60
492.765	1	71
492.935	1	54
493.105	1	62
493.275	1	64
493.446	1	69
493.616	1	74
493.786	1	70
493.956	1	60
494.127	1	63
494.297	1	60
494.467	1	63
494.637	1	59
494.808	1	58
494.978	1	50
495.148	1	65
495.318	1	50
495.489	1	69
495.659	1	64
495.829	1	69
495.999	1	64
496.170	1	73
496.340	1	59
496.510	1	64
496.680	1	61
496.851	1	57
497.021	1	54
497.191	1	56
497.361	1	51
497.532	1	50
497.702	1	59
497.872	1	62
498.042	1	67
498.213	1	67
498.383	1	62
498.553	1	51
498.723	1	50
498.894	1	61
499.064	1	59
499.234	1	58
499.404	1	62
499.574	1	65
499.745	1	70
499.915	1	47
500.085	1	58
500.255	1	60
500.426	1	62
500.596	1	61
500.766	1	52
500.936	1	60
501.106	1	47
501.277	1	65
501.447	1	52
501.617	1	62
501.787	1	61
501.958	1	47
502.128	1	43
502.298	1	58
502.468	1	54
502.638	1	58
502.809	1	56
502.979	1	49
503.149	1	49
503.319	1	54
503.489	1	55
503.660	1	54
503.830	1	53
504.000	1	66
504.170	1	56
504.340	1	57
504.511	1	50
504.681	1	54
504.851	1	57
505.021	1	56
505.192	1	46
505.362	1	58
505.532	1	51
505.702	1	55
505.872	1	59
506.043	1	56
506.213	1	40
506.383	1	49
506.553	1	51
506.723	1	58
506.893	1	58
507.064	1	56
507.234	1	39
507.404	1	45
507.574	1	47
507.744	1	55
507.915	1	59
508.085	1	54
508.255	1	55
508.425	1	38
508.595	1	48
508.766	1	48
508.936	1	40
509.106	1	58
509.276	1	51
509.446	1	45
509.616	1	41
509.787	1	45
509.957	1	48
510.127	1	46
510.297	1	38
510.467	1	45
510.638	1	49
510.808	1	33
510.978	1	38
511.148	1	51
511.318	1	41
511.488	1	47
511.659	1	41
511.829	1	37
511.999	1	53
512.169	1	42
512.339	1	43
512.509	1	44
512.680	1	39
512.850	1	49
513.020	1	45
513.190	1	49
513.360	1	41
513.530	1	47
513.700	1	51
513.871	1	35
514.041	1	38
514.211	1	43
514.381	1	50
514.551	1	39
514.721	1	39
514.892	1	50
515.062	1	49
515.232	1	37
515.402	1	38
515.572	1	36
515.742	1	54
515.912	1	37
516.083	1	44
516.253	1	40
516.423	1	42
516.593	1	29
516.763	1	46
516.933	1	39
517.104	1	30
517.274	1	43
517.444	1	44
517.614	1	38
517.784	1	38
517.954	1	46
518.124	1	35
518.294	1	31
518.465	1	33
518.635	1	38
518.805	1	31
518.975	1	40
519.145	1	35
519.315	1	43
519.485	1	36
519.656	1	48
519.826	1	38
519.996	1	32
520.166	1	37
520.336	1	43
520.506	1	41
520.676	1	29
520.846	1	49
521.017	1	41
521.187	1	36
521.357	1	46
521.527	1	36
521.697	1	40
521.867	1	30
522.037	1	41
522.207	1	38
522.377	1	44
522.548	1	30
522.718	1	40
522.888	1	42
523.058	1	42
523.228	1	38
523.398	1	39
523.568	1	27
523.738	1	30
523.909	1	38
524.079	1	24
524.249	1	33
524.419	1	45
524.589	1	28
524.759	1	49
524.929	1	27
525.099	1	33
525.269	1	38
525.439	1	34
525.610	1	44
525.780	1	41
525.950	1	33
526.120	1	39
526.290	1	29
526.460	1	33
526.630	1	36
526.800	1	26
526.970	1	32
527.140	1	43
527.311	1	24
527.481	1	36
527.651	1	34
527.821	1	27
527.991	1	43
528.161	1	40
528.331	1	36
528.501	1	34
528.671	1	24
528.841	1	28
529.011	1	41
529.181	1	27
529.352	1	28
529.522	1	31
529.692	1	34
529.862	1	21
530.032	1	33
530.202	1	34
530.372	1	26
530.542	1	27
530.712	1	31
530.882	1	29
531.052	1	26
531.222	1	36
531.392	1	24
531.563	1	37
531.733	1	28
531.903	1	24
532.073	1	40
532.243	1	22
532.413	1	26
532.583	1	34
532.753	1	35
532.923	1	16
533.093	1	38
533.263	1	23
533.433	1	24
533.603	1	46
533.773	1	27
533.943	1	19
534.113	1	34
534.284	1	18
534.454	1	28
534.624	1	36
534.794	1	28
534.964	1	33
535.134	1	27
535.304	1	30
535.474	1	50
535.644	1	23
535.814	1	19
535.984	1	26
536.154	1	17
536.324	1	18
536.494	1	45
536.664	1	32
536.834	1	31
537.004	1	34
537.174	1	32
537.344	1	29
537.514	1	16
537.685	1	14
537.855	1	37
538.025	1	23
538.195	1	21
538.365	1	33
538.535	1	30
538.705	1	25
538.875	1	22
539.045	1	23
539.215	1	31
539.385	1	18
539.555	1	17
539.725	1	20
539.895	1	21
540.065	1	39
540.235	1	33
540.405	1	15
540.575	1	25
540.745	1	31
540.915	1	32
541.085	1	14
541.255	1	19
541.425	1	19
541.595	1	17
541.765	1	22
541.935	1	16
542.105	1	21
542.275	1	23
542.445	1	14
542.615	1	15
542.785	1	34
542.955	1	15
543.125	1	20
543.295	1	29
543.465	1	25
543.635	1	17
543.805	1	38
543.975	1	30
544.145	1	26
544.315	1	17
544.485	1	25
544.655	1	20
544.825	1	16
544.995	1	20
545.165	1	16
545.335	1	20
545.505	1	12
545.675	1	26
545.845	1	31
546.015	1	23
546.185	1	31
546.355	1	19
546.525	1	30
546.695	1	24
546.865	1	14
547.035	1	30
547.205	1	3
547.375	1	23
547.545	1	27
547.715	1	18
547.885	1	22
548.055	1	8
548.225	1	26
548.395	1	17
548.565	1	17
548.735	1	18
548.905	1	13
549.075	1	24
549.245	1	16
549.415	1	19
549.585	1	26
549.755	1	25
549.925	1	12
550.095	1	14
550.265	1	17
550.435	1	21
550.605	1	10
550.775	1	16
550.945	1	26
551.115	1	25
551.285	1	26
551.455	1	6
551.625	1	26
551.795	1	27
551.965	1	14
552.135	1	11
552.305	1	16
552.475	1	16
552.645	1	18
552.815	1	22
552.985	1	21
553.155	1	20
553.325	1	24
553.495	1	20
553.665	1	20
553.835	1	15
554.004	1	18
554.174	1	17
554.344	1	25
554.514	1	18
554.684	1	23
554.854	1	27
555.024	1	12
555.194	1	6
555.364	1	24
555.534	1	22
555.704	1	12
555.874	1	19
556.044	1	16
556.214	1	19
556.384	1	8
556.554	1	22
556.724	1	14
556.894	1	11
557.064	1	22
557.234	1	13
557.404	1	19
557.573	1	15
557.743	1	17
557.913	1	15
558.083	1	15
558.253	1	16
558.423	1	11
558.593	1	13
558.763	1	18
558.933	1	6
559.103	1	30
559.273	1	22
559.443	1	21
559.613	1	22
559.783	1	20
559.953	1	13
560.122	1	18
560.292	1	21
560.462	1	24
560.632	1	19
560.802	1	9
560.972	1	22
561.142	1	19
561.312	1	12
561.482	1	19
561.652	1	19
561.822	1	18
561.992	1	16
562.162	1	21
562.331	1	8
562.501	1	7
562.671	1	19
562.841	1	6
563.011	1	24
563.181	1	18
563.351	1	11
563.521	1	23
563.691	1	12
563.861	1	18
564.031	1	27
564.201	1	23
564.370	1	7
564.540	1	13
564.710	1	1
564.880	1	18
565.050	1	17
565.220	1	18
565.390	1	15
565.560	1	18
565.730	1	9
565.900	1	13
566.069	1	19
566.239	1	16
566.409	1	21
566.579	1	18
566.749	1	15
566.919	1	27
567.089	1	10
567.259	1	16
567.429	1	14
567.599	1	7
567.768	1	8
567.938	1	17
568.108	1	12
568.278	1	13
568.448	1	12
568.618	1	8
568.788	1	9
568.958	1	10
569.128	1	20
569.297	1	7
569.467	1	8
569.637	1	18
569.807	1	17
569.977	1	14
570.147	1	17
570.317	1	3
570.487	1	23
570.656	1	20
570.826	1	12
570.996	1	12
571.166	1	27
571.336	1	4
571.506	1	18
571.676	1	23
571.846	1	20
572.015	1	11
572.185	1	7
572.355	1	18
572.525	1	19
572.695	1	7
572.865	1	11
573.035	1	13
573.205	1	14
573.374	1	9
573.544	1	5
573.714	1	15
573.884	1	24
574.054	1	15
574.224	1	20
574.394	1	8
574.563	1	5
574.733	1	7
574.903	1	7
575.073	1	11
575.243	1	18
575.413	1	10
575.583	1	7
575.752	1	6
575.922	1	11
576.092	1	15
576.262	1	15
576.432	1	17
576.602	1	13
576.772	1	27
576.941	1	6
577.111	1	5
577.281	1	5
577.451	1	9
577.621	1	17
577.791	1	15
577.960	1	15
578.130	1	10
578.300	1	7
578.470	1	18
578.640	1	17
578.810	1	15
578.979	1	20
579.149	1	18
579.319	1	10
579.489	1	16
579.659	1	10
579.829	1	8
579.998	1	15
580.168	1	27
580.338	1	13
580.508	1	13
580.678	1	18
580.848	1	17
581.017	1	3
581.187	1	15
581.357	1	3
581.527	1	26
581.697	1	16
581.867	1	17
582.036	1	13
582.206	1	13
582.376	1	19
582.546	1	15
582.716	1	11
582.885	1	6
583.055	1	13
583.225	1	10
583.395	1	16
583.565	1	3
583.735	1	15
583.904	1	13
584.074	1	18
584.244	1	18
584.414	1	14
584.584	1	19
584.753	1	5
584.923	1	18
585.093	1	16
585.263	1	17
585.433	1	7
585.602	1	6
585.772	1	7
585.942	1	15
586.112	1	11
586.282	1	13
586.451	1	11
586.621	1	8
586.791	1	5
586.961	1	6
587.131	1	20
587.300	1	2
587.470	1	28
587.640	1	13
587.810	1	18
587.980	1	3
588.149	1	15
588.319	1	12
588.489	1	2
588.659	1	21
588.829	1	5
588.998	1	23
589.168	1	21
589.338	1	18
589.508	1	5
589.677	1	4
589.847	1	5
590.017	1	31
590.187	1	5
590.357	1	23
590.526	1	25
590.696	1	15
590.866	1	17
591.036	1	18
591.205	1	26
591.375	1	10
591.545	1	13
591.715	1	20
591.885	1	19
592.054	1	12
592.224	1	18
592.394	1	21
592.564	1	14
592.733	1	15
592.903	1	19
593.073	1	17
593.243	1	10
593.412	1	16
593.582	1	10
593.752	1	12
593.922	1	8
594.091	1	14
594.261	1	16
594.431	1	9
594.601	1	15
594.771	1	17
594.940	1	9
595.110	1	16
595.280	1	4
595.450	1	16
595.619	1	9
595.789	1	11
595.959	1	17
596.129	1	12
596.298	1	11
596.468	1	17
596.638	1	15
596.808	1	13
596.977	1	17
597.147	1	15
597.317	1	1
597.487	1	15
597.656	1	9
597.826	1	22
597.996	1	13
598.166	1	14
598.335	1	9
598.505	1	20
598.675	1	11
598.844	1	19
599.014	1	7
599.184	1	7
599.354	1	9
599.523	1	20
599.693	1	-1
599.863	1	19
600.033	1	11
600.202	1	19
600.372	1	21
600.542	1	20
600.712	1	12
600.881	1	6
601.051	1	18
601.221	1	14
601.390	1	8
601.560	1	20
601.730	1	9
601.900	1	17
602.069	1	14
602.239	1	5
602.409	1	8
602.578	1	11
602.748	1	10
602.918	1	16
603.088	1	20
603.257	1	18
603.427	1	-2
603.597	1	16
603.767	1	20
603.936	1	22
604.106	1	10
604.276	1	19
604.445	1	13
604.615	1	11
604.785	1	14
604.954	1	13
605.124	1	18
605.294	1	12
605.464	1	17
605.633	1	13
605.803	1	23
605.973	1	1
606.142	1	22
606.312	1	14
606.482	1	15
606.652	1	17
606.821	1	12
606.991	1	15
607.161	1	17
607.330	1	22
607.500	1	16
607.670	1	3
607.839	1	25
608.009	1	36
608.179	1	6
608.348	1	21
608.518	1	14
608.688	1	17
608.858	1	6
609.027	1	6
609.197	1	12
609.367	1	19
609.536	1	31
609.706	1	19
609.876	1	17
610.045	1	5
610.215	1	10
610.385	1	14
610.554	1	19
610.724	1	18
610.894	1	18
611.063	1	13
611.233	1	19
611.403	1	19
611.572	1	12
611.742	1	26
611.912	1	9
612.081	1	15
612.251	1	18
612.421	1	7
612.590	1	12
612.760	1	15
612.930	1	13
613.099	1	11
613.269	1	27
613.439	1	16
613.608	1	13
613.778	1	22
613.948	1	13
614.117	1	11
614.287	1	15
614.457	1	18
614.626	1	19
614.796	1	26
614.966	1	15
615.135	1	11
615.305	1	33
615.475	1	17
615.644	1	16
615.814	1	23
615.984	1	20
616.153	1	11
616.323	1	23
616.493	1	21
616.662	1	32
616.832	1	16
617.002	1	20
617.171	1	25
617.341	1	10
617.511	1	7
617.680	1	14
617.850	1	20
618.019	1	23
618.189	1	27
618.359	1	19
618.528	1	20
618.698	1	15
618.868	1	14
619.037	1	11
619.207	1	11
619.377	1	20
619.546	1	15
619.716	1	15
619.885	1	22
620.055	1	12
620.225	1	21
620.394	1	1
620.564	1	30
620.734	1	26
620.903	1	3
621.073	1	25
621.242	1	20
621.412	1	18
621.582	1	12
621.751	1	20
621.921	1	19
622.091	1	13
622.260	1	28
622.430	1	23
622.599	1	17
622.769	1	15
622.939	1	27
623.108	1	24
623.278	1	6
623.448	1	17
623.617	1	21
623.787	1	20
623.956	1	22
624.126	1	16
624.296	1	14
624.465	1	28
624.635	1	13
624.804	1	31
624.974	1	16
625.144	1	23
625.313	1	27
625.483	1	15
625.652	1	7
625.822	1	25
625.992	1	16
626.161	1	39
626.331	1	14
626.501	1	25
626.670	1	28
626.840	1	18
627.009	1	14
627.179	1	23
627.348	1	21
627.518	1	26
627.688	1	22
627.857	1	29
628.027	1	24
628.196	1	24
628.366	1	22
628.536	1	20
628.705	1	15
628.875	1	23
629.044	1	14
629.214	1	23
629.384	1	18
629.553	1	32
629.723	1	31
629.892	1	21
630.062	1	18
630.232	1	25
630.401	1	28
630.571	1	17
630.740	1	20
630.910	1	20
631.079	1	28
631.249	1	26
631.419	1	31
631.588	1	15
631.758	1	30
631.927	1	15
632.097	1	21
632.266	1	21
632.436	1	23
632.606	1	19
632.775	1	19
632.945	1	20
633.114	1	34
633.284	1	25
633.453	1	25
633.623	1	25
633.793	1	28
633.962	1	25
634.132	1	23
634.301	1	16
634.471	1	33
634.640	1	25
634.810	1	28
634.979	1	23
635.149	1	32
635.319	1	27
635.488	1	29
635.658	1	22
635.827	1	24
635.997	1	26
636.166	1	23
636.336	1	29
636.505	1	27
636.675	1	14
636.845	1	31
637.014	1	25
637.184	1	32
637.353	1	25
637.523	1	32
637.692	1	24
637.862	1	32
638.031	1	31
638.201	1	29
638.370	1	40
638.540	1	18
638.710	1	25
638.879	1	26
639.049	1	31
639.218	1	22
639.388	1	22
639.557	1	31
639.727	1	26
639.896	1	25
640.066	1	37
640.235	1	27
640.405	1	28
640.574	1	19
640.744	1	18
640.914	1	25
641.083	1	25
641.253	1	27
641.422	1	25
641.592	1	33
641.761	1	31
641.931	1	19
642.100	1	38
642.270	1	26
642.439	1	30
642.609	1	32
642.778	1	28
642.948	1	21
643.117	1	36
643.287	1	28
643.456	1	24
643.626	1	30
643.795	1	25
643.965	1	28
644.134	1	26
644.304	1	25
644.473	1	37
644.643	1	39
644.812	1	30
644.982	1	37
645.151	1	30
645.321	1	31
645.490	1	36
645.660	1	14
645.829	1	33
645.999	1	28
646.168	1	29
646.338	1	34
646.507	1	34
646.677	1	31
646.846	1	39
647.016	1	26
647.185	1	33
647.355	1	22
647.524	1	44
647.694	1	36
647.863	1	40
648.033	1	33
648.202	1	33
648.372	1	33
648.541	1	22
648.711	1	18
648.880	1	27
649.050	1	28
649.219	1	27
649.389	1	44
649.558	1	32
649.728	1	35
649.897	1	28
650.067	1	31
650.236	1	37
650.406	1	39
650.575	1	34
650.745	1	41
650.914	1	31
651.084	1	17
651.253	1	35
651.423	1	40
651.592	1	28
651.762	1	34
651.931	1	37
652.101	1	44
652.270	1	42
652.440	1	37
652.609	1	21
652.778	1	26
652.948	1	37
653.117	1	23
653.287	1	35
653.456	1	41
653.626	1	39
653.795	1	41
653.965	1	47
654.134	1	42
654.304	1	19
654.473	1	31
654.643	1	42
654.812	1	33
654.982	1	29
655.151	1	43
655.320	1	41
655.490	1	27
655.659	1	41
655.829	1	36
655.998	1	38
656.168	1	34
656.337	1	36
656.507	1	41
656.676	1	44
656.846	1	40
657.015	1	40
657.184	1	42
657.354	1	48
657.523	1	44
657.693	1	40
657.862	1	33
658.032	1	32
658.201	1	37
658.371	1	51
658.540	1	42
658.709	1	37
658.879	1	45
659.048	1	33
659.218	1	33
659.387	1	42
659.557	1	40
659.726	1	39
659.895	1	37
660.065	1	27
660.234	1	46
660.404	1	36
660.573	1	29
660.743	1	30
660.912	1	40
661.081	1	46
661.251	1	28
661.420	1	47
661.590	1	37
661.759	1	46
661.929	1	40
662.098	1	50
662.267	1	33
662.437	1	45
662.606	1	45
662.776	1	42
662.945	1	36
663.115	1	32
663.284	1	33
663.453	1	43
663.623	1	45
663.792	1	46
663.962	1	51
664.131	1	36
664.300	1	44
664.470	1	32
664.639	1	38
664.809	1	42
664.978	1	45
665.148	1	40
665.317	1	41
665.486	1	50
665.656	1	35
665.825	1	43
665.995	1	35
666.164	1	30
666.333	1	45
666.503	1	29
666.672	1	37
666.842	1	37
667.011	1	39
667.180	1	47
667.350	1	41
667.519	1	35
667.689	1	36
667.858	1	39
668.027	1	43
668.197	1	38
668.366	1	29
668.536	1	45
668.705	1	47
668.874	1	45
669.044	1	35
669.213	1	53
669.382	1	36
669.552	1	50
669.721	1	45
669.891	1	47
670.060	1	48
670.229	1	48
670.399	1	37
670.568	1	49
670.738	1	47
670.907	1	37
671.076	1	27
671.246	1	41
671.415	1	40
671.584	1	38
671.754	1	36
671.923	1	34
672.093	1	43
672.262	1	31
672.431	1	46
672.601	1	36
672.770	1	32
672.939	1	48
673.109	1	45
673.278	1	41
673.448	1	45
673.617	1	51
673.786	1	43
