325.333	1	17
325.504	1	5
325.675	1	13
325.846	1	-2
326.017	1	14
326.188	1	15
326.359	1	4
326.531	1	-3
326.702	1	10
326.873	1	17
327.044	1	6
327.215	1	12
327.386	1	14
327.557	1	8
327.728	1	9
327.899	1	15
328.070	1	17
328.241	1	16
328.412	1	-1
328.583	1	21
328.754	1	8
328.926	1	23
329.097	1	6
329.268	1	16
329.439	1	11
329.610	1	9
329.781	1	4
329.952	1	21
330.123	1	25
330.294	1	0
330.465	1	11
330.636	1	14
330.807	1	11
330.978	1	11
331.149	1	5
331.320	1	5
331.492	1	27
331.663	1	18
331.834	1	12
332.005	1	19
332.176	1	27
332.347	1	19
332.518	1	-3
332.689	1	19
332.860	1	16
333.031	1	19
333.202	1	12
333.373	1	20
333.544	1	18
333.715	1	20
333.886	1	17
334.057	1	17
334.228	1	7
334.399	1	10
334.570	1	27
334.741	1	26
334.912	1	15
335.084	1	35
335.255	1	26
335.426	1	15
335.597	1	13
335.768	1	8
335.939	1	27
336.110	1	13
336.281	1	17
336.452	1	20
336.623	1	21
336.794	1	15
336.965	1	11
337.136	1	26
337.307	1	10
337.478	1	15
337.649	1	12
337.820	1	21
337.991	1	22
338.162	1	14
338.333	1	23
338.504	1	30
338.675	1	21
338.846	1	25
339.017	1	27
339.188	1	11
339.359	1	12
339.530	1	20
339.701	1	16
339.872	1	35
340.043	1	24
340.214	1	24
340.385	1	21
340.556	1	17
340.727	1	22
340.898	1	28
341.069	1	26
341.240	1	24
341.411	1	17
341.582	1	25
341.753	1	16
341.924	1	22
342.095	1	27
342.266	1	26
342.437	1	31
342.608	1	18
342.779	1	24
342.950	1	25
343.121	1	29
343.292	1	21
343.463	1	27
343.634	1	29
343.805	1	29
343.976	1	24
344.147	1	35
344.318	1	22
344.489	1	33
344.660	1	36
344.831	1	24
345.002	1	22
345.173	1	30
345.344	1	20
345.515	1	32
345.686	1	19
345.857	1	22
346.028	1	36
346.199	1	21
346.370	1	34
346.541	1	27
346.712	1	20
346.883	1	32
347.054	1	28
347.225	1	26
347.396	1	40
347.567	1	32
347.738	1	21
347.909	1	36
348.080	1	21
348.251	1	37
348.422	1	34
348.593	1	24
348.764	1	39
348.935	1	31
349.106	1	20
349.277	1	42
349.448	1	39
349.619	1	30
349.790	1	37
349.961	1	38
350.132	1	41
350.303	1	31
350.474	1	36
350.645	1	37
350.816	1	42
350.987	1	34
351.157	1	30
351.328	1	44
351.499	1	43
351.670	1	26
351.841	1	40
352.012	1	46
352.183	1	44
352.354	1	43
352.525	1	55
352.696	1	47
352.867	1	43
353.038	1	47
353.209	1	49
353.380	1	37
353.551	1	31
353.722	1	37
353.893	1	37
354.064	1	53
354.235	1	34
354.406	1	28
354.576	1	36
354.747	1	43
354.918	1	48
355.089	1	31
355.260	1	48
355.431	1	46
355.602	1	39
355.773	1	45
355.944	1	40
356.115	1	33
356.286	1	49
356.457	1	46
356.628	1	57
356.799	1	41
356.970	1	47
357.141	1	46
357.311	1	39
357.482	1	41
357.653	1	45
357.824	1	38
357.995	1	49
358.166	1	34
358.337	1	41
358.508	1	48
358.679	1	46
358.850	1	51
359.021	1	38
359.192	1	54
359.363	1	35
359.533	1	50
359.704	1	42
359.875	1	42
360.046	1	39
360.217	1	38
360.388	1	52
360.559	1	47
360.730	1	38
360.901	1	45
361.072	1	53
361.243	1	46
361.414	1	41
361.584	1	40
361.755	1	50
361.926	1	45
362.097	1	45
362.268	1	41
362.439	1	39
362.610	1	51
362.781	1	45
362.952	1	41
363.123	1	36
363.293	1	37
363.464	1	58
363.635	1	44
363.806	1	36
363.977	1	51
364.148	1	49
364.319	1	48
364.490	1	52
364.661	1	51
364.832	1	43
365.002	1	54
365.173	1	49
365.344	1	53
365.515	1	48
365.686	1	52
365.857	1	44
366.028	1	54
366.199	1	46
366.370	1	58
366.540	1	43
366.711	1	35
366.882	1	36
367.053	1	36
367.224	1	58
367.395	1	51
367.566	1	43
367.737	1	65
367.908	1	56
368.078	1	51
368.249	1	60
368.420	1	42
368.591	1	52
368.762	1	54
368.933	1	48
369.104	1	38
369.274	1	49
369.445	1	50
369.616	1	44
369.787	1	48
369.958	1	51
370.129	1	46
370.300	1	47
370.471	1	42
370.641	1	56
370.812	1	48
370.983	1	57
371.154	1	50
371.325	1	53
371.496	1	46
371.667	1	54
371.837	1	49
372.008	1	49
372.179	1	45
372.350	1	60
372.521	1	49
372.692	1	42
372.863	1	58
373.033	1	36
373.204	1	50
373.375	1	58
373.546	1	51
373.717	1	53
373.888	1	56
374.059	1	63
374.229	1	62
374.400	1	53
374.571	1	51
374.742	1	67
374.913	1	58
375.084	1	57
375.254	1	64
375.425	1	62
375.596	1	55
375.767	1	46
375.938	1	57
376.109	1	57
376.279	1	62
376.450	1	62
376.621	1	65
376.792	1	52
376.963	1	45
377.134	1	63
377.304	1	58
377.475	1	56
377.646	1	56
377.817	1	57
377.988	1	54
378.159	1	57
378.329	1	73
378.500	1	66
378.671	1	56
378.842	1	63
379.013	1	54
379.184	1	61
379.354	1	63
379.525	1	58
379.696	1	62
379.867	1	50
380.038	1	66
380.209	1	62
380.379	1	56
380.550	1	61
380.721	1	69
380.892	1	64
381.063	1	57
381.233	1	65
381.404	1	50
381.575	1	69
381.746	1	57
381.917	1	65
382.087	1	70
382.258	1	62
382.429	1	66
382.600	1	72
382.771	1	50
382.941	1	59
383.112	1	60
383.283	1	65
383.454	1	62
383.625	1	43
383.795	1	66
383.966	1	53
384.137	1	73
384.308	1	68
384.479	1	57
384.649	1	68
384.820	1	61
384.991	1	62
385.162	1	66
385.333	1	61
385.503	1	67
385.674	1	56
385.845	1	72
386.016	1	60
386.187	1	61
386.357	1	66
386.528	1	68
386.699	1	68
386.870	1	67
387.041	1	73
387.211	1	71
387.382	1	78
387.553	1	68
387.724	1	59
387.894	1	80
388.065	1	63
388.236	1	78
388.407	1	74
388.578	1	72
388.748	1	71
388.919	1	75
389.090	1	66
389.261	1	65
389.431	1	69
389.602	1	70
389.773	1	77
389.944	1	82
390.114	1	63
390.285	1	73
390.456	1	65
390.627	1	68
390.798	1	74
390.968	1	68
391.139	1	72
391.310	1	66
391.481	1	75
391.651	1	67
391.822	1	60
391.993	1	71
392.164	1	56
392.334	1	66
392.505	1	58
392.676	1	78
392.847	1	83
393.017	1	78
393.188	1	68
393.359	1	53
393.530	1	79
393.700	1	64
393.871	1	72
394.042	1	69
394.213	1	68
394.383	1	74
394.554	1	63
394.725	1	78
394.896	1	66
395.066	1	80
395.237	1	69
395.408	1	68
395.579	1	66
395.749	1	81
395.920	1	68
396.091	1	75
396.262	1	74
396.432	1	72
396.603	1	80
396.774	1	80
396.945	1	81
397.115	1	67
397.286	1	82
397.457	1	83
397.627	1	77
397.798	1	87
397.969	1	67
398.140	1	62
398.310	1	66
398.481	1	84
398.652	1	83
398.823	1	70
398.993	1	69
399.164	1	75
399.335	1	77
399.505	1	72
399.676	1	61
399.847	1	80
400.018	1	83
400.188	1	77
400.359	1	86
400.530	1	77
400.700	1	74
400.871	1	71
401.042	1	75
401.213	1	73
401.383	1	83
401.554	1	75
401.725	1	86
401.895	1	72
402.066	1	83
402.237	1	85
402.408	1	84
402.578	1	76
402.749	1	86
402.920	1	85
403.090	1	68
403.261	1	76
403.432	1	82
403.603	1	86
403.773	1	87
403.944	1	89
404.115	1	79
404.285	1	87
404.456	1	69
404.627	1	72
404.797	1	78
404.968	1	71
405.139	1	70
405.310	1	86
405.480	1	72
405.651	1	72
405.822	1	80
405.992	1	71
406.163	1	73
406.334	1	75
406.504	1	85
406.675	1	87
406.846	1	87
407.016	1	82
407.187	1	81
407.358	1	73
407.528	1	76
407.699	1	70
407.870	1	81
408.041	1	66
408.211	1	75
408.382	1	75
408.553	1	75
408.723	1	81
408.894	1	82
409.065	1	77
409.235	1	86
409.406	1	92
409.577	1	75
409.747	1	77
409.918	1	76
410.089	1	68
410.259	1	77
410.430	1	72
410.601	1	85
410.771	1	74
410.942	1	85
411.113	1	72
411.283	1	85
411.454	1	79
411.625	1	83
411.795	1	70
411.966	1	86
412.137	1	75
412.307	1	77
412.478	1	81
412.649	1	85
412.819	1	70
412.990	1	75
413.161	1	76
413.331	1	76
413.502	1	86
413.672	1	79
413.843	1	75
414.014	1	82
414.184	1	87
414.355	1	74
414.526	1	77
414.696	1	77
414.867	1	71
415.038	1	59
415.208	1	70
415.379	1	88
415.550	1	82
415.720	1	77
415.891	1	71
416.062	1	74
416.232	1	85
416.403	1	80
416.573	1	71
416.744	1	74
416.915	1	85
417.085	1	75
417.256	1	83
417.427	1	81
417.597	1	75
417.768	1	72
417.939	1	77
418.109	1	86
418.280	1	93
418.450	1	76
418.621	1	63
418.792	1	83
418.962	1	69
419.133	1	78
419.304	1	73
419.474	1	70
419.645	1	70
419.815	1	65
419.986	1	93
420.157	1	75
420.327	1	86
420.498	1	85
420.669	1	78
420.839	1	95
421.010	1	78
421.180	1	87
421.351	1	75
421.522	1	80
421.692	1	79
421.863	1	67
422.033	1	77
422.204	1	74
422.375	1	75
422.545	1	82
422.716	1	79
422.886	1	82
423.057	1	74
423.228	1	76
423.398	1	62
423.569	1	79
423.740	1	72
423.910	1	65
424.081	1	53
424.251	1	71
424.422	1	85
424.593	1	80
424.763	1	71
424.934	1	74
425.104	1	79
425.275	1	65
425.445	1	63
425.616	1	67
425.787	1	62
425.957	1	81
426.128	1	85
426.298	1	64
426.469	1	70
426.640	1	71
426.810	1	68
426.981	1	70
427.151	1	65
427.322	1	79
427.493	1	69
427.663	1	61
427.834	1	65
428.004	1	79
428.175	1	74
428.345	1	64
428.516	1	62
428.687	1	68
428.857	1	67
429.028	1	64
429.198	1	69
429.369	1	59
429.540	1	74
429.710	1	59
429.881	1	76
430.051	1	74
430.222	1	65
430.392	1	73
430.563	1	77
430.734	1	79
430.904	1	79
431.075	1	68
431.245	1	75
431.416	1	72
431.586	1	61
431.757	1	73
431.927	1	71
432.098	1	69
432.269	1	74
432.439	1	76
432.610	1	75
432.780	1	71
432.951	1	61
433.121	1	69
433.292	1	72
433.462	1	72
433.633	1	76
433.804	1	68
433.974	1	68
434.145	1	72
434.315	1	70
434.486	1	60
434.656	1	67
434.827	1	71
434.997	1	59
435.168	1	72
435.339	1	67
435.509	1	78
435.680	1	56
435.850	1	62
436.021	1	70
436.191	1	68
436.362	1	73
436.532	1	72
436.703	1	77
436.873	1	60
437.044	1	49
437.214	1	55
437.385	1	56
437.556	1	69
437.726	1	80
437.897	1	79
438.067	1	64
438.238	1	72
438.408	1	69
438.579	1	60
438.749	1	74
438.920	1	66
439.090	1	67
439.261	1	56
439.431	1	58
439.602	1	52
439.772	1	53
439.943	1	80
440.113	1	58
440.284	1	67
440.455	1	58
440.625	1	68
440.796	1	73
440.966	1	58
441.137	1	56
441.307	1	58
441.478	1	73
441.648	1	62
441.819	1	53
441.989	1	60
442.160	1	63
442.330	1	62
442.501	1	70
442.671	1	58
442.842	1	59
443.012	1	66
443.183	1	65
443.353	1	56
443.524	1	58
443.694	1	69
443.865	1	66
444.035	1	60
444.206	1	66
444.376	1	53
444.547	1	66
444.717	1	61
444.888	1	53
445.058	1	59
445.229	1	60
445.399	1	53
445.570	1	51
445.740	1	60
445.911	1	63
446.081	1	54
446.252	1	64
446.422	1	61
446.593	1	52
446.763	1	54
446.934	1	53
447.104	1	57
447.275	1	46
447.445	1	58
447.616	1	69
447.786	1	56
447.957	1	74
448.127	1	58
448.298	1	61
448.468	1	63
448.639	1	52
448.809	1	62
448.979	1	65
449.150	1	57
449.320	1	55
449.491	1	71
449.661	1	58
449.832	1	55
450.002	1	61
450.173	1	54
450.343	1	59
450.514	1	59
450.684	1	46
450.855	1	54
451.025	1	53
451.196	1	71
451.366	1	55
451.537	1	49
451.707	1	48
451.878	1	61
452.048	1	66
452.218	1	53
452.389	1	62
452.559	1	50
452.730	1	60
452.900	1	50
453.071	1	48
453.241	1	51
453.412	1	55
453.582	1	54
453.753	1	60
453.923	1	49
454.093	1	65
454.264	1	66
454.434	1	50
454.605	1	47
454.775	1	48
454.946	1	50
455.116	1	61
455.287	1	48
455.457	1	41
455.628	1	53
455.798	1	54
455.968	1	52
456.139	1	45
456.309	1	49
456.480	1	40
456.650	1	48
456.821	1	40
456.991	1	41
457.161	1	49
457.332	1	49
457.502	1	39
457.673	1	52
457.843	1	55
458.014	1	50
458.184	1	44
458.355	1	47
458.525	1	48
458.695	1	46
458.866	1	41
459.036	1	48
459.207	1	48
459.377	1	50
459.548	1	53
459.718	1	43
459.888	1	51
460.059	1	51
460.229	1	52
460.400	1	60
460.570	1	50
460.740	1	52
460.911	1	40
461.081	1	46
461.252	1	44
461.422	1	43
461.593	1	49
461.763	1	51
461.933	1	49
462.104	1	34
462.274	1	52
462.445	1	50
462.615	1	41
462.785	1	33
462.956	1	54
463.126	1	49
463.297	1	42
463.467	1	43
463.638	1	43
463.808	1	40
463.978	1	38
464.149	1	37
464.319	1	43
464.490	1	51
464.660	1	46
464.830	1	47
465.001	1	45
465.171	1	48
465.342	1	47
465.512	1	29
465.682	1	47
465.853	1	50
466.023	1	40
466.194	1	35
466.364	1	57
466.534	1	39
466.705	1	38
466.875	1	37
467.045	1	35
467.216	1	57
467.386	1	38
467.557	1	36
467.727	1	22
467.897	1	42
468.068	1	51
468.238	1	40
468.409	1	36
468.579	1	35
468.749	1	41
468.920	1	24
469.090	1	45
469.260	1	38
469.431	1	34
469.601	1	49
469.772	1	32
469.942	1	32
470.112	1	36
470.283	1	44
470.453	1	37
470.623	1	45
470.794	1	32
470.964	1	40
471.135	1	44
471.305	1	32
471.475	1	42
471.646	1	40
471.816	1	27
471.986	1	46
472.157	1	47
472.327	1	24
472.497	1	44
472.668	1	27
472.838	1	34
473.009	1	42
473.179	1	28
473.349	1	34
473.520	1	42
473.690	1	40
473.860	1	34
474.031	1	40
474.201	1	37
474.371	1	37
474.542	1	40
474.712	1	38
474.882	1	31
475.053	1	47
475.223	1	36
475.394	1	36
475.564	1	37
475.734	1	41
475.905	1	43
476.075	1	26
476.245	1	54
476.416	1	37
476.586	1	36
476.756	1	39
476.927	1	49
477.097	1	44
477.267	1	37
477.438	1	52
477.608	1	33
477.778	1	34
477.949	1	37
478.119	1	48
478.289	1	34
478.460	1	58
478.630	1	46
478.800	1	31
478.971	1	32
479.141	1	26
479.311	1	27
479.482	1	40
479.652	1	16
479.822	1	38
479.993	1	39
480.163	1	40
480.333	1	38
480.504	1	44
480.674	1	37
480.844	1	28
481.015	1	34
481.185	1	31
481.355	1	36
481.525	1	32
481.696	1	42
481.866	1	38
482.036	1	35
482.207	1	29
482.377	1	30
482.547	1	49
482.718	1	34
482.888	1	35
483.058	1	35
483.229	1	23
483.399	1	32
483.569	1	36
483.740	1	29
483.910	1	36
484.080	1	28
484.250	1	39
484.421	1	33
484.591	1	30
484.761	1	41
484.932	1	36
485.102	1	34
485.272	1	42
485.443	1	31
485.613	1	31
485.783	1	30
485.953	1	31
486.124	1	29
486.294	1	31
486.464	1	31
486.635	1	28
486.805	1	37
486.975	1	34
487.146	1	28
487.316	1	21
487.486	1	40
487.656	1	22
487.827	1	33
487.997	1	22
488.167	1	21
488.338	1	34
488.508	1	28
488.678	1	24
488.848	1	32
489.019	1	35
489.189	1	30
489.359	1	15
489.529	1	32
489.700	1	20
489.870	1	32
490.040	1	27
490.211	1	11
490.381	1	29
490.551	1	23
490.721	1	30
490.892	1	28
491.062	1	31
491.232	1	23
491.402	1	16
491.573	1	9
491.743	1	29
491.913	1	19
492.084	1	25
492.254	1	25
492.424	1	22
492.594	1	29
492.765	1	29
492.935	1	29
493.105	1	34
493.275	1	22
493.446	1	40
493.616	1	33
493.786	1	17
493.956	1	23
494.127	1	21
494.297	1	24
494.467	1	23
494.637	1	23
494.808	1	18
494.978	1	22
495.148	1	21
495.318	1	22
495.489	1	21
495.659	1	25
495.829	1	17
495.999	1	24
496.170	1	16
496.340	1	37
496.510	1	19
496.680	1	15
496.851	1	17
497.021	1	10
497.191	1	20
497.361	1	25
497.532	1	15
497.702	1	21
497.872	1	20
498.042	1	21
498.213	1	20
498.383	1	19
498.553	1	21
498.723	1	21
498.894	1	20
499.064	1	15
499.234	1	22
499.404	1	26
499.574	1	27
499.745	1	21
499.915	1	20
500.085	1	23
500.255	1	34
500.426	1	17
500.596	1	23
500.766	1	24
500.936	1	19
501.106	1	6
501.277	1	14
501.447	1	16
501.617	1	19
501.787	1	24
501.958	1	17
502.128	1	25
502.298	1	19
502.468	1	19
502.638	1	17
502.809	1	17
502.979	1	17
503.149	1	15
503.319	1	25
503.489	1	15
503.660	1	18
503.830	1	25
504.000	1	31
504.170	1	12
504.340	1	6
504.511	1	35
504.681	1	24
504.851	1	24
505.021	1	15
505.192	1	9
505.362	1	27
505.532	1	20
505.702	1	16
505.872	1	19
506.043	1	15
506.213	1	6
506.383	1	27
506.553	1	25
506.723	1	16
506.893	1	22
507.064	1	31
507.234	1	17
507.404	1	12
507.574	1	8
507.744	1	21
507.915	1	16
508.085	1	28
508.255	1	21
508.425	1	16
508.595	1	18
508.766	1	24
508.936	1	12
509.106	1	26
509.276	1	13
509.446	1	9
509.616	1	13
509.787	1	19
509.957	1	12
510.127	1	24
510.297	1	21
510.467	1	9
510.638	1	20
510.808	1	14
510.978	1	22
511.148	1	11
511.318	1	20
511.488	1	7
511.659	1	16
511.829	1	9
511.999	1	24
512.169	1	15
512.339	1	23
512.509	1	18
512.680	1	22
512.850	1	20
513.020	1	18
513.190	1	20
513.360	1	10
513.530	1	15
513.700	1	22
513.871	1	21
514.041	1	10
514.211	1	20
514.381	1	18
514.551	1	14
514.721	1	12
514.892	1	19
515.062	1	15
515.232	1	22
515.402	1	9
515.572	1	9
515.742	1	14
515.912	1	14
516.083	1	12
516.253	1	15
516.423	1	3
516.593	1	9
516.763	1	22
516.933	1	8
517.104	1	22
517.274	1	15
517.444	1	17
517.614	1	6
517.784	1	8
517.954	1	26
518.124	1	19
518.294	1	6
518.465	1	9
518.635	1	12
518.805	1	8
518.975	1	14
519.145	1	13
519.315	1	10
519.485	1	19
519.656	1	27
519.826	1	14
519.996	1	13
520.166	1	12
520.336	1	22
520.506	1	23
520.676	1	3
520.846	1	19
521.017	1	15
521.187	1	9
521.357	1	17
521.527	1	12
521.697	1	17
521.867	1	2
522.037	1	19
522.207	1	26
522.377	1	21
522.548	1	11
522.718	1	7
522.888	1	29
523.058	1	6
523.228	1	14
523.398	1	22
523.568	1	14
523.738	1	8
523.909	1	18
524.079	1	17
524.249	1	15
524.419	1	16
524.589	1	5
524.759	1	5
524.929	1	-5
525.099	1	18
525.269	1	16
525.439	1	12
525.610	1	24
525.780	1	11
525.950	1	20
526.120	1	2
526.290	1	16
526.460	1	9
526.630	1	10
526.800	1	6
526.970	1	6
527.140	1	14
527.311	1	7
527.481	1	7
527.651	1	16
527.821	1	7
527.991	1	20
528.161	1	16
528.331	1	6
528.501	1	13
528.671	1	4
528.841	1	11
529.011	1	5
529.181	1	16
529.352	1	18
529.522	1	2
529.692	1	5
529.862	1	2
530.032	1	6
530.202	1	14
530.372	1	10
530.542	1	7
530.712	1	10
530.882	1	17
531.052	1	11
531.222	1	8
531.392	1	10
531.563	1	18
531.733	1	11
531.903	1	5
532.073	1	17
532.243	1	8
532.413	1	17
532.583	1	6
532.753	1	16
532.923	1	-1
533.093	1	7
533.263	1	11
533.433	1	17
533.603	1	13
533.773	1	7
533.943	1	7
534.113	1	5
534.284	1	6
534.454	1	12
534.624	1	21
534.794	1	4
534.964	1	15
535.134	1	6
535.304	1	6
535.474	1	16
535.644	1	-8
535.814	1	6
535.984	1	9
536.154	1	11
536.324	1	3
536.494	1	19
536.664	1	8
536.834	1	13
537.004	1	13
537.174	1	15
537.344	1	11
537.514	1	1
537.685	1	8
537.855	1	16
538.025	1	6
538.195	1	12
538.365	1	19
538.535	1	10
538.705	1	10
538.875	1	10
539.045	1	6
539.215	1	5
539.385	1	17
539.555	1	13
539.725	1	11
539.895	1	6
540.065	1	18
540.235	1	6
540.405	1	6
540.575	1	10
540.745	1	16
540.915	1	13
541.085	1	15
541.255	1	4
541.425	1	15
541.595	1	4
541.765	1	7
541.935	1	10
542.105	1	5
542.275	1	11
542.445	1	-5
542.615	1	11
542.785	1	10
542.955	1	2
543.125	1	3
543.295	1	6
543.465	1	16
543.635	1	6
543.805	1	16
543.975	1	10
544.145	1	19
544.315	1	8
544.485	1	18
544.655	1	12
544.825	1	-3
544.995	1	11
545.165	1	0
545.335	1	-3
545.505	1	12
545.675	1	21
545.845	1	15
546.015	1	11
546.185	1	17
546.355	1	6
546.525	1	14
546.695	1	11
546.865	1	2
547.035	1	11
547.205	1	1
547.375	1	7
547.545	1	10
547.715	1	-1
547.885	1	13
548.055	1	10
548.225	1	15
548.395	1	7
548.565	1	8
548.735	1	16
548.905	1	3
549.075	1	8
549.245	1	6
549.415	1	2
549.585	1	10
549.755	1	11
549.925	1	-3
550.095	1	11
550.265	1	6
550.435	1	0
550.605	1	4
550.775	1	13
550.945	1	15
551.115	1	5
551.285	1	3
551.455	1	0
551.625	1	18
551.795	1	8
551.965	1	7
552.135	1	7
552.305	1	4
552.475	1	-6
552.645	1	3
552.815	1	4
552.985	1	12
553.155	1	8
553.325	1	14
553.495	1	3
553.665	1	6
553.835	1	8
554.004	1	11
554.174	1	1
554.344	1	7
554.514	1	8
554.684	1	11
554.854	1	15
555.024	1	-1
555.194	1	-2
555.364	1	12
555.534	1	16
555.704	1	9
555.874	1	13
556.044	1	4
556.214	1	-4
556.384	1	3
556.554	1	18
556.724	1	17
556.894	1	7
557.064	1	14
557.234	1	8
557.404	1	10
557.573	1	12
557.743	1	6
557.913	1	-3
558.083	1	5
558.253	1	7
558.423	1	5
558.593	1	11
558.763	1	1
558.933	1	3
559.103	1	18
559.273	1	6
559.443	1	8
559.613	1	9
559.783	1	2
559.953	1	14
560.122	1	14
560.292	1	11
560.462	1	7
560.632	1	10
560.802	1	9
560.972	1	15
561.142	1	8
561.312	1	-1
561.482	1	10
561.652	1	11
561.822	1	5
561.992	1	9
562.162	1	1
562.331	1	3
562.501	1	-1
562.671	1	9
562.841	1	9
563.011	1	10
563.181	1	13
563.351	1	-4
563.521	1	7
563.691	1	0
563.861	1	4
564.031	1	14
564.201	1	22
564.370	1	2
564.540	1	1
564.710	1	-4
564.880	1	17
565.050	1	11
565.220	1	-4
565.390	1	5
565.560	1	11
565.730	1	6
565.900	1	5
566.069	1	12
566.239	1	4
566.409	1	9
566.579	1	12
566.749	1	10
566.919	1	21
567.089	1	6
567.259	1	3
567.429	1	3
567.599	1	4
567.768	1	2
567.938	1	5
568.108	1	4
568.278	1	5
568.448	1	2
568.618	1	0
568.788	1	-1
568.958	1	8
569.128	1	15
569.297	1	2
569.467	1	1
569.637	1	9
569.807	1	11
569.977	1	10
570.147	1	23
570.317	1	-4
570.487	1	5
570.656	1	4
570.826	1	1
570.996	1	0
571.166	1	11
571.336	1	3
571.506	1	9
571.676	1	10
571.846	1	10
572.015	1	7
572.185	1	6
572.355	1	9
572.525	1	12
572.695	1	3
572.865	1	-2
573.035	1	-3
573.205	1	2
573.374	1	-6
573.544	1	6
573.714	1	20
573.884	1	14
574.054	1	11
574.224	1	-1
574.394	1	2
574.563	1	4
574.733	1	12
574.903	1	-3
575.073	1	7
575.243	1	2
575.413	1	6
575.583	1	6
575.752	1	18
575.922	1	11
576.092	1	1
576.262	1	6
576.432	1	15
576.602	1	4
576.772	1	12
576.941	1	3
577.111	1	2
577.281	1	-1
577.451	1	-2
577.621	1	14
577.791	1	8
577.960	1	1
578.130	1	8
578.300	1	20
578.470	1	12
578.640	1	4
578.810	1	2
578.979	1	7
579.149	1	1
579.319	1	-1
579.489	1	6
579.659	1	5
579.829	1	10
579.998	1	8
580.168	1	7
580.338	1	11
580.508	1	13
580.678	1	10
580.848	1	-1
581.017	1	0
581.187	1	5
581.357	1	4
581.527	1	9
581.697	1	8
581.867	1	5
582.036	1	4
582.206	1	5
582.376	1	16
582.546	1	-2
582.716	1	-1
582.885	1	3
583.055	1	3
583.225	1	-5
583.395	1	12
583.565	1	0
583.735	1	16
583.904	1	8
584.074	1	11
584.244	1	15
584.414	1	-4
584.584	1	17
584.753	1	-3
584.923	1	-1
585.093	1	-1
585.263	1	9
585.433	1	11
585.602	1	3
585.772	1	2
585.942	1	6
586.112	1	7
586.282	1	5
586.451	1	2
586.621	1	10
586.791	1	-2
586.961	1	8
587.131	1	9
587.300	1	-2
587.470	1	13
587.640	1	13
587.810	1	4
587.980	1	-3
588.149	1	5
588.319	1	9
588.489	1	-4
588.659	1	7
588.829	1	5
588.998	1	11
589.168	1	11
589.338	1	9
589.508	1	9
589.677	1	1
589.847	1	-2
590.017	1	17
590.187	1	1
590.357	1	20
590.526	1	14
590.696	1	10
590.866	1	10
591.036	1	0
591.205	1	20
591.375	1	5
591.545	1	6
591.715	1	9
591.885	1	4
592.054	1	5
592.224	1	7
592.394	1	6
592.564	1	5
592.733	1	13
592.903	1	4
593.073	1	3
593.243	1	9
593.412	1	11
593.582	1	1
593.752	1	7
593.922	1	10
594.091	1	5
594.261	1	-3
594.431	1	1
594.601	1	11
594.771	1	7
594.940	1	1
595.110	1	-13
595.280	1	13
595.450	1	7
595.619	1	-1
595.789	1	3
595.959	1	15
596.129	1	6
596.298	1	1
596.468	1	10
596.638	1	11
596.808	1	6
596.977	1	4
597.147	1	9
597.317	1	-4
597.487	1	1
597.656	1	0
597.826	1	6
597.996	1	5
598.166	1	2
598.335	1	-8
598.505	1	4
598.675	1	4
598.844	1	2
599.014	1	0
599.184	1	14
599.354	1	-2
599.523	1	10
599.693	1	0
599.863	1	13
600.033	1	8
600.202	1	5
600.372	1	9
600.542	1	8
600.712	1	-9
600.881	1	6
601.051	1	17
601.221	1	8
601.390	1	0
601.560	1	8
601.730	1	10
601.900	1	10
602.069	1	13
602.239	1	-5
602.409	1	-3
602.578	1	3
602.748	1	12
602.918	1	11
603.088	1	6
603.257	1	0
603.427	1	7
603.597	1	14
603.767	1	7
603.936	1	1
604.106	1	6
604.276	1	-3
604.445	1	13
604.615	1	7
604.785	1	9
604.954	1	6
605.124	1	8
605.294	1	2
605.464	1	8
605.633	1	5
605.803	1	5
605.973	1	-2
606.142	1	11
606.312	1	10
606.482	1	3
606.652	1	12
606.821	1	6
606.991	1	6
607.161	1	9
607.330	1	12
607.500	1	6
607.670	1	-1
607.839	1	15
608.009	1	13
608.179	1	2
608.348	1	10
608.518	1	4
608.688	1	19
608.858	1	3
609.027	1	2
609.197	1	2
609.367	1	13
609.536	1	10
609.706	1	2
609.876	1	2
610.045	1	2
610.215	1	13
610.385	1	3
610.554	1	5
610.724	1	12
610.894	1	5
611.063	1	6
611.233	1	0
611.403	1	5
611.572	1	6
611.742	1	14
611.912	1	11
612.081	1	10
612.251	1	5
612.421	1	-1
612.590	1	9
612.760	1	1
612.930	1	8
613.099	1	1
613.269	1	12
613.439	1	5
613.608	1	6
613.778	1	15
613.948	1	2
614.117	1	4
614.287	1	17
614.457	1	2
614.626	1	3
614.796	1	5
614.966	1	4
615.135	1	4
615.305	1	15
615.475	1	3
615.644	1	9
615.814	1	12
615.984	1	3
616.153	1	-1
616.323	1	1
616.493	1	5
616.662	1	18
616.832	1	7
617.002	1	4
617.171	1	0
617.341	1	9
617.511	1	4
617.680	1	7
617.850	1	7
618.019	1	19
618.189	1	14
618.359	1	15
618.528	1	14
618.698	1	13
618.868	1	3
619.037	1	3
619.207	1	1
619.377	1	0
619.546	1	2
619.716	1	10
619.885	1	6
620.055	1	-4
620.225	1	9
620.394	1	0
620.564	1	16
620.734	1	6
620.903	1	9
621.073	1	14
621.242	1	16
621.412	1	2
621.582	1	1
621.751	1	8
621.921	1	5
622.091	1	-3
622.260	1	7
622.430	1	15
622.599	1	7
622.769	1	8
622.939	1	12
623.108	1	5
623.278	1	0
623.448	1	8
623.617	1	5
623.787	1	15
623.956	1	3
624.126	1	2
624.296	1	12
624.465	1	13
624.635	1	11
624.804	1	15
624.974	1	9
625.144	1	6
625.313	1	9
625.483	1	3
625.652	1	3
625.822	1	6
625.992	1	1
626.161	1	16
626.331	1	10
626.501	1	12
626.670	1	-1
626.840	1	2
627.009	1	-2
627.179	1	16
627.348	1	19
627.518	1	10
627.688	1	1
627.857	1	13
628.027	1	-4
628.196	1	-2
628.366	1	13
628.536	1	9
628.705	1	2
628.875	1	-1
629.044	1	5
629.214	1	14
629.384	1	12
629.553	1	5
629.723	1	7
629.892	1	11
630.062	1	13
630.232	1	5
630.401	1	12
630.571	1	11
630.740	1	11
630.910	1	6
631.079	1	9
631.249	1	25
631.419	1	15
631.588	1	4
631.758	1	15
631.927	1	4
632.097	1	0
632.266	1	8
632.436	1	16
632.606	1	1
632.775	1	10
632.945	1	4
633.114	1	26
633.284	1	15
633.453	1	9
633.623	1	7
633.793	1	13
633.962	1	9
634.132	1	4
634.301	1	13
634.471	1	13
634.640	1	16
634.810	1	5
634.979	1	13
635.149	1	13
635.319	1	7
635.488	1	10
635.658	1	5
635.827	1	4
635.997	1	7
636.166	1	11
636.336	1	11
636.505	1	16
636.675	1	7
636.845	1	13
637.014	1	16
637.184	1	13
637.353	1	9
637.523	1	16
637.692	1	9
637.862	1	23
638.031	1	7
638.201	1	12
638.370	1	0
638.540	1	9
638.710	1	11
638.879	1	0
639.049	1	4
639.218	1	12
639.388	1	7
639.557	1	9
639.727	1	19
639.896	1	6
640.066	1	3
640.235	1	11
640.405	1	19
640.574	1	13
640.744	1	2
640.914	1	18
641.083	1	15
641.253	1	9
641.422	1	13
641.592	1	11
641.761	1	1
641.931	1	-1
642.100	1	17
642.270	1	8
642.439	1	17
642.609	1	22
642.778	1	10
642.948	1	2
643.117	1	23
643.287	1	10
643.456	1	17
643.626	1	22
643.795	1	0
643.965	1	9
644.134	1	2
644.304	1	20
644.473	1	15
644.643	1	12
644.812	1	8
644.982	1	13
645.151	1	6
645.321	1	2
645.490	1	16
645.660	1	3
645.829	1	5
645.999	1	12
646.168	1	14
646.338	1	9
646.507	1	8
646.677	1	9
646.846	1	9
647.016	1	-5
647.185	1	20
647.355	1	-5
647.524	1	18
647.694	1	20
647.863	1	7
648.033	1	7
648.202	1	9
648.372	1	1
648.541	1	5
648.711	1	6
648.880	1	3
649.050	1	16
649.219	1	9
649.389	1	18
649.558	1	9
649.728	1	14
649.897	1	2
650.067	1	14
650.236	1	8
650.406	1	11
650.575	1	19
650.745	1	12
650.914	1	12
651.084	1	4
651.253	1	12
651.423	1	17
651.592	1	5
651.762	1	7
651.931	1	18
652.101	1	13
652.270	1	16
652.440	1	15
652.609	1	6
652.778	1	2
652.948	1	8
653.117	1	19
653.287	1	11
653.456	1	10
653.626	1	20
653.795	1	4
653.965	1	9
654.134	1	24
654.304	1	1
654.473	1	20
654.643	1	14
654.812	1	6
654.982	1	19
655.151	1	10
655.320	1	13
655.490	1	6
655.659	1	10
655.829	1	9
655.998	1	8
656.168	1	16
656.337	1	16
656.507	1	16
656.676	1	16
656.846	1	17
657.015	1	21
657.184	1	21
657.354	1	10
657.523	1	13
657.693	1	22
657.862	1	17
658.032	1	9
658.201	1	22
658.371	1	21
658.540	1	7
658.709	1	5
658.879	1	14
659.048	1	17
659.218	1	15
659.387	1	17
659.557	1	11
659.726	1	15
659.895	1	9
660.065	1	4
660.234	1	11
660.404	1	11
660.573	1	5
660.743	1	5
660.912	1	14
661.081	1	28
661.251	1	11
661.420	1	19
661.590	1	16
661.759	1	9
661.929	1	19
662.098	1	22
662.267	1	13
662.437	1	15
662.606	1	6
662.776	1	25
662.945	1	16
663.115	1	14
663.284	1	6
663.453	1	21
663.623	1	12
663.792	1	15
663.962	1	9
664.131	1	25
664.300	1	18
664.470	1	14
664.639	1	8
664.809	1	11
664.978	1	18
665.148	1	12
665.317	1	10
665.486	1	9
665.656	1	16
665.825	1	24
665.995	1	0
666.164	1	14
666.333	1	11
666.503	1	8
666.672	1	11
666.842	1	13
667.011	1	5
667.180	1	15
667.350	1	13
667.519	1	16
667.689	1	13
667.858	1	14
668.027	1	22
668.197	1	13
668.366	1	6
668.536	1	19
668.705	1	17
668.874	1	12
669.044	1	11
669.213	1	5
669.382	1	7
669.552	1	14
669.721	1	19
669.891	1	25
670.060	1	18
670.229	1	21
670.399	1	9
670.568	1	17
670.738	1	18
670.907	1	3
671.076	1	7
671.246	1	8
671.415	1	13
671.584	1	11
671.754	1	12
671.923	1	7
672.093	1	19
672.262	1	7
672.431	1	21
672.601	1	12
672.770	1	7
672.939	1	22
673.109	1	8
673.278	1	19
673.448	1	24
673.617	1	8
673.786	1	24
