325.333	1	8
325.504	1	-5
325.675	1	1
325.846	1	6
326.017	1	7
326.188	1	3
326.359	1	-6
326.531	1	-16
326.702	1	0
326.873	1	5
327.044	1	-2
327.215	1	-2
327.386	1	2
327.557	1	3
327.728	1	6
327.899	1	6
328.070	1	8
328.241	1	3
328.412	1	-10
328.583	1	-3
328.754	1	-2
328.926	1	3
329.097	1	-10
329.268	1	9
329.439	1	-6
329.610	1	11
329.781	1	-8
329.952	1	10
330.123	1	-1
330.294	1	0
330.465	1	-6
330.636	1	5
330.807	1	-6
330.978	1	5
331.149	1	1
331.320	1	7
331.492	1	-5
331.663	1	2
331.834	1	2
332.005	1	4
332.176	1	12
332.347	1	1
332.518	1	-3
332.689	1	-6
332.860	1	-4
333.031	1	8
333.202	1	-2
333.373	1	-2
333.544	1	7
333.715	1	6
333.886	1	-6
334.057	1	-4
334.228	1	-9
334.399	1	4
334.570	1	7
334.741	1	-7
334.912	1	8
335.084	1	24
335.255	1	-1
335.426	1	-3
335.597	1	3
335.768	1	4
335.939	1	4
336.110	1	-1
336.281	1	-1
336.452	1	-5
336.623	1	1
336.794	1	-5
336.965	1	0
337.136	1	6
337.307	1	-11
337.478	1	-1
337.649	1	-5
337.820	1	-6
337.991	1	3
338.162	1	16
338.333	1	1
338.504	1	-3
338.675	1	-4
338.846	1	5
339.017	1	-3
339.188	1	-11
339.359	1	-5
339.530	1	8
339.701	1	5
339.872	1	5
340.043	1	-3
340.214	1	-1
340.385	1	19
340.556	1	-8
340.727	1	8
340.898	1	12
341.069	1	-7
341.240	1	-1
341.411	1	3
341.582	1	0
341.753	1	-5
341.924	1	-9
342.095	1	7
342.266	1	9
342.437	1	-2
342.608	1	-4
342.779	1	1
342.950	1	1
343.121	1	5
343.292	1	-5
343.463	1	1
343.634	1	0
343.805	1	9
343.976	1	5
344.147	1	-3
344.318	1	-3
344.489	1	-6
344.660	1	4
344.831	1	6
345.002	1	-13
345.173	1	2
345.344	1	7
345.515	1	2
345.686	1	-7
345.857	1	5
346.028	1	0
346.199	1	-10
346.370	1	-10
346.541	1	5
346.712	1	-8
346.883	1	2
347.054	1	7
347.225	1	8
347.396	1	3
347.567	1	-9
347.738	1	-11
347.909	1	9
348.080	1	-13
348.251	1	7
348.422	1	4
348.593	1	5
348.764	1	1
348.935	1	5
349.106	1	-8
349.277	1	-2
349.448	1	12
349.619	1	-5
349.790	1	-8
349.961	1	2
350.132	1	0
350.303	1	1
350.474	1	8
350.645	1	-2
350.816	1	1
350.987	1	7
351.157	1	-10
351.328	1	11
351.499	1	7
351.670	1	-5
351.841	1	9
352.012	1	10
352.183	1	12
352.354	1	9
352.525	1	7
352.696	1	2
352.867	1	-11
353.038	1	11
353.209	1	0
353.380	1	-3
353.551	1	-10
353.722	1	1
353.893	1	0
354.064	1	4
354.235	1	0
354.406	1	-11
354.576	1	-2
354.747	1	6
354.918	1	2
355.089	1	2
355.260	1	8
355.431	1	12
355.602	1	6
355.773	1	-1
355.944	1	3
356.115	1	4
356.286	1	-4
356.457	1	2
356.628	1	6
356.799	1	1
356.970	1	8
357.141	1	0
357.311	1	2
357.482	1	4
357.653	1	1
357.824	1	4
357.995	1	1
358.166	1	-4
358.337	1	-8
358.508	1	4
358.679	1	-3
358.850	1	3
359.021	1	2
359.192	1	-6
359.363	1	0
359.533	1	0
359.704	1	-6
359.875	1	-4
360.046	1	3
360.217	1	-15
360.388	1	-1
360.559	1	1
360.730	1	2
360.901	1	9
361.072	1	13
361.243	1	-1
361.414	1	-1
361.584	1	-4
361.755	1	-1
361.926	1	-7
362.097	1	3
362.268	1	1
362.439	1	-5
362.610	1	6
362.781	1	5
362.952	1	-7
363.123	1	4
363.293	1	-8
363.464	1	9
363.635	1	7
363.806	1	-8
363.977	1	0
364.148	1	-3
364.319	1	0
364.490	1	3
364.661	1	1
364.832	1	-4
365.002	1	10
365.173	1	-1
365.344	1	11
365.515	1	1
365.686	1	-4
365.857	1	0
366.028	1	4
366.199	1	1
366.370	1	4
366.540	1	-10
366.711	1	-20
366.882	1	-8
367.053	1	-5
367.224	1	14
367.395	1	7
367.566	1	3
367.737	1	5
367.908	1	4
368.078	1	-4
368.249	1	8
368.420	1	2
368.591	1	1
368.762	1	10
368.933	1	-4
369.104	1	-6
369.274	1	-4
369.445	1	-4
369.616	1	1
369.787	1	-8
369.958	1	3
370.129	1	-7
370.300	1	3
370.471	1	-5
370.641	1	2
370.812	1	1
370.983	1	0
371.154	1	4
371.325	1	14
371.496	1	-3
371.667	1	8
371.837	1	-4
372.008	1	1
372.179	1	-4
372.350	1	13
372.521	1	1
372.692	1	-1
372.863	1	7
373.033	1	-10
373.204	1	1
373.375	1	9
373.546	1	5
373.717	1	-6
373.888	1	12
374.059	1	7
374.229	1	7
374.400	1	-6
374.571	1	-3
374.742	1	7
374.913	1	12
375.084	1	-1
375.254	1	10
375.425	1	8
375.596	1	13
375.767	1	-1
375.938	1	-2
376.109	1	6
376.279	1	-4
376.450	1	1
376.621	1	5
376.792	1	0
376.963	1	-7
377.134	1	9
377.304	1	8
377.475	1	0
377.646	1	-4
377.817	1	-1
377.988	1	-1
378.159	1	-1
378.329	1	14
378.500	1	0
378.671	1	-3
378.842	1	-2
379.013	1	-7
379.184	1	-7
379.354	1	1
379.525	1	-6
379.696	1	2
379.867	1	4
380.038	1	2
380.209	1	-3
380.379	1	-4
380.550	1	-8
380.721	1	15
380.892	1	-4
381.063	1	-1
381.233	1	-5
381.404	1	-2
381.575	1	11
381.746	1	-1
381.917	1	5
382.087	1	-2
382.258	1	-4
382.429	1	4
382.600	1	9
382.771	1	0
382.941	1	-2
383.112	1	5
383.283	1	7
383.454	1	-2
383.625	1	-11
383.795	1	4
383.966	1	6
384.137	1	4
384.308	1	8
384.479	1	12
384.649	1	-2
384.820	1	2
384.991	1	-9
385.162	1	9
385.333	1	1
385.503	1	3
385.674	1	-11
385.845	1	2
386.016	1	4
386.187	1	5
386.357	1	1
386.528	1	9
386.699	1	1
386.870	1	3
387.041	1	11
387.211	1	0
387.382	1	6
387.553	1	9
387.724	1	-3
387.894	1	4
388.065	1	0
388.236	1	9
388.407	1	2
388.578	1	-6
388.748	1	-1
388.919	1	2
389.090	1	-7
389.261	1	7
389.431	1	1
389.602	1	5
389.773	1	1
389.944	1	1
390.114	1	2
390.285	1	1
390.456	1	3
390.627	1	1
390.798	1	1
390.968	1	-2
391.139	1	8
391.310	1	-5
391.481	1	12
391.651	1	-1
391.822	1	-1
391.993	1	-5
392.164	1	-7
392.334	1	-2
392.505	1	-2
392.676	1	3
392.847	1	11
393.017	1	9
393.188	1	0
393.359	1	-2
393.530	1	6
393.700	1	-4
393.871	1	4
394.042	1	-7
394.213	1	-7
394.383	1	-2
394.554	1	1
394.725	1	-1
394.896	1	-6
395.066	1	4
395.237	1	-3
395.408	1	8
395.579	1	-2
395.749	1	7
395.920	1	0
396.091	1	0
396.262	1	2
396.432	1	-11
396.603	1	0
396.774	1	5
396.945	1	5
397.115	1	-1
397.286	1	-6
397.457	1	10
397.627	1	-2
397.798	1	5
397.969	1	-2
398.140	1	-10
398.310	1	-1
398.481	1	7
398.652	1	-5
398.823	1	-4
398.993	1	-5
399.164	1	5
399.335	1	13
399.505	1	0
399.676	1	4
399.847	1	4
400.018	1	-7
400.188	1	2
400.359	1	6
400.530	1	-3
400.700	1	3
400.871	1	-5
401.042	1	0
401.213	1	8
401.383	1	0
401.554	1	7
401.725	1	4
401.895	1	-7
402.066	1	-2
402.237	1	7
402.408	1	5
402.578	1	-3
402.749	1	1
402.920	1	2
403.090	1	-2
403.261	1	-10
403.432	1	3
403.603	1	4
403.773	1	4
403.944	1	5
404.115	1	11
404.285	1	9
404.456	1	3
404.627	1	-11
404.797	1	-12
404.968	1	-4
405.139	1	-5
405.310	1	2
405.480	1	3
405.651	1	3
405.822	1	4
405.992	1	6
406.163	1	0
406.334	1	-8
406.504	1	-3
406.675	1	10
406.846	1	1
407.016	1	3
407.187	1	1
407.358	1	-12
407.528	1	2
407.699	1	-8
407.870	1	-2
408.041	1	2
408.211	1	17
408.382	1	-14
408.553	1	-7
408.723	1	3
408.894	1	-1
409.065	1	-1
409.235	1	-2
409.406	1	1
409.577	1	-2
409.747	1	9
409.918	1	1
410.089	1	3
410.259	1	-2
410.430	1	-3
410.601	1	4
410.771	1	-5
410.942	1	14
411.113	1	-2
411.283	1	-9
411.454	1	-4
411.625	1	-3
411.795	1	2
411.966	1	0
412.137	1	-9
412.307	1	-8
412.478	1	4
412.649	1	-2
412.819	1	3
412.990	1	5
413.161	1	4
413.331	1	-2
413.502	1	16
413.672	1	6
413.843	1	-9
414.014	1	0
414.184	1	2
414.355	1	-3
414.526	1	12
414.696	1	8
414.867	1	2
415.038	1	-18
415.208	1	4
415.379	1	6
415.550	1	6
415.720	1	0
415.891	1	0
416.062	1	-3
416.232	1	6
416.403	1	5
416.573	1	2
416.744	1	2
416.915	1	1
417.085	1	0
417.256	1	4
417.427	1	3
417.597	1	-2
417.768	1	-1
417.939	1	4
418.109	1	3
418.280	1	0
418.450	1	-7
418.621	1	-10
418.792	1	-2
418.962	1	-3
419.133	1	11
419.304	1	3
419.474	1	-8
419.645	1	-3
419.815	1	-8
419.986	1	17
420.157	1	-4
420.327	1	-9
420.498	1	9
420.669	1	2
420.839	1	10
421.010	1	12
421.180	1	12
421.351	1	6
421.522	1	-2
421.692	1	9
421.863	1	2
422.033	1	7
422.204	1	-4
422.375	1	4
422.545	1	4
422.716	1	-5
422.886	1	4
423.057	1	4
423.228	1	0
423.398	1	-9
423.569	1	11
423.740	1	-6
423.910	1	-14
424.081	1	-8
424.251	1	0
424.422	1	0
424.593	1	-14
424.763	1	2
424.934	1	-2
425.104	1	6
425.275	1	1
425.445	1	-4
425.616	1	-8
425.787	1	-8
425.957	1	10
426.128	1	3
426.298	1	11
426.469	1	-3
426.640	1	-3
426.810	1	11
426.981	1	1
427.151	1	-7
427.322	1	7
427.493	1	4
427.663	1	-5
427.834	1	-7
428.004	1	17
428.175	1	5
428.345	1	-7
428.516	1	-2
428.687	1	7
428.857	1	-13
429.028	1	-6
429.198	1	2
429.369	1	3
429.540	1	-4
429.710	1	-4
429.881	1	6
430.051	1	4
430.222	1	0
430.392	1	-1
430.563	1	3
430.734	1	13
430.904	1	2
431.075	1	6
431.245	1	-9
431.416	1	7
431.586	1	2
431.757	1	-2
431.927	1	0
432.098	1	5
432.269	1	-6
432.439	1	7
432.610	1	3
432.780	1	6
432.951	1	0
433.121	1	-1
433.292	1	11
433.462	1	-4
433.633	1	0
433.804	1	1
433.974	1	-2
434.145	1	9
434.315	1	-7
434.486	1	-3
434.656	1	-6
434.827	1	3
434.997	1	-5
435.168	1	4
435.339	1	7
435.509	1	6
435.680	1	-2
435.850	1	-3
436.021	1	-8
436.191	1	5
436.362	1	1
436.532	1	2
436.703	1	2
436.873	1	3
437.044	1	-15
437.214	1	5
437.385	1	-5
437.556	1	3
437.726	1	21
437.897	1	15
438.067	1	1
438.238	1	7
438.408	1	4
438.579	1	-3
438.749	1	0
438.920	1	-2
439.090	1	9
439.261	1	4
439.431	1	7
439.602	1	2
439.772	1	-5
439.943	1	3
440.113	1	7
440.284	1	-4
440.455	1	-3
440.625	1	-3
440.796	1	6
440.966	1	3
441.137	1	-5
441.307	1	-6
441.478	1	13
441.648	1	5
441.819	1	0
441.989	1	6
442.160	1	10
442.330	1	5
442.501	1	3
442.671	1	-5
442.842	1	-15
443.012	1	0
443.183	1	7
443.353	1	-10
443.524	1	3
443.694	1	14
443.865	1	3
444.035	1	2
444.206	1	-10
444.376	1	-8
444.547	1	22
444.717	1	-3
444.888	1	0
445.058	1	11
445.229	1	0
445.399	1	2
445.570	1	-1
445.740	1	-3
445.911	1	7
446.081	1	-11
446.252	1	10
446.422	1	-5
446.593	1	-7
446.763	1	-2
446.934	1	-2
447.104	1	-9
447.275	1	1
447.445	1	-2
447.616	1	12
447.786	1	-1
447.957	1	-4
448.127	1	-4
448.298	1	-1
448.468	1	-6
448.639	1	0
448.809	1	6
448.979	1	-3
449.150	1	5
449.320	1	3
449.491	1	11
449.661	1	-7
449.832	1	-1
450.002	1	-4
450.173	1	-10
450.343	1	2
450.514	1	6
450.684	1	3
450.855	1	-2
451.025	1	1
451.196	1	8
451.366	1	7
451.537	1	0
451.707	1	-8
451.878	1	0
452.048	1	10
452.218	1	7
452.389	1	4
452.559	1	1
452.730	1	4
452.900	1	7
453.071	1	-10
453.241	1	0
453.412	1	-3
453.582	1	3
453.753	1	8
453.923	1	-2
454.093	1	2
454.264	1	8
454.434	1	-4
454.605	1	-2
454.775	1	5
454.946	1	8
455.116	1	-2
455.287	1	-10
455.457	1	-16
455.628	1	1
455.798	1	-1
455.968	1	7
456.139	1	3
456.309	1	-2
456.480	1	-1
456.650	1	-8
456.821	1	-8
456.991	1	-4
457.161	1	-4
457.332	1	1
457.502	1	-13
457.673	1	4
457.843	1	5
458.014	1	-1
458.184	1	8
458.355	1	3
458.525	1	11
458.695	1	2
458.866	1	-7
459.036	1	0
459.207	1	7
459.377	1	-9
459.548	1	1
459.718	1	-7
459.888	1	-5
460.059	1	8
460.229	1	9
460.400	1	9
460.570	1	7
460.740	1	1
460.911	1	12
461.081	1	5
461.252	1	1
461.422	1	4
461.593	1	-5
461.763	1	1
461.933	1	11
462.104	1	-11
462.274	1	2
462.445	1	13
462.615	1	-3
462.785	1	0
462.956	1	1
463.126	1	6
463.297	1	-6
463.467	1	3
463.638	1	4
463.808	1	-5
463.978	1	-15
464.149	1	-12
464.319	1	-3
464.490	1	13
464.660	1	-2
464.830	1	-1
465.001	1	-2
465.171	1	6
465.342	1	2
465.512	1	-8
465.682	1	0
465.853	1	-2
466.023	1	1
466.194	1	2
466.364	1	5
466.534	1	-3
466.705	1	7
466.875	1	3
467.045	1	-3
467.216	1	12
467.386	1	-7
467.557	1	7
467.727	1	-5
467.897	1	-5
468.068	1	-3
468.238	1	5
468.409	1	-4
468.579	1	-1
468.749	1	0
468.920	1	-13
469.090	1	7
469.260	1	-5
469.431	1	0
469.601	1	8
469.772	1	-3
469.942	1	-6
470.112	1	5
470.283	1	-9
470.453	1	1
470.623	1	-5
470.794	1	-4
470.964	1	10
471.135	1	5
471.305	1	0
471.475	1	3
471.646	1	-2
471.816	1	2
471.986	1	1
472.157	1	12
472.327	1	-10
472.497	1	10
472.668	1	-17
472.838	1	8
473.009	1	1
473.179	1	-6
473.349	1	-2
473.520	1	8
473.690	1	6
473.860	1	-4
474.031	1	3
474.201	1	6
474.371	1	7
474.542	1	4
474.712	1	0
474.882	1	3
475.053	1	10
475.223	1	-2
475.394	1	7
475.564	1	-8
475.734	1	-2
475.905	1	13
476.075	1	4
476.245	1	5
476.416	1	4
476.586	1	5
476.756	1	1
476.927	1	8
477.097	1	11
477.267	1	-3
477.438	1	-1
477.608	1	-5
477.778	1	1
477.949	1	2
478.119	1	3
478.289	1	8
478.460	1	7
478.630	1	0
478.800	1	8
478.971	1	13
479.141	1	5
479.311	1	-14
479.482	1	-3
479.652	1	-3
479.822	1	-11
479.993	1	9
480.163	1	-4
480.333	1	4
480.504	1	2
480.674	1	-3
480.844	1	-10
481.015	1	0
481.185	1	-2
481.355	1	-2
481.525	1	-4
481.696	1	4
481.866	1	2
482.036	1	0
482.207	1	10
482.377	1	-9
482.547	1	11
482.718	1	-8
482.888	1	-1
483.058	1	-1
483.229	1	-1
483.399	1	-7
483.569	1	-3
483.740	1	13
483.910	1	-3
484.080	1	10
484.250	1	0
484.421	1	5
484.591	1	7
484.761	1	3
484.932	1	2
485.102	1	3
485.272	1	1
485.443	1	5
485.613	1	6
485.783	1	-5
485.953	1	-8
486.124	1	6
486.294	1	-2
486.464	1	1
486.635	1	10
486.805	1	2
486.975	1	-1
487.146	1	-2
487.316	1	-2
487.486	1	-6
487.656	1	-13
487.827	1	9
487.997	1	-9
488.167	1	5
488.338	1	8
488.508	1	5
488.678	1	0
488.848	1	1
489.019	1	-9
489.189	1	-8
489.359	1	-4
489.529	1	2
489.700	1	4
489.870	1	11
490.040	1	0
490.211	1	-4
490.381	1	9
490.551	1	3
490.721	1	8
490.892	1	-1
491.062	1	-4
491.232	1	6
491.402	1	-5
491.573	1	-9
491.743	1	5
491.913	1	2
492.084	1	1
492.254	1	-6
492.424	1	4
492.594	1	1
492.765	1	2
492.935	1	-3
493.105	1	-1
493.275	1	4
493.446	1	2
493.616	1	12
493.786	1	7
493.956	1	-3
494.127	1	-1
494.297	1	-2
494.467	1	5
494.637	1	6
494.808	1	-4
494.978	1	-7
495.148	1	1
495.318	1	6
495.489	1	3
495.659	1	4
495.829	1	-7
495.999	1	6
496.170	1	3
496.340	1	11
496.510	1	5
496.680	1	1
496.851	1	-8
497.021	1	-1
497.191	1	-6
497.361	1	1
497.532	1	-3
497.702	1	-1
497.872	1	13
498.042	1	11
498.213	1	0
498.383	1	3
498.553	1	-3
498.723	1	-3
498.894	1	2
499.064	1	-1
499.234	1	4
499.404	1	1
499.574	1	6
499.745	1	9
499.915	1	0
500.085	1	11
500.255	1	2
500.426	1	-2
500.596	1	1
500.766	1	0
500.936	1	4
501.106	1	-1
501.277	1	3
501.447	1	4
501.617	1	0
501.787	1	-6
501.958	1	-6
502.128	1	4
502.298	1	-5
502.468	1	-4
502.638	1	6
502.809	1	7
502.979	1	-10
503.149	1	-7
503.319	1	-8
503.489	1	-4
503.660	1	4
503.830	1	8
504.000	1	6
504.170	1	-6
504.340	1	-1
504.511	1	5
504.681	1	-12
504.851	1	4
505.021	1	1
505.192	1	-9
505.362	1	4
505.532	1	3
505.702	1	-4
505.872	1	2
506.043	1	3
506.213	1	-3
506.383	1	1
506.553	1	2
506.723	1	2
506.893	1	-2
507.064	1	3
507.234	1	0
507.404	1	-4
507.574	1	4
507.744	1	6
507.915	1	12
508.085	1	10
508.255	1	7
508.425	1	-4
508.595	1	2
508.766	1	8
508.936	1	-16
509.106	1	6
509.276	1	7
509.446	1	4
509.616	1	-4
509.787	1	14
509.957	1	-7
510.127	1	3
510.297	1	-3
510.467	1	-8
510.638	1	2
510.808	1	-16
510.978	1	-2
511.148	1	2
511.318	1	3
511.488	1	-10
511.659	1	6
511.829	1	1
511.999	1	5
512.169	1	1
512.339	1	-4
512.509	1	1
512.680	1	-6
512.850	1	5
513.020	1	-1
513.190	1	11
513.360	1	2
513.530	1	4
513.700	1	0
513.871	1	-3
514.041	1	2
514.211	1	5
514.381	1	5
514.551	1	2
514.721	1	0
514.892	1	8
515.062	1	4
515.232	1	3
515.402	1	-4
515.572	1	-7
515.742	1	5
515.912	1	9
516.083	1	-1
516.253	1	10
516.423	1	-1
516.593	1	0
516.763	1	8
516.933	1	-6
517.104	1	1
517.274	1	0
517.444	1	-1
517.614	1	6
517.784	1	0
517.954	1	4
518.124	1	-1
518.294	1	4
518.465	1	-6
518.635	1	-4
518.805	1	-4
518.975	1	6
519.145	1	4
519.315	1	-1
519.485	1	-5
519.656	1	17
519.826	1	6
519.996	1	-8
520.166	1	-4
520.336	1	0
520.506	1	-4
520.676	1	-10
520.846	1	6
521.017	1	4
521.187	1	-3
521.357	1	6
521.527	1	-6
521.697	1	8
521.867	1	-7
522.037	1	6
522.207	1	1
522.377	1	-3
522.548	1	1
522.718	1	6
522.888	1	11
523.058	1	4
523.228	1	-1
523.398	1	10
523.568	1	-4
523.738	1	4
523.909	1	0
524.079	1	0
524.249	1	1
524.419	1	1
524.589	1	-5
524.759	1	-6
524.929	1	0
525.099	1	9
525.269	1	5
525.439	1	-12
525.610	1	16
525.780	1	1
525.950	1	-1
526.120	1	-4
526.290	1	4
526.460	1	-17
526.630	1	7
526.800	1	-3
526.970	1	2
527.140	1	8
527.311	1	-5
527.481	1	-3
527.651	1	6
527.821	1	-9
527.991	1	9
528.161	1	9
528.331	1	-9
528.501	1	5
528.671	1	-4
528.841	1	-5
529.011	1	-8
529.181	1	7
529.352	1	1
529.522	1	-5
529.692	1	12
529.862	1	2
530.032	1	2
530.202	1	-3
530.372	1	3
530.542	1	-2
530.712	1	-6
530.882	1	3
531.052	1	4
531.222	1	-4
531.392	1	6
531.563	1	12
531.733	1	-5
531.903	1	-2
532.073	1	1
532.243	1	-12
532.413	1	7
532.583	1	-9
532.753	1	-1
532.923	1	-4
533.093	1	1
533.263	1	3
533.433	1	0
533.603	1	1
533.773	1	-3
533.943	1	2
534.113	1	1
534.284	1	4
534.454	1	3
534.624	1	15
534.794	1	0
534.964	1	9
535.134	1	-4
535.304	1	-1
535.474	1	-1
535.644	1	-8
535.814	1	-3
535.984	1	-6
536.154	1	-11
536.324	1	-3
536.494	1	7
536.664	1	7
536.834	1	4
537.004	1	3
537.174	1	9
537.344	1	1
537.514	1	-19
537.685	1	-2
537.855	1	8
538.025	1	-5
538.195	1	-1
538.365	1	7
538.535	1	6
538.705	1	5
538.875	1	-1
539.045	1	4
539.215	1	7
539.385	1	3
539.555	1	11
539.725	1	-5
539.895	1	-5
540.065	1	3
540.235	1	-3
540.405	1	-1
540.575	1	5
540.745	1	7
540.915	1	4
541.085	1	1
541.255	1	-11
541.425	1	-2
541.595	1	2
541.765	1	7
541.935	1	-1
542.105	1	-15
542.275	1	-6
542.445	1	-7
542.615	1	-1
542.785	1	9
542.955	1	5
543.125	1	0
543.295	1	8
543.465	1	9
543.635	1	5
543.805	1	10
543.975	1	3
544.145	1	6
544.315	1	-3
544.485	1	-3
544.655	1	-5
544.825	1	-13
544.995	1	2
545.165	1	-13
545.335	1	-2
545.505	1	-6
545.675	1	-1
545.845	1	4
546.015	1	2
546.185	1	3
546.355	1	6
546.525	1	7
546.695	1	-3
546.865	1	-13
547.035	1	9
547.205	1	-10
547.375	1	4
547.545	1	8
547.715	1	0
547.885	1	7
548.055	1	1
548.225	1	4
548.395	1	-8
548.565	1	0
548.735	1	3
548.905	1	0
549.075	1	9
549.245	1	3
549.415	1	-5
549.585	1	3
549.755	1	0
549.925	1	-2
550.095	1	5
550.265	1	2
550.435	1	-5
550.605	1	-4
550.775	1	-4
550.945	1	12
551.115	1	1
551.285	1	-2
551.455	1	-1
551.625	1	2
551.795	1	6
551.965	1	-10
552.135	1	-6
552.305	1	-6
552.475	1	-6
552.645	1	-6
552.815	1	-7
552.985	1	3
553.155	1	1
553.325	1	9
553.495	1	-10
553.665	1	-2
553.835	1	-4
554.004	1	1
554.174	1	1
554.344	1	9
554.514	1	7
554.684	1	4
554.854	1	10
555.024	1	-7
555.194	1	-4
555.364	1	2
555.534	1	2
555.704	1	-2
555.874	1	9
556.044	1	6
556.214	1	1
556.384	1	0
556.554	1	5
556.724	1	3
556.894	1	1
557.064	1	-4
557.234	1	-3
557.404	1	10
557.573	1	2
557.743	1	0
557.913	1	-3
558.083	1	-2
558.253	1	1
558.423	1	-5
558.593	1	7
558.763	1	-2
558.933	1	1
559.103	1	10
559.273	1	-8
559.443	1	-4
559.613	1	5
559.783	1	2
559.953	1	-1
560.122	1	10
560.292	1	5
560.462	1	-2
560.632	1	-1
560.802	1	-2
560.972	1	4
561.142	1	-6
561.312	1	-12
561.482	1	10
561.652	1	3
561.822	1	-6
561.992	1	-2
562.162	1	2
562.331	1	6
562.501	1	-4
562.671	1	1
562.841	1	-5
563.011	1	2
563.181	1	-5
563.351	1	-7
563.521	1	9
563.691	1	-6
563.861	1	-1
564.031	1	0
564.201	1	11
564.370	1	0
564.540	1	3
564.710	1	-5
564.880	1	6
565.050	1	4
565.220	1	-8
565.390	1	1
565.560	1	4
565.730	1	2
565.900	1	-3
566.069	1	9
566.239	1	0
566.409	1	5
566.579	1	4
566.749	1	2
566.919	1	5
567.089	1	12
567.259	1	7
567.429	1	-2
567.599	1	-9
567.768	1	-6
567.938	1	0
568.108	1	1
568.278	1	-4
568.448	1	-8
568.618	1	1
568.788	1	5
568.958	1	-6
569.128	1	5
569.297	1	-2
569.467	1	-9
569.637	1	5
569.807	1	-2
569.977	1	11
570.147	1	9
570.317	1	-9
570.487	1	0
570.656	1	11
570.826	1	-1
570.996	1	-2
571.166	1	8
571.336	1	-4
571.506	1	8
571.676	1	6
571.846	1	13
572.015	1	-4
572.185	1	1
572.355	1	1
572.525	1	2
572.695	1	-6
572.865	1	-10
573.035	1	4
573.205	1	-3
573.374	1	-13
573.544	1	-1
573.714	1	-9
573.884	1	10
574.054	1	4
574.224	1	4
574.394	1	0
574.563	1	-6
574.733	1	2
574.903	1	1
575.073	1	2
575.243	1	-1
575.413	1	14
575.583	1	-8
575.752	1	1
575.922	1	3
576.092	1	2
576.262	1	7
576.432	1	7
576.602	1	-2
576.772	1	13
576.941	1	-4
577.111	1	-10
577.281	1	-11
577.451	1	0
577.621	1	7
577.791	1	11
577.960	1	-5
578.130	1	-1
578.300	1	6
578.470	1	-1
578.640	1	-11
578.810	1	-1
578.979	1	0
579.149	1	-7
579.319	1	-6
579.489	1	2
579.659	1	-3
579.829	1	3
579.998	1	12
580.168	1	20
580.338	1	0
580.508	1	1
580.678	1	-1
580.848	1	-7
581.017	1	-2
581.187	1	0
581.357	1	-4
581.527	1	11
581.697	1	4
581.867	1	5
582.036	1	3
582.206	1	8
582.376	1	0
582.546	1	-4
582.716	1	-5
582.885	1	-1
583.055	1	7
583.225	1	-5
583.395	1	7
583.565	1	-5
583.735	1	10
583.904	1	3
584.074	1	4
584.244	1	-1
584.414	1	-6
584.584	1	9
584.753	1	-12
584.923	1	3
585.093	1	-2
585.263	1	3
585.433	1	3
585.602	1	5
585.772	1	-6
585.942	1	-5
586.112	1	-4
586.282	1	5
586.451	1	-12
586.621	1	-10
586.791	1	-1
586.961	1	4
587.131	1	0
587.300	1	1
587.470	1	3
587.640	1	12
587.810	1	-7
587.980	1	0
588.149	1	4
588.319	1	-2
588.489	1	-6
588.659	1	-5
588.829	1	12
588.998	1	7
589.168	1	-2
589.338	1	-1
589.508	1	-3
589.677	1	-8
589.847	1	-11
590.017	1	19
590.187	1	1
590.357	1	7
590.526	1	16
590.696	1	2
590.866	1	9
591.036	1	0
591.205	1	12
591.375	1	-8
591.545	1	-6
591.715	1	6
591.885	1	-2
592.054	1	-3
592.224	1	4
592.394	1	6
592.564	1	2
592.733	1	9
592.903	1	-3
593.073	1	2
593.243	1	3
593.412	1	7
593.582	1	7
593.752	1	0
593.922	1	2
594.091	1	3
594.261	1	-1
594.431	1	4
594.601	1	2
594.771	1	6
594.940	1	-3
595.110	1	0
595.280	1	3
595.450	1	-3
595.619	1	3
595.789	1	7
595.959	1	14
596.129	1	-10
596.298	1	1
596.468	1	4
596.638	1	-5
596.808	1	0
596.977	1	5
597.147	1	4
597.317	1	-6
597.487	1	3
597.656	1	6
597.826	1	-2
597.996	1	1
598.166	1	1
598.335	1	-9
598.505	1	-9
598.675	1	-4
598.844	1	-3
599.014	1	-1
599.184	1	2
599.354	1	-4
599.523	1	2
599.693	1	-7
599.863	1	7
600.033	1	-7
600.202	1	12
600.372	1	-1
600.542	1	7
600.712	1	-7
600.881	1	0
601.051	1	10
601.221	1	3
601.390	1	-8
601.560	1	9
601.730	1	2
601.900	1	5
602.069	1	-7
602.239	1	-12
602.409	1	1
602.578	1	2
602.748	1	-9
602.918	1	3
603.088	1	5
603.257	1	0
603.427	1	-4
603.597	1	-2
603.767	1	-4
603.936	1	2
604.106	1	-7
604.276	1	-5
604.445	1	8
604.615	1	-8
604.785	1	0
604.954	1	-4
605.124	1	-1
605.294	1	0
605.464	1	3
605.633	1	4
605.803	1	4
605.973	1	-5
606.142	1	5
606.312	1	2
606.482	1	-2
606.652	1	7
606.821	1	-8
606.991	1	2
607.161	1	1
607.330	1	-2
607.500	1	9
607.670	1	-4
607.839	1	9
608.009	1	12
608.179	1	12
608.348	1	9
608.518	1	2
608.688	1	11
608.858	1	0
609.027	1	-13
609.197	1	-5
609.367	1	5
609.536	1	2
609.706	1	-7
609.876	1	0
610.045	1	5
610.215	1	7
610.385	1	-4
610.554	1	0
610.724	1	5
610.894	1	-4
611.063	1	4
611.233	1	-5
611.403	1	-5
611.572	1	-2
611.742	1	11
611.912	1	2
612.081	1	-5
612.251	1	4
612.421	1	3
612.590	1	3
612.760	1	0
612.930	1	6
613.099	1	-1
613.269	1	4
613.439	1	-3
613.608	1	1
613.778	1	-5
613.948	1	-2
614.117	1	3
614.287	1	14
614.457	1	6
614.626	1	-3
614.796	1	0
614.966	1	4
615.135	1	5
615.305	1	12
615.475	1	-9
615.644	1	3
615.814	1	-4
615.984	1	-3
616.153	1	-1
616.323	1	-1
616.493	1	5
616.662	1	11
616.832	1	11
617.002	1	0
617.171	1	-4
617.341	1	-1
617.511	1	-8
617.680	1	-10
617.850	1	0
618.019	1	10
618.189	1	-2
618.359	1	11
618.528	1	-2
618.698	1	2
618.868	1	-3
619.037	1	-6
619.207	1	-3
619.377	1	-11
619.546	1	2
619.716	1	0
619.885	1	1
620.055	1	-5
620.225	1	-4
620.394	1	-10
620.564	1	6
620.734	1	1
620.903	1	-4
621.073	1	10
621.242	1	-1
621.412	1	-1
621.582	1	1
621.751	1	1
621.921	1	2
622.091	1	-5
622.260	1	-3
622.430	1	10
622.599	1	-4
622.769	1	5
622.939	1	3
623.108	1	0
623.278	1	-8
623.448	1	-3
623.617	1	-5
623.787	1	6
623.956	1	1
624.126	1	-5
624.296	1	-4
624.465	1	3
624.635	1	13
624.804	1	1
624.974	1	4
625.144	1	6
625.313	1	0
625.483	1	1
625.652	1	9
625.822	1	-5
625.992	1	-8
626.161	1	8
626.331	1	6
626.501	1	-11
626.670	1	6
626.840	1	4
627.009	1	-4
627.179	1	8
627.348	1	6
627.518	1	2
627.688	1	6
627.857	1	9
628.027	1	9
628.196	1	3
628.366	1	10
628.536	1	3
628.705	1	4
628.875	1	1
629.044	1	2
629.214	1	11
629.384	1	9
629.553	1	6
629.723	1	1
629.892	1	2
630.062	1	0
630.232	1	-3
630.401	1	10
630.571	1	6
630.740	1	1
630.910	1	-5
631.079	1	1
631.249	1	-2
631.419	1	-2
631.588	1	-6
631.758	1	2
631.927	1	0
632.097	1	1
632.266	1	-7
632.436	1	-9
632.606	1	-7
632.775	1	6
632.945	1	6
633.114	1	9
633.284	1	3
633.453	1	-8
633.623	1	2
633.793	1	4
633.962	1	2
634.132	1	-8
634.301	1	4
634.471	1	3
634.640	1	0
634.810	1	3
634.979	1	0
635.149	1	1
635.319	1	-5
635.488	1	-3
635.658	1	-8
635.827	1	-16
635.997	1	-7
636.166	1	7
636.336	1	-2
636.505	1	2
636.675	1	-5
636.845	1	-1
637.014	1	3
637.184	1	13
637.353	1	4
637.523	1	11
637.692	1	3
637.862	1	9
638.031	1	-1
638.201	1	10
638.370	1	4
638.540	1	0
638.710	1	1
638.879	1	-11
639.049	1	7
639.218	1	5
639.388	1	0
639.557	1	-5
639.727	1	1
639.896	1	7
640.066	1	2
640.235	1	8
640.405	1	4
640.574	1	-2
640.744	1	-9
640.914	1	6
641.083	1	6
641.253	1	-12
641.422	1	1
641.592	1	8
641.761	1	-7
641.931	1	-6
642.100	1	15
642.270	1	-9
642.439	1	3
642.609	1	1
642.778	1	-4
642.948	1	-3
643.117	1	3
643.287	1	5
643.456	1	1
643.626	1	3
643.795	1	0
643.965	1	3
644.134	1	3
644.304	1	1
644.473	1	1
644.643	1	7
644.812	1	-3
644.982	1	5
645.151	1	1
645.321	1	-16
645.490	1	7
645.660	1	-15
645.829	1	1
645.999	1	3
646.168	1	3
646.338	1	3
646.507	1	0
646.677	1	7
646.846	1	-1
647.016	1	-4
647.185	1	6
647.355	1	-10
647.524	1	10
647.694	1	18
647.863	1	0
648.033	1	1
648.202	1	5
648.372	1	-6
648.541	1	0
648.711	1	3
648.880	1	-6
649.050	1	-10
649.219	1	0
649.389	1	9
649.558	1	-1
649.728	1	-3
649.897	1	-9
650.067	1	5
650.236	1	3
650.406	1	-5
650.575	1	6
650.745	1	0
650.914	1	-7
651.084	1	-7
651.253	1	5
651.423	1	-6
651.592	1	-6
651.762	1	-2
651.931	1	2
652.101	1	0
652.270	1	13
652.440	1	7
652.609	1	-4
652.778	1	-7
652.948	1	3
653.117	1	-5
653.287	1	0
653.456	1	9
653.626	1	7
653.795	1	-1
653.965	1	4
654.134	1	13
654.304	1	-4
654.473	1	6
654.643	1	2
654.812	1	3
654.982	1	0
655.151	1	-1
655.320	1	7
655.490	1	1
655.659	1	-1
655.829	1	-4
655.998	1	-6
656.168	1	2
656.337	1	9
656.507	1	-7
656.676	1	7
656.846	1	7
657.015	1	5
657.184	1	4
657.354	1	4
657.523	1	1
657.693	1	1
657.862	1	0
658.032	1	2
658.201	1	7
658.371	1	7
658.540	1	7
658.709	1	-4
658.879	1	6
659.048	1	0
659.218	1	2
659.387	1	2
659.557	1	8
659.726	1	5
659.895	1	2
660.065	1	-5
660.234	1	0
660.404	1	6
660.573	1	-6
660.743	1	0
660.912	1	4
661.081	1	-1
661.251	1	-2
661.420	1	3
661.590	1	0
661.759	1	4
661.929	1	6
662.098	1	6
662.267	1	-1
662.437	1	3
662.606	1	0
662.776	1	11
662.945	1	-4
663.115	1	-1
663.284	1	-6
663.453	1	1
663.623	1	3
663.792	1	5
663.962	1	-1
664.131	1	0
664.300	1	6
664.470	1	-2
664.639	1	-1
664.809	1	-3
664.978	1	2
665.148	1	3
665.317	1	2
665.486	1	4
665.656	1	-6
665.825	1	7
665.995	1	-10
666.164	1	9
666.333	1	6
666.503	1	3
666.672	1	-10
666.842	1	5
667.011	1	-2
667.180	1	1
667.350	1	-9
667.519	1	0
667.689	1	2
667.858	1	-3
668.027	1	8
668.197	1	0
668.366	1	-9
668.536	1	-2
668.705	1	4
668.874	1	4
669.044	1	-4
669.213	1	7
669.382	1	-3
669.552	1	3
669.721	1	4
669.891	1	17
670.060	1	0
670.229	1	8
670.399	1	5
670.568	1	14
670.738	1	-1
670.907	1	-4
671.076	1	-3
671.246	1	-1
671.415	1	10
671.584	1	8
671.754	1	6
671.923	1	-8
672.093	1	-5
672.262	1	-3
672.431	1	-3
672.601	1	1
672.770	1	-3
672.939	1	3
673.109	1	-6
673.278	1	8
673.448	1	1
673.617	1	-2
673.786	1	-5
