325.333	1	7
325.504	1	13
325.675	1	2
325.846	1	10
326.017	1	1
326.188	1	5
326.359	1	9
326.531	1	-7
326.702	1	2
326.873	1	5
327.044	1	4
327.215	1	-1
327.386	1	8
327.557	1	3
327.728	1	-1
327.899	1	7
328.070	1	12
328.241	1	7
328.412	1	-7
328.583	1	5
328.754	1	1
328.926	1	12
329.097	1	-4
329.268	1	23
329.439	1	1
329.610	1	0
329.781	1	-4
329.952	1	12
330.123	1	14
330.294	1	8
330.465	1	4
330.636	1	4
330.807	1	-8
330.978	1	-4
331.149	1	-4
331.320	1	5
331.492	1	4
331.663	1	1
331.834	1	13
332.005	1	8
332.176	1	17
332.347	1	1
332.518	1	-6
332.689	1	13
332.860	1	2
333.031	1	11
333.202	1	0
333.373	1	14
333.544	1	6
333.715	1	13
333.886	1	-4
334.057	1	8
334.228	1	-11
334.399	1	3
334.570	1	9
334.741	1	4
334.912	1	15
335.084	1	20
335.255	1	2
335.426	1	-7
335.597	1	6
335.768	1	-9
335.939	1	17
336.110	1	0
336.281	1	-3
336.452	1	7
336.623	1	14
336.794	1	7
336.965	1	11
337.136	1	13
337.307	1	2
337.478	1	-10
337.649	1	1
337.820	1	7
337.991	1	2
338.162	1	12
338.333	1	2
338.504	1	12
338.675	1	2
338.846	1	8
339.017	1	-10
339.188	1	-5
339.359	1	-4
339.530	1	0
339.701	1	6
339.872	1	16
340.043	1	1
340.214	1	12
340.385	1	12
340.556	1	1
340.727	1	11
340.898	1	11
341.069	1	8
341.240	1	11
341.411	1	3
341.582	1	6
341.753	1	3
341.924	1	10
342.095	1	8
342.266	1	11
342.437	1	9
342.608	1	7
342.779	1	12
342.950	1	10
343.121	1	6
343.292	1	2
343.463	1	7
343.634	1	1
343.805	1	13
343.976	1	6
344.147	1	6
344.318	1	3
344.489	1	5
344.660	1	12
344.831	1	3
345.002	1	-2
345.173	1	12
345.344	1	8
345.515	1	13
345.686	1	8
345.857	1	3
346.028	1	5
346.199	1	0
346.370	1	6
346.541	1	10
346.712	1	-1
346.883	1	6
347.054	1	9
347.225	1	13
347.396	1	14
347.567	1	7
347.738	1	-6
347.909	1	18
348.080	1	-2
348.251	1	11
348.422	1	3
348.593	1	7
348.764	1	6
348.935	1	11
349.106	1	2
349.277	1	2
349.448	1	3
349.619	1	13
349.790	1	10
349.961	1	18
350.132	1	12
350.303	1	6
350.474	1	16
350.645	1	12
350.816	1	11
350.987	1	10
351.157	1	6
351.328	1	17
351.499	1	23
351.670	1	1
351.841	1	20
352.012	1	19
352.183	1	19
352.354	1	14
352.525	1	18
352.696	1	24
352.867	1	14
353.038	1	24
353.209	1	14
353.380	1	16
353.551	1	-7
353.722	1	13
353.893	1	-6
354.064	1	28
354.235	1	15
354.406	1	-1
354.576	1	16
354.747	1	14
354.918	1	17
355.089	1	17
355.260	1	8
355.431	1	23
355.602	1	7
355.773	1	12
355.944	1	14
356.115	1	8
356.286	1	12
356.457	1	14
356.628	1	12
356.799	1	16
356.970	1	16
357.141	1	3
357.311	1	11
357.482	1	10
357.653	1	18
357.824	1	16
357.995	1	11
358.166	1	-7
358.337	1	5
358.508	1	21
358.679	1	-1
358.850	1	12
359.021	1	1
359.192	1	20
359.363	1	7
359.533	1	2
359.704	1	8
359.875	1	11
360.046	1	9
360.217	1	-1
360.388	1	16
360.559	1	1
360.730	1	8
360.901	1	10
361.072	1	24
361.243	1	18
361.414	1	7
361.584	1	13
361.755	1	16
361.926	1	10
362.097	1	8
362.268	1	17
362.439	1	9
362.610	1	11
362.781	1	6
362.952	1	10
363.123	1	13
363.293	1	3
363.464	1	17
363.635	1	17
363.806	1	6
363.977	1	12
364.148	1	6
364.319	1	10
364.490	1	14
364.661	1	12
364.832	1	13
365.002	1	13
365.173	1	6
365.344	1	17
365.515	1	9
365.686	1	9
365.857	1	9
366.028	1	17
366.199	1	6
366.370	1	21
366.540	1	10
366.711	1	-1
366.882	1	9
367.053	1	17
367.224	1	24
367.395	1	22
367.566	1	18
367.737	1	10
367.908	1	14
368.078	1	4
368.249	1	21
368.420	1	2
368.591	1	8
368.762	1	13
368.933	1	14
369.104	1	1
369.274	1	8
369.445	1	14
369.616	1	17
369.787	1	7
369.958	1	20
370.129	1	8
370.300	1	16
370.471	1	11
370.641	1	15
370.812	1	15
370.983	1	19
371.154	1	-1
371.325	1	19
371.496	1	9
371.667	1	13
371.837	1	3
372.008	1	11
372.179	1	11
372.350	1	29
372.521	1	17
372.692	1	17
372.863	1	19
373.033	1	3
373.204	1	12
373.375	1	15
373.546	1	16
373.717	1	14
373.888	1	27
374.059	1	14
374.229	1	11
374.400	1	5
374.571	1	10
374.742	1	17
374.913	1	23
375.084	1	15
375.254	1	16
375.425	1	15
375.596	1	17
375.767	1	11
375.938	1	14
376.109	1	18
376.279	1	10
376.450	1	24
376.621	1	15
376.792	1	16
376.963	1	14
377.134	1	13
377.304	1	14
377.475	1	9
377.646	1	12
377.817	1	1
377.988	1	7
378.159	1	16
378.329	1	29
378.500	1	14
378.671	1	16
378.842	1	16
379.013	1	2
379.184	1	10
379.354	1	20
379.525	1	8
379.696	1	19
379.867	1	18
380.038	1	10
380.209	1	13
380.379	1	12
380.550	1	8
380.721	1	21
380.892	1	18
381.063	1	13
381.233	1	14
381.404	1	11
381.575	1	14
381.746	1	8
381.917	1	20
382.087	1	15
382.258	1	13
382.429	1	17
382.600	1	20
382.771	1	19
382.941	1	12
383.112	1	16
383.283	1	14
383.454	1	17
383.625	1	9
383.795	1	13
383.966	1	11
384.137	1	24
384.308	1	12
384.479	1	16
384.649	1	17
384.820	1	11
384.991	1	10
385.162	1	12
385.333	1	16
385.503	1	7
385.674	1	6
385.845	1	22
386.016	1	13
386.187	1	17
386.357	1	23
386.528	1	19
386.699	1	17
386.870	1	25
387.041	1	28
387.211	1	15
387.382	1	20
387.553	1	8
387.724	1	18
387.894	1	14
388.065	1	22
388.236	1	23
388.407	1	20
388.578	1	9
388.748	1	4
388.919	1	21
389.090	1	23
389.261	1	9
389.431	1	28
389.602	1	16
389.773	1	16
389.944	1	19
390.114	1	22
390.285	1	23
390.456	1	18
390.627	1	14
390.798	1	16
390.968	1	17
391.139	1	22
391.310	1	10
391.481	1	20
391.651	1	20
391.822	1	10
391.993	1	21
392.164	1	18
392.334	1	21
392.505	1	15
392.676	1	22
392.847	1	26
393.017	1	16
393.188	1	29
393.359	1	20
393.530	1	14
393.700	1	13
393.871	1	16
394.042	1	18
394.213	1	18
394.383	1	19
394.554	1	21
394.725	1	23
394.896	1	12
395.066	1	19
395.237	1	14
395.408	1	14
395.579	1	21
395.749	1	21
395.920	1	14
396.091	1	16
396.262	1	17
396.432	1	26
396.603	1	23
396.774	1	26
396.945	1	17
397.115	1	20
397.286	1	18
397.457	1	22
397.627	1	15
397.798	1	19
397.969	1	9
398.140	1	14
398.310	1	13
398.481	1	22
398.652	1	23
398.823	1	14
398.993	1	18
399.164	1	15
399.335	1	27
399.505	1	25
399.676	1	20
399.847	1	15
400.018	1	13
400.188	1	20
400.359	1	31
400.530	1	16
400.700	1	22
400.871	1	15
401.042	1	12
401.213	1	17
401.383	1	19
401.554	1	32
401.725	1	21
401.895	1	10
402.066	1	23
402.237	1	26
402.408	1	23
402.578	1	21
402.749	1	29
402.920	1	24
403.090	1	13
403.261	1	15
403.432	1	19
403.603	1	26
403.773	1	26
403.944	1	28
404.115	1	31
404.285	1	29
404.456	1	12
404.627	1	7
404.797	1	9
404.968	1	13
405.139	1	12
405.310	1	28
405.480	1	26
405.651	1	14
405.822	1	14
405.992	1	10
406.163	1	13
406.334	1	9
406.504	1	15
406.675	1	25
406.846	1	25
407.016	1	31
407.187	1	22
407.358	1	10
407.528	1	12
407.699	1	13
407.870	1	15
408.041	1	19
408.211	1	27
408.382	1	15
408.553	1	19
408.723	1	22
408.894	1	15
409.065	1	22
409.235	1	10
409.406	1	15
409.577	1	15
409.747	1	26
409.918	1	22
410.089	1	15
410.259	1	11
410.430	1	22
410.601	1	10
410.771	1	14
410.942	1	19
411.113	1	22
411.283	1	15
411.454	1	24
411.625	1	23
411.795	1	21
411.966	1	13
412.137	1	23
412.307	1	8
412.478	1	11
412.649	1	29
412.819	1	15
412.990	1	5
413.161	1	30
413.331	1	4
413.502	1	32
413.672	1	7
413.843	1	18
414.014	1	18
414.184	1	25
414.355	1	20
414.526	1	17
414.696	1	33
414.867	1	19
415.038	1	8
415.208	1	14
415.379	1	29
415.550	1	29
415.720	1	16
415.891	1	15
416.062	1	22
416.232	1	17
416.403	1	23
416.573	1	26
416.744	1	21
416.915	1	23
417.085	1	17
417.256	1	16
417.427	1	17
417.597	1	25
417.768	1	17
417.939	1	26
418.109	1	26
418.280	1	22
418.450	1	13
418.621	1	9
418.792	1	18
418.962	1	20
419.133	1	29
419.304	1	15
419.474	1	15
419.645	1	19
419.815	1	15
419.986	1	20
420.157	1	23
420.327	1	26
420.498	1	19
420.669	1	17
420.839	1	24
421.010	1	26
421.180	1	27
421.351	1	17
421.522	1	23
421.692	1	22
421.863	1	23
422.033	1	30
422.204	1	12
422.375	1	7
422.545	1	26
422.716	1	13
422.886	1	15
423.057	1	25
423.228	1	18
423.398	1	7
423.569	1	22
423.740	1	7
423.910	1	10
424.081	1	17
424.251	1	11
424.422	1	23
424.593	1	15
424.763	1	23
424.934	1	17
425.104	1	27
425.275	1	26
425.445	1	13
425.616	1	12
425.787	1	19
425.957	1	24
426.128	1	26
426.298	1	22
426.469	1	12
426.640	1	13
426.810	1	13
426.981	1	18
427.151	1	23
427.322	1	30
427.493	1	15
427.663	1	14
427.834	1	15
428.004	1	29
428.175	1	30
428.345	1	10
428.516	1	19
428.687	1	16
428.857	1	15
429.028	1	18
429.198	1	21
429.369	1	21
429.540	1	22
429.710	1	10
429.881	1	23
430.051	1	20
430.222	1	22
430.392	1	24
430.563	1	20
430.734	1	25
430.904	1	27
431.075	1	21
431.245	1	22
431.416	1	16
431.586	1	17
431.757	1	14
431.927	1	12
432.098	1	15
432.269	1	9
432.439	1	21
432.610	1	25
432.780	1	33
432.951	1	24
433.121	1	23
433.292	1	26
433.462	1	24
433.633	1	23
433.804	1	25
433.974	1	23
434.145	1	31
434.315	1	16
434.486	1	11
434.656	1	16
434.827	1	18
434.997	1	20
435.168	1	24
435.339	1	18
435.509	1	22
435.680	1	17
435.850	1	19
436.021	1	14
436.191	1	14
436.362	1	19
436.532	1	16
436.703	1	20
436.873	1	12
437.044	1	6
437.214	1	24
437.385	1	15
437.556	1	17
437.726	1	25
437.897	1	21
438.067	1	11
438.238	1	14
438.408	1	21
438.579	1	1
438.749	1	9
438.920	1	11
439.090	1	17
439.261	1	19
439.431	1	12
439.602	1	24
439.772	1	13
439.943	1	25
440.113	1	19
440.284	1	21
440.455	1	16
440.625	1	13
440.796	1	24
440.966	1	16
441.137	1	19
441.307	1	15
441.478	1	29
441.648	1	18
441.819	1	18
441.989	1	13
442.160	1	23
442.330	1	17
442.501	1	15
442.671	1	9
442.842	1	6
443.012	1	9
443.183	1	15
443.353	1	9
443.524	1	16
443.694	1	32
443.865	1	18
444.035	1	19
444.206	1	14
444.376	1	5
444.547	1	22
444.717	1	13
444.888	1	14
445.058	1	24
445.229	1	16
445.399	1	10
445.570	1	17
445.740	1	22
445.911	1	9
446.081	1	8
446.252	1	19
446.422	1	7
446.593	1	19
446.763	1	11
446.934	1	12
447.104	1	12
447.275	1	14
447.445	1	16
447.616	1	24
447.786	1	19
447.957	1	20
448.127	1	15
448.298	1	21
448.468	1	6
448.639	1	6
448.809	1	17
448.979	1	11
449.150	1	26
449.320	1	17
449.491	1	29
449.661	1	11
449.832	1	14
450.002	1	27
450.173	1	20
450.343	1	21
450.514	1	17
450.684	1	14
450.855	1	11
451.025	1	23
451.196	1	18
451.366	1	15
451.537	1	18
451.707	1	3
451.878	1	12
452.048	1	20
452.218	1	29
452.389	1	17
452.559	1	19
452.730	1	21
452.900	1	14
453.071	1	2
453.241	1	6
453.412	1	9
453.582	1	16
453.753	1	24
453.923	1	15
454.093	1	21
454.264	1	11
454.434	1	15
454.605	1	9
454.775	1	18
454.946	1	14
455.116	1	12
455.287	1	2
455.457	1	10
455.628	1	15
455.798	1	20
455.968	1	15
456.139	1	12
456.309	1	13
456.480	1	10
456.650	1	-1
456.821	1	4
456.991	1	7
457.161	1	8
457.332	1	12
457.502	1	2
457.673	1	12
457.843	1	22
458.014	1	16
458.184	1	7
458.355	1	11
458.525	1	22
458.695	1	13
458.866	1	11
459.036	1	15
459.207	1	9
459.377	1	10
459.548	1	15
459.718	1	8
459.888	1	18
460.059	1	18
460.229	1	19
460.400	1	21
460.570	1	15
460.740	1	13
460.911	1	13
461.081	1	6
461.252	1	17
461.422	1	10
461.593	1	12
461.763	1	8
461.933	1	21
462.104	1	13
462.274	1	24
462.445	1	12
462.615	1	9
462.785	1	12
462.956	1	16
463.126	1	17
463.297	1	10
463.467	1	9
463.638	1	17
463.808	1	10
463.978	1	8
464.149	1	9
464.319	1	11
464.490	1	27
464.660	1	1
464.830	1	7
465.001	1	14
465.171	1	11
465.342	1	17
465.512	1	4
465.682	1	19
465.853	1	20
466.023	1	14
466.194	1	7
466.364	1	11
466.534	1	17
466.705	1	7
466.875	1	11
467.045	1	2
467.216	1	20
467.386	1	2
467.557	1	15
467.727	1	1
467.897	1	6
468.068	1	10
468.238	1	13
468.409	1	11
468.579	1	20
468.749	1	6
468.920	1	9
469.090	1	15
469.260	1	8
469.431	1	11
469.601	1	14
469.772	1	8
469.942	1	8
470.112	1	11
470.283	1	10
470.453	1	14
470.623	1	15
470.794	1	1
470.964	1	20
471.135	1	10
471.305	1	7
471.475	1	19
471.646	1	-2
471.816	1	1
471.986	1	9
472.157	1	21
472.327	1	-1
472.497	1	13
472.668	1	-3
472.838	1	3
473.009	1	16
473.179	1	10
473.349	1	-3
473.520	1	15
473.690	1	14
473.860	1	14
474.031	1	13
474.201	1	14
474.371	1	24
474.542	1	12
474.712	1	7
474.882	1	20
475.053	1	17
475.223	1	4
475.394	1	13
475.564	1	10
475.734	1	13
475.905	1	17
476.075	1	11
476.245	1	18
476.416	1	15
476.586	1	18
476.756	1	12
476.927	1	21
477.097	1	9
477.267	1	10
477.438	1	15
477.608	1	6
477.778	1	7
477.949	1	13
478.119	1	24
478.289	1	21
478.460	1	19
478.630	1	11
478.800	1	6
478.971	1	9
479.141	1	-1
479.311	1	0
479.482	1	13
479.652	1	9
479.822	1	11
479.993	1	20
480.163	1	11
480.333	1	3
480.504	1	17
480.674	1	13
480.844	1	-6
481.015	1	15
481.185	1	4
481.355	1	14
481.525	1	8
481.696	1	10
481.866	1	12
482.036	1	2
482.207	1	6
482.377	1	4
482.547	1	16
482.718	1	5
482.888	1	12
483.058	1	13
483.229	1	15
483.399	1	8
483.569	1	9
483.740	1	7
483.910	1	12
484.080	1	3
484.250	1	5
484.421	1	1
484.591	1	16
484.761	1	16
484.932	1	17
485.102	1	25
485.272	1	7
485.443	1	11
485.613	1	10
485.783	1	2
485.953	1	12
486.124	1	17
486.294	1	9
486.464	1	12
486.635	1	19
486.805	1	14
486.975	1	3
487.146	1	18
487.316	1	6
487.486	1	1
487.656	1	13
487.827	1	10
487.997	1	4
488.167	1	7
488.338	1	22
488.508	1	3
488.678	1	5
488.848	1	16
489.019	1	10
489.189	1	16
489.359	1	5
489.529	1	5
489.700	1	8
489.870	1	17
490.040	1	1
490.211	1	-8
490.381	1	14
490.551	1	-1
490.721	1	13
490.892	1	8
491.062	1	13
491.232	1	12
491.402	1	5
491.573	1	-9
491.743	1	13
491.913	1	9
492.084	1	17
492.254	1	-4
492.424	1	10
492.594	1	7
492.765	1	9
492.935	1	7
493.105	1	15
493.275	1	5
493.446	1	9
493.616	1	9
493.786	1	2
493.956	1	5
494.127	1	8
494.297	1	6
494.467	1	11
494.637	1	0
494.808	1	4
494.978	1	-3
495.148	1	7
495.318	1	1
495.489	1	14
495.659	1	11
495.829	1	-4
495.999	1	2
496.170	1	8
496.340	1	8
496.510	1	13
496.680	1	2
496.851	1	13
497.021	1	11
497.191	1	3
497.361	1	13
497.532	1	-7
497.702	1	3
497.872	1	-1
498.042	1	13
498.213	1	6
498.383	1	7
498.553	1	1
498.723	1	9
498.894	1	7
499.064	1	5
499.234	1	9
499.404	1	5
499.574	1	7
499.745	1	17
499.915	1	11
500.085	1	7
500.255	1	17
500.426	1	12
500.596	1	6
500.766	1	2
500.936	1	2
501.106	1	0
501.277	1	19
501.447	1	7
501.617	1	7
501.787	1	3
501.958	1	-2
502.128	1	12
502.298	1	0
502.468	1	5
502.638	1	6
502.809	1	11
502.979	1	-2
503.149	1	-2
503.319	1	-2
503.489	1	11
503.660	1	1
503.830	1	12
504.000	1	11
504.170	1	8
504.340	1	1
504.511	1	19
504.681	1	6
504.851	1	9
505.021	1	3
505.192	1	6
505.362	1	14
505.532	1	0
505.702	1	4
505.872	1	6
506.043	1	5
506.213	1	4
506.383	1	0
506.553	1	10
506.723	1	2
506.893	1	6
507.064	1	6
507.234	1	-2
507.404	1	-7
507.574	1	8
507.744	1	8
507.915	1	-2
508.085	1	4
508.255	1	4
508.425	1	-1
508.595	1	1
508.766	1	12
508.936	1	-9
509.106	1	10
509.276	1	13
509.446	1	3
509.616	1	0
509.787	1	9
509.957	1	2
510.127	1	-2
510.297	1	9
510.467	1	0
510.638	1	2
510.808	1	0
510.978	1	4
511.148	1	14
511.318	1	3
511.488	1	3
511.659	1	8
511.829	1	-2
511.999	1	6
512.169	1	1
512.339	1	-5
512.509	1	4
512.680	1	-1
512.850	1	5
513.020	1	14
513.190	1	8
513.360	1	-3
513.530	1	0
513.700	1	7
513.871	1	7
514.041	1	6
514.211	1	14
514.381	1	15
514.551	1	-2
514.721	1	7
514.892	1	6
515.062	1	2
515.232	1	2
515.402	1	-9
515.572	1	-4
515.742	1	14
515.912	1	7
516.083	1	2
516.253	1	7
516.423	1	1
516.593	1	7
516.763	1	16
516.933	1	-7
517.104	1	7
517.274	1	-2
517.444	1	6
517.614	1	-6
517.784	1	-2
517.954	1	8
518.124	1	0
518.294	1	6
518.465	1	1
518.635	1	6
518.805	1	-11
518.975	1	0
519.145	1	-1
519.315	1	9
519.485	1	0
519.656	1	11
519.826	1	-1
519.996	1	1
520.166	1	4
520.336	1	15
520.506	1	5
520.676	1	-6
520.846	1	14
521.017	1	2
521.187	1	1
521.357	1	14
521.527	1	-5
521.697	1	-1
521.867	1	3
522.037	1	8
522.207	1	10
522.377	1	8
522.548	1	-4
522.718	1	4
522.888	1	15
523.058	1	-2
523.228	1	13
523.398	1	8
523.568	1	14
523.738	1	5
523.909	1	10
524.079	1	-1
524.249	1	4
524.419	1	-1
524.589	1	13
524.759	1	5
524.929	1	0
525.099	1	5
525.269	1	18
525.439	1	-7
525.610	1	18
525.780	1	-6
525.950	1	3
526.120	1	7
526.290	1	-2
526.460	1	-10
526.630	1	4
526.800	1	-1
526.970	1	12
527.140	1	-1
527.311	1	-7
527.481	1	-4
527.651	1	9
527.821	1	0
527.991	1	12
528.161	1	14
528.331	1	1
528.501	1	11
528.671	1	-3
528.841	1	2
529.011	1	-6
529.181	1	10
529.352	1	7
529.522	1	-1
529.692	1	1
529.862	1	7
530.032	1	5
530.202	1	0
530.372	1	4
530.542	1	5
530.712	1	6
530.882	1	9
531.052	1	12
531.222	1	-2
531.392	1	6
531.563	1	-1
531.733	1	3
531.903	1	3
532.073	1	4
532.243	1	-3
532.413	1	7
532.583	1	6
532.753	1	11
532.923	1	0
533.093	1	9
533.263	1	0
533.433	1	1
533.603	1	6
533.773	1	11
533.943	1	-4
534.113	1	6
534.284	1	-4
534.454	1	14
534.624	1	4
534.794	1	0
534.964	1	9
535.134	1	2
535.304	1	0
535.474	1	15
535.644	1	-9
535.814	1	-7
535.984	1	0
536.154	1	-14
536.324	1	-1
536.494	1	7
536.664	1	2
536.834	1	16
537.004	1	2
537.174	1	15
537.344	1	5
537.514	1	-7
537.685	1	2
537.855	1	10
538.025	1	17
538.195	1	10
538.365	1	13
538.535	1	0
538.705	1	0
538.875	1	5
539.045	1	-1
539.215	1	1
539.385	1	9
539.555	1	7
539.725	1	6
539.895	1	1
540.065	1	11
540.235	1	11
540.405	1	-1
540.575	1	-2
540.745	1	11
540.915	1	4
541.085	1	7
541.255	1	-3
541.425	1	4
541.595	1	6
541.765	1	9
541.935	1	-1
542.105	1	0
542.275	1	8
542.445	1	1
542.615	1	0
542.785	1	6
542.955	1	8
543.125	1	4
543.295	1	13
543.465	1	5
543.635	1	3
543.805	1	17
543.975	1	0
544.145	1	4
544.315	1	10
544.485	1	10
544.655	1	13
544.825	1	-11
544.995	1	10
545.165	1	1
545.335	1	9
545.505	1	3
545.675	1	4
545.845	1	2
546.015	1	11
546.185	1	13
546.355	1	12
546.525	1	0
546.695	1	0
546.865	1	0
547.035	1	3
547.205	1	0
547.375	1	3
547.545	1	4
547.715	1	-5
547.885	1	6
548.055	1	6
548.225	1	14
548.395	1	6
548.565	1	-2
548.735	1	3
548.905	1	-2
549.075	1	-2
549.245	1	2
549.415	1	-2
549.585	1	8
549.755	1	3
549.925	1	-2
550.095	1	2
550.265	1	2
550.435	1	0
550.605	1	0
550.775	1	3
550.945	1	11
551.115	1	2
551.285	1	7
551.455	1	-2
551.625	1	10
551.795	1	8
551.965	1	1
552.135	1	-3
552.305	1	4
552.475	1	-4
552.645	1	-4
552.815	1	-3
552.985	1	5
553.155	1	11
553.325	1	14
553.495	1	-3
553.665	1	0
553.835	1	-1
554.004	1	0
554.174	1	6
554.344	1	11
554.514	1	-1
554.684	1	11
554.854	1	19
555.024	1	-11
555.194	1	-12
555.364	1	13
555.534	1	-4
555.704	1	-1
555.874	1	10
556.044	1	6
556.214	1	1
556.384	1	-3
556.554	1	7
556.724	1	1
556.894	1	7
557.064	1	5
557.234	1	6
557.404	1	8
557.573	1	-2
557.743	1	-1
557.913	1	-6
558.083	1	1
558.253	1	13
558.423	1	2
558.593	1	4
558.763	1	-6
558.933	1	3
559.103	1	9
559.273	1	-1
559.443	1	0
559.613	1	1
559.783	1	2
559.953	1	1
560.122	1	13
560.292	1	7
560.462	1	-1
560.632	1	5
560.802	1	6
560.972	1	2
561.142	1	4
561.312	1	-7
561.482	1	4
561.652	1	10
561.822	1	-9
561.992	1	11
562.162	1	2
562.331	1	-1
562.501	1	-13
562.671	1	8
562.841	1	-4
563.011	1	6
563.181	1	-7
563.351	1	-9
563.521	1	10
563.691	1	-3
563.861	1	8
564.031	1	10
564.201	1	10
564.370	1	-7
564.540	1	-1
564.710	1	-5
564.880	1	9
565.050	1	14
565.220	1	-3
565.390	1	5
565.560	1	2
565.730	1	0
565.900	1	4
566.069	1	9
566.239	1	5
566.409	1	12
566.579	1	10
566.749	1	6
566.919	1	0
567.089	1	2
567.259	1	13
567.429	1	1
567.599	1	-1
567.768	1	3
567.938	1	0
568.108	1	4
568.278	1	2
568.448	1	1
568.618	1	-6
568.788	1	2
568.958	1	8
569.128	1	7
569.297	1	-6
569.467	1	-6
569.637	1	18
569.807	1	1
569.977	1	-1
570.147	1	12
570.317	1	-6
570.487	1	3
570.656	1	2
570.826	1	-3
570.996	1	0
571.166	1	12
571.336	1	-5
571.506	1	7
571.676	1	3
571.846	1	11
572.015	1	-2
572.185	1	0
572.355	1	8
572.525	1	-4
572.695	1	0
572.865	1	-8
573.035	1	2
573.205	1	2
573.374	1	-8
573.544	1	6
573.714	1	13
573.884	1	13
574.054	1	3
574.224	1	6
574.394	1	-2
574.563	1	-1
574.733	1	-10
574.903	1	8
575.073	1	1
575.243	1	-4
575.413	1	0
575.583	1	-6
575.752	1	-5
575.922	1	-1
576.092	1	-5
576.262	1	9
576.432	1	6
576.602	1	-3
576.772	1	6
576.941	1	10
577.111	1	4
577.281	1	-15
577.451	1	-11
577.621	1	6
577.791	1	7
577.960	1	-6
578.130	1	2
578.300	1	8
578.470	1	11
578.640	1	8
578.810	1	4
578.979	1	1
579.149	1	-6
579.319	1	-3
579.489	1	2
579.659	1	-6
579.829	1	7
579.998	1	11
580.168	1	15
580.338	1	12
580.508	1	4
580.678	1	6
580.848	1	-10
581.017	1	-7
581.187	1	6
581.357	1	-8
581.527	1	4
581.697	1	12
581.867	1	12
582.036	1	3
582.206	1	5
582.376	1	10
582.546	1	-7
582.716	1	-8
582.885	1	1
583.055	1	10
583.225	1	-4
583.395	1	5
583.565	1	0
583.735	1	2
583.904	1	9
584.074	1	10
584.244	1	6
584.414	1	-5
584.584	1	3
584.753	1	2
584.923	1	-3
585.093	1	4
585.263	1	7
585.433	1	-2
585.602	1	-4
585.772	1	-5
585.942	1	0
586.112	1	8
586.282	1	-3
586.451	1	1
586.621	1	-6
586.791	1	4
586.961	1	-1
587.131	1	7
587.300	1	-5
587.470	1	6
587.640	1	5
587.810	1	0
587.980	1	11
588.149	1	3
588.319	1	5
588.489	1	-2
588.659	1	1
588.829	1	2
588.998	1	14
589.168	1	11
589.338	1	-2
589.508	1	10
589.677	1	-7
589.847	1	-5
590.017	1	12
590.187	1	-2
590.357	1	9
590.526	1	15
590.696	1	5
590.866	1	2
591.036	1	-2
591.205	1	13
591.375	1	-2
591.545	1	5
591.715	1	5
591.885	1	-2
592.054	1	1
592.224	1	3
592.394	1	1
592.564	1	10
592.733	1	8
592.903	1	8
593.073	1	-1
593.243	1	6
593.412	1	4
593.582	1	0
593.752	1	-4
593.922	1	-1
594.091	1	-9
594.261	1	-1
594.431	1	8
594.601	1	0
594.771	1	3
594.940	1	3
595.110	1	-1
595.280	1	6
595.450	1	-6
595.619	1	7
595.789	1	2
595.959	1	-4
596.129	1	-3
596.298	1	5
596.468	1	8
596.638	1	10
596.808	1	8
596.977	1	8
597.147	1	12
597.317	1	-8
597.487	1	0
597.656	1	0
597.826	1	-4
597.996	1	6
598.166	1	0
598.335	1	-5
598.505	1	-3
598.675	1	-1
598.844	1	5
599.014	1	-1
599.184	1	6
599.354	1	0
599.523	1	11
599.693	1	-1
599.863	1	4
600.033	1	4
600.202	1	1
600.372	1	3
600.542	1	10
600.712	1	1
600.881	1	-11
601.051	1	12
601.221	1	12
601.390	1	-2
601.560	1	9
601.730	1	12
601.900	1	1
602.069	1	7
602.239	1	-10
602.409	1	8
602.578	1	2
602.748	1	-1
602.918	1	20
603.088	1	6
603.257	1	15
603.427	1	-9
603.597	1	9
603.767	1	6
603.936	1	7
604.106	1	-7
604.276	1	2
604.445	1	13
604.615	1	-7
604.785	1	4
604.954	1	-2
605.124	1	-4
605.294	1	-2
605.464	1	2
605.633	1	8
605.803	1	7
605.973	1	4
606.142	1	9
606.312	1	-1
606.482	1	6
606.652	1	16
606.821	1	2
606.991	1	-1
607.161	1	6
607.330	1	0
607.500	1	3
607.670	1	-1
607.839	1	7
608.009	1	8
608.179	1	4
608.348	1	4
608.518	1	0
608.688	1	8
608.858	1	-9
609.027	1	6
609.197	1	8
609.367	1	17
609.536	1	9
609.706	1	6
609.876	1	-1
610.045	1	3
610.215	1	-1
610.385	1	9
610.554	1	5
610.724	1	3
610.894	1	-2
611.063	1	6
611.233	1	-1
611.403	1	3
611.572	1	-3
611.742	1	0
611.912	1	1
612.081	1	1
612.251	1	-8
612.421	1	-2
612.590	1	4
612.760	1	-3
612.930	1	-7
613.099	1	2
613.269	1	13
613.439	1	3
613.608	1	3
613.778	1	10
613.948	1	6
614.117	1	4
614.287	1	4
614.457	1	1
614.626	1	-1
614.796	1	8
614.966	1	6
615.135	1	1
615.305	1	8
615.475	1	1
615.644	1	4
615.814	1	7
615.984	1	-1
616.153	1	-6
616.323	1	2
616.493	1	4
616.662	1	18
616.832	1	0
617.002	1	2
617.171	1	4
617.341	1	-4
617.511	1	-2
617.680	1	0
617.850	1	10
618.019	1	21
618.189	1	9
618.359	1	11
618.528	1	2
618.698	1	2
618.868	1	0
619.037	1	3
619.207	1	-7
619.377	1	4
619.546	1	2
619.716	1	6
619.885	1	2
620.055	1	-6
620.225	1	5
620.394	1	-3
620.564	1	9
620.734	1	10
620.903	1	-2
621.073	1	2
621.242	1	5
621.412	1	2
621.582	1	1
621.751	1	12
621.921	1	9
622.091	1	-4
622.260	1	2
622.430	1	12
622.599	1	-1
622.769	1	-1
622.939	1	7
623.108	1	6
623.278	1	-7
623.448	1	7
623.617	1	7
623.787	1	4
623.956	1	4
624.126	1	4
624.296	1	-1
624.465	1	3
624.635	1	14
624.804	1	11
624.974	1	9
625.144	1	15
625.313	1	-3
625.483	1	1
625.652	1	-6
625.822	1	0
625.992	1	-4
626.161	1	12
626.331	1	7
626.501	1	11
626.670	1	-1
626.840	1	4
627.009	1	-7
627.179	1	5
627.348	1	13
627.518	1	-7
627.688	1	8
627.857	1	10
628.027	1	-3
628.196	1	10
628.366	1	12
628.536	1	1
628.705	1	-2
628.875	1	-4
629.044	1	6
629.214	1	6
629.384	1	3
629.553	1	11
629.723	1	7
629.892	1	9
630.062	1	7
630.232	1	-4
630.401	1	8
630.571	1	3
630.740	1	9
630.910	1	18
631.079	1	11
631.249	1	1
631.419	1	9
631.588	1	-14
631.758	1	13
631.927	1	0
632.097	1	2
632.266	1	-3
632.436	1	5
632.606	1	-4
632.775	1	2
632.945	1	4
633.114	1	10
633.284	1	16
633.453	1	8
633.623	1	-9
633.793	1	-3
633.962	1	3
634.132	1	5
634.301	1	3
634.471	1	18
634.640	1	6
634.810	1	14
634.979	1	4
635.149	1	7
635.319	1	-2
635.488	1	7
635.658	1	-4
635.827	1	2
635.997	1	7
636.166	1	0
636.336	1	-2
636.505	1	8
636.675	1	4
636.845	1	5
637.014	1	10
637.184	1	7
637.353	1	0
637.523	1	13
637.692	1	11
637.862	1	11
638.031	1	4
638.201	1	4
638.370	1	0
638.540	1	3
638.710	1	-1
638.879	1	-6
639.049	1	2
639.218	1	4
639.388	1	5
639.557	1	2
639.727	1	7
639.896	1	2
640.066	1	-4
640.235	1	7
640.405	1	6
640.574	1	6
640.744	1	-6
640.914	1	3
641.083	1	4
641.253	1	-8
641.422	1	2
641.592	1	10
641.761	1	3
641.931	1	-1
642.100	1	20
642.270	1	-2
642.439	1	8
642.609	1	7
642.778	1	6
642.948	1	1
643.117	1	17
643.287	1	2
643.456	1	5
643.626	1	8
643.795	1	4
643.965	1	0
644.134	1	-1
644.304	1	7
644.473	1	5
644.643	1	11
644.812	1	3
644.982	1	7
645.151	1	4
645.321	1	-2
645.490	1	10
645.660	1	-6
645.829	1	1
645.999	1	-3
646.168	1	6
646.338	1	10
646.507	1	4
646.677	1	5
646.846	1	0
647.016	1	-6
647.185	1	9
647.355	1	-13
647.524	1	9
647.694	1	10
647.863	1	6
648.033	1	4
648.202	1	8
648.372	1	7
648.541	1	1
648.711	1	7
648.880	1	3
649.050	1	-4
649.219	1	6
649.389	1	2
649.558	1	0
649.728	1	6
649.897	1	-6
650.067	1	13
650.236	1	8
650.406	1	2
650.575	1	11
650.745	1	12
650.914	1	-2
651.084	1	-3
651.253	1	5
651.423	1	4
651.592	1	3
651.762	1	-5
651.931	1	7
652.101	1	-6
652.270	1	2
652.440	1	7
652.609	1	2
652.778	1	0
652.948	1	5
653.117	1	5
653.287	1	7
653.456	1	13
653.626	1	14
653.795	1	0
653.965	1	8
654.134	1	-2
654.304	1	-4
654.473	1	13
654.643	1	4
654.812	1	4
654.982	1	5
655.151	1	5
655.320	1	6
655.490	1	-3
655.659	1	5
655.829	1	8
655.998	1	1
656.168	1	1
656.337	1	5
656.507	1	0
656.676	1	9
656.846	1	15
657.015	1	3
657.184	1	8
657.354	1	2
657.523	1	5
657.693	1	11
657.862	1	6
658.032	1	7
658.201	1	16
658.371	1	11
658.540	1	1
658.709	1	3
658.879	1	9
659.048	1	8
659.218	1	5
659.387	1	10
659.557	1	2
659.726	1	4
659.895	1	-1
660.065	1	-3
660.234	1	6
660.404	1	8
660.573	1	-2
660.743	1	-2
660.912	1	1
661.081	1	13
661.251	1	-6
661.420	1	15
661.590	1	8
661.759	1	-7
661.929	1	2
662.098	1	14
662.267	1	1
662.437	1	13
662.606	1	2
662.776	1	9
662.945	1	1
663.115	1	4
663.284	1	2
663.453	1	13
663.623	1	-4
663.792	1	6
663.962	1	-2
664.131	1	6
664.300	1	11
664.470	1	0
664.639	1	7
664.809	1	-1
664.978	1	10
665.148	1	-3
665.317	1	3
665.486	1	8
665.656	1	-6
665.825	1	12
665.995	1	1
666.164	1	2
666.333	1	14
666.503	1	1
666.672	1	-8
666.842	1	-4
667.011	1	10
667.180	1	8
667.350	1	6
667.519	1	-2
667.689	1	13
667.858	1	-1
668.027	1	11
668.197	1	-1
668.366	1	-2
668.536	1	5
668.705	1	6
668.874	1	5
669.044	1	2
669.213	1	1
669.382	1	4
669.552	1	6
669.721	1	5
669.891	1	11
670.060	1	13
670.229	1	23
670.399	1	-3
670.568	1	11
670.738	1	8
670.907	1	2
671.076	1	-7
671.246	1	10
671.415	1	7
671.584	1	-2
671.754	1	-1
671.923	1	12
672.093	1	0
672.262	1	-11
672.431	1	0
672.601	1	-10
672.770	1	0
672.939	1	2
673.109	1	3
673.278	1	7
673.448	1	4
673.617	1	4
673.786	1	10
