325.333	1	3
325.504	1	0
325.675	1	1
325.846	1	4
326.017	1	0
326.188	1	-6
326.359	1	-5
326.531	1	-4
326.702	1	0
326.873	1	6
327.044	1	4
327.215	1	-14
327.386	1	2
327.557	1	-8
327.728	1	-6
327.899	1	-1
328.070	1	5
328.241	1	3
328.412	1	-12
328.583	1	4
328.754	1	-1
328.926	1	3
329.097	1	-9
329.268	1	9
329.439	1	-8
329.610	1	3
329.781	1	-6
329.952	1	9
330.123	1	-3
330.294	1	2
330.465	1	5
330.636	1	7
330.807	1	2
330.978	1	0
331.149	1	-2
331.320	1	-6
331.492	1	2
331.663	1	-3
331.834	1	17
332.005	1	0
332.176	1	16
332.347	1	0
332.518	1	1
332.689	1	-6
332.860	1	1
333.031	1	5
333.202	1	-5
333.373	1	-5
333.544	1	-4
333.715	1	6
333.886	1	-11
334.057	1	3
334.228	1	-11
334.399	1	2
334.570	1	6
334.741	1	-7
334.912	1	6
335.084	1	17
335.255	1	3
335.426	1	-1
335.597	1	-5
335.768	1	-5
335.939	1	3
336.110	1	1
336.281	1	-5
336.452	1	-7
336.623	1	-1
336.794	1	8
336.965	1	-1
337.136	1	8
337.307	1	-5
337.478	1	2
337.649	1	0
337.820	1	-1
337.991	1	-2
338.162	1	1
338.333	1	4
338.504	1	1
338.675	1	9
338.846	1	-11
339.017	1	-4
339.188	1	-7
339.359	1	-10
339.530	1	-3
339.701	1	4
339.872	1	17
340.043	1	-9
340.214	1	-5
340.385	1	8
340.556	1	-15
340.727	1	2
340.898	1	7
341.069	1	1
341.240	1	0
341.411	1	-1
341.582	1	4
341.753	1	-4
341.924	1	-5
342.095	1	-1
342.266	1	1
342.437	1	3
342.608	1	-8
342.779	1	8
342.950	1	-1
343.121	1	-1
343.292	1	7
343.463	1	3
343.634	1	-2
343.805	1	-3
343.976	1	10
344.147	1	0
344.318	1	-13
344.489	1	-1
344.660	1	12
344.831	1	-1
345.002	1	-7
345.173	1	8
345.344	1	1
345.515	1	-2
345.686	1	-3
345.857	1	6
346.028	1	-7
346.199	1	-5
346.370	1	-5
346.541	1	6
346.712	1	0
346.883	1	1
347.054	1	0
347.225	1	-3
347.396	1	1
347.567	1	-1
347.738	1	-16
347.909	1	12
348.080	1	-7
348.251	1	4
348.422	1	5
348.593	1	-2
348.764	1	3
348.935	1	-5
349.106	1	4
349.277	1	-7
349.448	1	0
349.619	1	1
349.790	1	3
349.961	1	-2
350.132	1	4
350.303	1	-3
350.474	1	4
350.645	1	5
350.816	1	7
350.987	1	-5
351.157	1	-6
351.328	1	5
351.499	1	7
351.670	1	2
351.841	1	6
352.012	1	4
352.183	1	9
352.354	1	10
352.525	1	14
352.696	1	7
352.867	1	-2
353.038	1	4
353.209	1	7
353.380	1	4
353.551	1	1
353.722	1	1
353.893	1	-1
354.064	1	8
354.235	1	5
354.406	1	-5
354.576	1	-3
354.747	1	-1
354.918	1	5
355.089	1	1
355.260	1	6
355.431	1	9
355.602	1	-6
355.773	1	3
355.944	1	-3
356.115	1	-5
356.286	1	-3
356.457	1	-4
356.628	1	2
356.799	1	3
356.970	1	2
357.141	1	8
357.311	1	-5
357.482	1	-4
357.653	1	-1
357.824	1	13
357.995	1	-2
358.166	1	-11
358.337	1	3
358.508	1	9
358.679	1	-2
358.850	1	-5
359.021	1	-4
359.192	1	8
359.363	1	-3
359.533	1	-3
359.704	1	-1
359.875	1	-1
360.046	1	-1
360.217	1	-10
360.388	1	2
360.559	1	-3
360.730	1	1
360.901	1	5
361.072	1	15
361.243	1	11
361.414	1	-1
361.584	1	-5
361.755	1	4
361.926	1	-3
362.097	1	-4
362.268	1	0
362.439	1	-1
362.610	1	0
362.781	1	0
362.952	1	-7
363.123	1	0
363.293	1	-7
363.464	1	11
363.635	1	1
363.806	1	1
363.977	1	-2
364.148	1	-9
364.319	1	-1
364.490	1	-7
364.661	1	2
364.832	1	3
365.002	1	4
365.173	1	3
365.344	1	9
365.515	1	5
365.686	1	-8
365.857	1	6
366.028	1	8
366.199	1	3
366.370	1	1
366.540	1	-6
366.711	1	-13
366.882	1	-4
367.053	1	-4
367.224	1	17
367.395	1	-6
367.566	1	5
367.737	1	6
367.908	1	8
368.078	1	1
368.249	1	8
368.420	1	-2
368.591	1	-4
368.762	1	0
368.933	1	-4
369.104	1	-13
369.274	1	-3
369.445	1	2
369.616	1	-6
369.787	1	5
369.958	1	4
370.129	1	-10
370.300	1	5
370.471	1	4
370.641	1	-2
370.812	1	4
370.983	1	1
371.154	1	-8
371.325	1	8
371.496	1	-1
371.667	1	-3
371.837	1	-3
372.008	1	11
372.179	1	-12
372.350	1	11
372.521	1	-3
372.692	1	2
372.863	1	2
373.033	1	-12
373.204	1	-4
373.375	1	3
373.546	1	7
373.717	1	4
373.888	1	13
374.059	1	13
374.229	1	9
374.400	1	-5
374.571	1	5
374.742	1	5
374.913	1	10
375.084	1	0
375.254	1	2
375.425	1	10
375.596	1	7
375.767	1	-5
375.938	1	10
376.109	1	9
376.279	1	-4
376.450	1	5
376.621	1	0
376.792	1	-1
376.963	1	5
377.134	1	6
377.304	1	2
377.475	1	-3
377.646	1	-3
377.817	1	1
377.988	1	6
378.159	1	10
378.329	1	13
378.500	1	-3
378.671	1	4
378.842	1	0
379.013	1	-7
379.184	1	-2
379.354	1	9
379.525	1	-1
379.696	1	1
379.867	1	3
380.038	1	-6
380.209	1	2
380.379	1	3
380.550	1	-14
380.721	1	4
380.892	1	-4
381.063	1	0
381.233	1	5
381.404	1	2
381.575	1	10
381.746	1	-1
381.917	1	-3
382.087	1	-6
382.258	1	1
382.429	1	5
382.600	1	13
382.771	1	-4
382.941	1	-3
383.112	1	-6
383.283	1	0
383.454	1	5
383.625	1	-14
383.795	1	-5
383.966	1	-2
384.137	1	11
384.308	1	-1
384.479	1	6
384.649	1	3
384.820	1	-1
384.991	1	-9
385.162	1	-2
385.333	1	-3
385.503	1	-3
385.674	1	-6
385.845	1	15
386.016	1	-3
386.187	1	-5
386.357	1	4
386.528	1	0
386.699	1	-1
386.870	1	8
387.041	1	8
387.211	1	3
387.382	1	8
387.553	1	-1
387.724	1	-4
387.894	1	6
388.065	1	-5
388.236	1	3
388.407	1	6
388.578	1	-12
388.748	1	-3
388.919	1	7
389.090	1	-4
389.261	1	5
389.431	1	6
389.602	1	6
389.773	1	-1
389.944	1	1
390.114	1	-6
390.285	1	5
390.456	1	-5
390.627	1	-1
390.798	1	-7
390.968	1	-7
391.139	1	7
391.310	1	-9
391.481	1	1
391.651	1	4
391.822	1	-16
391.993	1	-1
392.164	1	-2
392.334	1	4
392.505	1	-3
392.676	1	0
392.847	1	9
393.017	1	5
393.188	1	1
393.359	1	-10
393.530	1	5
393.700	1	-1
393.871	1	-2
394.042	1	-8
394.213	1	-2
394.383	1	3
394.554	1	-1
394.725	1	9
394.896	1	-11
395.066	1	9
395.237	1	1
395.408	1	-6
395.579	1	-3
395.749	1	-3
395.920	1	-8
396.091	1	5
396.262	1	4
396.432	1	-2
396.603	1	4
396.774	1	1
396.945	1	-4
397.115	1	-1
397.286	1	-7
397.457	1	2
397.627	1	7
397.798	1	3
397.969	1	0
398.140	1	-2
398.310	1	-6
398.481	1	3
398.652	1	2
398.823	1	-4
398.993	1	-8
399.164	1	-6
399.335	1	11
399.505	1	3
399.676	1	-1
399.847	1	2
400.018	1	-8
400.188	1	-4
400.359	1	2
400.530	1	-8
400.700	1	-2
400.871	1	-10
401.042	1	-10
401.213	1	7
401.383	1	-1
401.554	1	5
401.725	1	4
401.895	1	1
402.066	1	2
402.237	1	1
402.408	1	2
402.578	1	3
402.749	1	1
402.920	1	6
403.090	1	0
403.261	1	4
403.432	1	-3
403.603	1	4
403.773	1	7
403.944	1	0
404.115	1	0
404.285	1	9
404.456	1	0
404.627	1	-2
404.797	1	-1
404.968	1	3
405.139	1	-2
405.310	1	7
405.480	1	3
405.651	1	-9
405.822	1	1
405.992	1	-4
406.163	1	-9
406.334	1	-4
406.504	1	-5
406.675	1	8
406.846	1	-1
407.016	1	6
407.187	1	4
407.358	1	-5
407.528	1	-11
407.699	1	-13
407.870	1	-1
408.041	1	-1
408.211	1	6
408.382	1	-3
408.553	1	-1
408.723	1	-8
408.894	1	2
409.065	1	1
409.235	1	6
409.406	1	-3
409.577	1	-6
409.747	1	10
409.918	1	-2
410.089	1	0
410.259	1	7
410.430	1	-5
410.601	1	4
410.771	1	-2
410.942	1	14
411.113	1	3
411.283	1	2
411.454	1	8
411.625	1	-3
411.795	1	5
411.966	1	5
412.137	1	4
412.307	1	-7
412.478	1	1
412.649	1	0
412.819	1	-1
412.990	1	-1
413.161	1	6
413.331	1	-10
413.502	1	5
413.672	1	-5
413.843	1	-1
414.014	1	4
414.184	1	2
414.355	1	3
414.526	1	-2
414.696	1	7
414.867	1	4
415.038	1	-13
415.208	1	3
415.379	1	6
415.550	1	15
415.720	1	-2
415.891	1	1
416.062	1	2
416.232	1	0
416.403	1	13
416.573	1	4
416.744	1	-1
416.915	1	1
417.085	1	1
417.256	1	0
417.427	1	6
417.597	1	11
417.768	1	-1
417.939	1	8
418.109	1	-3
418.280	1	3
418.450	1	3
418.621	1	-15
418.792	1	5
418.962	1	2
419.133	1	3
419.304	1	-5
419.474	1	-3
419.645	1	4
419.815	1	-2
419.986	1	1
420.157	1	6
420.327	1	10
420.498	1	9
420.669	1	2
420.839	1	12
421.010	1	3
421.180	1	6
421.351	1	-5
421.522	1	7
421.692	1	6
421.863	1	6
422.033	1	11
422.204	1	-2
422.375	1	-3
422.545	1	13
422.716	1	-1
422.886	1	0
423.057	1	2
423.228	1	-2
423.398	1	3
423.569	1	-4
423.740	1	-4
423.910	1	-6
424.081	1	-15
424.251	1	0
424.422	1	10
424.593	1	-10
424.763	1	-4
424.934	1	-5
425.104	1	0
425.275	1	-4
425.445	1	-3
425.616	1	0
425.787	1	-6
425.957	1	7
426.128	1	13
426.298	1	3
426.469	1	-9
426.640	1	3
426.810	1	-5
426.981	1	-3
427.151	1	-2
427.322	1	8
427.493	1	5
427.663	1	0
427.834	1	-3
428.004	1	3
428.175	1	4
428.345	1	-9
428.516	1	0
428.687	1	6
428.857	1	-4
429.028	1	-4
429.198	1	4
429.369	1	3
429.540	1	0
429.710	1	-7
429.881	1	5
430.051	1	6
430.222	1	-2
430.392	1	7
430.563	1	6
430.734	1	16
430.904	1	10
431.075	1	4
431.245	1	1
431.416	1	0
431.586	1	5
431.757	1	-6
431.927	1	-2
432.098	1	2
432.269	1	-2
432.439	1	-4
432.610	1	-6
432.780	1	7
432.951	1	-8
433.121	1	3
433.292	1	10
433.462	1	3
433.633	1	3
433.804	1	-4
433.974	1	-3
434.145	1	9
434.315	1	-6
434.486	1	-1
434.656	1	-1
434.827	1	-1
434.997	1	-5
435.168	1	2
435.339	1	11
435.509	1	2
435.680	1	5
435.850	1	-3
436.021	1	-3
436.191	1	-7
436.362	1	10
436.532	1	-4
436.703	1	0
436.873	1	3
437.044	1	5
437.214	1	8
437.385	1	-12
437.556	1	-5
437.726	1	12
437.897	1	6
438.067	1	2
438.238	1	2
438.408	1	-2
438.579	1	-5
438.749	1	-10
438.920	1	-5
439.090	1	-1
439.261	1	-14
439.431	1	-5
439.602	1	-7
439.772	1	1
439.943	1	12
440.113	1	8
440.284	1	6
440.455	1	-3
440.625	1	4
440.796	1	4
440.966	1	-3
441.137	1	-2
441.307	1	-10
441.478	1	10
441.648	1	8
441.819	1	2
441.989	1	4
442.160	1	4
442.330	1	8
442.501	1	6
442.671	1	-3
442.842	1	-12
443.012	1	-12
443.183	1	6
443.353	1	-4
443.524	1	3
443.694	1	8
443.865	1	-3
444.035	1	10
444.206	1	-3
444.376	1	-5
444.547	1	7
444.717	1	9
444.888	1	-6
445.058	1	0
445.229	1	0
445.399	1	-6
445.570	1	5
445.740	1	4
445.911	1	4
446.081	1	-4
446.252	1	5
446.422	1	-10
446.593	1	1
446.763	1	-2
446.934	1	-1
447.104	1	-2
447.275	1	4
447.445	1	9
447.616	1	-3
447.786	1	-2
447.957	1	3
448.127	1	0
448.298	1	-3
448.468	1	-5
448.639	1	4
448.809	1	2
448.979	1	-5
449.150	1	6
449.320	1	7
449.491	1	8
449.661	1	2
449.832	1	-10
450.002	1	7
450.173	1	-6
450.343	1	-3
450.514	1	0
450.684	1	-3
450.855	1	-4
451.025	1	6
451.196	1	3
451.366	1	1
451.537	1	0
451.707	1	-5
451.878	1	10
452.048	1	8
452.218	1	15
452.389	1	1
452.559	1	4
452.730	1	12
452.900	1	1
453.071	1	-14
453.241	1	-2
453.412	1	-7
453.582	1	5
453.753	1	7
453.923	1	3
454.093	1	9
454.264	1	4
454.434	1	0
454.605	1	4
454.775	1	0
454.946	1	6
455.116	1	8
455.287	1	-6
455.457	1	-7
455.628	1	1
455.798	1	2
455.968	1	10
456.139	1	-7
456.309	1	-1
456.480	1	-4
456.650	1	-1
456.821	1	-1
456.991	1	6
457.161	1	-8
457.332	1	10
457.502	1	-6
457.673	1	3
457.843	1	5
458.014	1	1
458.184	1	-1
458.355	1	4
458.525	1	1
458.695	1	1
458.866	1	2
459.036	1	10
459.207	1	3
459.377	1	1
459.548	1	13
459.718	1	-9
459.888	1	7
460.059	1	3
460.229	1	3
460.400	1	3
460.570	1	0
460.740	1	-7
460.911	1	1
461.081	1	4
461.252	1	-6
461.422	1	-2
461.593	1	1
461.763	1	6
461.933	1	6
462.104	1	-8
462.274	1	2
462.445	1	-6
462.615	1	-5
462.785	1	9
462.956	1	8
463.126	1	5
463.297	1	0
463.467	1	3
463.638	1	5
463.808	1	-3
463.978	1	-7
464.149	1	-3
464.319	1	-2
464.490	1	15
464.660	1	2
464.830	1	-1
465.001	1	-1
465.171	1	-3
465.342	1	2
465.512	1	-5
465.682	1	3
465.853	1	3
466.023	1	7
466.194	1	-4
466.364	1	8
466.534	1	1
466.705	1	9
466.875	1	-1
467.045	1	2
467.216	1	18
467.386	1	-8
467.557	1	-4
467.727	1	-6
467.897	1	-3
468.068	1	6
468.238	1	2
468.409	1	3
468.579	1	3
468.749	1	-3
468.920	1	-4
469.090	1	2
469.260	1	-7
469.431	1	-4
469.601	1	1
469.772	1	2
469.942	1	-1
470.112	1	3
470.283	1	-4
470.453	1	-4
470.623	1	3
470.794	1	-20
470.964	1	2
471.135	1	10
471.305	1	-14
471.475	1	-1
471.646	1	-5
471.816	1	-4
471.986	1	-5
472.157	1	9
472.327	1	-4
472.497	1	1
472.668	1	-6
472.838	1	1
473.009	1	12
473.179	1	1
473.349	1	-11
473.520	1	5
473.690	1	7
473.860	1	2
474.031	1	3
474.201	1	4
474.371	1	13
474.542	1	1
474.712	1	6
474.882	1	3
475.053	1	10
475.223	1	-7
475.394	1	0
475.564	1	-2
475.734	1	3
475.905	1	5
476.075	1	-5
476.245	1	8
476.416	1	3
476.586	1	14
476.756	1	4
476.927	1	2
477.097	1	2
477.267	1	-12
477.438	1	-4
477.608	1	-5
477.778	1	2
477.949	1	-2
478.119	1	3
478.289	1	7
478.460	1	13
478.630	1	0
478.800	1	-4
478.971	1	-6
479.141	1	2
479.311	1	-9
479.482	1	-2
479.652	1	-7
479.822	1	4
479.993	1	3
480.163	1	1
480.333	1	9
480.504	1	2
480.674	1	3
480.844	1	-1
481.015	1	5
481.185	1	-9
481.355	1	-2
481.525	1	-9
481.696	1	4
481.866	1	3
482.036	1	4
482.207	1	0
482.377	1	-1
482.547	1	3
482.718	1	6
482.888	1	2
483.058	1	-3
483.229	1	-8
483.399	1	-7
483.569	1	-2
483.740	1	1
483.910	1	-6
484.080	1	1
484.250	1	-1
484.421	1	1
484.591	1	14
484.761	1	15
484.932	1	9
485.102	1	5
485.272	1	7
485.443	1	3
485.613	1	0
485.783	1	-2
485.953	1	1
486.124	1	8
486.294	1	2
486.464	1	0
486.635	1	13
486.805	1	4
486.975	1	2
487.146	1	6
487.316	1	1
487.486	1	-2
487.656	1	-1
487.827	1	4
487.997	1	-17
488.167	1	3
488.338	1	8
488.508	1	5
488.678	1	-11
488.848	1	5
489.019	1	4
489.189	1	0
489.359	1	-3
489.529	1	4
489.700	1	3
489.870	1	18
490.040	1	-8
490.211	1	-6
490.381	1	10
490.551	1	7
490.721	1	13
490.892	1	-3
491.062	1	5
491.232	1	6
491.402	1	4
491.573	1	-17
491.743	1	2
491.913	1	5
492.084	1	0
492.254	1	-2
492.424	1	3
492.594	1	-1
492.765	1	2
492.935	1	-2
493.105	1	0
493.275	1	3
493.446	1	6
493.616	1	-3
493.786	1	-4
493.956	1	10
494.127	1	4
494.297	1	-5
494.467	1	-4
494.637	1	-5
494.808	1	-1
494.978	1	-4
495.148	1	-3
495.318	1	0
495.489	1	0
495.659	1	7
495.829	1	-5
495.999	1	-10
496.170	1	6
496.340	1	3
496.510	1	1
496.680	1	-8
496.851	1	0
497.021	1	2
497.191	1	-8
497.361	1	6
497.532	1	-7
497.702	1	10
497.872	1	-3
498.042	1	13
498.213	1	-1
498.383	1	3
498.553	1	-6
498.723	1	-10
498.894	1	3
499.064	1	0
499.234	1	6
499.404	1	-5
499.574	1	3
499.745	1	3
499.915	1	-8
500.085	1	-1
500.255	1	9
500.426	1	1
500.596	1	3
500.766	1	0
500.936	1	-9
501.106	1	-10
501.277	1	1
501.447	1	3
501.617	1	-2
501.787	1	3
501.958	1	-9
502.128	1	-3
502.298	1	2
502.468	1	6
502.638	1	5
502.809	1	2
502.979	1	-1
503.149	1	-7
503.319	1	-7
503.489	1	-6
503.660	1	6
503.830	1	1
504.000	1	5
504.170	1	-7
504.340	1	-2
504.511	1	10
504.681	1	-11
504.851	1	13
505.021	1	-8
505.192	1	-3
505.362	1	9
505.532	1	-3
505.702	1	-2
505.872	1	11
506.043	1	3
506.213	1	-6
506.383	1	-8
506.553	1	5
506.723	1	6
506.893	1	-7
507.064	1	7
507.234	1	-3
507.404	1	1
507.574	1	-5
507.744	1	-5
507.915	1	-5
508.085	1	4
508.255	1	3
508.425	1	3
508.595	1	-2
508.766	1	1
508.936	1	-13
509.106	1	7
509.276	1	12
509.446	1	-8
509.616	1	-7
509.787	1	-3
509.957	1	-5
510.127	1	1
510.297	1	3
510.467	1	-6
510.638	1	6
510.808	1	-10
510.978	1	-1
511.148	1	4
511.318	1	0
511.488	1	-15
511.659	1	-5
511.829	1	-2
511.999	1	-13
512.169	1	-1
512.339	1	-3
512.509	1	-2
512.680	1	-2
512.850	1	0
513.020	1	-6
513.190	1	2
513.360	1	-4
513.530	1	6
513.700	1	2
513.871	1	1
514.041	1	0
514.211	1	12
514.381	1	9
514.551	1	11
514.721	1	-8
514.892	1	0
515.062	1	3
515.232	1	-4
515.402	1	-7
515.572	1	-6
515.742	1	3
515.912	1	4
516.083	1	1
516.253	1	3
516.423	1	0
516.593	1	2
516.763	1	8
516.933	1	-2
517.104	1	1
517.274	1	0
517.444	1	1
517.614	1	-6
517.784	1	-2
517.954	1	0
518.124	1	8
518.294	1	-7
518.465	1	-4
518.635	1	3
518.805	1	-17
518.975	1	2
519.145	1	-5
519.315	1	6
519.485	1	1
519.656	1	12
519.826	1	0
519.996	1	-12
520.166	1	-5
520.336	1	19
520.506	1	0
520.676	1	-8
520.846	1	10
521.017	1	6
521.187	1	4
521.357	1	11
521.527	1	-4
521.697	1	-2
521.867	1	-11
522.037	1	1
522.207	1	6
522.377	1	5
522.548	1	-2
522.718	1	0
522.888	1	11
523.058	1	7
523.228	1	1
523.398	1	3
523.568	1	5
523.738	1	-10
523.909	1	3
524.079	1	4
524.249	1	-2
524.419	1	-3
524.589	1	6
524.759	1	-8
524.929	1	1
525.099	1	5
525.269	1	1
525.439	1	-5
525.610	1	23
525.780	1	-8
525.950	1	4
526.120	1	-6
526.290	1	3
526.460	1	-12
526.630	1	-1
526.800	1	0
526.970	1	-2
527.140	1	0
527.311	1	-10
527.481	1	-12
527.651	1	1
527.821	1	-3
527.991	1	9
528.161	1	4
528.331	1	-6
528.501	1	4
528.671	1	0
528.841	1	-1
529.011	1	-1
529.181	1	0
529.352	1	-2
529.522	1	0
529.692	1	3
529.862	1	6
530.032	1	7
530.202	1	9
530.372	1	0
530.542	1	1
530.712	1	4
530.882	1	0
531.052	1	11
531.222	1	-4
531.392	1	6
531.563	1	12
531.733	1	-1
531.903	1	1
532.073	1	0
532.243	1	-3
532.413	1	-1
532.583	1	1
532.753	1	-1
532.923	1	-1
533.093	1	0
533.263	1	2
533.433	1	3
533.603	1	3
533.773	1	2
533.943	1	-8
534.113	1	-3
534.284	1	-12
534.454	1	6
534.624	1	10
534.794	1	-6
534.964	1	0
535.134	1	-1
535.304	1	-5
535.474	1	8
535.644	1	-4
535.814	1	-8
535.984	1	-2
536.154	1	-2
536.324	1	-5
536.494	1	9
536.664	1	-2
536.834	1	7
537.004	1	0
537.174	1	6
537.344	1	2
537.514	1	-10
537.685	1	-9
537.855	1	-1
538.025	1	8
538.195	1	3
538.365	1	5
538.535	1	3
538.705	1	0
538.875	1	-1
539.045	1	-3
539.215	1	5
539.385	1	5
539.555	1	-7
539.725	1	1
539.895	1	-5
540.065	1	8
540.235	1	6
540.405	1	-3
540.575	1	-1
540.745	1	3
540.915	1	10
541.085	1	1
541.255	1	-2
541.425	1	1
541.595	1	2
541.765	1	-3
541.935	1	-7
542.105	1	-6
542.275	1	6
542.445	1	-4
542.615	1	1
542.785	1	4
542.955	1	-4
543.125	1	-4
543.295	1	6
543.465	1	-6
543.635	1	0
543.805	1	5
543.975	1	-1
544.145	1	4
544.315	1	0
544.485	1	8
544.655	1	2
544.825	1	-11
544.995	1	4
545.165	1	-5
545.335	1	5
545.505	1	-12
545.675	1	6
545.845	1	1
546.015	1	3
546.185	1	6
546.355	1	-7
546.525	1	3
546.695	1	5
546.865	1	-4
547.035	1	7
547.205	1	-5
547.375	1	5
547.545	1	3
547.715	1	-1
547.885	1	5
548.055	1	-10
548.225	1	-3
548.395	1	-16
548.565	1	-4
548.735	1	8
548.905	1	-3
549.075	1	5
549.245	1	2
549.415	1	-1
549.585	1	4
549.755	1	0
549.925	1	-12
550.095	1	1
550.265	1	4
550.435	1	0
550.605	1	-7
550.775	1	-1
550.945	1	3
551.115	1	-4
551.285	1	-3
551.455	1	-14
551.625	1	3
551.795	1	0
551.965	1	-4
552.135	1	7
552.305	1	-12
552.475	1	-6
552.645	1	0
552.815	1	-2
552.985	1	0
553.155	1	-6
553.325	1	1
553.495	1	-6
553.665	1	4
553.835	1	-5
554.004	1	6
554.174	1	1
554.344	1	11
554.514	1	-3
554.684	1	0
554.854	1	-1
555.024	1	-8
555.194	1	-6
555.364	1	7
555.534	1	5
555.704	1	-4
555.874	1	6
556.044	1	-1
556.214	1	-10
556.384	1	7
556.554	1	9
556.724	1	-1
556.894	1	-4
557.064	1	-3
557.234	1	1
557.404	1	10
557.573	1	-2
557.743	1	-9
557.913	1	0
558.083	1	-7
558.253	1	-2
558.423	1	0
558.593	1	12
558.763	1	-6
558.933	1	3
559.103	1	3
559.273	1	0
559.443	1	4
559.613	1	-5
559.783	1	2
559.953	1	2
560.122	1	4
560.292	1	0
560.462	1	5
560.632	1	4
560.802	1	3
560.972	1	2
561.142	1	7
561.312	1	-12
561.482	1	7
561.652	1	1
561.822	1	-3
561.992	1	2
562.162	1	-1
562.331	1	-3
562.501	1	-13
562.671	1	-2
562.841	1	-6
563.011	1	4
563.181	1	2
563.351	1	-15
563.521	1	14
563.691	1	-2
563.861	1	-1
564.031	1	-1
564.201	1	3
564.370	1	-5
564.540	1	2
564.710	1	3
564.880	1	-3
565.050	1	3
565.220	1	0
565.390	1	3
565.560	1	9
565.730	1	-11
565.900	1	0
566.069	1	7
566.239	1	-2
566.409	1	7
566.579	1	-1
566.749	1	-3
566.919	1	0
567.089	1	7
567.259	1	8
567.429	1	1
567.599	1	-2
567.768	1	5
567.938	1	5
568.108	1	-2
568.278	1	-1
568.448	1	-4
568.618	1	-6
568.788	1	9
568.958	1	3
569.128	1	8
569.297	1	-2
569.467	1	-3
569.637	1	5
569.807	1	1
569.977	1	2
570.147	1	7
570.317	1	-14
570.487	1	2
570.656	1	6
570.826	1	-1
570.996	1	-9
571.166	1	16
571.336	1	-2
571.506	1	6
571.676	1	1
571.846	1	8
572.015	1	6
572.185	1	-3
572.355	1	0
572.525	1	5
572.695	1	6
572.865	1	-3
573.035	1	-3
573.205	1	1
573.374	1	-9
573.544	1	-4
573.714	1	1
573.884	1	1
574.054	1	-2
574.224	1	2
574.394	1	-1
574.563	1	0
574.733	1	2
574.903	1	-7
575.073	1	-2
575.243	1	-6
575.413	1	0
575.583	1	-4
575.752	1	1
575.922	1	0
576.092	1	3
576.262	1	2
576.432	1	8
576.602	1	0
576.772	1	11
576.941	1	9
577.111	1	-2
577.281	1	-11
577.451	1	-6
577.621	1	7
577.791	1	1
577.960	1	-4
578.130	1	-1
578.300	1	2
578.470	1	14
578.640	1	-5
578.810	1	0
578.979	1	6
579.149	1	-11
579.319	1	-1
579.489	1	0
579.659	1	-2
579.829	1	1
579.998	1	12
580.168	1	4
580.338	1	9
580.508	1	2
580.678	1	0
580.848	1	-4
581.017	1	7
581.187	1	6
581.357	1	-16
581.527	1	2
581.697	1	12
581.867	1	4
582.036	1	3
582.206	1	1
582.376	1	4
582.546	1	-11
582.716	1	0
582.885	1	-5
583.055	1	-6
583.225	1	-9
583.395	1	4
583.565	1	-3
583.735	1	3
583.904	1	3
584.074	1	7
584.244	1	7
584.414	1	-12
584.584	1	4
584.753	1	6
584.923	1	-7
585.093	1	-1
585.263	1	0
585.433	1	0
585.602	1	-4
585.772	1	-4
585.942	1	1
586.112	1	-2
586.282	1	0
586.451	1	-5
586.621	1	-9
586.791	1	6
586.961	1	-3
587.131	1	1
587.300	1	-9
587.470	1	6
587.640	1	7
587.810	1	-4
587.980	1	6
588.149	1	0
588.319	1	0
588.489	1	2
588.659	1	0
588.829	1	2
588.998	1	8
589.168	1	10
589.338	1	1
589.508	1	7
589.677	1	-10
589.847	1	-9
590.017	1	15
590.187	1	-13
590.357	1	2
590.526	1	10
590.696	1	6
590.866	1	8
591.036	1	-2
591.205	1	15
591.375	1	-9
591.545	1	-4
591.715	1	8
591.885	1	-1
592.054	1	8
592.224	1	0
592.394	1	-7
592.564	1	3
592.733	1	10
592.903	1	-7
593.073	1	3
593.243	1	-1
593.412	1	3
593.582	1	1
593.752	1	2
593.922	1	4
594.091	1	2
594.261	1	1
594.431	1	1
594.601	1	7
594.771	1	-2
594.940	1	0
595.110	1	-4
595.280	1	5
595.450	1	-8
595.619	1	1
595.789	1	-3
595.959	1	4
596.129	1	-6
596.298	1	-7
596.468	1	4
596.638	1	-1
596.808	1	3
596.977	1	1
597.147	1	-5
597.317	1	2
597.487	1	2
597.656	1	-3
597.826	1	2
597.996	1	-7
598.166	1	-6
598.335	1	-7
598.505	1	-3
598.675	1	-4
598.844	1	5
599.014	1	-1
599.184	1	0
599.354	1	-13
599.523	1	5
599.693	1	-11
599.863	1	6
600.033	1	-1
600.202	1	-1
600.372	1	2
600.542	1	4
600.712	1	-7
600.881	1	-2
601.051	1	2
601.221	1	-2
601.390	1	-10
601.560	1	12
601.730	1	12
601.900	1	-2
602.069	1	-1
602.239	1	-1
602.409	1	1
602.578	1	0
602.748	1	-6
602.918	1	7
603.088	1	-1
603.257	1	1
603.427	1	-8
603.597	1	-5
603.767	1	-3
603.936	1	-4
604.106	1	1
604.276	1	0
604.445	1	7
604.615	1	1
604.785	1	-3
604.954	1	2
605.124	1	1
605.294	1	-3
605.464	1	-2
605.633	1	-2
605.803	1	3
605.973	1	-6
606.142	1	-2
606.312	1	5
606.482	1	-4
606.652	1	-2
606.821	1	-3
606.991	1	-2
607.161	1	1
607.330	1	12
607.500	1	-1
607.670	1	-2
607.839	1	15
608.009	1	26
608.179	1	4
608.348	1	0
608.518	1	0
608.688	1	2
608.858	1	4
609.027	1	-3
609.197	1	0
609.367	1	11
609.536	1	3
609.706	1	1
609.876	1	-7
610.045	1	4
610.215	1	-1
610.385	1	-2
610.554	1	-10
610.724	1	4
610.894	1	-1
611.063	1	0
611.233	1	5
611.403	1	7
611.572	1	-3
611.742	1	4
611.912	1	0
612.081	1	-7
612.251	1	4
612.421	1	1
612.590	1	-3
612.760	1	0
612.930	1	-2
613.099	1	6
613.269	1	14
613.439	1	10
613.608	1	0
613.778	1	-1
613.948	1	4
614.117	1	-3
614.287	1	7
614.457	1	4
614.626	1	-5
614.796	1	6
614.966	1	-4
615.135	1	-7
615.305	1	11
615.475	1	2
615.644	1	-1
615.814	1	0
615.984	1	-2
616.153	1	-4
616.323	1	1
616.493	1	0
616.662	1	9
616.832	1	-4
617.002	1	-2
617.171	1	2
617.341	1	-7
617.511	1	-4
617.680	1	-1
617.850	1	2
618.019	1	14
618.189	1	3
618.359	1	10
618.528	1	-4
618.698	1	-6
618.868	1	-7
619.037	1	-7
619.207	1	3
619.377	1	-3
619.546	1	-2
619.716	1	6
619.885	1	-2
620.055	1	-11
620.225	1	-4
620.394	1	4
620.564	1	0
620.734	1	6
620.903	1	2
621.073	1	1
621.242	1	6
621.412	1	2
621.582	1	-6
621.751	1	3
621.921	1	5
622.091	1	-6
622.260	1	-4
622.430	1	9
622.599	1	2
622.769	1	-3
622.939	1	7
623.108	1	-5
623.278	1	-10
623.448	1	3
623.617	1	-3
623.787	1	9
623.956	1	7
624.126	1	-2
624.296	1	-11
624.465	1	1
624.635	1	9
624.804	1	-6
624.974	1	-1
625.144	1	8
625.313	1	-7
625.483	1	-4
625.652	1	4
625.822	1	-4
625.992	1	0
626.161	1	6
626.331	1	2
626.501	1	5
626.670	1	5
626.840	1	-3
627.009	1	-4
627.179	1	6
627.348	1	3
627.518	1	-1
627.688	1	5
627.857	1	11
628.027	1	-7
628.196	1	2
628.366	1	12
628.536	1	3
628.705	1	0
628.875	1	-3
629.044	1	-5
629.214	1	-3
629.384	1	2
629.553	1	6
629.723	1	0
629.892	1	3
630.062	1	4
630.232	1	-5
630.401	1	6
630.571	1	5
630.740	1	-5
630.910	1	8
631.079	1	-3
631.249	1	7
631.419	1	7
631.588	1	-11
631.758	1	4
631.927	1	-1
632.097	1	5
632.266	1	-2
632.436	1	1
632.606	1	-12
632.775	1	0
632.945	1	8
633.114	1	0
633.284	1	-4
633.453	1	0
633.623	1	-2
633.793	1	2
633.962	1	-1
634.132	1	1
634.301	1	-1
634.471	1	6
634.640	1	4
634.810	1	0
634.979	1	1
635.149	1	3
635.319	1	8
635.488	1	-2
635.658	1	-5
635.827	1	-10
635.997	1	-5
636.166	1	18
636.336	1	-10
636.505	1	3
636.675	1	-3
636.845	1	7
637.014	1	-1
637.184	1	8
637.353	1	-3
637.523	1	3
637.692	1	1
637.862	1	0
638.031	1	7
638.201	1	5
638.370	1	-1
638.540	1	-6
638.710	1	1
638.879	1	-11
639.049	1	6
639.218	1	-6
639.388	1	1
639.557	1	-7
639.727	1	-7
639.896	1	4
640.066	1	-9
640.235	1	1
640.405	1	4
640.574	1	0
640.744	1	-6
640.914	1	4
641.083	1	-5
641.253	1	-1
641.422	1	-3
641.592	1	4
641.761	1	5
641.931	1	-7
642.100	1	9
642.270	1	0
642.439	1	2
642.609	1	17
642.778	1	-3
642.948	1	-1
643.117	1	-1
643.287	1	6
643.456	1	-5
643.626	1	10
643.795	1	-1
643.965	1	5
644.134	1	-4
644.304	1	4
644.473	1	9
644.643	1	2
644.812	1	-5
644.982	1	8
645.151	1	0
645.321	1	-12
645.490	1	3
645.660	1	-6
645.829	1	4
645.999	1	-5
646.168	1	5
646.338	1	1
646.507	1	3
646.677	1	6
646.846	1	-7
647.016	1	-19
647.185	1	1
647.355	1	-15
647.524	1	10
647.694	1	1
647.863	1	8
648.033	1	-6
648.202	1	-1
648.372	1	1
648.541	1	-6
648.711	1	3
648.880	1	-5
649.050	1	-11
649.219	1	-1
649.389	1	-1
649.558	1	3
649.728	1	2
649.897	1	-8
650.067	1	1
650.236	1	11
650.406	1	10
650.575	1	14
650.745	1	2
650.914	1	-2
651.084	1	-11
651.253	1	2
651.423	1	-1
651.592	1	-7
651.762	1	2
651.931	1	13
652.101	1	0
652.270	1	-2
652.440	1	9
652.609	1	-5
652.778	1	-3
652.948	1	-1
653.117	1	6
653.287	1	-2
653.456	1	4
653.626	1	2
653.795	1	0
653.965	1	5
654.134	1	4
654.304	1	-18
654.473	1	6
654.643	1	-4
654.812	1	-2
654.982	1	6
655.151	1	-9
655.320	1	-10
655.490	1	-3
655.659	1	0
655.829	1	-2
655.998	1	-9
656.168	1	-1
656.337	1	-2
656.507	1	2
656.676	1	13
656.846	1	7
657.015	1	10
657.184	1	6
657.354	1	3
657.523	1	-4
657.693	1	4
657.862	1	7
658.032	1	3
658.201	1	4
658.371	1	3
658.540	1	0
658.709	1	-2
658.879	1	-9
659.048	1	-4
659.218	1	-2
659.387	1	6
659.557	1	-3
659.726	1	9
659.895	1	3
660.065	1	-8
660.234	1	0
660.404	1	7
660.573	1	6
660.743	1	6
660.912	1	3
661.081	1	11
661.251	1	-1
661.420	1	5
661.590	1	6
661.759	1	6
661.929	1	7
662.098	1	13
662.267	1	-3
662.437	1	9
662.606	1	3
662.776	1	5
662.945	1	-1
663.115	1	0
663.284	1	-1
663.453	1	4
663.623	1	2
663.792	1	-2
663.962	1	3
664.131	1	4
664.300	1	1
664.470	1	0
664.639	1	10
664.809	1	-4
664.978	1	1
665.148	1	5
665.317	1	-2
665.486	1	-1
665.656	1	-7
665.825	1	6
665.995	1	-6
666.164	1	-9
666.333	1	7
666.503	1	-1
666.672	1	-6
666.842	1	-10
667.011	1	3
667.180	1	0
667.350	1	-6
667.519	1	4
667.689	1	5
667.858	1	2
668.027	1	9
668.197	1	6
668.366	1	2
668.536	1	8
668.705	1	-3
668.874	1	0
669.044	1	3
669.213	1	7
669.382	1	-8
669.552	1	3
669.721	1	1
669.891	1	6
670.060	1	2
670.229	1	12
670.399	1	-4
670.568	1	7
670.738	1	12
670.907	1	0
671.076	1	-15
671.246	1	2
671.415	1	2
671.584	1	-2
671.754	1	-4
671.923	1	1
672.093	1	6
672.262	1	0
672.431	1	0
672.601	1	-2
672.770	1	-8
672.939	1	11
673.109	1	-3
673.278	1	9
673.448	1	13
673.617	1	2
673.786	1	4
