325.333	1	7
325.504	1	8
325.675	1	4
325.846	1	11
326.017	1	16
326.188	1	12
326.359	1	11
326.531	1	5
326.702	1	4
326.873	1	18
327.044	1	4
327.215	1	4
327.386	1	5
327.557	1	1
327.728	1	2
327.899	1	14
328.070	1	11
328.241	1	10
328.412	1	2
328.583	1	15
328.754	1	7
328.926	1	5
329.097	1	4
329.268	1	19
329.439	1	8
329.610	1	15
329.781	1	3
329.952	1	14
330.123	1	11
330.294	1	14
330.465	1	1
330.636	1	22
330.807	1	3
330.978	1	7
331.149	1	13
331.320	1	7
331.492	1	12
331.663	1	8
331.834	1	18
332.005	1	15
332.176	1	20
332.347	1	24
332.518	1	6
332.689	1	14
332.860	1	9
333.031	1	20
333.202	1	6
333.373	1	18
333.544	1	14
333.715	1	19
333.886	1	1
334.057	1	14
334.228	1	5
334.399	1	14
334.570	1	21
334.741	1	8
334.912	1	11
335.084	1	31
335.255	1	15
335.426	1	9
335.597	1	21
335.768	1	14
335.939	1	25
336.110	1	17
336.281	1	12
336.452	1	7
336.623	1	15
336.794	1	24
336.965	1	10
337.136	1	27
337.307	1	17
337.478	1	11
337.649	1	16
337.820	1	18
337.991	1	13
338.162	1	17
338.333	1	17
338.504	1	14
338.675	1	16
338.846	1	21
339.017	1	19
339.188	1	25
339.359	1	10
339.530	1	16
339.701	1	23
339.872	1	22
340.043	1	18
340.214	1	10
340.385	1	24
340.556	1	0
340.727	1	21
340.898	1	30
341.069	1	22
341.240	1	14
341.411	1	19
341.582	1	17
341.753	1	9
341.924	1	17
342.095	1	16
342.266	1	27
342.437	1	18
342.608	1	20
342.779	1	22
342.950	1	25
343.121	1	16
343.292	1	19
343.463	1	15
343.634	1	18
343.805	1	21
343.976	1	25
344.147	1	18
344.318	1	20
344.489	1	19
344.660	1	38
344.831	1	13
345.002	1	10
345.173	1	29
345.344	1	23
345.515	1	15
345.686	1	24
345.857	1	22
346.028	1	29
346.199	1	22
346.370	1	14
346.541	1	28
346.712	1	15
346.883	1	21
347.054	1	20
347.225	1	31
347.396	1	27
347.567	1	19
347.738	1	25
347.909	1	34
348.080	1	15
348.251	1	25
348.422	1	32
348.593	1	21
348.764	1	19
348.935	1	25
349.106	1	25
349.277	1	25
349.448	1	24
349.619	1	27
349.790	1	27
349.961	1	24
350.132	1	31
350.303	1	28
350.474	1	36
350.645	1	28
350.816	1	22
350.987	1	32
351.157	1	14
351.328	1	29
351.499	1	22
351.670	1	27
351.841	1	36
352.012	1	41
352.183	1	46
352.354	1	41
352.525	1	43
352.696	1	42
352.867	1	31
353.038	1	31
353.209	1	40
353.380	1	32
353.551	1	23
353.722	1	27
353.893	1	24
354.064	1	50
354.235	1	29
354.406	1	27
354.576	1	34
354.747	1	16
354.918	1	41
355.089	1	27
355.260	1	29
355.431	1	41
355.602	1	23
355.773	1	25
355.944	1	37
356.115	1	30
356.286	1	37
356.457	1	49
356.628	1	37
356.799	1	40
356.970	1	47
357.141	1	38
357.311	1	31
357.482	1	38
357.653	1	34
357.824	1	41
357.995	1	30
358.166	1	26
358.337	1	44
358.508	1	40
358.679	1	40
358.850	1	48
359.021	1	45
359.192	1	39
359.363	1	44
359.533	1	28
359.704	1	35
359.875	1	37
360.046	1	27
360.217	1	26
360.388	1	44
360.559	1	29
360.730	1	46
360.901	1	38
361.072	1	53
361.243	1	49
361.414	1	41
361.584	1	33
361.755	1	41
361.926	1	31
362.097	1	33
362.268	1	42
362.439	1	33
362.610	1	44
362.781	1	27
362.952	1	34
363.123	1	44
363.293	1	36
363.464	1	49
363.635	1	42
363.806	1	26
363.977	1	38
364.148	1	55
364.319	1	34
364.490	1	41
364.661	1	35
364.832	1	45
365.002	1	42
365.173	1	43
365.344	1	45
365.515	1	46
365.686	1	38
365.857	1	40
366.028	1	50
366.199	1	37
366.370	1	43
366.540	1	36
366.711	1	31
366.882	1	29
367.053	1	40
367.224	1	59
367.395	1	42
367.566	1	50
367.737	1	35
367.908	1	51
368.078	1	40
368.249	1	41
368.420	1	44
368.591	1	39
368.762	1	37
368.933	1	43
369.104	1	27
369.274	1	39
369.445	1	39
369.616	1	43
369.787	1	48
369.958	1	47
370.129	1	27
370.300	1	51
370.471	1	41
370.641	1	36
370.812	1	48
370.983	1	41
371.154	1	40
371.325	1	52
371.496	1	42
371.667	1	49
371.837	1	32
372.008	1	41
372.179	1	33
372.350	1	58
372.521	1	36
372.692	1	45
372.863	1	42
373.033	1	43
373.204	1	46
373.375	1	50
373.546	1	42
373.717	1	47
373.888	1	50
374.059	1	52
374.229	1	50
374.400	1	40
374.571	1	51
374.742	1	44
374.913	1	43
375.084	1	43
375.254	1	46
375.425	1	53
375.596	1	44
375.767	1	41
375.938	1	48
376.109	1	46
376.279	1	38
376.450	1	55
376.621	1	56
376.792	1	39
376.963	1	47
377.134	1	50
377.304	1	47
377.475	1	50
377.646	1	51
377.817	1	44
377.988	1	45
378.159	1	61
378.329	1	65
378.500	1	50
378.671	1	56
378.842	1	42
379.013	1	41
379.184	1	36
379.354	1	56
379.525	1	50
379.696	1	51
379.867	1	56
380.038	1	46
380.209	1	58
380.379	1	48
380.550	1	47
380.721	1	55
380.892	1	56
381.063	1	48
381.233	1	44
381.404	1	50
381.575	1	54
381.746	1	55
381.917	1	47
382.087	1	44
382.258	1	47
382.429	1	58
382.600	1	55
382.771	1	44
382.941	1	42
383.112	1	56
383.283	1	61
383.454	1	57
383.625	1	42
383.795	1	56
383.966	1	57
384.137	1	65
384.308	1	55
384.479	1	50
384.649	1	51
384.820	1	66
384.991	1	51
385.162	1	56
385.333	1	51
385.503	1	46
385.674	1	52
385.845	1	60
386.016	1	58
386.187	1	57
386.357	1	57
386.528	1	61
386.699	1	61
386.870	1	63
387.041	1	57
387.211	1	61
387.382	1	65
387.553	1	63
387.724	1	57
387.894	1	59
388.065	1	49
388.236	1	64
388.407	1	59
388.578	1	64
388.748	1	47
388.919	1	64
389.090	1	57
389.261	1	56
389.431	1	68
389.602	1	63
389.773	1	69
389.944	1	58
390.114	1	59
390.285	1	58
390.456	1	52
390.627	1	56
390.798	1	48
390.968	1	64
391.139	1	69
391.310	1	47
391.481	1	60
391.651	1	70
391.822	1	56
391.993	1	63
392.164	1	45
392.334	1	61
392.505	1	53
392.676	1	55
392.847	1	63
393.017	1	70
393.188	1	67
393.359	1	49
393.530	1	62
393.700	1	55
393.871	1	59
394.042	1	60
394.213	1	49
394.383	1	67
394.554	1	58
394.725	1	72
394.896	1	50
395.066	1	61
395.237	1	57
395.408	1	65
395.579	1	54
395.749	1	56
395.920	1	52
396.091	1	66
396.262	1	54
396.432	1	60
396.603	1	75
396.774	1	73
396.945	1	66
397.115	1	68
397.286	1	62
397.457	1	61
397.627	1	59
397.798	1	69
397.969	1	50
398.140	1	55
398.310	1	62
398.481	1	66
398.652	1	62
398.823	1	58
398.993	1	66
399.164	1	65
399.335	1	74
399.505	1	60
399.676	1	50
399.847	1	56
400.018	1	59
400.188	1	62
400.359	1	57
400.530	1	59
400.700	1	66
400.871	1	59
401.042	1	68
401.213	1	69
401.383	1	66
401.554	1	66
401.725	1	60
401.895	1	60
402.066	1	63
402.237	1	60
402.408	1	75
402.578	1	66
402.749	1	66
402.920	1	65
403.090	1	54
403.261	1	66
403.432	1	55
403.603	1	68
403.773	1	62
403.944	1	76
404.115	1	64
404.285	1	69
404.456	1	67
404.627	1	60
404.797	1	53
404.968	1	62
405.139	1	63
405.310	1	74
405.480	1	59
405.651	1	61
405.822	1	64
405.992	1	59
406.163	1	63
406.334	1	56
406.504	1	57
406.675	1	71
406.846	1	65
407.016	1	66
407.187	1	79
407.358	1	59
407.528	1	63
407.699	1	60
407.870	1	58
408.041	1	72
408.211	1	77
408.382	1	59
408.553	1	57
408.723	1	71
408.894	1	66
409.065	1	68
409.235	1	61
409.406	1	64
409.577	1	68
409.747	1	75
409.918	1	63
410.089	1	75
410.259	1	64
410.430	1	69
410.601	1	69
410.771	1	71
410.942	1	77
411.113	1	60
411.283	1	60
411.454	1	65
411.625	1	65
411.795	1	76
411.966	1	77
412.137	1	68
412.307	1	59
412.478	1	66
412.649	1	72
412.819	1	67
412.990	1	71
413.161	1	74
413.331	1	56
413.502	1	71
413.672	1	58
413.843	1	64
414.014	1	62
414.184	1	68
414.355	1	68
414.526	1	69
414.696	1	69
414.867	1	66
415.038	1	63
415.208	1	67
415.379	1	71
415.550	1	65
415.720	1	64
415.891	1	63
416.062	1	64
416.232	1	68
416.403	1	63
416.573	1	68
416.744	1	61
416.915	1	73
417.085	1	69
417.256	1	60
417.427	1	63
417.597	1	66
417.768	1	51
417.939	1	76
418.109	1	73
418.280	1	64
418.450	1	56
418.621	1	56
418.792	1	63
418.962	1	73
419.133	1	78
419.304	1	67
419.474	1	52
419.645	1	66
419.815	1	66
419.986	1	70
420.157	1	72
420.327	1	68
420.498	1	76
420.669	1	60
420.839	1	66
421.010	1	68
421.180	1	68
421.351	1	56
421.522	1	63
421.692	1	76
421.863	1	60
422.033	1	76
422.204	1	64
422.375	1	58
422.545	1	66
422.716	1	68
422.886	1	54
423.057	1	67
423.228	1	71
423.398	1	55
423.569	1	68
423.740	1	62
423.910	1	51
424.081	1	56
424.251	1	61
424.422	1	59
424.593	1	60
424.763	1	68
424.934	1	63
425.104	1	61
425.275	1	61
425.445	1	56
425.616	1	55
425.787	1	56
425.957	1	58
426.128	1	65
426.298	1	58
426.469	1	51
426.640	1	58
426.810	1	69
426.981	1	53
427.151	1	61
427.322	1	68
427.493	1	65
427.663	1	66
427.834	1	54
428.004	1	63
428.175	1	67
428.345	1	56
428.516	1	46
428.687	1	53
428.857	1	52
429.028	1	63
429.198	1	65
429.369	1	55
429.540	1	62
429.710	1	49
429.881	1	62
430.051	1	52
430.222	1	65
430.392	1	65
430.563	1	74
430.734	1	69
430.904	1	63
431.075	1	57
431.245	1	48
431.416	1	62
431.586	1	58
431.757	1	64
431.927	1	52
432.098	1	53
432.269	1	56
432.439	1	55
432.610	1	56
432.780	1	61
432.951	1	63
433.121	1	53
433.292	1	77
433.462	1	61
433.633	1	62
433.804	1	62
433.974	1	55
434.145	1	70
434.315	1	50
434.486	1	52
434.656	1	71
434.827	1	58
434.997	1	57
435.168	1	64
435.339	1	64
435.509	1	64
435.680	1	55
435.850	1	53
436.021	1	61
436.191	1	51
436.362	1	68
436.532	1	61
436.703	1	55
436.873	1	54
437.044	1	45
437.214	1	46
437.385	1	61
437.556	1	49
437.726	1	66
437.897	1	62
438.067	1	50
438.238	1	62
438.408	1	53
438.579	1	49
438.749	1	44
438.920	1	47
439.090	1	54
439.261	1	48
439.431	1	49
439.602	1	50
439.772	1	44
439.943	1	60
440.113	1	60
440.284	1	59
440.455	1	60
440.625	1	56
440.796	1	59
440.966	1	47
441.137	1	58
441.307	1	50
441.478	1	67
441.648	1	62
441.819	1	59
441.989	1	44
442.160	1	63
442.330	1	55
442.501	1	57
442.671	1	51
442.842	1	41
443.012	1	45
443.183	1	51
443.353	1	52
443.524	1	60
443.694	1	62
443.865	1	56
444.035	1	56
444.206	1	46
444.376	1	48
444.547	1	58
444.717	1	55
444.888	1	48
445.058	1	50
445.229	1	56
445.399	1	47
445.570	1	61
445.740	1	62
445.911	1	53
446.081	1	37
446.252	1	52
446.422	1	49
446.593	1	39
446.763	1	43
446.934	1	42
447.104	1	45
447.275	1	54
447.445	1	54
447.616	1	57
447.786	1	57
447.957	1	50
448.127	1	46
448.298	1	52
448.468	1	48
448.639	1	49
448.809	1	59
448.979	1	42
449.150	1	54
449.320	1	44
449.491	1	39
449.661	1	41
449.832	1	43
450.002	1	54
450.173	1	46
450.343	1	53
450.514	1	43
450.684	1	42
450.855	1	51
451.025	1	43
451.196	1	44
451.366	1	52
451.537	1	47
451.707	1	42
451.878	1	43
452.048	1	56
452.218	1	50
452.389	1	43
452.559	1	45
452.730	1	53
452.900	1	50
453.071	1	28
453.241	1	38
453.412	1	46
453.582	1	43
453.753	1	49
453.923	1	46
454.093	1	54
454.264	1	56
454.434	1	48
454.605	1	40
454.775	1	46
454.946	1	48
455.116	1	46
455.287	1	41
455.457	1	35
455.628	1	40
455.798	1	53
455.968	1	48
456.139	1	49
456.309	1	39
456.480	1	36
456.650	1	31
456.821	1	37
456.991	1	41
457.161	1	45
457.332	1	52
457.502	1	33
457.673	1	45
457.843	1	48
458.014	1	39
458.184	1	41
458.355	1	39
458.525	1	40
458.695	1	49
458.866	1	38
459.036	1	44
459.207	1	40
459.377	1	31
459.548	1	41
459.718	1	35
459.888	1	40
460.059	1	53
460.229	1	46
460.400	1	44
460.570	1	34
460.740	1	39
460.911	1	52
461.081	1	50
461.252	1	39
461.422	1	45
461.593	1	43
461.763	1	43
461.933	1	43
462.104	1	28
462.274	1	49
462.445	1	43
462.615	1	42
462.785	1	42
462.956	1	38
463.126	1	40
463.297	1	42
463.467	1	39
463.638	1	44
463.808	1	24
463.978	1	30
464.149	1	34
464.319	1	37
464.490	1	48
464.660	1	39
464.830	1	46
465.001	1	41
465.171	1	44
465.342	1	43
465.512	1	40
465.682	1	27
465.853	1	37
466.023	1	41
466.194	1	31
466.364	1	41
466.534	1	34
466.705	1	39
466.875	1	40
467.045	1	36
467.216	1	51
467.386	1	35
467.557	1	28
467.727	1	26
467.897	1	35
468.068	1	35
468.238	1	40
468.409	1	44
468.579	1	39
468.749	1	37
468.920	1	16
469.090	1	42
469.260	1	34
469.431	1	30
469.601	1	43
469.772	1	35
469.942	1	24
470.112	1	42
470.283	1	36
470.453	1	24
470.623	1	23
470.794	1	18
470.964	1	33
471.135	1	27
471.305	1	19
471.475	1	39
471.646	1	23
471.816	1	29
471.986	1	35
472.157	1	33
472.327	1	20
472.497	1	33
472.668	1	26
472.838	1	22
473.009	1	42
473.179	1	28
473.349	1	26
473.520	1	43
473.690	1	26
473.860	1	22
474.031	1	25
474.201	1	24
474.371	1	36
474.542	1	20
474.712	1	29
474.882	1	35
475.053	1	35
475.223	1	19
475.394	1	41
475.564	1	29
475.734	1	24
475.905	1	52
476.075	1	27
476.245	1	33
476.416	1	30
476.586	1	32
476.756	1	23
476.927	1	33
477.097	1	19
477.267	1	25
477.438	1	23
477.608	1	19
477.778	1	39
477.949	1	20
478.119	1	39
478.289	1	31
478.460	1	33
478.630	1	35
478.800	1	27
478.971	1	25
479.141	1	31
479.311	1	12
479.482	1	23
479.652	1	36
479.822	1	25
479.993	1	24
480.163	1	34
480.333	1	35
480.504	1	32
480.674	1	31
480.844	1	23
481.015	1	32
481.185	1	31
481.355	1	28
481.525	1	27
481.696	1	33
481.866	1	34
482.036	1	33
482.207	1	25
482.377	1	26
482.547	1	38
482.718	1	15
482.888	1	27
483.058	1	32
483.229	1	21
483.399	1	23
483.569	1	27
483.740	1	27
483.910	1	23
484.080	1	18
484.250	1	23
484.421	1	26
484.591	1	25
484.761	1	30
484.932	1	32
485.102	1	29
485.272	1	36
485.443	1	33
485.613	1	30
485.783	1	23
485.953	1	28
486.124	1	29
486.294	1	21
486.464	1	11
486.635	1	26
486.805	1	32
486.975	1	18
487.146	1	25
487.316	1	26
487.486	1	21
487.656	1	21
487.827	1	19
487.997	1	9
488.167	1	10
488.338	1	30
488.508	1	18
488.678	1	18
488.848	1	30
489.019	1	13
489.189	1	29
489.359	1	18
489.529	1	24
489.700	1	20
489.870	1	20
490.040	1	15
490.211	1	6
490.381	1	31
490.551	1	16
490.721	1	37
490.892	1	12
491.062	1	26
491.232	1	33
491.402	1	20
491.573	1	14
491.743	1	31
491.913	1	23
492.084	1	28
492.254	1	21
492.424	1	14
492.594	1	27
492.765	1	26
492.935	1	20
493.105	1	19
493.275	1	18
493.446	1	26
493.616	1	29
493.786	1	17
493.956	1	25
494.127	1	13
494.297	1	19
494.467	1	27
494.637	1	17
494.808	1	16
494.978	1	6
495.148	1	21
495.318	1	24
495.489	1	24
495.659	1	27
495.829	1	8
495.999	1	13
496.170	1	28
496.340	1	22
496.510	1	26
496.680	1	10
496.851	1	20
497.021	1	20
497.191	1	18
497.361	1	23
497.532	1	18
497.702	1	25
497.872	1	12
498.042	1	20
498.213	1	16
498.383	1	22
498.553	1	5
498.723	1	24
498.894	1	19
499.064	1	17
499.234	1	21
499.404	1	26
499.574	1	24
499.745	1	17
499.915	1	14
500.085	1	28
500.255	1	21
500.426	1	23
500.596	1	17
500.766	1	18
500.936	1	17
501.106	1	9
501.277	1	21
501.447	1	10
501.617	1	18
501.787	1	17
501.958	1	17
502.128	1	13
502.298	1	18
502.468	1	5
502.638	1	13
502.809	1	20
502.979	1	4
503.149	1	8
503.319	1	8
503.489	1	21
503.660	1	26
503.830	1	21
504.000	1	23
504.170	1	19
504.340	1	11
504.511	1	22
504.681	1	2
504.851	1	23
505.021	1	21
505.192	1	19
505.362	1	23
505.532	1	18
505.702	1	11
505.872	1	28
506.043	1	21
506.213	1	4
506.383	1	11
506.553	1	24
506.723	1	15
506.893	1	7
507.064	1	23
507.234	1	12
507.404	1	17
507.574	1	25
507.744	1	24
507.915	1	11
508.085	1	19
508.255	1	18
508.425	1	8
508.595	1	12
508.766	1	24
508.936	1	7
509.106	1	24
509.276	1	16
509.446	1	10
509.616	1	15
509.787	1	14
509.957	1	11
510.127	1	12
510.297	1	8
510.467	1	5
510.638	1	21
510.808	1	7
510.978	1	11
511.148	1	14
511.318	1	19
511.488	1	4
511.659	1	15
511.829	1	4
511.999	1	8
512.169	1	17
512.339	1	19
512.509	1	22
512.680	1	17
512.850	1	11
513.020	1	11
513.190	1	21
513.360	1	5
513.530	1	11
513.700	1	19
513.871	1	14
514.041	1	8
514.211	1	21
514.381	1	23
514.551	1	16
514.721	1	6
514.892	1	15
515.062	1	15
515.232	1	10
515.402	1	10
515.572	1	11
515.742	1	20
515.912	1	12
516.083	1	10
516.253	1	26
516.423	1	8
516.593	1	10
516.763	1	23
516.933	1	10
517.104	1	7
517.274	1	15
517.444	1	14
517.614	1	4
517.784	1	17
517.954	1	11
518.124	1	9
518.294	1	10
518.465	1	9
518.635	1	2
518.805	1	-7
518.975	1	9
519.145	1	9
519.315	1	8
519.485	1	6
519.656	1	12
519.826	1	11
519.996	1	5
520.166	1	12
520.336	1	19
520.506	1	11
520.676	1	8
520.846	1	20
521.017	1	6
521.187	1	12
521.357	1	19
521.527	1	10
521.697	1	6
521.867	1	-2
522.037	1	28
522.207	1	21
522.377	1	16
522.548	1	11
522.718	1	11
522.888	1	13
523.058	1	13
523.228	1	15
523.398	1	14
523.568	1	20
523.738	1	12
523.909	1	8
524.079	1	9
524.249	1	9
524.419	1	17
524.589	1	1
524.759	1	-3
524.929	1	7
525.099	1	20
525.269	1	15
525.439	1	6
525.610	1	20
525.780	1	3
525.950	1	1
526.120	1	3
526.290	1	1
526.460	1	2
526.630	1	12
526.800	1	5
526.970	1	17
527.140	1	18
527.311	1	0
527.481	1	3
527.651	1	10
527.821	1	0
527.991	1	13
528.161	1	19
528.331	1	8
528.501	1	15
528.671	1	-2
528.841	1	15
529.011	1	7
529.181	1	7
529.352	1	6
529.522	1	9
529.692	1	18
529.862	1	-3
530.032	1	13
530.202	1	8
530.372	1	12
530.542	1	9
530.712	1	15
530.882	1	8
531.052	1	16
531.222	1	18
531.392	1	10
531.563	1	16
531.733	1	9
531.903	1	1
532.073	1	6
532.243	1	8
532.413	1	20
532.583	1	5
532.753	1	18
532.923	1	-8
533.093	1	9
533.263	1	7
533.433	1	13
533.603	1	7
533.773	1	13
533.943	1	3
534.113	1	1
534.284	1	11
534.454	1	16
534.624	1	23
534.794	1	-7
534.964	1	20
535.134	1	10
535.304	1	10
535.474	1	11
535.644	1	2
535.814	1	3
535.984	1	0
536.154	1	1
536.324	1	9
536.494	1	12
536.664	1	19
536.834	1	5
537.004	1	16
537.174	1	19
537.344	1	13
537.514	1	7
537.685	1	0
537.855	1	16
538.025	1	13
538.195	1	14
538.365	1	19
538.535	1	8
538.705	1	10
538.875	1	19
539.045	1	10
539.215	1	12
539.385	1	10
539.555	1	11
539.725	1	5
539.895	1	-1
540.065	1	19
540.235	1	18
540.405	1	6
540.575	1	6
540.745	1	4
540.915	1	5
541.085	1	18
541.255	1	-2
541.425	1	8
541.595	1	7
541.765	1	13
541.935	1	5
542.105	1	9
542.275	1	7
542.445	1	-7
542.615	1	9
542.785	1	16
542.955	1	5
543.125	1	2
543.295	1	13
543.465	1	-1
543.635	1	10
543.805	1	20
543.975	1	-2
544.145	1	11
544.315	1	12
544.485	1	9
544.655	1	11
544.825	1	1
544.995	1	10
545.165	1	7
545.335	1	10
545.505	1	0
545.675	1	6
545.845	1	5
546.015	1	12
546.185	1	16
546.355	1	10
546.525	1	16
546.695	1	16
546.865	1	-2
547.035	1	6
547.205	1	-7
547.375	1	15
547.545	1	13
547.715	1	9
547.885	1	9
548.055	1	6
548.225	1	3
548.395	1	-2
548.565	1	4
548.735	1	2
548.905	1	8
549.075	1	9
549.245	1	6
549.415	1	2
549.585	1	10
549.755	1	6
549.925	1	3
550.095	1	3
550.265	1	-5
550.435	1	1
550.605	1	3
550.775	1	10
550.945	1	12
551.115	1	7
551.285	1	14
551.455	1	1
551.625	1	12
551.795	1	13
551.965	1	5
552.135	1	7
552.305	1	1
552.475	1	3
552.645	1	5
552.815	1	0
552.985	1	13
553.155	1	-4
553.325	1	10
553.495	1	-1
553.665	1	3
553.835	1	-1
554.004	1	14
554.174	1	3
554.344	1	11
554.514	1	-6
554.684	1	7
554.854	1	6
555.024	1	-8
555.194	1	1
555.364	1	9
555.534	1	4
555.704	1	8
555.874	1	14
556.044	1	5
556.214	1	4
556.384	1	2
556.554	1	9
556.724	1	5
556.894	1	-3
557.064	1	3
557.234	1	-3
557.404	1	9
557.573	1	7
557.743	1	-6
557.913	1	1
558.083	1	2
558.253	1	11
558.423	1	12
558.593	1	9
558.763	1	1
558.933	1	9
559.103	1	10
559.273	1	6
559.443	1	4
559.613	1	7
559.783	1	5
559.953	1	6
560.122	1	15
560.292	1	12
560.462	1	3
560.632	1	12
560.802	1	-3
560.972	1	12
561.142	1	-2
561.312	1	-3
561.482	1	0
561.652	1	6
561.822	1	-3
561.992	1	-6
562.162	1	13
562.331	1	5
562.501	1	-3
562.671	1	11
562.841	1	-1
563.011	1	5
563.181	1	0
563.351	1	-5
563.521	1	-1
563.691	1	-2
563.861	1	4
564.031	1	9
564.201	1	14
564.370	1	-3
564.540	1	4
564.710	1	9
564.880	1	9
565.050	1	15
565.220	1	1
565.390	1	9
565.560	1	16
565.730	1	-2
565.900	1	9
566.069	1	10
566.239	1	8
566.409	1	13
566.579	1	7
566.749	1	10
566.919	1	13
567.089	1	11
567.259	1	9
567.429	1	3
567.599	1	7
567.768	1	13
567.938	1	11
568.108	1	6
568.278	1	-3
568.448	1	4
568.618	1	0
568.788	1	11
568.958	1	6
569.128	1	5
569.297	1	5
569.467	1	3
569.637	1	22
569.807	1	6
569.977	1	10
570.147	1	12
570.317	1	-2
570.487	1	2
570.656	1	2
570.826	1	0
570.996	1	-3
571.166	1	12
571.336	1	1
571.506	1	12
571.676	1	5
571.846	1	10
572.015	1	6
572.185	1	5
572.355	1	-1
572.525	1	12
572.695	1	15
572.865	1	-4
573.035	1	12
573.205	1	10
573.374	1	3
573.544	1	4
573.714	1	17
573.884	1	5
574.054	1	9
574.224	1	9
574.394	1	1
574.563	1	3
574.733	1	10
574.903	1	0
575.073	1	-3
575.243	1	6
575.413	1	9
575.583	1	-5
575.752	1	10
575.922	1	12
576.092	1	10
576.262	1	-4
576.432	1	5
576.602	1	-4
576.772	1	14
576.941	1	4
577.111	1	5
577.281	1	-2
577.451	1	-4
577.621	1	10
577.791	1	11
577.960	1	-3
578.130	1	2
578.300	1	9
578.470	1	14
578.640	1	4
578.810	1	0
578.979	1	3
579.149	1	-2
579.319	1	9
579.489	1	1
579.659	1	6
579.829	1	1
579.998	1	17
580.168	1	19
580.338	1	5
580.508	1	-3
580.678	1	13
580.848	1	0
581.017	1	-4
581.187	1	-3
581.357	1	-2
581.527	1	9
581.697	1	12
581.867	1	11
582.036	1	5
582.206	1	4
582.376	1	7
582.546	1	-1
582.716	1	8
582.885	1	-2
583.055	1	1
583.225	1	2
583.395	1	5
583.565	1	-10
583.735	1	12
583.904	1	16
584.074	1	8
584.244	1	9
584.414	1	8
584.584	1	8
584.753	1	-6
584.923	1	7
585.093	1	0
585.263	1	2
585.433	1	7
585.602	1	0
585.772	1	4
585.942	1	4
586.112	1	3
586.282	1	2
586.451	1	0
586.621	1	0
586.791	1	0
586.961	1	3
587.131	1	2
587.300	1	5
587.470	1	8
587.640	1	12
587.810	1	-7
587.980	1	3
588.149	1	6
588.319	1	-1
588.489	1	1
588.659	1	0
588.829	1	2
588.998	1	11
589.168	1	9
589.338	1	1
589.508	1	10
589.677	1	-1
589.847	1	-3
590.017	1	19
590.187	1	0
590.357	1	8
590.526	1	18
590.696	1	10
590.866	1	15
591.036	1	-9
591.205	1	12
591.375	1	5
591.545	1	4
591.715	1	9
591.885	1	5
592.054	1	13
592.224	1	4
592.394	1	0
592.564	1	-6
592.733	1	2
592.903	1	8
593.073	1	-8
593.243	1	9
593.412	1	13
593.582	1	1
593.752	1	6
593.922	1	3
594.091	1	12
594.261	1	-2
594.431	1	1
594.601	1	5
594.771	1	11
594.940	1	9
595.110	1	0
595.280	1	1
595.450	1	7
595.619	1	9
595.789	1	9
595.959	1	5
596.129	1	-1
596.298	1	6
596.468	1	10
596.638	1	11
596.808	1	9
596.977	1	5
597.147	1	7
597.317	1	-2
597.487	1	6
597.656	1	6
597.826	1	4
597.996	1	1
598.166	1	4
598.335	1	-4
598.505	1	6
598.675	1	7
598.844	1	6
599.014	1	3
599.184	1	13
599.354	1	-12
599.523	1	3
599.693	1	-2
599.863	1	7
600.033	1	5
600.202	1	8
600.372	1	5
600.542	1	8
600.712	1	6
600.881	1	3
601.051	1	16
601.221	1	13
601.390	1	3
601.560	1	11
601.730	1	8
601.900	1	5
602.069	1	16
602.239	1	4
602.409	1	1
602.578	1	6
602.748	1	6
602.918	1	5
603.088	1	9
603.257	1	11
603.427	1	-6
603.597	1	8
603.767	1	1
603.936	1	11
604.106	1	10
604.276	1	-3
604.445	1	10
604.615	1	-4
604.785	1	-4
604.954	1	-1
605.124	1	14
605.294	1	12
605.464	1	-4
605.633	1	4
605.803	1	8
605.973	1	0
606.142	1	5
606.312	1	6
606.482	1	7
606.652	1	14
606.821	1	5
606.991	1	7
607.161	1	6
607.330	1	9
607.500	1	9
607.670	1	-2
607.839	1	3
608.009	1	17
608.179	1	3
608.348	1	3
608.518	1	-4
608.688	1	4
608.858	1	2
609.027	1	1
609.197	1	7
609.367	1	8
609.536	1	3
609.706	1	4
609.876	1	7
610.045	1	6
610.215	1	5
610.385	1	2
610.554	1	3
610.724	1	14
610.894	1	-2
611.063	1	4
611.233	1	5
611.403	1	10
611.572	1	4
611.742	1	8
611.912	1	0
612.081	1	4
612.251	1	5
612.421	1	5
612.590	1	5
612.760	1	8
612.930	1	8
613.099	1	9
613.269	1	10
613.439	1	5
613.608	1	2
613.778	1	6
613.948	1	16
614.117	1	11
614.287	1	9
614.457	1	11
614.626	1	-1
614.796	1	9
614.966	1	-5
615.135	1	8
615.305	1	8
615.475	1	8
615.644	1	-1
615.814	1	6
615.984	1	-3
616.153	1	2
616.323	1	8
616.493	1	4
616.662	1	17
616.832	1	6
617.002	1	2
617.171	1	7
617.341	1	7
617.511	1	-2
617.680	1	-1
617.850	1	6
618.019	1	21
618.189	1	13
618.359	1	5
618.528	1	6
618.698	1	7
618.868	1	3
619.037	1	4
619.207	1	-4
619.377	1	-1
619.546	1	0
619.716	1	0
619.885	1	3
620.055	1	5
620.225	1	5
620.394	1	6
620.564	1	9
620.734	1	10
620.903	1	-3
621.073	1	8
621.242	1	3
621.412	1	1
621.582	1	2
621.751	1	17
621.921	1	9
622.091	1	3
622.260	1	-1
622.430	1	12
622.599	1	11
622.769	1	13
622.939	1	8
623.108	1	2
623.278	1	-3
623.448	1	10
623.617	1	1
623.787	1	5
623.956	1	7
624.126	1	11
624.296	1	1
624.465	1	12
624.635	1	11
624.804	1	7
624.974	1	-4
625.144	1	19
625.313	1	9
625.483	1	0
625.652	1	2
625.822	1	1
625.992	1	-1
626.161	1	9
626.331	1	6
626.501	1	13
626.670	1	8
626.840	1	-1
627.009	1	-12
627.179	1	14
627.348	1	15
627.518	1	8
627.688	1	12
627.857	1	15
628.027	1	4
628.196	1	6
628.366	1	10
628.536	1	5
628.705	1	4
628.875	1	4
629.044	1	2
629.214	1	13
629.384	1	9
629.553	1	7
629.723	1	8
629.892	1	8
630.062	1	11
630.232	1	3
630.401	1	18
630.571	1	1
630.740	1	10
630.910	1	11
631.079	1	9
631.249	1	0
631.419	1	15
631.588	1	1
631.758	1	10
631.927	1	-1
632.097	1	5
632.266	1	1
632.436	1	11
632.606	1	-6
632.775	1	16
632.945	1	4
633.114	1	10
633.284	1	18
633.453	1	5
633.623	1	7
633.793	1	12
633.962	1	7
634.132	1	9
634.301	1	12
634.471	1	8
634.640	1	8
634.810	1	4
634.979	1	8
635.149	1	2
635.319	1	11
635.488	1	7
635.658	1	6
635.827	1	-5
635.997	1	9
636.166	1	16
636.336	1	3
636.505	1	21
636.675	1	9
636.845	1	12
637.014	1	9
637.184	1	18
637.353	1	11
637.523	1	4
637.692	1	6
637.862	1	9
638.031	1	6
638.201	1	7
638.370	1	-2
638.540	1	11
638.710	1	8
638.879	1	6
639.049	1	15
639.218	1	14
639.388	1	0
639.557	1	12
639.727	1	10
639.896	1	9
640.066	1	7
640.235	1	14
640.405	1	15
640.574	1	8
640.744	1	7
640.914	1	17
641.083	1	3
641.253	1	2
641.422	1	9
641.592	1	16
641.761	1	7
641.931	1	3
642.100	1	22
642.270	1	8
642.439	1	16
642.609	1	15
642.778	1	9
642.948	1	-3
643.117	1	16
643.287	1	11
643.456	1	6
643.626	1	18
643.795	1	18
643.965	1	11
644.134	1	8
644.304	1	9
644.473	1	19
644.643	1	14
644.812	1	2
644.982	1	18
645.151	1	5
645.321	1	3
645.490	1	17
645.660	1	9
645.829	1	6
645.999	1	4
646.168	1	20
646.338	1	9
646.507	1	6
646.677	1	5
646.846	1	9
647.016	1	1
647.185	1	12
647.355	1	-8
647.524	1	23
647.694	1	21
647.863	1	13
648.033	1	3
648.202	1	12
648.372	1	-1
648.541	1	8
648.711	1	13
648.880	1	5
649.050	1	-6
649.219	1	20
649.389	1	24
649.558	1	9
649.728	1	12
649.897	1	2
650.067	1	13
650.236	1	13
650.406	1	13
650.575	1	14
650.745	1	12
650.914	1	4
651.084	1	9
651.253	1	14
651.423	1	4
651.592	1	5
651.762	1	10
651.931	1	20
652.101	1	7
652.270	1	13
652.440	1	12
652.609	1	1
652.778	1	6
652.948	1	14
653.117	1	9
653.287	1	-1
653.456	1	11
653.626	1	13
653.795	1	12
653.965	1	15
654.134	1	8
654.304	1	-3
654.473	1	14
654.643	1	11
654.812	1	13
654.982	1	5
655.151	1	13
655.320	1	10
655.490	1	9
655.659	1	13
655.829	1	12
655.998	1	0
656.168	1	17
656.337	1	19
656.507	1	11
656.676	1	22
656.846	1	17
657.015	1	11
657.184	1	19
657.354	1	10
657.523	1	17
657.693	1	19
657.862	1	3
658.032	1	7
658.201	1	7
658.371	1	20
658.540	1	16
658.709	1	6
658.879	1	25
659.048	1	8
659.218	1	10
659.387	1	12
659.557	1	13
659.726	1	20
659.895	1	11
660.065	1	2
660.234	1	9
660.404	1	22
660.573	1	6
660.743	1	14
660.912	1	15
661.081	1	14
661.251	1	1
661.420	1	17
661.590	1	7
661.759	1	10
661.929	1	11
662.098	1	17
662.267	1	16
662.437	1	14
662.606	1	16
662.776	1	17
662.945	1	8
663.115	1	12
663.284	1	6
663.453	1	7
663.623	1	5
663.792	1	11
663.962	1	8
664.131	1	15
664.300	1	18
664.470	1	15
664.639	1	7
664.809	1	14
664.978	1	16
665.148	1	13
665.317	1	14
665.486	1	22
665.656	1	10
665.825	1	16
665.995	1	7
666.164	1	4
666.333	1	14
666.503	1	3
666.672	1	11
666.842	1	2
667.011	1	10
667.180	1	12
667.350	1	4
667.519	1	4
667.689	1	12
667.858	1	9
668.027	1	19
668.197	1	9
668.366	1	13
668.536	1	10
668.705	1	6
668.874	1	12
669.044	1	8
669.213	1	17
669.382	1	7
669.552	1	13
669.721	1	17
669.891	1	19
670.060	1	17
670.229	1	18
670.399	1	5
670.568	1	11
670.738	1	21
670.907	1	2
671.076	1	5
671.246	1	15
671.415	1	18
671.584	1	-1
671.754	1	6
671.923	1	9
672.093	1	19
672.262	1	1
672.431	1	13
672.601	1	12
672.770	1	6
672.939	1	22
673.109	1	13
673.278	1	14
673.448	1	18
673.617	1	14
673.786	1	4
