325.333	1	16
325.504	1	8
325.675	1	11
325.846	1	14
326.017	1	11
326.188	1	17
326.359	1	16
326.531	1	-11
326.702	1	7
326.873	1	18
327.044	1	8
327.215	1	5
327.386	1	21
327.557	1	7
327.728	1	4
327.899	1	3
328.070	1	24
328.241	1	11
328.412	1	2
328.583	1	10
328.754	1	12
328.926	1	22
329.097	1	13
329.268	1	20
329.439	1	12
329.610	1	15
329.781	1	7
329.952	1	17
330.123	1	16
330.294	1	9
330.465	1	17
330.636	1	12
330.807	1	10
330.978	1	17
331.149	1	9
331.320	1	11
331.492	1	12
331.663	1	12
331.834	1	24
332.005	1	19
332.176	1	23
332.347	1	18
332.518	1	5
332.689	1	21
332.860	1	8
333.031	1	21
333.202	1	8
333.373	1	14
333.544	1	16
333.715	1	20
333.886	1	0
334.057	1	13
334.228	1	5
334.399	1	23
334.570	1	21
334.741	1	10
334.912	1	23
335.084	1	29
335.255	1	17
335.426	1	8
335.597	1	10
335.768	1	14
335.939	1	28
336.110	1	15
336.281	1	15
336.452	1	5
336.623	1	16
336.794	1	25
336.965	1	0
337.136	1	24
337.307	1	13
337.478	1	22
337.649	1	20
337.820	1	19
337.991	1	19
338.162	1	21
338.333	1	18
338.504	1	25
338.675	1	19
338.846	1	28
339.017	1	21
339.188	1	15
339.359	1	11
339.530	1	24
339.701	1	20
339.872	1	24
340.043	1	11
340.214	1	18
340.385	1	25
340.556	1	7
340.727	1	23
340.898	1	33
341.069	1	22
341.240	1	18
341.411	1	26
341.582	1	21
341.753	1	16
341.924	1	14
342.095	1	30
342.266	1	31
342.437	1	34
342.608	1	25
342.779	1	26
342.950	1	36
343.121	1	38
343.292	1	23
343.463	1	22
343.634	1	25
343.805	1	19
343.976	1	28
344.147	1	14
344.318	1	31
344.489	1	26
344.660	1	39
344.831	1	23
345.002	1	20
345.173	1	38
345.344	1	23
345.515	1	20
345.686	1	32
345.857	1	24
346.028	1	34
346.199	1	29
346.370	1	26
346.541	1	30
346.712	1	22
346.883	1	24
347.054	1	22
347.225	1	28
347.396	1	33
347.567	1	30
347.738	1	21
347.909	1	51
348.080	1	35
348.251	1	41
348.422	1	28
348.593	1	25
348.764	1	37
348.935	1	29
349.106	1	19
349.277	1	35
349.448	1	36
349.619	1	28
349.790	1	33
349.961	1	41
350.132	1	24
350.303	1	42
350.474	1	42
350.645	1	29
350.816	1	37
350.987	1	37
351.157	1	15
351.328	1	48
351.499	1	37
351.670	1	32
351.841	1	39
352.012	1	51
352.183	1	34
352.354	1	48
352.525	1	40
352.696	1	38
352.867	1	36
353.038	1	50
353.209	1	46
353.380	1	36
353.551	1	30
353.722	1	35
353.893	1	33
354.064	1	43
354.235	1	39
354.406	1	39
354.576	1	36
354.747	1	41
354.918	1	47
355.089	1	48
355.260	1	47
355.431	1	41
355.602	1	39
355.773	1	43
355.944	1	38
356.115	1	46
356.286	1	44
356.457	1	41
356.628	1	44
356.799	1	51
356.970	1	48
357.141	1	36
357.311	1	43
357.482	1	40
357.653	1	49
357.824	1	53
357.995	1	37
358.166	1	33
358.337	1	41
358.508	1	51
358.679	1	49
358.850	1	46
359.021	1	46
359.192	1	52
359.363	1	45
359.533	1	40
359.704	1	52
359.875	1	49
360.046	1	40
360.217	1	44
360.388	1	49
360.559	1	39
360.730	1	47
360.901	1	41
361.072	1	60
361.243	1	50
361.414	1	49
361.584	1	43
361.755	1	58
361.926	1	48
362.097	1	46
362.268	1	47
362.439	1	43
362.610	1	40
362.781	1	57
362.952	1	35
363.123	1	47
363.293	1	34
363.464	1	54
363.635	1	58
363.806	1	50
363.977	1	56
364.148	1	51
364.319	1	42
364.490	1	43
364.661	1	56
364.832	1	53
365.002	1	49
365.173	1	46
365.344	1	63
365.515	1	47
365.686	1	46
365.857	1	50
366.028	1	57
366.199	1	42
366.370	1	41
366.540	1	38
366.711	1	46
366.882	1	36
367.053	1	38
367.224	1	62
367.395	1	43
367.566	1	59
367.737	1	64
367.908	1	53
368.078	1	48
368.249	1	56
368.420	1	48
368.591	1	55
368.762	1	44
368.933	1	48
369.104	1	44
369.274	1	54
369.445	1	47
369.616	1	47
369.787	1	54
369.958	1	47
370.129	1	36
370.300	1	51
370.471	1	45
370.641	1	52
370.812	1	53
370.983	1	49
371.154	1	42
371.325	1	55
371.496	1	50
371.667	1	64
371.837	1	47
372.008	1	53
372.179	1	43
372.350	1	48
372.521	1	49
372.692	1	56
372.863	1	52
373.033	1	40
373.204	1	38
373.375	1	53
373.546	1	59
373.717	1	50
373.888	1	68
374.059	1	54
374.229	1	53
374.400	1	49
374.571	1	56
374.742	1	66
374.913	1	58
375.084	1	46
375.254	1	52
375.425	1	52
375.596	1	54
375.767	1	59
375.938	1	55
376.109	1	61
376.279	1	51
376.450	1	61
376.621	1	51
376.792	1	49
376.963	1	49
377.134	1	58
377.304	1	54
377.475	1	50
377.646	1	56
377.817	1	54
377.988	1	57
378.159	1	59
378.329	1	58
378.500	1	54
378.671	1	53
378.842	1	53
379.013	1	61
379.184	1	51
379.354	1	71
379.525	1	57
379.696	1	58
379.867	1	69
380.038	1	50
380.209	1	61
380.379	1	60
380.550	1	39
380.721	1	54
380.892	1	55
381.063	1	53
381.233	1	64
381.404	1	54
381.575	1	73
381.746	1	65
381.917	1	58
382.087	1	65
382.258	1	56
382.429	1	55
382.600	1	72
382.771	1	48
382.941	1	50
383.112	1	68
383.283	1	69
383.454	1	66
383.625	1	55
383.795	1	68
383.966	1	74
384.137	1	64
384.308	1	57
384.479	1	58
384.649	1	61
384.820	1	64
384.991	1	60
385.162	1	61
385.333	1	64
385.503	1	73
385.674	1	55
385.845	1	83
386.016	1	58
386.187	1	72
386.357	1	70
386.528	1	86
386.699	1	62
386.870	1	77
387.041	1	76
387.211	1	70
387.382	1	73
387.553	1	75
387.724	1	59
387.894	1	69
388.065	1	68
388.236	1	82
388.407	1	77
388.578	1	57
388.748	1	76
388.919	1	86
389.090	1	78
389.261	1	65
389.431	1	68
389.602	1	75
389.773	1	72
389.944	1	75
390.114	1	63
390.285	1	66
390.456	1	76
390.627	1	69
390.798	1	78
390.968	1	77
391.139	1	68
391.310	1	59
391.481	1	79
391.651	1	72
391.822	1	67
391.993	1	71
392.164	1	64
392.334	1	59
392.505	1	68
392.676	1	73
392.847	1	73
393.017	1	78
393.188	1	72
393.359	1	58
393.530	1	67
393.700	1	64
393.871	1	67
394.042	1	59
394.213	1	72
394.383	1	60
394.554	1	68
394.725	1	70
394.896	1	61
395.066	1	73
395.237	1	68
395.408	1	69
395.579	1	76
395.749	1	69
395.920	1	62
396.091	1	81
396.262	1	69
396.432	1	69
396.603	1	79
396.774	1	82
396.945	1	72
397.115	1	67
397.286	1	70
397.457	1	75
397.627	1	79
397.798	1	77
397.969	1	69
398.140	1	70
398.310	1	70
398.481	1	76
398.652	1	66
398.823	1	76
398.993	1	75
399.164	1	79
399.335	1	88
399.505	1	73
399.676	1	79
399.847	1	77
400.018	1	78
400.188	1	67
400.359	1	84
400.530	1	71
400.700	1	78
400.871	1	78
401.042	1	71
401.213	1	84
401.383	1	75
401.554	1	72
401.725	1	83
401.895	1	62
402.066	1	75
402.237	1	85
402.408	1	64
402.578	1	72
402.749	1	79
402.920	1	78
403.090	1	80
403.261	1	74
403.432	1	67
403.603	1	80
403.773	1	77
403.944	1	83
404.115	1	91
404.285	1	84
404.456	1	82
404.627	1	69
404.797	1	72
404.968	1	66
405.139	1	75
405.310	1	85
405.480	1	73
405.651	1	76
405.822	1	71
405.992	1	69
406.163	1	69
406.334	1	77
406.504	1	81
406.675	1	85
406.846	1	81
407.016	1	77
407.187	1	81
407.358	1	66
407.528	1	69
407.699	1	62
407.870	1	72
408.041	1	82
408.211	1	82
408.382	1	75
408.553	1	74
408.723	1	88
408.894	1	79
409.065	1	87
409.235	1	73
409.406	1	81
409.577	1	78
409.747	1	85
409.918	1	73
410.089	1	78
410.259	1	83
410.430	1	74
410.601	1	81
410.771	1	77
410.942	1	76
411.113	1	86
411.283	1	77
411.454	1	85
411.625	1	82
411.795	1	79
411.966	1	83
412.137	1	83
412.307	1	64
412.478	1	65
412.649	1	71
412.819	1	82
412.990	1	69
413.161	1	73
413.331	1	73
413.502	1	79
413.672	1	73
413.843	1	72
414.014	1	76
414.184	1	75
414.355	1	74
414.526	1	77
414.696	1	80
414.867	1	85
415.038	1	63
415.208	1	80
415.379	1	76
415.550	1	85
415.720	1	71
415.891	1	85
416.062	1	81
416.232	1	78
416.403	1	79
416.573	1	73
416.744	1	70
416.915	1	82
417.085	1	83
417.256	1	82
417.427	1	72
417.597	1	80
417.768	1	71
417.939	1	78
418.109	1	83
418.280	1	79
418.450	1	71
418.621	1	68
418.792	1	73
418.962	1	80
419.133	1	75
419.304	1	69
419.474	1	73
419.645	1	76
419.815	1	65
419.986	1	66
420.157	1	68
420.327	1	79
420.498	1	92
420.669	1	69
420.839	1	78
421.010	1	77
421.180	1	70
421.351	1	71
421.522	1	80
421.692	1	70
421.863	1	75
422.033	1	87
422.204	1	77
422.375	1	65
422.545	1	74
422.716	1	69
422.886	1	71
423.057	1	74
423.228	1	72
423.398	1	73
423.569	1	72
423.740	1	67
423.910	1	57
424.081	1	71
424.251	1	57
424.422	1	78
424.593	1	67
424.763	1	71
424.934	1	66
425.104	1	86
425.275	1	77
425.445	1	72
425.616	1	66
425.787	1	65
425.957	1	76
426.128	1	81
426.298	1	70
426.469	1	54
426.640	1	75
426.810	1	62
426.981	1	69
427.151	1	70
427.322	1	71
427.493	1	68
427.663	1	71
427.834	1	64
428.004	1	78
428.175	1	76
428.345	1	68
428.516	1	58
428.687	1	83
428.857	1	62
429.028	1	63
429.198	1	74
429.369	1	74
429.540	1	71
429.710	1	61
429.881	1	73
430.051	1	65
430.222	1	63
430.392	1	62
430.563	1	88
430.734	1	74
430.904	1	77
431.075	1	62
431.245	1	72
431.416	1	74
431.586	1	71
431.757	1	79
431.927	1	76
432.098	1	70
432.269	1	70
432.439	1	73
432.610	1	66
432.780	1	79
432.951	1	62
433.121	1	79
433.292	1	90
433.462	1	74
433.633	1	72
433.804	1	76
433.974	1	70
434.145	1	79
434.315	1	58
434.486	1	64
434.656	1	67
434.827	1	73
434.997	1	67
435.168	1	77
435.339	1	75
435.509	1	57
435.680	1	65
435.850	1	70
436.021	1	62
436.191	1	63
436.362	1	73
436.532	1	75
436.703	1	65
436.873	1	74
437.044	1	56
437.214	1	61
437.385	1	63
437.556	1	66
437.726	1	83
437.897	1	77
438.067	1	60
438.238	1	62
438.408	1	66
438.579	1	63
438.749	1	64
438.920	1	63
439.090	1	61
439.261	1	61
439.431	1	49
439.602	1	58
439.772	1	69
439.943	1	67
440.113	1	69
440.284	1	62
440.455	1	64
440.625	1	61
440.796	1	65
440.966	1	63
441.137	1	70
441.307	1	57
441.478	1	64
441.648	1	58
441.819	1	50
441.989	1	66
442.160	1	70
442.330	1	46
442.501	1	60
442.671	1	49
442.842	1	46
443.012	1	56
443.183	1	75
443.353	1	51
443.524	1	75
443.694	1	63
443.865	1	50
444.035	1	73
444.206	1	51
444.376	1	53
444.547	1	76
444.717	1	52
444.888	1	64
445.058	1	67
445.229	1	63
445.399	1	69
445.570	1	56
445.740	1	57
445.911	1	63
446.081	1	56
446.252	1	65
446.422	1	61
446.593	1	50
446.763	1	62
446.934	1	43
447.104	1	52
447.275	1	56
447.445	1	64
447.616	1	61
447.786	1	63
447.957	1	59
448.127	1	54
448.298	1	72
448.468	1	45
448.639	1	54
448.809	1	69
448.979	1	51
449.150	1	67
449.320	1	62
449.491	1	56
449.661	1	56
449.832	1	42
450.002	1	66
450.173	1	51
450.343	1	47
450.514	1	55
450.684	1	49
450.855	1	51
451.025	1	57
451.196	1	50
451.366	1	61
451.537	1	53
451.707	1	50
451.878	1	42
452.048	1	64
452.218	1	60
452.389	1	65
452.559	1	54
452.730	1	64
452.900	1	57
453.071	1	40
453.241	1	55
453.412	1	53
453.582	1	53
453.753	1	52
453.923	1	47
454.093	1	63
454.264	1	53
454.434	1	43
454.605	1	54
454.775	1	54
454.946	1	51
455.116	1	47
455.287	1	46
455.457	1	46
455.628	1	41
455.798	1	41
455.968	1	63
456.139	1	44
456.309	1	40
456.480	1	38
456.650	1	41
456.821	1	36
456.991	1	46
457.161	1	31
457.332	1	53
457.502	1	35
457.673	1	53
457.843	1	58
458.014	1	53
458.184	1	52
458.355	1	47
458.525	1	50
458.695	1	51
458.866	1	56
459.036	1	54
459.207	1	49
459.377	1	31
459.548	1	51
459.718	1	44
459.888	1	48
460.059	1	53
460.229	1	54
460.400	1	51
460.570	1	43
460.740	1	48
460.911	1	52
461.081	1	35
461.252	1	57
461.422	1	47
461.593	1	45
461.763	1	51
461.933	1	51
462.104	1	37
462.274	1	47
462.445	1	52
462.615	1	44
462.785	1	49
462.956	1	55
463.126	1	41
463.297	1	43
463.467	1	42
463.638	1	43
463.808	1	37
463.978	1	40
464.149	1	43
464.319	1	40
464.490	1	55
464.660	1	42
464.830	1	42
465.001	1	46
465.171	1	44
465.342	1	53
465.512	1	37
465.682	1	46
465.853	1	42
466.023	1	40
466.194	1	39
466.364	1	49
466.534	1	42
466.705	1	44
466.875	1	43
467.045	1	44
467.216	1	49
467.386	1	31
467.557	1	45
467.727	1	27
467.897	1	35
468.068	1	32
468.238	1	42
468.409	1	38
468.579	1	47
468.749	1	39
468.920	1	26
469.090	1	48
469.260	1	44
469.431	1	33
469.601	1	35
469.772	1	36
469.942	1	33
470.112	1	50
470.283	1	41
470.453	1	42
470.623	1	33
470.794	1	38
470.964	1	49
471.135	1	38
471.305	1	31
471.475	1	40
471.646	1	38
471.816	1	42
471.986	1	44
472.157	1	42
472.327	1	34
472.497	1	34
472.668	1	38
472.838	1	34
473.009	1	39
473.179	1	35
473.349	1	39
473.520	1	45
473.690	1	39
473.860	1	36
474.031	1	49
474.201	1	34
474.371	1	46
474.542	1	35
474.712	1	40
474.882	1	44
475.053	1	39
475.223	1	31
475.394	1	35
475.564	1	37
475.734	1	47
475.905	1	48
476.075	1	30
476.245	1	41
476.416	1	48
476.586	1	42
476.756	1	36
476.927	1	40
477.097	1	37
477.267	1	37
477.438	1	42
477.608	1	35
477.778	1	33
477.949	1	33
478.119	1	45
478.289	1	42
478.460	1	48
478.630	1	45
478.800	1	34
478.971	1	32
479.141	1	34
479.311	1	28
479.482	1	34
479.652	1	31
479.822	1	31
479.993	1	36
480.163	1	35
480.333	1	36
480.504	1	41
480.674	1	28
480.844	1	28
481.015	1	40
481.185	1	36
481.355	1	38
481.525	1	32
481.696	1	36
481.866	1	41
482.036	1	34
482.207	1	37
482.377	1	30
482.547	1	38
482.718	1	31
482.888	1	41
483.058	1	37
483.229	1	29
483.399	1	32
483.569	1	39
483.740	1	37
483.910	1	24
484.080	1	25
484.250	1	34
484.421	1	35
484.591	1	35
484.761	1	42
484.932	1	36
485.102	1	48
485.272	1	40
485.443	1	38
485.613	1	34
485.783	1	24
485.953	1	29
486.124	1	42
486.294	1	25
486.464	1	26
486.635	1	37
486.805	1	30
486.975	1	22
487.146	1	35
487.316	1	39
487.486	1	27
487.656	1	23
487.827	1	30
487.997	1	11
488.167	1	15
488.338	1	35
488.508	1	18
488.678	1	12
488.848	1	32
489.019	1	25
489.189	1	34
489.359	1	26
489.529	1	21
489.700	1	30
489.870	1	31
490.040	1	23
490.211	1	24
490.381	1	33
490.551	1	20
490.721	1	24
490.892	1	20
491.062	1	22
491.232	1	27
491.402	1	20
491.573	1	11
491.743	1	19
491.913	1	20
492.084	1	32
492.254	1	25
492.424	1	25
492.594	1	25
492.765	1	14
492.935	1	22
493.105	1	26
493.275	1	27
493.446	1	27
493.616	1	23
493.786	1	14
493.956	1	27
494.127	1	27
494.297	1	21
494.467	1	18
494.637	1	30
494.808	1	21
494.978	1	12
495.148	1	30
495.318	1	13
495.489	1	28
495.659	1	28
495.829	1	15
495.999	1	14
496.170	1	22
496.340	1	34
496.510	1	28
496.680	1	18
496.851	1	29
497.021	1	19
497.191	1	20
497.361	1	28
497.532	1	14
497.702	1	28
497.872	1	11
498.042	1	23
498.213	1	9
498.383	1	21
498.553	1	19
498.723	1	19
498.894	1	22
499.064	1	25
499.234	1	23
499.404	1	21
499.574	1	20
499.745	1	29
499.915	1	20
500.085	1	25
500.255	1	31
500.426	1	25
500.596	1	28
500.766	1	18
500.936	1	16
501.106	1	10
501.277	1	18
501.447	1	18
501.617	1	19
501.787	1	32
501.958	1	8
502.128	1	23
502.298	1	22
502.468	1	21
502.638	1	10
502.809	1	19
502.979	1	17
503.149	1	19
503.319	1	15
503.489	1	17
503.660	1	23
503.830	1	16
504.000	1	20
504.170	1	12
504.340	1	14
504.511	1	22
504.681	1	18
504.851	1	21
505.021	1	14
505.192	1	13
505.362	1	24
505.532	1	17
505.702	1	21
505.872	1	23
506.043	1	16
506.213	1	10
506.383	1	20
506.553	1	17
506.723	1	17
506.893	1	21
507.064	1	23
507.234	1	20
507.404	1	15
507.574	1	17
507.744	1	14
507.915	1	24
508.085	1	24
508.255	1	15
508.425	1	5
508.595	1	12
508.766	1	19
508.936	1	7
509.106	1	14
509.276	1	28
509.446	1	12
509.616	1	16
509.787	1	22
509.957	1	15
510.127	1	23
510.297	1	14
510.467	1	6
510.638	1	20
510.808	1	10
510.978	1	13
511.148	1	26
511.318	1	16
511.488	1	12
511.659	1	19
511.829	1	9
511.999	1	15
512.169	1	23
512.339	1	19
512.509	1	13
512.680	1	15
512.850	1	14
513.020	1	17
513.190	1	15
513.360	1	13
513.530	1	14
513.700	1	11
513.871	1	14
514.041	1	9
514.211	1	20
514.381	1	14
514.551	1	14
514.721	1	10
514.892	1	21
515.062	1	16
515.232	1	14
515.402	1	5
515.572	1	13
515.742	1	15
515.912	1	18
516.083	1	8
516.253	1	21
516.423	1	13
516.593	1	10
516.763	1	17
516.933	1	9
517.104	1	12
517.274	1	16
517.444	1	23
517.614	1	2
517.784	1	18
517.954	1	16
518.124	1	17
518.294	1	11
518.465	1	11
518.635	1	10
518.805	1	-4
518.975	1	16
519.145	1	15
519.315	1	12
519.485	1	15
519.656	1	20
519.826	1	11
519.996	1	-1
520.166	1	15
520.336	1	16
520.506	1	13
520.676	1	9
520.846	1	20
521.017	1	22
521.187	1	12
521.357	1	23
521.527	1	7
521.697	1	14
521.867	1	8
522.037	1	15
522.207	1	18
522.377	1	20
522.548	1	16
522.718	1	14
522.888	1	24
523.058	1	5
523.228	1	12
523.398	1	11
523.568	1	15
523.738	1	16
523.909	1	17
524.079	1	17
524.249	1	8
524.419	1	10
524.589	1	10
524.759	1	12
524.929	1	10
525.099	1	11
525.269	1	20
525.439	1	9
525.610	1	25
525.780	1	7
525.950	1	13
526.120	1	12
526.290	1	20
526.460	1	-4
526.630	1	9
526.800	1	7
526.970	1	13
527.140	1	10
527.311	1	14
527.481	1	-1
527.651	1	19
527.821	1	1
527.991	1	13
528.161	1	16
528.331	1	10
528.501	1	24
528.671	1	11
528.841	1	3
529.011	1	13
529.181	1	16
529.352	1	13
529.522	1	3
529.692	1	4
529.862	1	13
530.032	1	16
530.202	1	19
530.372	1	18
530.542	1	21
530.712	1	8
530.882	1	7
531.052	1	14
531.222	1	15
531.392	1	9
531.563	1	17
531.733	1	9
531.903	1	13
532.073	1	17
532.243	1	11
532.413	1	16
532.583	1	11
532.753	1	8
532.923	1	8
533.093	1	12
533.263	1	14
533.433	1	8
533.603	1	8
533.773	1	8
533.943	1	9
534.113	1	13
534.284	1	7
534.454	1	15
534.624	1	20
534.794	1	-1
534.964	1	11
535.134	1	4
535.304	1	6
535.474	1	15
535.644	1	7
535.814	1	4
535.984	1	2
536.154	1	-5
536.324	1	0
536.494	1	7
536.664	1	18
536.834	1	10
537.004	1	14
537.174	1	28
537.344	1	3
537.514	1	7
537.685	1	4
537.855	1	19
538.025	1	10
538.195	1	9
538.365	1	14
538.535	1	4
538.705	1	10
538.875	1	10
539.045	1	8
539.215	1	12
539.385	1	15
539.555	1	16
539.725	1	3
539.895	1	-4
540.065	1	15
540.235	1	17
540.405	1	3
540.575	1	7
540.745	1	10
540.915	1	9
541.085	1	13
541.255	1	1
541.425	1	15
541.595	1	11
541.765	1	-2
541.935	1	10
542.105	1	0
542.275	1	2
542.445	1	1
542.615	1	13
542.785	1	16
542.955	1	7
543.125	1	5
543.295	1	19
543.465	1	11
543.635	1	7
543.805	1	17
543.975	1	8
544.145	1	12
544.315	1	12
544.485	1	6
544.655	1	10
544.825	1	3
544.995	1	10
545.165	1	-2
545.335	1	13
545.505	1	1
545.675	1	12
545.845	1	9
546.015	1	12
546.185	1	8
546.355	1	13
546.525	1	11
546.695	1	13
546.865	1	7
547.035	1	5
547.205	1	-7
547.375	1	8
547.545	1	20
547.715	1	9
547.885	1	-2
548.055	1	6
548.225	1	8
548.395	1	5
548.565	1	5
548.735	1	17
548.905	1	4
549.075	1	13
549.245	1	5
549.415	1	9
549.585	1	7
549.755	1	11
549.925	1	1
550.095	1	10
550.265	1	9
550.435	1	8
550.605	1	5
550.775	1	12
550.945	1	12
551.115	1	10
551.285	1	12
551.455	1	3
551.625	1	11
551.795	1	11
551.965	1	1
552.135	1	0
552.305	1	3
552.475	1	-1
552.645	1	8
552.815	1	5
552.985	1	6
553.155	1	14
553.325	1	6
553.495	1	4
553.665	1	3
553.835	1	1
554.004	1	13
554.174	1	11
554.344	1	13
554.514	1	6
554.684	1	10
554.854	1	13
555.024	1	-3
555.194	1	9
555.364	1	6
555.534	1	13
555.704	1	5
555.874	1	17
556.044	1	5
556.214	1	0
556.384	1	0
556.554	1	16
556.724	1	6
556.894	1	4
557.064	1	6
557.234	1	3
557.404	1	20
557.573	1	11
557.743	1	4
557.913	1	7
558.083	1	3
558.253	1	11
558.423	1	5
558.593	1	12
558.763	1	-1
558.933	1	13
559.103	1	8
559.273	1	15
559.443	1	2
559.613	1	8
559.783	1	7
559.953	1	1
560.122	1	16
560.292	1	7
560.462	1	6
560.632	1	5
560.802	1	14
560.972	1	12
561.142	1	16
561.312	1	-2
561.482	1	8
561.652	1	7
561.822	1	2
561.992	1	-4
562.162	1	3
562.331	1	7
562.501	1	6
562.671	1	11
562.841	1	5
563.011	1	6
563.181	1	6
563.351	1	-7
563.521	1	1
563.691	1	2
563.861	1	11
564.031	1	11
564.201	1	20
564.370	1	3
564.540	1	9
564.710	1	-2
564.880	1	7
565.050	1	11
565.220	1	-6
565.390	1	19
565.560	1	7
565.730	1	12
565.900	1	4
566.069	1	11
566.239	1	8
566.409	1	15
566.579	1	12
566.749	1	5
566.919	1	11
567.089	1	7
567.259	1	10
567.429	1	1
567.599	1	2
567.768	1	4
567.938	1	9
568.108	1	7
568.278	1	5
568.448	1	-4
568.618	1	7
568.788	1	4
568.958	1	0
569.128	1	11
569.297	1	8
569.467	1	-5
569.637	1	13
569.807	1	6
569.977	1	14
570.147	1	8
570.317	1	6
570.487	1	6
570.656	1	7
570.826	1	0
570.996	1	10
571.166	1	16
571.336	1	1
571.506	1	8
571.676	1	8
571.846	1	5
572.015	1	5
572.185	1	3
572.355	1	7
572.525	1	3
572.695	1	2
572.865	1	1
573.035	1	3
573.205	1	0
573.374	1	-2
573.544	1	-3
573.714	1	15
573.884	1	5
574.054	1	4
574.224	1	3
574.394	1	3
574.563	1	2
574.733	1	9
574.903	1	-1
575.073	1	5
575.243	1	-2
575.413	1	7
575.583	1	-8
575.752	1	15
575.922	1	1
576.092	1	5
576.262	1	-1
576.432	1	11
576.602	1	2
576.772	1	19
576.941	1	2
577.111	1	15
577.281	1	-7
577.451	1	2
577.621	1	7
577.791	1	15
577.960	1	6
578.130	1	7
578.300	1	10
578.470	1	11
578.640	1	-2
578.810	1	5
578.979	1	7
579.149	1	0
579.319	1	3
579.489	1	-3
579.659	1	2
579.829	1	10
579.998	1	10
580.168	1	15
580.338	1	11
580.508	1	6
580.678	1	7
580.848	1	11
581.017	1	9
581.187	1	-5
581.357	1	-4
581.527	1	11
581.697	1	3
581.867	1	9
582.036	1	8
582.206	1	7
582.376	1	11
582.546	1	5
582.716	1	0
582.885	1	4
583.055	1	2
583.225	1	-2
583.395	1	5
583.565	1	-1
583.735	1	5
583.904	1	10
584.074	1	6
584.244	1	9
584.414	1	5
584.584	1	8
584.753	1	-2
584.923	1	8
585.093	1	2
585.263	1	12
585.433	1	5
585.602	1	3
585.772	1	-8
585.942	1	12
586.112	1	10
586.282	1	2
586.451	1	8
586.621	1	-2
586.791	1	1
586.961	1	6
587.131	1	8
587.300	1	5
587.470	1	20
587.640	1	9
587.810	1	0
587.980	1	3
588.149	1	6
588.319	1	7
588.489	1	7
588.659	1	2
588.829	1	9
588.998	1	12
589.168	1	13
589.338	1	7
589.508	1	10
589.677	1	-5
589.847	1	-4
590.017	1	18
590.187	1	3
590.357	1	9
590.526	1	13
590.696	1	6
590.866	1	11
591.036	1	-7
591.205	1	15
591.375	1	-7
591.545	1	5
591.715	1	11
591.885	1	13
592.054	1	3
592.224	1	2
592.394	1	4
592.564	1	3
592.733	1	10
592.903	1	4
593.073	1	11
593.243	1	6
593.412	1	16
593.582	1	3
593.752	1	11
593.922	1	3
594.091	1	7
594.261	1	2
594.431	1	-4
594.601	1	9
594.771	1	9
594.940	1	2
595.110	1	-4
595.280	1	14
595.450	1	1
595.619	1	1
595.789	1	1
595.959	1	9
596.129	1	4
596.298	1	0
596.468	1	-2
596.638	1	13
596.808	1	4
596.977	1	1
597.147	1	3
597.317	1	0
597.487	1	6
597.656	1	5
597.826	1	6
597.996	1	-1
598.166	1	5
598.335	1	8
598.505	1	15
598.675	1	-1
598.844	1	5
599.014	1	5
599.184	1	6
599.354	1	-9
599.523	1	17
599.693	1	0
599.863	1	9
600.033	1	5
600.202	1	7
600.372	1	13
600.542	1	17
600.712	1	-6
600.881	1	-2
601.051	1	14
601.221	1	8
601.390	1	3
601.560	1	8
601.730	1	9
601.900	1	6
602.069	1	16
602.239	1	-2
602.409	1	4
602.578	1	11
602.748	1	5
602.918	1	5
603.088	1	3
603.257	1	8
603.427	1	4
603.597	1	4
603.767	1	7
603.936	1	9
604.106	1	13
604.276	1	3
604.445	1	13
604.615	1	3
604.785	1	2
604.954	1	3
605.124	1	12
605.294	1	4
605.464	1	-4
605.633	1	11
605.803	1	18
605.973	1	7
606.142	1	7
606.312	1	16
606.482	1	8
606.652	1	10
606.821	1	5
606.991	1	8
607.161	1	6
607.330	1	9
607.500	1	14
607.670	1	2
607.839	1	12
608.009	1	4
608.179	1	11
608.348	1	0
608.518	1	2
608.688	1	10
608.858	1	3
609.027	1	-6
609.197	1	10
609.367	1	15
609.536	1	13
609.706	1	9
609.876	1	5
610.045	1	11
610.215	1	10
610.385	1	7
610.554	1	6
610.724	1	19
610.894	1	9
611.063	1	7
611.233	1	4
611.403	1	11
611.572	1	4
611.742	1	9
611.912	1	3
612.081	1	7
612.251	1	14
612.421	1	11
612.590	1	9
612.760	1	7
612.930	1	2
613.099	1	13
613.269	1	10
613.439	1	9
613.608	1	4
613.778	1	4
613.948	1	10
614.117	1	10
614.287	1	19
614.457	1	8
614.626	1	10
614.796	1	9
614.966	1	10
615.135	1	-6
615.305	1	11
615.475	1	-3
615.644	1	4
615.814	1	4
615.984	1	2
616.153	1	3
616.323	1	5
616.493	1	-1
616.662	1	8
616.832	1	7
617.002	1	6
617.171	1	7
617.341	1	12
617.511	1	-3
617.680	1	-2
617.850	1	14
618.019	1	9
618.189	1	20
618.359	1	12
618.528	1	10
618.698	1	8
618.868	1	0
619.037	1	6
619.207	1	1
619.377	1	8
619.546	1	7
619.716	1	15
619.885	1	-1
620.055	1	6
620.225	1	9
620.394	1	4
620.564	1	20
620.734	1	15
620.903	1	3
621.073	1	14
621.242	1	11
621.412	1	5
621.582	1	5
621.751	1	14
621.921	1	12
622.091	1	3
622.260	1	1
622.430	1	18
622.599	1	1
622.769	1	18
622.939	1	7
623.108	1	7
623.278	1	3
623.448	1	12
623.617	1	-5
623.787	1	7
623.956	1	6
624.126	1	1
624.296	1	10
624.465	1	11
624.635	1	23
624.804	1	9
624.974	1	3
625.144	1	12
625.313	1	4
625.483	1	1
625.652	1	7
625.822	1	-1
625.992	1	7
626.161	1	21
626.331	1	10
626.501	1	9
626.670	1	2
626.840	1	3
627.009	1	7
627.179	1	5
627.348	1	13
627.518	1	7
627.688	1	13
627.857	1	16
628.027	1	0
628.196	1	12
628.366	1	7
628.536	1	13
628.705	1	11
628.875	1	10
629.044	1	-3
629.214	1	13
629.384	1	14
629.553	1	23
629.723	1	8
629.892	1	4
630.062	1	20
630.232	1	13
630.401	1	7
630.571	1	11
630.740	1	22
630.910	1	12
631.079	1	3
631.249	1	5
631.419	1	14
631.588	1	4
631.758	1	17
631.927	1	0
632.097	1	2
632.266	1	8
632.436	1	5
632.606	1	12
632.775	1	9
632.945	1	21
633.114	1	18
633.284	1	10
633.453	1	10
633.623	1	-4
633.793	1	14
633.962	1	4
634.132	1	10
634.301	1	12
634.471	1	6
634.640	1	10
634.810	1	5
634.979	1	12
635.149	1	16
635.319	1	8
635.488	1	9
635.658	1	4
635.827	1	2
635.997	1	4
636.166	1	12
636.336	1	7
636.505	1	20
636.675	1	2
636.845	1	17
637.014	1	11
637.184	1	14
637.353	1	11
637.523	1	11
637.692	1	15
637.862	1	15
638.031	1	11
638.201	1	13
638.370	1	-1
638.540	1	14
638.710	1	12
638.879	1	-3
639.049	1	15
639.218	1	6
639.388	1	13
639.557	1	6
639.727	1	9
639.896	1	8
640.066	1	10
640.235	1	5
640.405	1	18
640.574	1	10
640.744	1	7
640.914	1	1
641.083	1	8
641.253	1	8
641.422	1	11
641.592	1	16
641.761	1	12
641.931	1	6
642.100	1	25
642.270	1	4
642.439	1	10
642.609	1	23
642.778	1	13
642.948	1	3
643.117	1	18
643.287	1	21
643.456	1	3
643.626	1	17
643.795	1	4
643.965	1	17
644.134	1	3
644.304	1	12
644.473	1	16
644.643	1	13
644.812	1	4
644.982	1	7
645.151	1	9
645.321	1	1
645.490	1	19
645.660	1	11
645.829	1	11
645.999	1	8
646.168	1	12
646.338	1	10
646.507	1	15
646.677	1	17
646.846	1	15
647.016	1	5
647.185	1	21
647.355	1	1
647.524	1	24
647.694	1	17
647.863	1	14
648.033	1	9
648.202	1	15
648.372	1	14
648.541	1	12
648.711	1	14
648.880	1	9
649.050	1	7
649.219	1	18
649.389	1	13
649.558	1	8
649.728	1	14
649.897	1	13
650.067	1	16
650.236	1	16
650.406	1	17
650.575	1	11
650.745	1	12
650.914	1	13
651.084	1	2
651.253	1	5
651.423	1	14
651.592	1	11
651.762	1	7
651.931	1	19
652.101	1	6
652.270	1	23
652.440	1	12
652.609	1	5
652.778	1	8
652.948	1	12
653.117	1	9
653.287	1	6
653.456	1	8
653.626	1	24
653.795	1	9
653.965	1	20
654.134	1	16
654.304	1	5
654.473	1	21
654.643	1	12
654.812	1	8
654.982	1	10
655.151	1	6
655.320	1	17
655.490	1	10
655.659	1	22
655.829	1	16
655.998	1	13
656.168	1	8
656.337	1	14
656.507	1	8
656.676	1	17
656.846	1	9
657.015	1	18
657.184	1	16
657.354	1	16
657.523	1	14
657.693	1	20
657.862	1	0
658.032	1	20
658.201	1	11
658.371	1	17
658.540	1	6
658.709	1	4
658.879	1	11
659.048	1	3
659.218	1	11
659.387	1	13
659.557	1	11
659.726	1	11
659.895	1	10
660.065	1	-1
660.234	1	13
660.404	1	15
660.573	1	2
660.743	1	15
660.912	1	9
661.081	1	18
661.251	1	12
661.420	1	9
661.590	1	21
661.759	1	16
661.929	1	18
662.098	1	23
662.267	1	3
662.437	1	19
662.606	1	16
662.776	1	15
662.945	1	10
663.115	1	13
663.284	1	7
663.453	1	16
663.623	1	11
663.792	1	16
663.962	1	10
664.131	1	16
664.300	1	15
664.470	1	10
664.639	1	14
664.809	1	7
664.978	1	12
665.148	1	9
665.317	1	13
665.486	1	26
665.656	1	13
665.825	1	21
665.995	1	8
666.164	1	15
666.333	1	14
666.503	1	3
666.672	1	7
666.842	1	13
667.011	1	13
667.180	1	17
667.350	1	14
667.519	1	19
667.689	1	20
667.858	1	8
668.027	1	29
668.197	1	9
668.366	1	1
668.536	1	13
668.705	1	12
668.874	1	19
669.044	1	9
669.213	1	20
669.382	1	12
669.552	1	23
669.721	1	25
669.891	1	24
670.060	1	15
670.229	1	17
670.399	1	5
670.568	1	19
670.738	1	25
670.907	1	9
671.076	1	10
671.246	1	12
671.415	1	10
671.584	1	10
671.754	1	11
671.923	1	16
672.093	1	21
672.262	1	1
672.431	1	5
672.601	1	15
672.770	1	12
672.939	1	19
673.109	1	2
673.278	1	18
673.448	1	14
673.617	1	20
673.786	1	9
