325.333	1	-2
325.504	1	7
325.675	1	-8
325.846	1	-6
326.017	1	-1
326.188	1	5
326.359	1	-1
326.531	1	-6
326.702	1	-3
326.873	1	3
327.044	1	0
327.215	1	3
327.386	1	-4
327.557	1	0
327.728	1	-1
327.899	1	6
328.070	1	5
328.241	1	10
328.412	1	-12
328.583	1	4
328.754	1	-1
328.926	1	11
329.097	1	-11
329.268	1	3
329.439	1	2
329.610	1	7
329.781	1	-2
329.952	1	2
330.123	1	-2
330.294	1	-1
330.465	1	-2
330.636	1	3
330.807	1	-7
330.978	1	5
331.149	1	0
331.320	1	-3
331.492	1	0
331.663	1	4
331.834	1	12
332.005	1	2
332.176	1	5
332.347	1	-1
332.518	1	-4
332.689	1	4
332.860	1	11
333.031	1	9
333.202	1	-4
333.373	1	4
333.544	1	-3
333.715	1	0
333.886	1	-9
334.057	1	2
334.228	1	-4
334.399	1	3
334.570	1	6
334.741	1	5
334.912	1	9
335.084	1	17
335.255	1	1
335.426	1	-3
335.597	1	-1
335.768	1	-3
335.939	1	2
336.110	1	3
336.281	1	-1
336.452	1	-4
336.623	1	7
336.794	1	10
336.965	1	5
337.136	1	11
337.307	1	1
337.478	1	-2
337.649	1	-3
337.820	1	-4
337.991	1	-11
338.162	1	2
338.333	1	-4
338.504	1	-3
338.675	1	5
338.846	1	0
339.017	1	0
339.188	1	-4
339.359	1	-7
339.530	1	-10
339.701	1	1
339.872	1	4
340.043	1	3
340.214	1	-3
340.385	1	8
340.556	1	-8
340.727	1	-1
340.898	1	0
341.069	1	0
341.240	1	-1
341.411	1	0
341.582	1	1
341.753	1	-9
341.924	1	0
342.095	1	-1
342.266	1	19
342.437	1	6
342.608	1	-7
342.779	1	-2
342.950	1	0
343.121	1	6
343.292	1	-8
343.463	1	17
343.634	1	-2
343.805	1	9
343.976	1	2
344.147	1	-6
344.318	1	-3
344.489	1	-6
344.660	1	6
344.831	1	-6
345.002	1	-10
345.173	1	12
345.344	1	-5
345.515	1	8
345.686	1	-4
345.857	1	8
346.028	1	-2
346.199	1	-4
346.370	1	-5
346.541	1	1
346.712	1	-5
346.883	1	-3
347.054	1	-2
347.225	1	-4
347.396	1	-3
347.567	1	-1
347.738	1	-11
347.909	1	15
348.080	1	-5
348.251	1	14
348.422	1	9
348.593	1	0
348.764	1	1
348.935	1	-6
349.106	1	-3
349.277	1	7
349.448	1	5
349.619	1	3
349.790	1	-4
349.961	1	7
350.132	1	1
350.303	1	-6
350.474	1	9
350.645	1	4
350.816	1	4
350.987	1	8
351.157	1	-7
351.328	1	0
351.499	1	12
351.670	1	-3
351.841	1	8
352.012	1	10
352.183	1	16
352.354	1	7
352.525	1	3
352.696	1	4
352.867	1	5
353.038	1	8
353.209	1	7
353.380	1	1
353.551	1	-8
353.722	1	-1
353.893	1	-5
354.064	1	4
354.235	1	3
354.406	1	1
354.576	1	-3
354.747	1	3
354.918	1	2
355.089	1	4
355.260	1	10
355.431	1	10
355.602	1	1
355.773	1	7
355.944	1	-2
356.115	1	5
356.286	1	6
356.457	1	1
356.628	1	-1
356.799	1	2
356.970	1	11
357.141	1	-3
357.311	1	-5
357.482	1	-1
357.653	1	-1
357.824	1	9
357.995	1	4
358.166	1	-12
358.337	1	-1
358.508	1	1
358.679	1	-2
358.850	1	4
359.021	1	-8
359.192	1	10
359.363	1	2
359.533	1	3
359.704	1	2
359.875	1	-6
360.046	1	-5
360.217	1	-12
360.388	1	1
360.559	1	-1
360.730	1	5
360.901	1	6
361.072	1	15
361.243	1	10
361.414	1	4
361.584	1	-7
361.755	1	2
361.926	1	-7
362.097	1	-4
362.268	1	4
362.439	1	-5
362.610	1	7
362.781	1	1
362.952	1	0
363.123	1	7
363.293	1	-7
363.464	1	4
363.635	1	2
363.806	1	4
363.977	1	2
364.148	1	0
364.319	1	0
364.490	1	1
364.661	1	7
364.832	1	-2
365.002	1	12
365.173	1	10
365.344	1	5
365.515	1	-3
365.686	1	1
365.857	1	11
366.028	1	7
366.199	1	-1
366.370	1	4
366.540	1	-3
366.711	1	-17
366.882	1	-12
367.053	1	-14
367.224	1	15
367.395	1	-4
367.566	1	5
367.737	1	6
367.908	1	-1
368.078	1	3
368.249	1	4
368.420	1	-5
368.591	1	-2
368.762	1	3
368.933	1	-5
369.104	1	-8
369.274	1	4
369.445	1	-5
369.616	1	5
369.787	1	-3
369.958	1	8
370.129	1	-16
370.300	1	-2
370.471	1	5
370.641	1	4
370.812	1	7
370.983	1	1
371.154	1	3
371.325	1	6
371.496	1	5
371.667	1	2
371.837	1	0
372.008	1	-8
372.179	1	-3
372.350	1	8
372.521	1	0
372.692	1	2
372.863	1	3
373.033	1	-14
373.204	1	-1
373.375	1	0
373.546	1	1
373.717	1	6
373.888	1	4
374.059	1	5
374.229	1	3
374.400	1	4
374.571	1	2
374.742	1	4
374.913	1	6
375.084	1	1
375.254	1	5
375.425	1	3
375.596	1	0
375.767	1	1
375.938	1	14
376.109	1	1
376.279	1	0
376.450	1	9
376.621	1	9
376.792	1	-3
376.963	1	5
377.134	1	13
377.304	1	2
377.475	1	-1
377.646	1	-1
377.817	1	1
377.988	1	-1
378.159	1	0
378.329	1	12
378.500	1	1
378.671	1	3
378.842	1	-3
379.013	1	-6
379.184	1	-3
379.354	1	12
379.525	1	0
379.696	1	4
379.867	1	10
380.038	1	-2
380.209	1	12
380.379	1	-5
380.550	1	-2
380.721	1	-1
380.892	1	13
381.063	1	4
381.233	1	0
381.404	1	7
381.575	1	8
381.746	1	-1
381.917	1	-1
382.087	1	2
382.258	1	-8
382.429	1	0
382.600	1	15
382.771	1	-6
382.941	1	2
383.112	1	-1
383.283	1	6
383.454	1	-2
383.625	1	-2
383.795	1	-10
383.966	1	-2
384.137	1	2
384.308	1	13
384.479	1	6
384.649	1	7
384.820	1	-1
384.991	1	3
385.162	1	6
385.333	1	-3
385.503	1	-1
385.674	1	-11
385.845	1	13
386.016	1	1
386.187	1	4
386.357	1	3
386.528	1	3
386.699	1	-8
386.870	1	8
387.041	1	12
387.211	1	-1
387.382	1	7
387.553	1	2
387.724	1	-3
387.894	1	4
388.065	1	2
388.236	1	3
388.407	1	-5
388.578	1	-5
388.748	1	-1
388.919	1	12
389.090	1	1
389.261	1	-2
389.431	1	9
389.602	1	8
389.773	1	0
389.944	1	6
390.114	1	3
390.285	1	2
390.456	1	-8
390.627	1	6
390.798	1	6
390.968	1	-1
391.139	1	3
391.310	1	-8
391.481	1	2
391.651	1	2
391.822	1	-9
391.993	1	-3
392.164	1	-2
392.334	1	-10
392.505	1	-5
392.676	1	3
392.847	1	9
393.017	1	11
393.188	1	5
393.359	1	-8
393.530	1	6
393.700	1	1
393.871	1	2
394.042	1	-6
394.213	1	-2
394.383	1	6
394.554	1	-4
394.725	1	2
394.896	1	1
395.066	1	3
395.237	1	-10
395.408	1	-7
395.579	1	-3
395.749	1	1
395.920	1	0
396.091	1	3
396.262	1	4
396.432	1	-6
396.603	1	10
396.774	1	2
396.945	1	2
397.115	1	5
397.286	1	-2
397.457	1	-4
397.627	1	-2
397.798	1	5
397.969	1	1
398.140	1	-6
398.310	1	-2
398.481	1	3
398.652	1	2
398.823	1	-7
398.993	1	3
399.164	1	-1
399.335	1	10
399.505	1	2
399.676	1	-1
399.847	1	-1
400.018	1	5
400.188	1	-5
400.359	1	5
400.530	1	1
400.700	1	-2
400.871	1	-4
401.042	1	0
401.213	1	4
401.383	1	-1
401.554	1	4
401.725	1	13
401.895	1	-12
402.066	1	13
402.237	1	8
402.408	1	5
402.578	1	1
402.749	1	9
402.920	1	3
403.090	1	6
403.261	1	-11
403.432	1	-1
403.603	1	10
403.773	1	4
403.944	1	5
404.115	1	13
404.285	1	10
404.456	1	5
404.627	1	-6
404.797	1	-16
404.968	1	-2
405.139	1	-5
405.310	1	6
405.480	1	2
405.651	1	1
405.822	1	1
405.992	1	-7
406.163	1	0
406.334	1	-12
406.504	1	4
406.675	1	7
406.846	1	-1
407.016	1	9
407.187	1	3
407.358	1	-1
407.528	1	-3
407.699	1	-7
407.870	1	-6
408.041	1	5
408.211	1	14
408.382	1	-12
408.553	1	-2
408.723	1	-1
408.894	1	3
409.065	1	7
409.235	1	-4
409.406	1	-7
409.577	1	-6
409.747	1	12
409.918	1	-4
410.089	1	3
410.259	1	-1
410.430	1	-7
410.601	1	-7
410.771	1	2
410.942	1	10
411.113	1	9
411.283	1	-2
411.454	1	5
411.625	1	-3
411.795	1	-5
411.966	1	-1
412.137	1	5
412.307	1	-6
412.478	1	-6
412.649	1	-1
412.819	1	1
412.990	1	-3
413.161	1	1
413.331	1	-3
413.502	1	11
413.672	1	-1
413.843	1	-6
414.014	1	2
414.184	1	13
414.355	1	3
414.526	1	4
414.696	1	11
414.867	1	5
415.038	1	-18
415.208	1	6
415.379	1	11
415.550	1	7
415.720	1	6
415.891	1	2
416.062	1	-3
416.232	1	3
416.403	1	1
416.573	1	5
416.744	1	-4
416.915	1	6
417.085	1	6
417.256	1	-3
417.427	1	0
417.597	1	-7
417.768	1	0
417.939	1	3
418.109	1	1
418.280	1	7
418.450	1	-2
418.621	1	-5
418.792	1	6
418.962	1	3
419.133	1	12
419.304	1	-5
419.474	1	-8
419.645	1	5
419.815	1	1
419.986	1	5
420.157	1	9
420.327	1	9
420.498	1	11
420.669	1	-7
420.839	1	13
421.010	1	0
421.180	1	4
421.351	1	3
421.522	1	0
421.692	1	6
421.863	1	3
422.033	1	10
422.204	1	10
422.375	1	-1
422.545	1	17
422.716	1	-3
422.886	1	-1
423.057	1	3
423.228	1	6
423.398	1	-4
423.569	1	10
423.740	1	-2
423.910	1	-6
424.081	1	-4
424.251	1	0
424.422	1	1
424.593	1	-3
424.763	1	2
424.934	1	-2
425.104	1	5
425.275	1	5
425.445	1	-1
425.616	1	1
425.787	1	2
425.957	1	8
426.128	1	1
426.298	1	10
426.469	1	-8
426.640	1	4
426.810	1	8
426.981	1	-2
427.151	1	2
427.322	1	8
427.493	1	7
427.663	1	6
427.834	1	0
428.004	1	6
428.175	1	3
428.345	1	-4
428.516	1	-8
428.687	1	4
428.857	1	-1
429.028	1	-12
429.198	1	4
429.369	1	6
429.540	1	3
429.710	1	-7
429.881	1	1
430.051	1	0
430.222	1	10
430.392	1	-3
430.563	1	11
430.734	1	3
430.904	1	3
431.075	1	2
431.245	1	-11
431.416	1	8
431.586	1	-4
431.757	1	0
431.927	1	6
432.098	1	5
432.269	1	2
432.439	1	0
432.610	1	-8
432.780	1	4
432.951	1	-4
433.121	1	0
433.292	1	-2
433.462	1	4
433.633	1	1
433.804	1	4
433.974	1	0
434.145	1	12
434.315	1	-4
434.486	1	-5
434.656	1	4
434.827	1	-3
434.997	1	-5
435.168	1	10
435.339	1	8
435.509	1	1
435.680	1	-1
435.850	1	-5
436.021	1	-10
436.191	1	2
436.362	1	0
436.532	1	7
436.703	1	1
436.873	1	9
437.044	1	-11
437.214	1	-5
437.385	1	-11
437.556	1	-2
437.726	1	13
437.897	1	10
438.067	1	-9
438.238	1	9
438.408	1	10
438.579	1	0
438.749	1	-4
438.920	1	-2
439.090	1	3
439.261	1	5
439.431	1	1
439.602	1	6
439.772	1	-4
439.943	1	6
440.113	1	13
440.284	1	4
440.455	1	-5
440.625	1	-1
440.796	1	6
440.966	1	-3
441.137	1	-5
441.307	1	6
441.478	1	14
441.648	1	8
441.819	1	9
441.989	1	12
442.160	1	11
442.330	1	3
442.501	1	-3
442.671	1	-3
442.842	1	-15
443.012	1	-4
443.183	1	3
443.353	1	-14
443.524	1	3
443.694	1	6
443.865	1	-5
444.035	1	5
444.206	1	6
444.376	1	-14
444.547	1	12
444.717	1	4
444.888	1	-4
445.058	1	9
445.229	1	7
445.399	1	8
445.570	1	1
445.740	1	-1
445.911	1	4
446.081	1	-11
446.252	1	11
446.422	1	-2
446.593	1	-10
446.763	1	7
446.934	1	-7
447.104	1	-3
447.275	1	-6
447.445	1	4
447.616	1	3
447.786	1	0
447.957	1	10
448.127	1	1
448.298	1	10
448.468	1	-1
448.639	1	2
448.809	1	-4
448.979	1	4
449.150	1	2
449.320	1	-2
449.491	1	4
449.661	1	-4
449.832	1	4
450.002	1	8
450.173	1	-1
450.343	1	-9
450.514	1	4
450.684	1	0
450.855	1	1
451.025	1	0
451.196	1	6
451.366	1	3
451.537	1	0
451.707	1	-16
451.878	1	2
452.048	1	0
452.218	1	5
452.389	1	10
452.559	1	0
452.730	1	7
452.900	1	6
453.071	1	-9
453.241	1	8
453.412	1	-2
453.582	1	-5
453.753	1	6
453.923	1	3
454.093	1	0
454.264	1	12
454.434	1	0
454.605	1	0
454.775	1	8
454.946	1	5
455.116	1	5
455.287	1	-7
455.457	1	-3
455.628	1	7
455.798	1	11
455.968	1	4
456.139	1	-2
456.309	1	3
456.480	1	2
456.650	1	-1
456.821	1	2
456.991	1	-1
457.161	1	6
457.332	1	7
457.502	1	-9
457.673	1	13
457.843	1	8
458.014	1	-2
458.184	1	0
458.355	1	-2
458.525	1	10
458.695	1	3
458.866	1	-3
459.036	1	-1
459.207	1	2
459.377	1	-3
459.548	1	9
459.718	1	-3
459.888	1	9
460.059	1	11
460.229	1	6
460.400	1	7
460.570	1	-1
460.740	1	4
460.911	1	2
461.081	1	-3
461.252	1	2
461.422	1	3
461.593	1	-12
461.763	1	11
461.933	1	-2
462.104	1	-5
462.274	1	8
462.445	1	3
462.615	1	-4
462.785	1	-5
462.956	1	0
463.126	1	8
463.297	1	-3
463.467	1	-2
463.638	1	4
463.808	1	-3
463.978	1	1
464.149	1	2
464.319	1	-7
464.490	1	15
464.660	1	2
464.830	1	-8
465.001	1	8
465.171	1	5
465.342	1	0
465.512	1	2
465.682	1	3
465.853	1	0
466.023	1	2
466.194	1	-6
466.364	1	4
466.534	1	6
466.705	1	7
466.875	1	3
467.045	1	0
467.216	1	10
467.386	1	-8
467.557	1	6
467.727	1	-6
467.897	1	-8
468.068	1	-6
468.238	1	4
468.409	1	1
468.579	1	1
468.749	1	5
468.920	1	-5
469.090	1	3
469.260	1	0
469.431	1	5
469.601	1	-1
469.772	1	-1
469.942	1	-4
470.112	1	4
470.283	1	14
470.453	1	-1
470.623	1	0
470.794	1	-3
470.964	1	-6
471.135	1	12
471.305	1	-13
471.475	1	4
471.646	1	-8
471.816	1	-5
471.986	1	-4
472.157	1	8
472.327	1	-7
472.497	1	5
472.668	1	-5
472.838	1	1
473.009	1	5
473.179	1	-4
473.349	1	-12
473.520	1	8
473.690	1	6
473.860	1	3
474.031	1	-1
474.201	1	-7
474.371	1	10
474.542	1	10
474.712	1	5
474.882	1	4
475.053	1	13
475.223	1	-3
475.394	1	5
475.564	1	3
475.734	1	18
475.905	1	18
476.075	1	-6
476.245	1	4
476.416	1	9
476.586	1	6
476.756	1	-11
476.927	1	5
477.097	1	1
477.267	1	-6
477.438	1	7
477.608	1	1
477.778	1	3
477.949	1	2
478.119	1	5
478.289	1	10
478.460	1	13
478.630	1	6
478.800	1	2
478.971	1	5
479.141	1	-12
479.311	1	-2
479.482	1	5
479.652	1	-6
479.822	1	3
479.993	1	6
480.163	1	11
480.333	1	2
480.504	1	1
480.674	1	-1
480.844	1	-2
481.015	1	2
481.185	1	0
481.355	1	-5
481.525	1	1
481.696	1	9
481.866	1	6
482.036	1	0
482.207	1	5
482.377	1	0
482.547	1	10
482.718	1	-6
482.888	1	-1
483.058	1	2
483.229	1	-4
483.399	1	1
483.569	1	7
483.740	1	5
483.910	1	0
484.080	1	0
484.250	1	3
484.421	1	7
484.591	1	-3
484.761	1	6
484.932	1	8
485.102	1	5
485.272	1	1
485.443	1	11
485.613	1	0
485.783	1	3
485.953	1	-1
486.124	1	12
486.294	1	6
486.464	1	3
486.635	1	6
486.805	1	11
486.975	1	3
487.146	1	1
487.316	1	-1
487.486	1	8
487.656	1	-5
487.827	1	-2
487.997	1	-5
488.167	1	11
488.338	1	10
488.508	1	-4
488.678	1	-3
488.848	1	5
489.019	1	-3
489.189	1	1
489.359	1	1
489.529	1	0
489.700	1	3
489.870	1	10
490.040	1	-1
490.211	1	-5
490.381	1	14
490.551	1	8
490.721	1	11
490.892	1	4
491.062	1	5
491.232	1	5
491.402	1	-8
491.573	1	-18
491.743	1	3
491.913	1	-2
492.084	1	6
492.254	1	-2
492.424	1	-4
492.594	1	7
492.765	1	9
492.935	1	3
493.105	1	6
493.275	1	0
493.446	1	-1
493.616	1	15
493.786	1	5
493.956	1	-3
494.127	1	-4
494.297	1	-3
494.467	1	1
494.637	1	-7
494.808	1	-4
494.978	1	-3
495.148	1	-3
495.318	1	5
495.489	1	7
495.659	1	5
495.829	1	-2
495.999	1	-5
496.170	1	1
496.340	1	7
496.510	1	7
496.680	1	-2
496.851	1	-4
497.021	1	-1
497.191	1	-10
497.361	1	2
497.532	1	-7
497.702	1	1
497.872	1	-6
498.042	1	9
498.213	1	0
498.383	1	-4
498.553	1	-10
498.723	1	6
498.894	1	-5
499.064	1	1
499.234	1	2
499.404	1	-5
499.574	1	8
499.745	1	15
499.915	1	-5
500.085	1	5
500.255	1	5
500.426	1	-12
500.596	1	6
500.766	1	7
500.936	1	-1
501.106	1	-7
501.277	1	4
501.447	1	-2
501.617	1	4
501.787	1	-2
501.958	1	-2
502.128	1	0
502.298	1	1
502.468	1	-5
502.638	1	3
502.809	1	5
502.979	1	-7
503.149	1	-1
503.319	1	-10
503.489	1	2
503.660	1	8
503.830	1	2
504.000	1	6
504.170	1	-1
504.340	1	0
504.511	1	7
504.681	1	-6
504.851	1	7
505.021	1	0
505.192	1	-4
505.362	1	15
505.532	1	0
505.702	1	-4
505.872	1	4
506.043	1	-10
506.213	1	2
506.383	1	7
506.553	1	2
506.723	1	3
506.893	1	0
507.064	1	-3
507.234	1	3
507.404	1	-11
507.574	1	-5
507.744	1	0
507.915	1	-2
508.085	1	2
508.255	1	8
508.425	1	-10
508.595	1	13
508.766	1	3
508.936	1	-9
509.106	1	8
509.276	1	7
509.446	1	-4
509.616	1	-3
509.787	1	-2
509.957	1	1
510.127	1	5
510.297	1	-1
510.467	1	-2
510.638	1	-3
510.808	1	-5
510.978	1	-3
511.148	1	10
511.318	1	7
511.488	1	-14
511.659	1	1
511.829	1	-10
511.999	1	-5
512.169	1	2
512.339	1	-7
512.509	1	-6
512.680	1	-5
512.850	1	5
513.020	1	4
513.190	1	3
513.360	1	-3
513.530	1	-3
513.700	1	0
513.871	1	0
514.041	1	-6
514.211	1	12
514.381	1	0
514.551	1	-2
514.721	1	-5
514.892	1	4
515.062	1	-8
515.232	1	8
515.402	1	-4
515.572	1	-4
515.742	1	-3
515.912	1	4
516.083	1	-3
516.253	1	8
516.423	1	1
516.593	1	5
516.763	1	8
516.933	1	-9
517.104	1	-2
517.274	1	3
517.444	1	8
517.614	1	-1
517.784	1	-2
517.954	1	-2
518.124	1	6
518.294	1	-5
518.465	1	-6
518.635	1	0
518.805	1	-16
518.975	1	-3
519.145	1	-2
519.315	1	0
519.485	1	-10
519.656	1	6
519.826	1	8
519.996	1	-4
520.166	1	2
520.336	1	6
520.506	1	-2
520.676	1	-5
520.846	1	9
521.017	1	2
521.187	1	0
521.357	1	12
521.527	1	1
521.697	1	4
521.867	1	-8
522.037	1	9
522.207	1	3
522.377	1	-4
522.548	1	8
522.718	1	-1
522.888	1	13
523.058	1	-6
523.228	1	2
523.398	1	3
523.568	1	6
523.738	1	2
523.909	1	9
524.079	1	8
524.249	1	0
524.419	1	-3
524.589	1	-5
524.759	1	-1
524.929	1	5
525.099	1	-3
525.269	1	6
525.439	1	4
525.610	1	12
525.780	1	-5
525.950	1	7
526.120	1	3
526.290	1	0
526.460	1	-6
526.630	1	7
526.800	1	-5
526.970	1	-2
527.140	1	3
527.311	1	-6
527.481	1	0
527.651	1	8
527.821	1	-7
527.991	1	5
528.161	1	13
528.331	1	2
528.501	1	-8
528.671	1	-3
528.841	1	5
529.011	1	1
529.181	1	5
529.352	1	-2
529.522	1	-6
529.692	1	4
529.862	1	-10
530.032	1	4
530.202	1	5
530.372	1	-2
530.542	1	2
530.712	1	5
530.882	1	4
531.052	1	3
531.222	1	1
531.392	1	5
531.563	1	6
531.733	1	-6
531.903	1	-3
532.073	1	6
532.243	1	-2
532.413	1	3
532.583	1	-1
532.753	1	3
532.923	1	-3
533.093	1	-11
533.263	1	-2
533.433	1	-2
533.603	1	-3
533.773	1	2
533.943	1	0
534.113	1	2
534.284	1	3
534.454	1	10
534.624	1	2
534.794	1	-13
534.964	1	-5
535.134	1	-8
535.304	1	-4
535.474	1	2
535.644	1	-12
535.814	1	-3
535.984	1	-4
536.154	1	-6
536.324	1	-3
536.494	1	8
536.664	1	5
536.834	1	3
537.004	1	-4
537.174	1	2
537.344	1	6
537.514	1	-8
537.685	1	-1
537.855	1	6
538.025	1	4
538.195	1	-2
538.365	1	6
538.535	1	-9
538.705	1	3
538.875	1	5
539.045	1	2
539.215	1	1
539.385	1	1
539.555	1	5
539.725	1	7
539.895	1	-5
540.065	1	6
540.235	1	10
540.405	1	-7
540.575	1	-1
540.745	1	3
540.915	1	13
541.085	1	1
541.255	1	-2
541.425	1	1
541.595	1	1
541.765	1	-3
541.935	1	-6
542.105	1	-12
542.275	1	-4
542.445	1	-11
542.615	1	3
542.785	1	6
542.955	1	-3
543.125	1	-4
543.295	1	-2
543.465	1	4
543.635	1	-4
543.805	1	12
543.975	1	3
544.145	1	7
544.315	1	8
544.485	1	4
544.655	1	-3
544.825	1	-6
544.995	1	-4
545.165	1	-8
545.335	1	-1
545.505	1	-7
545.675	1	10
545.845	1	2
546.015	1	10
546.185	1	5
546.355	1	0
546.525	1	5
546.695	1	-1
546.865	1	2
547.035	1	1
547.205	1	-4
547.375	1	4
547.545	1	0
547.715	1	-5
547.885	1	1
548.055	1	4
548.225	1	10
548.395	1	-2
548.565	1	3
548.735	1	-3
548.905	1	1
549.075	1	14
549.245	1	-4
549.415	1	-8
549.585	1	1
549.755	1	0
549.925	1	-13
550.095	1	12
550.265	1	-6
550.435	1	-3
550.605	1	-6
550.775	1	6
550.945	1	10
551.115	1	2
551.285	1	-1
551.455	1	-5
551.625	1	7
551.795	1	5
551.965	1	6
552.135	1	-5
552.305	1	-4
552.475	1	2
552.645	1	-4
552.815	1	9
552.985	1	6
553.155	1	3
553.325	1	-2
553.495	1	-2
553.665	1	-3
553.835	1	3
554.004	1	5
554.174	1	5
554.344	1	11
554.514	1	4
554.684	1	2
554.854	1	3
555.024	1	-8
555.194	1	0
555.364	1	9
555.534	1	4
555.704	1	-2
555.874	1	3
556.044	1	10
556.214	1	2
556.384	1	-6
556.554	1	6
556.724	1	7
556.894	1	-3
557.064	1	2
557.234	1	5
557.404	1	12
557.573	1	2
557.743	1	5
557.913	1	-2
558.083	1	-8
558.253	1	-3
558.423	1	-3
558.593	1	4
558.763	1	-10
558.933	1	1
559.103	1	19
559.273	1	-8
559.443	1	-1
559.613	1	-2
559.783	1	-8
559.953	1	1
560.122	1	9
560.292	1	4
560.462	1	2
560.632	1	2
560.802	1	-4
560.972	1	6
561.142	1	13
561.312	1	-10
561.482	1	7
561.652	1	-2
561.822	1	-9
561.992	1	2
562.162	1	-5
562.331	1	-3
562.501	1	-10
562.671	1	-1
562.841	1	-8
563.011	1	7
563.181	1	2
563.351	1	-4
563.521	1	5
563.691	1	-9
563.861	1	-4
564.031	1	6
564.201	1	11
564.370	1	-6
564.540	1	5
564.710	1	-9
564.880	1	5
565.050	1	5
565.220	1	-9
565.390	1	6
565.560	1	7
565.730	1	-6
565.900	1	9
566.069	1	8
566.239	1	8
566.409	1	-9
566.579	1	-1
566.749	1	-2
566.919	1	4
567.089	1	-1
567.259	1	12
567.429	1	-3
567.599	1	-9
567.768	1	0
567.938	1	7
568.108	1	2
568.278	1	2
568.448	1	-8
568.618	1	-11
568.788	1	2
568.958	1	-1
569.128	1	-4
569.297	1	-12
569.467	1	4
569.637	1	9
569.807	1	1
569.977	1	2
570.147	1	12
570.317	1	-3
570.487	1	8
570.656	1	-2
570.826	1	3
570.996	1	-3
571.166	1	6
571.336	1	-4
571.506	1	5
571.676	1	1
571.846	1	11
572.015	1	2
572.185	1	-1
572.355	1	-4
572.525	1	-3
572.695	1	-1
572.865	1	-3
573.035	1	1
573.205	1	7
573.374	1	-9
573.544	1	7
573.714	1	5
573.884	1	3
574.054	1	2
574.224	1	12
574.394	1	1
574.563	1	-3
574.733	1	-3
574.903	1	-3
575.073	1	-2
575.243	1	-2
575.413	1	7
575.583	1	-4
575.752	1	-1
575.922	1	3
576.092	1	4
576.262	1	2
576.432	1	0
576.602	1	-11
576.772	1	14
576.941	1	2
577.111	1	-7
577.281	1	-11
577.451	1	5
577.621	1	1
577.791	1	9
577.960	1	-10
578.130	1	9
578.300	1	-2
578.470	1	9
578.640	1	3
578.810	1	-1
578.979	1	3
579.149	1	-1
579.319	1	-11
579.489	1	6
579.659	1	-5
579.829	1	2
579.998	1	5
580.168	1	5
580.338	1	7
580.508	1	0
580.678	1	5
580.848	1	7
581.017	1	2
581.187	1	-3
581.357	1	-6
581.527	1	4
581.697	1	7
581.867	1	9
582.036	1	-5
582.206	1	2
582.376	1	3
582.546	1	-10
582.716	1	-6
582.885	1	-4
583.055	1	10
583.225	1	-5
583.395	1	5
583.565	1	-5
583.735	1	8
583.904	1	4
584.074	1	10
584.244	1	4
584.414	1	1
584.584	1	-3
584.753	1	-1
584.923	1	6
585.093	1	4
585.263	1	6
585.433	1	3
585.602	1	-9
585.772	1	1
585.942	1	-1
586.112	1	-3
586.282	1	-12
586.451	1	1
586.621	1	-2
586.791	1	-2
586.961	1	0
587.131	1	7
587.300	1	-4
587.470	1	10
587.640	1	13
587.810	1	-1
587.980	1	-6
588.149	1	-2
588.319	1	-3
588.489	1	1
588.659	1	0
588.829	1	-2
588.998	1	13
589.168	1	-5
589.338	1	-9
589.508	1	-1
589.677	1	-3
589.847	1	-6
590.017	1	14
590.187	1	-6
590.357	1	15
590.526	1	2
590.696	1	4
590.866	1	8
591.036	1	1
591.205	1	14
591.375	1	5
591.545	1	-7
591.715	1	9
591.885	1	1
592.054	1	-2
592.224	1	9
592.394	1	0
592.564	1	-5
592.733	1	0
592.903	1	3
593.073	1	1
593.243	1	0
593.412	1	2
593.582	1	-4
593.752	1	-5
593.922	1	-4
594.091	1	-2
594.261	1	0
594.431	1	-1
594.601	1	3
594.771	1	15
594.940	1	8
595.110	1	-8
595.280	1	7
595.450	1	1
595.619	1	-8
595.789	1	-3
595.959	1	6
596.129	1	-14
596.298	1	1
596.468	1	0
596.638	1	9
596.808	1	5
596.977	1	2
597.147	1	4
597.317	1	-7
597.487	1	10
597.656	1	2
597.826	1	12
597.996	1	-4
598.166	1	2
598.335	1	3
598.505	1	5
598.675	1	5
598.844	1	4
599.014	1	-8
599.184	1	-1
599.354	1	-15
599.523	1	10
599.693	1	-12
599.863	1	6
600.033	1	7
600.202	1	6
600.372	1	3
600.542	1	0
600.712	1	2
600.881	1	-5
601.051	1	12
601.221	1	8
601.390	1	-4
601.560	1	4
601.730	1	3
601.900	1	10
602.069	1	11
602.239	1	1
602.409	1	-8
602.578	1	-4
602.748	1	-4
602.918	1	6
603.088	1	3
603.257	1	-2
603.427	1	-7
603.597	1	3
603.767	1	0
603.936	1	10
604.106	1	2
604.276	1	4
604.445	1	10
604.615	1	0
604.785	1	-9
604.954	1	-3
605.124	1	4
605.294	1	-3
605.464	1	-5
605.633	1	3
605.803	1	2
605.973	1	4
606.142	1	1
606.312	1	4
606.482	1	-2
606.652	1	10
606.821	1	0
606.991	1	3
607.161	1	-3
607.330	1	-6
607.500	1	-4
607.670	1	-8
607.839	1	7
608.009	1	11
608.179	1	8
608.348	1	3
608.518	1	-7
608.688	1	4
608.858	1	1
609.027	1	-4
609.197	1	3
609.367	1	-2
609.536	1	4
609.706	1	-7
609.876	1	-8
610.045	1	7
610.215	1	-1
610.385	1	-3
610.554	1	4
610.724	1	1
610.894	1	4
611.063	1	10
611.233	1	-2
611.403	1	-7
611.572	1	-7
611.742	1	5
611.912	1	-4
612.081	1	2
612.251	1	7
612.421	1	6
612.590	1	1
612.760	1	-5
612.930	1	1
613.099	1	-3
613.269	1	2
613.439	1	3
613.608	1	-5
613.778	1	1
613.948	1	0
614.117	1	4
614.287	1	13
614.457	1	6
614.626	1	-2
614.796	1	2
614.966	1	0
615.135	1	-1
615.305	1	9
615.475	1	-1
615.644	1	9
615.814	1	8
615.984	1	0
616.153	1	-4
616.323	1	8
616.493	1	-8
616.662	1	10
616.832	1	-4
617.002	1	-10
617.171	1	-3
617.341	1	-1
617.511	1	-2
617.680	1	-5
617.850	1	8
618.019	1	7
618.189	1	18
618.359	1	7
618.528	1	10
618.698	1	-2
618.868	1	-2
619.037	1	0
619.207	1	-9
619.377	1	0
619.546	1	-2
619.716	1	-2
619.885	1	-4
620.055	1	-9
620.225	1	2
620.394	1	-10
620.564	1	5
620.734	1	-1
620.903	1	-5
621.073	1	9
621.242	1	0
621.412	1	4
621.582	1	4
621.751	1	6
621.921	1	5
622.091	1	-5
622.260	1	-2
622.430	1	4
622.599	1	4
622.769	1	4
622.939	1	-6
623.108	1	11
623.278	1	-15
623.448	1	-8
623.617	1	-5
623.787	1	-2
623.956	1	5
624.126	1	-5
624.296	1	-1
624.465	1	7
624.635	1	9
624.804	1	6
624.974	1	-1
625.144	1	4
625.313	1	-7
625.483	1	4
625.652	1	4
625.822	1	-5
625.992	1	3
626.161	1	7
626.331	1	1
626.501	1	-2
626.670	1	7
626.840	1	-8
627.009	1	-2
627.179	1	-3
627.348	1	-1
627.518	1	1
627.688	1	5
627.857	1	9
628.027	1	-6
628.196	1	-1
628.366	1	9
628.536	1	5
628.705	1	5
628.875	1	0
629.044	1	-5
629.214	1	14
629.384	1	18
629.553	1	10
629.723	1	-7
629.892	1	2
630.062	1	1
630.232	1	5
630.401	1	8
630.571	1	-2
630.740	1	1
630.910	1	-5
631.079	1	4
631.249	1	6
631.419	1	7
631.588	1	-15
631.758	1	3
631.927	1	-2
632.097	1	-4
632.266	1	0
632.436	1	2
632.606	1	-12
632.775	1	10
632.945	1	3
633.114	1	4
633.284	1	5
633.453	1	-2
633.623	1	-8
633.793	1	8
633.962	1	4
634.132	1	-2
634.301	1	3
634.471	1	12
634.640	1	-3
634.810	1	8
634.979	1	6
635.149	1	12
635.319	1	2
635.488	1	2
635.658	1	-4
635.827	1	-2
635.997	1	1
636.166	1	10
636.336	1	-7
636.505	1	9
636.675	1	-5
636.845	1	4
637.014	1	1
637.184	1	4
637.353	1	5
637.523	1	6
637.692	1	-1
637.862	1	6
638.031	1	12
638.201	1	2
638.370	1	-6
638.540	1	-4
638.710	1	-2
638.879	1	-10
639.049	1	5
639.218	1	7
639.388	1	-7
639.557	1	-2
639.727	1	1
639.896	1	-4
640.066	1	2
640.235	1	2
640.405	1	1
640.574	1	-2
640.744	1	-8
640.914	1	-4
641.083	1	4
641.253	1	-7
641.422	1	-3
641.592	1	8
641.761	1	0
641.931	1	-8
642.100	1	15
642.270	1	-2
642.439	1	-2
642.609	1	12
642.778	1	4
642.948	1	-5
643.117	1	10
643.287	1	3
643.456	1	-5
643.626	1	17
643.795	1	0
643.965	1	8
644.134	1	-4
644.304	1	0
644.473	1	7
644.643	1	8
644.812	1	3
644.982	1	4
645.151	1	8
645.321	1	-3
645.490	1	4
645.660	1	-3
645.829	1	-5
645.999	1	-3
646.168	1	3
646.338	1	9
646.507	1	-4
646.677	1	0
646.846	1	-13
647.016	1	-4
647.185	1	3
647.355	1	-12
647.524	1	4
647.694	1	13
647.863	1	10
648.033	1	-12
648.202	1	3
648.372	1	-1
648.541	1	-6
648.711	1	-3
648.880	1	-13
649.050	1	-10
649.219	1	8
649.389	1	9
649.558	1	1
649.728	1	3
649.897	1	-9
650.067	1	5
650.236	1	6
650.406	1	2
650.575	1	9
650.745	1	9
650.914	1	-2
651.084	1	-3
651.253	1	3
651.423	1	1
651.592	1	0
651.762	1	2
651.931	1	11
652.101	1	-3
652.270	1	6
652.440	1	15
652.609	1	-11
652.778	1	-4
652.948	1	1
653.117	1	3
653.287	1	-1
653.456	1	11
653.626	1	6
653.795	1	1
653.965	1	5
654.134	1	1
654.304	1	-9
654.473	1	7
654.643	1	9
654.812	1	2
654.982	1	6
655.151	1	-6
655.320	1	0
655.490	1	-2
655.659	1	-3
655.829	1	-3
655.998	1	-2
656.168	1	-5
656.337	1	1
656.507	1	-4
656.676	1	2
656.846	1	6
657.015	1	4
657.184	1	10
657.354	1	4
657.523	1	6
657.693	1	9
657.862	1	3
658.032	1	-7
658.201	1	-3
658.371	1	5
658.540	1	-2
658.709	1	4
658.879	1	3
659.048	1	-2
659.218	1	0
659.387	1	6
659.557	1	3
659.726	1	6
659.895	1	-2
660.065	1	-6
660.234	1	-1
660.404	1	1
660.573	1	-1
660.743	1	3
660.912	1	1
661.081	1	6
661.251	1	-13
661.420	1	2
661.590	1	6
661.759	1	2
661.929	1	4
662.098	1	6
662.267	1	-8
662.437	1	1
662.606	1	-5
662.776	1	1
662.945	1	6
663.115	1	-4
663.284	1	-5
663.453	1	1
663.623	1	-3
663.792	1	-7
663.962	1	-2
664.131	1	1
664.300	1	7
664.470	1	6
664.639	1	-5
664.809	1	3
664.978	1	3
665.148	1	-3
665.317	1	1
665.486	1	7
665.656	1	-3
665.825	1	6
665.995	1	-4
666.164	1	-2
666.333	1	2
666.503	1	-2
666.672	1	0
666.842	1	2
667.011	1	5
667.180	1	4
667.350	1	3
667.519	1	-1
667.689	1	6
667.858	1	-2
668.027	1	5
668.197	1	-5
668.366	1	-9
668.536	1	8
668.705	1	-1
668.874	1	2
669.044	1	-3
669.213	1	13
669.382	1	2
669.552	1	13
669.721	1	7
669.891	1	13
670.060	1	13
670.229	1	12
670.399	1	3
670.568	1	3
670.738	1	2
670.907	1	-12
671.076	1	-7
671.246	1	-4
671.415	1	1
671.584	1	8
671.754	1	-9
671.923	1	7
672.093	1	-2
672.262	1	-5
672.431	1	1
672.601	1	-4
672.770	1	-3
672.939	1	9
673.109	1	2
673.278	1	0
673.448	1	2
673.617	1	-1
673.786	1	1
