325.333	1	9
325.504	1	5
325.675	1	6
325.846	1	4
326.017	1	0
326.188	1	10
326.359	1	-1
326.531	1	-9
326.702	1	-2
326.873	1	11
327.044	1	2
327.215	1	1
327.386	1	2
327.557	1	0
327.728	1	9
327.899	1	7
328.070	1	15
328.241	1	0
328.412	1	-3
328.583	1	3
328.754	1	-4
328.926	1	12
329.097	1	-4
329.268	1	5
329.439	1	4
329.610	1	9
329.781	1	-3
329.952	1	16
330.123	1	-1
330.294	1	-3
330.465	1	7
330.636	1	13
330.807	1	1
330.978	1	0
331.149	1	7
331.320	1	5
331.492	1	6
331.663	1	-1
331.834	1	15
332.005	1	5
332.176	1	16
332.347	1	10
332.518	1	-6
332.689	1	9
332.860	1	6
333.031	1	3
333.202	1	14
333.373	1	10
333.544	1	2
333.715	1	9
333.886	1	-1
334.057	1	4
334.228	1	-8
334.399	1	1
334.570	1	7
334.741	1	2
334.912	1	14
335.084	1	13
335.255	1	15
335.426	1	7
335.597	1	7
335.768	1	3
335.939	1	17
336.110	1	9
336.281	1	-5
336.452	1	14
336.623	1	4
336.794	1	1
336.965	1	3
337.136	1	14
337.307	1	2
337.478	1	10
337.649	1	10
337.820	1	9
337.991	1	4
338.162	1	8
338.333	1	3
338.504	1	5
338.675	1	6
338.846	1	10
339.017	1	11
339.188	1	8
339.359	1	-10
339.530	1	13
339.701	1	13
339.872	1	20
340.043	1	1
340.214	1	3
340.385	1	17
340.556	1	6
340.727	1	19
340.898	1	23
341.069	1	3
341.240	1	1
341.411	1	16
341.582	1	5
341.753	1	-5
341.924	1	6
342.095	1	8
342.266	1	10
342.437	1	14
342.608	1	4
342.779	1	12
342.950	1	7
343.121	1	19
343.292	1	2
343.463	1	10
343.634	1	3
343.805	1	17
343.976	1	14
344.147	1	13
344.318	1	10
344.489	1	5
344.660	1	27
344.831	1	5
345.002	1	-6
345.173	1	9
345.344	1	16
345.515	1	16
345.686	1	0
345.857	1	7
346.028	1	12
346.199	1	0
346.370	1	0
346.541	1	1
346.712	1	2
346.883	1	8
347.054	1	5
347.225	1	5
347.396	1	13
347.567	1	20
347.738	1	5
347.909	1	12
348.080	1	13
348.251	1	18
348.422	1	11
348.593	1	11
348.764	1	15
348.935	1	8
349.106	1	-1
349.277	1	11
349.448	1	16
349.619	1	7
349.790	1	6
349.961	1	13
350.132	1	16
350.303	1	14
350.474	1	18
350.645	1	15
350.816	1	18
350.987	1	14
351.157	1	6
351.328	1	24
351.499	1	21
351.670	1	7
351.841	1	17
352.012	1	13
352.183	1	19
352.354	1	12
352.525	1	24
352.696	1	16
352.867	1	17
353.038	1	11
353.209	1	14
353.380	1	4
353.551	1	3
353.722	1	8
353.893	1	12
354.064	1	27
354.235	1	18
354.406	1	6
354.576	1	16
354.747	1	15
354.918	1	11
355.089	1	15
355.260	1	20
355.431	1	19
355.602	1	8
355.773	1	18
355.944	1	22
356.115	1	15
356.286	1	12
356.457	1	16
356.628	1	9
356.799	1	20
356.970	1	14
357.141	1	10
357.311	1	7
357.482	1	14
357.653	1	14
357.824	1	15
357.995	1	11
358.166	1	-1
358.337	1	22
358.508	1	21
358.679	1	20
358.850	1	8
359.021	1	6
359.192	1	17
359.363	1	16
359.533	1	15
359.704	1	22
359.875	1	12
360.046	1	17
360.217	1	10
360.388	1	12
360.559	1	16
360.730	1	13
360.901	1	24
361.072	1	26
361.243	1	18
361.414	1	14
361.584	1	20
361.755	1	21
361.926	1	12
362.097	1	12
362.268	1	25
362.439	1	10
362.610	1	20
362.781	1	9
362.952	1	14
363.123	1	14
363.293	1	6
363.464	1	20
363.635	1	28
363.806	1	7
363.977	1	15
364.148	1	9
364.319	1	13
364.490	1	24
364.661	1	20
364.832	1	13
365.002	1	23
365.173	1	13
365.344	1	28
365.515	1	7
365.686	1	12
365.857	1	16
366.028	1	27
366.199	1	12
366.370	1	25
366.540	1	6
366.711	1	9
366.882	1	5
367.053	1	7
367.224	1	40
367.395	1	20
367.566	1	23
367.737	1	18
367.908	1	23
368.078	1	22
368.249	1	24
368.420	1	9
368.591	1	11
368.762	1	18
368.933	1	16
369.104	1	9
369.274	1	21
369.445	1	21
369.616	1	20
369.787	1	16
369.958	1	24
370.129	1	10
370.300	1	15
370.471	1	9
370.641	1	13
370.812	1	21
370.983	1	15
371.154	1	3
371.325	1	28
371.496	1	21
371.667	1	21
371.837	1	13
372.008	1	21
372.179	1	11
372.350	1	26
372.521	1	13
372.692	1	19
372.863	1	17
373.033	1	0
373.204	1	15
373.375	1	15
373.546	1	25
373.717	1	19
373.888	1	24
374.059	1	21
374.229	1	27
374.400	1	14
374.571	1	26
374.742	1	24
374.913	1	24
375.084	1	8
375.254	1	26
375.425	1	16
375.596	1	30
375.767	1	19
375.938	1	30
376.109	1	30
376.279	1	17
376.450	1	23
376.621	1	25
376.792	1	13
376.963	1	19
377.134	1	25
377.304	1	14
377.475	1	16
377.646	1	20
377.817	1	7
377.988	1	17
378.159	1	11
378.329	1	29
378.500	1	19
378.671	1	23
378.842	1	8
379.013	1	13
379.184	1	7
379.354	1	21
379.525	1	21
379.696	1	26
379.867	1	28
380.038	1	12
380.209	1	25
380.379	1	12
380.550	1	16
380.721	1	28
380.892	1	10
381.063	1	20
381.233	1	34
381.404	1	19
381.575	1	29
381.746	1	32
381.917	1	21
382.087	1	24
382.258	1	25
382.429	1	24
382.600	1	25
382.771	1	21
382.941	1	23
383.112	1	20
383.283	1	24
383.454	1	21
383.625	1	19
383.795	1	25
383.966	1	13
384.137	1	22
384.308	1	24
384.479	1	14
384.649	1	34
384.820	1	18
384.991	1	20
385.162	1	30
385.333	1	21
385.503	1	23
385.674	1	7
385.845	1	33
386.016	1	18
386.187	1	24
386.357	1	26
386.528	1	32
386.699	1	15
386.870	1	32
387.041	1	23
387.211	1	26
387.382	1	36
387.553	1	30
387.724	1	11
387.894	1	23
388.065	1	15
388.236	1	24
388.407	1	25
388.578	1	15
388.748	1	13
388.919	1	21
389.090	1	20
389.261	1	16
389.431	1	20
389.602	1	34
389.773	1	28
389.944	1	22
390.114	1	30
390.285	1	23
390.456	1	26
390.627	1	36
390.798	1	29
390.968	1	22
391.139	1	26
391.310	1	15
391.481	1	35
391.651	1	31
391.822	1	19
391.993	1	37
392.164	1	14
392.334	1	21
392.505	1	18
392.676	1	31
392.847	1	35
393.017	1	32
393.188	1	28
393.359	1	20
393.530	1	26
393.700	1	23
393.871	1	24
394.042	1	26
394.213	1	15
394.383	1	28
394.554	1	19
394.725	1	34
394.896	1	20
395.066	1	34
395.237	1	21
395.408	1	25
395.579	1	33
395.749	1	23
395.920	1	21
396.091	1	27
396.262	1	29
396.432	1	29
396.603	1	23
396.774	1	52
396.945	1	30
397.115	1	19
397.286	1	33
397.457	1	20
397.627	1	26
397.798	1	34
397.969	1	20
398.140	1	26
398.310	1	33
398.481	1	28
398.652	1	27
398.823	1	21
398.993	1	21
399.164	1	26
399.335	1	42
399.505	1	28
399.676	1	18
399.847	1	31
400.018	1	28
400.188	1	26
400.359	1	29
400.530	1	28
400.700	1	26
400.871	1	22
401.042	1	23
401.213	1	32
401.383	1	30
401.554	1	35
401.725	1	38
401.895	1	27
402.066	1	23
402.237	1	43
402.408	1	33
402.578	1	28
402.749	1	33
402.920	1	32
403.090	1	25
403.261	1	22
403.432	1	31
403.603	1	20
403.773	1	41
403.944	1	37
404.115	1	38
404.285	1	33
404.456	1	37
404.627	1	26
404.797	1	22
404.968	1	17
405.139	1	16
405.310	1	29
405.480	1	24
405.651	1	21
405.822	1	26
405.992	1	18
406.163	1	26
406.334	1	15
406.504	1	25
406.675	1	35
406.846	1	35
407.016	1	32
407.187	1	38
407.358	1	19
407.528	1	17
407.699	1	17
407.870	1	24
408.041	1	24
408.211	1	33
408.382	1	24
408.553	1	12
408.723	1	37
408.894	1	29
409.065	1	23
409.235	1	32
409.406	1	37
409.577	1	18
409.747	1	44
409.918	1	33
410.089	1	24
410.259	1	36
410.430	1	29
410.601	1	33
410.771	1	26
410.942	1	38
411.113	1	29
411.283	1	28
411.454	1	45
411.625	1	30
411.795	1	34
411.966	1	26
412.137	1	30
412.307	1	21
412.478	1	22
412.649	1	40
412.819	1	19
412.990	1	22
413.161	1	33
413.331	1	20
413.502	1	34
413.672	1	35
413.843	1	26
414.014	1	21
414.184	1	40
414.355	1	35
414.526	1	32
414.696	1	39
414.867	1	34
415.038	1	16
415.208	1	31
415.379	1	39
415.550	1	26
415.720	1	26
415.891	1	37
416.062	1	23
416.232	1	30
416.403	1	31
416.573	1	33
416.744	1	23
416.915	1	31
417.085	1	29
417.256	1	25
417.427	1	29
417.597	1	35
417.768	1	20
417.939	1	26
418.109	1	39
418.280	1	27
418.450	1	28
418.621	1	24
418.792	1	32
418.962	1	35
419.133	1	38
419.304	1	31
419.474	1	25
419.645	1	20
419.815	1	28
419.986	1	36
420.157	1	30
420.327	1	38
420.498	1	44
420.669	1	23
420.839	1	39
421.010	1	29
421.180	1	30
421.351	1	29
421.522	1	31
421.692	1	20
421.863	1	36
422.033	1	30
422.204	1	25
422.375	1	27
422.545	1	35
422.716	1	24
422.886	1	33
423.057	1	24
423.228	1	22
423.398	1	24
423.569	1	31
423.740	1	17
423.910	1	15
424.081	1	21
424.251	1	26
424.422	1	32
424.593	1	20
424.763	1	19
424.934	1	28
425.104	1	26
425.275	1	27
425.445	1	17
425.616	1	18
425.787	1	14
425.957	1	30
426.128	1	31
426.298	1	28
426.469	1	20
426.640	1	25
426.810	1	17
426.981	1	25
427.151	1	13
427.322	1	30
427.493	1	24
427.663	1	18
427.834	1	31
428.004	1	29
428.175	1	26
428.345	1	21
428.516	1	21
428.687	1	33
428.857	1	15
429.028	1	21
429.198	1	36
429.369	1	23
429.540	1	34
429.710	1	25
429.881	1	29
430.051	1	30
430.222	1	31
430.392	1	21
430.563	1	28
430.734	1	35
430.904	1	17
431.075	1	20
431.245	1	21
431.416	1	27
431.586	1	29
431.757	1	23
431.927	1	30
432.098	1	30
432.269	1	18
432.439	1	30
432.610	1	16
432.780	1	26
432.951	1	19
433.121	1	26
433.292	1	32
433.462	1	33
433.633	1	22
433.804	1	30
433.974	1	19
434.145	1	37
434.315	1	19
434.486	1	22
434.656	1	30
434.827	1	18
434.997	1	10
435.168	1	28
435.339	1	19
435.509	1	37
435.680	1	21
435.850	1	16
436.021	1	29
436.191	1	19
436.362	1	37
436.532	1	41
436.703	1	20
436.873	1	28
437.044	1	16
437.214	1	13
437.385	1	19
437.556	1	19
437.726	1	38
437.897	1	34
438.067	1	24
438.238	1	26
438.408	1	17
438.579	1	18
438.749	1	13
438.920	1	25
439.090	1	27
439.261	1	21
439.431	1	13
439.602	1	22
439.772	1	15
439.943	1	31
440.113	1	24
440.284	1	22
440.455	1	28
440.625	1	22
440.796	1	23
440.966	1	21
441.137	1	21
441.307	1	13
441.478	1	36
441.648	1	33
441.819	1	19
441.989	1	21
442.160	1	42
442.330	1	21
442.501	1	28
442.671	1	25
442.842	1	20
443.012	1	10
443.183	1	25
443.353	1	21
443.524	1	28
443.694	1	33
443.865	1	18
444.035	1	26
444.206	1	24
444.376	1	14
444.547	1	27
444.717	1	16
444.888	1	20
445.058	1	26
445.229	1	22
445.399	1	19
445.570	1	20
445.740	1	15
445.911	1	23
446.081	1	9
446.252	1	26
446.422	1	14
446.593	1	19
446.763	1	23
446.934	1	13
447.104	1	26
447.275	1	27
447.445	1	20
447.616	1	25
447.786	1	24
447.957	1	21
448.127	1	29
448.298	1	17
448.468	1	18
448.639	1	25
448.809	1	15
448.979	1	17
449.150	1	36
449.320	1	25
449.491	1	29
449.661	1	22
449.832	1	15
450.002	1	26
450.173	1	17
450.343	1	21
450.514	1	22
450.684	1	16
450.855	1	21
451.025	1	25
451.196	1	22
451.366	1	23
451.537	1	12
451.707	1	18
451.878	1	23
452.048	1	34
452.218	1	25
452.389	1	26
452.559	1	29
452.730	1	19
452.900	1	19
453.071	1	19
453.241	1	19
453.412	1	13
453.582	1	12
453.753	1	20
453.923	1	22
454.093	1	27
454.264	1	31
454.434	1	13
454.605	1	17
454.775	1	27
454.946	1	9
455.116	1	25
455.287	1	7
455.457	1	13
455.628	1	6
455.798	1	31
455.968	1	23
456.139	1	13
456.309	1	19
456.480	1	7
456.650	1	13
456.821	1	10
456.991	1	18
457.161	1	17
457.332	1	24
457.502	1	17
457.673	1	20
457.843	1	15
458.014	1	18
458.184	1	12
458.355	1	17
458.525	1	28
458.695	1	17
458.866	1	14
459.036	1	15
459.207	1	15
459.377	1	12
459.548	1	19
459.718	1	14
459.888	1	18
460.059	1	30
460.229	1	23
460.400	1	25
460.570	1	24
460.740	1	15
460.911	1	27
461.081	1	24
461.252	1	13
461.422	1	18
461.593	1	16
461.763	1	23
461.933	1	20
462.104	1	19
462.274	1	6
462.445	1	18
462.615	1	19
462.785	1	11
462.956	1	20
463.126	1	16
463.297	1	20
463.467	1	15
463.638	1	19
463.808	1	16
463.978	1	6
464.149	1	16
464.319	1	12
464.490	1	25
464.660	1	12
464.830	1	13
465.001	1	18
465.171	1	20
465.342	1	16
465.512	1	5
465.682	1	19
465.853	1	17
466.023	1	18
466.194	1	8
466.364	1	27
466.534	1	25
466.705	1	19
466.875	1	9
467.045	1	10
467.216	1	30
467.386	1	1
467.557	1	13
467.727	1	12
467.897	1	8
468.068	1	15
468.238	1	18
468.409	1	14
468.579	1	16
468.749	1	19
468.920	1	8
469.090	1	15
469.260	1	2
469.431	1	16
469.601	1	18
469.772	1	23
469.942	1	6
470.112	1	29
470.283	1	14
470.453	1	13
470.623	1	14
470.794	1	7
470.964	1	16
471.135	1	18
471.305	1	0
471.475	1	23
471.646	1	20
471.816	1	9
471.986	1	8
472.157	1	20
472.327	1	6
472.497	1	21
472.668	1	5
472.838	1	8
473.009	1	21
473.179	1	6
473.349	1	2
473.520	1	23
473.690	1	20
473.860	1	11
474.031	1	0
474.201	1	14
474.371	1	18
474.542	1	14
474.712	1	24
474.882	1	13
475.053	1	13
475.223	1	7
475.394	1	13
475.564	1	10
475.734	1	15
475.905	1	21
476.075	1	10
476.245	1	17
476.416	1	16
476.586	1	25
476.756	1	9
476.927	1	12
477.097	1	14
477.267	1	6
477.438	1	22
477.608	1	14
477.778	1	14
477.949	1	18
478.119	1	21
478.289	1	18
478.460	1	19
478.630	1	19
478.800	1	14
478.971	1	11
479.141	1	18
479.311	1	14
479.482	1	7
479.652	1	6
479.822	1	16
479.993	1	17
480.163	1	14
480.333	1	18
480.504	1	20
480.674	1	11
480.844	1	1
481.015	1	14
481.185	1	9
481.355	1	13
481.525	1	12
481.696	1	17
481.866	1	8
482.036	1	14
482.207	1	12
482.377	1	5
482.547	1	16
482.718	1	16
482.888	1	18
483.058	1	18
483.229	1	10
483.399	1	8
483.569	1	1
483.740	1	15
483.910	1	15
484.080	1	13
484.250	1	10
484.421	1	11
484.591	1	24
484.761	1	21
484.932	1	20
485.102	1	20
485.272	1	17
485.443	1	15
485.613	1	7
485.783	1	17
485.953	1	14
486.124	1	21
486.294	1	15
486.464	1	4
486.635	1	13
486.805	1	22
486.975	1	8
487.146	1	16
487.316	1	10
487.486	1	15
487.656	1	9
487.827	1	-4
487.997	1	0
488.167	1	3
488.338	1	23
488.508	1	12
488.678	1	0
488.848	1	21
489.019	1	18
489.189	1	7
489.359	1	14
489.529	1	4
489.700	1	0
489.870	1	13
490.040	1	7
490.211	1	1
490.381	1	13
490.551	1	17
490.721	1	16
490.892	1	11
491.062	1	11
491.232	1	17
491.402	1	3
491.573	1	3
491.743	1	10
491.913	1	5
492.084	1	16
492.254	1	13
492.424	1	7
492.594	1	13
492.765	1	13
492.935	1	9
493.105	1	15
493.275	1	6
493.446	1	21
493.616	1	16
493.786	1	8
493.956	1	8
494.127	1	16
494.297	1	2
494.467	1	1
494.637	1	10
494.808	1	4
494.978	1	4
495.148	1	6
495.318	1	6
495.489	1	14
495.659	1	11
495.829	1	7
495.999	1	6
496.170	1	11
496.340	1	10
496.510	1	9
496.680	1	-4
496.851	1	7
497.021	1	11
497.191	1	0
497.361	1	9
497.532	1	7
497.702	1	8
497.872	1	8
498.042	1	3
498.213	1	4
498.383	1	6
498.553	1	7
498.723	1	13
498.894	1	14
499.064	1	10
499.234	1	5
499.404	1	14
499.574	1	18
499.745	1	8
499.915	1	-1
500.085	1	5
500.255	1	6
500.426	1	6
500.596	1	17
500.766	1	9
500.936	1	3
501.106	1	9
501.277	1	14
501.447	1	12
501.617	1	2
501.787	1	7
501.958	1	0
502.128	1	6
502.298	1	8
502.468	1	17
502.638	1	9
502.809	1	10
502.979	1	-1
503.149	1	4
503.319	1	-3
503.489	1	8
503.660	1	15
503.830	1	4
504.000	1	14
504.170	1	3
504.340	1	7
504.511	1	17
504.681	1	6
504.851	1	11
505.021	1	8
505.192	1	2
505.362	1	13
505.532	1	11
505.702	1	10
505.872	1	13
506.043	1	7
506.213	1	6
506.383	1	5
506.553	1	8
506.723	1	2
506.893	1	11
507.064	1	11
507.234	1	5
507.404	1	2
507.574	1	-3
507.744	1	11
507.915	1	4
508.085	1	14
508.255	1	14
508.425	1	4
508.595	1	13
508.766	1	10
508.936	1	6
509.106	1	12
509.276	1	13
509.446	1	4
509.616	1	6
509.787	1	16
509.957	1	-4
510.127	1	8
510.297	1	9
510.467	1	0
510.638	1	8
510.808	1	-10
510.978	1	0
511.148	1	13
511.318	1	5
511.488	1	-1
511.659	1	2
511.829	1	-7
511.999	1	10
512.169	1	13
512.339	1	5
512.509	1	6
512.680	1	4
512.850	1	9
513.020	1	9
513.190	1	16
513.360	1	8
513.530	1	10
513.700	1	10
513.871	1	-2
514.041	1	8
514.211	1	11
514.381	1	13
514.551	1	6
514.721	1	2
514.892	1	1
515.062	1	3
515.232	1	9
515.402	1	7
515.572	1	2
515.742	1	5
515.912	1	15
516.083	1	-4
516.253	1	17
516.423	1	0
516.593	1	-7
516.763	1	4
516.933	1	5
517.104	1	3
517.274	1	1
517.444	1	7
517.614	1	4
517.784	1	8
517.954	1	8
518.124	1	8
518.294	1	3
518.465	1	-1
518.635	1	8
518.805	1	-9
518.975	1	9
519.145	1	-7
519.315	1	14
519.485	1	-8
519.656	1	8
519.826	1	4
519.996	1	0
520.166	1	-2
520.336	1	19
520.506	1	2
520.676	1	3
520.846	1	11
521.017	1	9
521.187	1	2
521.357	1	11
521.527	1	2
521.697	1	0
521.867	1	2
522.037	1	13
522.207	1	2
522.377	1	3
522.548	1	4
522.718	1	1
522.888	1	14
523.058	1	1
523.228	1	14
523.398	1	6
523.568	1	11
523.738	1	3
523.909	1	10
524.079	1	16
524.249	1	2
524.419	1	-1
524.589	1	4
524.759	1	1
524.929	1	-3
525.099	1	3
525.269	1	12
525.439	1	2
525.610	1	19
525.780	1	1
525.950	1	-1
526.120	1	-2
526.290	1	7
526.460	1	-10
526.630	1	14
526.800	1	7
526.970	1	1
527.140	1	13
527.311	1	2
527.481	1	-6
527.651	1	13
527.821	1	1
527.991	1	9
528.161	1	10
528.331	1	-7
528.501	1	17
528.671	1	3
528.841	1	1
529.011	1	5
529.181	1	8
529.352	1	6
529.522	1	-2
529.692	1	8
529.862	1	0
530.032	1	8
530.202	1	1
530.372	1	3
530.542	1	6
530.712	1	10
530.882	1	8
531.052	1	-1
531.222	1	-1
531.392	1	9
531.563	1	3
531.733	1	5
531.903	1	7
532.073	1	15
532.243	1	-2
532.413	1	4
532.583	1	-6
532.753	1	4
532.923	1	0
533.093	1	-2
533.263	1	1
533.433	1	10
533.603	1	9
533.773	1	1
533.943	1	-4
534.113	1	4
534.284	1	3
534.454	1	12
534.624	1	8
534.794	1	-10
534.964	1	2
535.134	1	1
535.304	1	2
535.474	1	24
535.644	1	-2
535.814	1	-4
535.984	1	-8
536.154	1	2
536.324	1	0
536.494	1	11
536.664	1	16
536.834	1	-2
537.004	1	-12
537.174	1	10
537.344	1	-1
537.514	1	-3
537.685	1	-2
537.855	1	8
538.025	1	-3
538.195	1	4
538.365	1	13
538.535	1	1
538.705	1	-2
538.875	1	7
539.045	1	14
539.215	1	10
539.385	1	22
539.555	1	10
539.725	1	0
539.895	1	-8
540.065	1	6
540.235	1	9
540.405	1	1
540.575	1	-5
540.745	1	7
540.915	1	7
541.085	1	2
541.255	1	1
541.425	1	7
541.595	1	2
541.765	1	6
541.935	1	1
542.105	1	-3
542.275	1	5
542.445	1	1
542.615	1	7
542.785	1	7
542.955	1	2
543.125	1	-6
543.295	1	0
543.465	1	7
543.635	1	-3
543.805	1	12
543.975	1	4
544.145	1	10
544.315	1	4
544.485	1	10
544.655	1	6
544.825	1	-7
544.995	1	8
545.165	1	-1
545.335	1	12
545.505	1	-2
545.675	1	8
545.845	1	17
546.015	1	6
546.185	1	3
546.355	1	-3
546.525	1	9
546.695	1	2
546.865	1	1
547.035	1	6
547.205	1	-2
547.375	1	2
547.545	1	11
547.715	1	-3
547.885	1	6
548.055	1	-4
548.225	1	1
548.395	1	-4
548.565	1	0
548.735	1	11
548.905	1	7
549.075	1	6
549.245	1	-1
549.415	1	-4
549.585	1	9
549.755	1	3
549.925	1	-5
550.095	1	9
550.265	1	-1
550.435	1	0
550.605	1	-3
550.775	1	2
550.945	1	15
551.115	1	6
551.285	1	-3
551.455	1	-1
551.625	1	10
551.795	1	9
551.965	1	0
552.135	1	1
552.305	1	-3
552.475	1	-6
552.645	1	-2
552.815	1	-1
552.985	1	8
553.155	1	2
553.325	1	6
553.495	1	2
553.665	1	7
553.835	1	1
554.004	1	8
554.174	1	-6
554.344	1	11
554.514	1	2
554.684	1	2
554.854	1	6
555.024	1	-8
555.194	1	-3
555.364	1	7
555.534	1	5
555.704	1	0
555.874	1	13
556.044	1	15
556.214	1	1
556.384	1	-3
556.554	1	9
556.724	1	2
556.894	1	-10
557.064	1	6
557.234	1	3
557.404	1	8
557.573	1	3
557.743	1	-6
557.913	1	7
558.083	1	-7
558.253	1	8
558.423	1	1
558.593	1	1
558.763	1	-2
558.933	1	3
559.103	1	14
559.273	1	10
559.443	1	1
559.613	1	6
559.783	1	3
559.953	1	-5
560.122	1	7
560.292	1	0
560.462	1	-5
560.632	1	9
560.802	1	7
560.972	1	-2
561.142	1	11
561.312	1	-4
561.482	1	12
561.652	1	9
561.822	1	3
561.992	1	-6
562.162	1	0
562.331	1	-2
562.501	1	-11
562.671	1	3
562.841	1	-5
563.011	1	1
563.181	1	3
563.351	1	-6
563.521	1	3
563.691	1	-7
563.861	1	1
564.031	1	6
564.201	1	17
564.370	1	-4
564.540	1	11
564.710	1	5
564.880	1	9
565.050	1	7
565.220	1	0
565.390	1	3
565.560	1	11
565.730	1	-3
565.900	1	8
566.069	1	8
566.239	1	7
566.409	1	2
566.579	1	5
566.749	1	1
566.919	1	11
567.089	1	13
567.259	1	23
567.429	1	-2
567.599	1	0
567.768	1	2
567.938	1	-1
568.108	1	3
568.278	1	3
568.448	1	-8
568.618	1	7
568.788	1	9
568.958	1	-1
569.128	1	5
569.297	1	-5
569.467	1	1
569.637	1	8
569.807	1	8
569.977	1	5
570.147	1	8
570.317	1	-9
570.487	1	4
570.656	1	7
570.826	1	1
570.996	1	-3
571.166	1	14
571.336	1	-5
571.506	1	4
571.676	1	6
571.846	1	9
572.015	1	6
572.185	1	-8
572.355	1	-2
572.525	1	3
572.695	1	-5
572.865	1	-5
573.035	1	-2
573.205	1	4
573.374	1	-5
573.544	1	-3
573.714	1	-1
573.884	1	2
574.054	1	4
574.224	1	4
574.394	1	3
574.563	1	0
574.733	1	-7
574.903	1	-1
575.073	1	-3
575.243	1	-4
575.413	1	6
575.583	1	-1
575.752	1	3
575.922	1	1
576.092	1	3
576.262	1	10
576.432	1	5
576.602	1	-3
576.772	1	14
576.941	1	-2
577.111	1	1
577.281	1	-12
577.451	1	-4
577.621	1	3
577.791	1	3
577.960	1	1
578.130	1	-5
578.300	1	8
578.470	1	19
578.640	1	-3
578.810	1	-2
578.979	1	2
579.149	1	-2
579.319	1	-7
579.489	1	9
579.659	1	3
579.829	1	10
579.998	1	9
580.168	1	11
580.338	1	1
580.508	1	-3
580.678	1	4
580.848	1	-5
581.017	1	-1
581.187	1	10
581.357	1	-10
581.527	1	3
581.697	1	11
581.867	1	11
582.036	1	10
582.206	1	-2
582.376	1	14
582.546	1	-7
582.716	1	-10
582.885	1	-6
583.055	1	10
583.225	1	-8
583.395	1	3
583.565	1	-8
583.735	1	-1
583.904	1	4
584.074	1	-3
584.244	1	2
584.414	1	0
584.584	1	7
584.753	1	5
584.923	1	1
585.093	1	-2
585.263	1	2
585.433	1	-2
585.602	1	-1
585.772	1	-7
585.942	1	-4
586.112	1	6
586.282	1	-9
586.451	1	6
586.621	1	0
586.791	1	0
586.961	1	6
587.131	1	3
587.300	1	-5
587.470	1	5
587.640	1	3
587.810	1	-1
587.980	1	4
588.149	1	1
588.319	1	1
588.489	1	2
588.659	1	0
588.829	1	-3
588.998	1	11
589.168	1	0
589.338	1	-7
589.508	1	5
589.677	1	-3
589.847	1	-3
590.017	1	8
590.187	1	-11
590.357	1	10
590.526	1	13
590.696	1	3
590.866	1	15
591.036	1	-3
591.205	1	14
591.375	1	-7
591.545	1	-1
591.715	1	8
591.885	1	10
592.054	1	2
592.224	1	8
592.394	1	-1
592.564	1	-2
592.733	1	9
592.903	1	3
593.073	1	-4
593.243	1	2
593.412	1	11
593.582	1	4
593.752	1	-3
593.922	1	-2
594.091	1	2
594.261	1	-1
594.431	1	8
594.601	1	10
594.771	1	6
594.940	1	2
595.110	1	5
595.280	1	4
595.450	1	-3
595.619	1	-5
595.789	1	-1
595.959	1	13
596.129	1	-1
596.298	1	8
596.468	1	1
596.638	1	4
596.808	1	10
596.977	1	7
597.147	1	0
597.317	1	-7
597.487	1	1
597.656	1	7
597.826	1	9
597.996	1	-3
598.166	1	1
598.335	1	-7
598.505	1	3
598.675	1	-17
598.844	1	11
599.014	1	-4
599.184	1	5
599.354	1	0
599.523	1	1
599.693	1	-9
599.863	1	8
600.033	1	2
600.202	1	5
600.372	1	8
600.542	1	12
600.712	1	-6
600.881	1	-5
601.051	1	10
601.221	1	9
601.390	1	-6
601.560	1	7
601.730	1	10
601.900	1	8
602.069	1	9
602.239	1	-3
602.409	1	-3
602.578	1	4
602.748	1	-1
602.918	1	7
603.088	1	-3
603.257	1	4
603.427	1	-7
603.597	1	3
603.767	1	18
603.936	1	3
604.106	1	1
604.276	1	8
604.445	1	14
604.615	1	4
604.785	1	-3
604.954	1	5
605.124	1	3
605.294	1	1
605.464	1	-2
605.633	1	8
605.803	1	4
605.973	1	-1
606.142	1	7
606.312	1	12
606.482	1	6
606.652	1	10
606.821	1	-5
606.991	1	1
607.161	1	-3
607.330	1	7
607.500	1	-2
607.670	1	-4
607.839	1	7
608.009	1	11
608.179	1	8
608.348	1	5
608.518	1	-5
608.688	1	6
608.858	1	-7
609.027	1	-11
609.197	1	12
609.367	1	6
609.536	1	0
609.706	1	9
609.876	1	-5
610.045	1	-6
610.215	1	2
610.385	1	-5
610.554	1	0
610.724	1	15
610.894	1	3
611.063	1	6
611.233	1	6
611.403	1	-4
611.572	1	3
611.742	1	5
611.912	1	8
612.081	1	-8
612.251	1	11
612.421	1	3
612.590	1	2
612.760	1	-1
612.930	1	7
613.099	1	1
613.269	1	13
613.439	1	2
613.608	1	-1
613.778	1	5
613.948	1	-3
614.117	1	1
614.287	1	10
614.457	1	13
614.626	1	8
614.796	1	9
614.966	1	-2
615.135	1	3
615.305	1	13
615.475	1	-8
615.644	1	6
615.814	1	7
615.984	1	-7
616.153	1	-6
616.323	1	1
616.493	1	0
616.662	1	18
616.832	1	8
617.002	1	-8
617.171	1	4
617.341	1	10
617.511	1	-1
617.680	1	-1
617.850	1	4
618.019	1	12
618.189	1	13
618.359	1	13
618.528	1	8
618.698	1	-5
618.868	1	-2
619.037	1	5
619.207	1	-7
619.377	1	-5
619.546	1	7
619.716	1	9
619.885	1	0
620.055	1	-11
620.225	1	0
620.394	1	-1
620.564	1	-3
620.734	1	7
620.903	1	-5
621.073	1	3
621.242	1	5
621.412	1	-4
621.582	1	2
621.751	1	12
621.921	1	9
622.091	1	-2
622.260	1	-3
622.430	1	4
622.599	1	-1
622.769	1	14
622.939	1	10
623.108	1	6
623.278	1	-6
623.448	1	-3
623.617	1	-2
623.787	1	-6
623.956	1	13
624.126	1	-1
624.296	1	7
624.465	1	0
624.635	1	15
624.804	1	3
624.974	1	-1
625.144	1	4
625.313	1	-6
625.483	1	-6
625.652	1	7
625.822	1	-15
625.992	1	-1
626.161	1	8
626.331	1	6
626.501	1	11
626.670	1	4
626.840	1	4
627.009	1	-1
627.179	1	10
627.348	1	12
627.518	1	2
627.688	1	6
627.857	1	15
628.027	1	2
628.196	1	1
628.366	1	8
628.536	1	5
628.705	1	4
628.875	1	2
629.044	1	7
629.214	1	2
629.384	1	5
629.553	1	8
629.723	1	-5
629.892	1	0
630.062	1	6
630.232	1	3
630.401	1	14
630.571	1	-9
630.740	1	7
630.910	1	4
631.079	1	2
631.249	1	6
631.419	1	17
631.588	1	-12
631.758	1	6
631.927	1	-2
632.097	1	-6
632.266	1	1
632.436	1	6
632.606	1	2
632.775	1	11
632.945	1	15
633.114	1	6
633.284	1	6
633.453	1	-7
633.623	1	8
633.793	1	7
633.962	1	-5
634.132	1	8
634.301	1	4
634.471	1	7
634.640	1	0
634.810	1	3
634.979	1	6
635.149	1	3
635.319	1	11
635.488	1	6
635.658	1	7
635.827	1	-6
635.997	1	-1
636.166	1	3
636.336	1	4
636.505	1	10
636.675	1	-1
636.845	1	17
637.014	1	5
637.184	1	10
637.353	1	-6
637.523	1	2
637.692	1	1
637.862	1	5
638.031	1	0
638.201	1	10
638.370	1	4
638.540	1	6
638.710	1	2
638.879	1	-10
639.049	1	7
639.218	1	0
639.388	1	4
639.557	1	-4
639.727	1	5
639.896	1	-1
640.066	1	8
640.235	1	7
640.405	1	16
640.574	1	-1
640.744	1	-5
640.914	1	2
641.083	1	4
641.253	1	-6
641.422	1	7
641.592	1	14
641.761	1	-5
641.931	1	3
642.100	1	13
642.270	1	-8
642.439	1	2
642.609	1	15
642.778	1	-1
642.948	1	3
643.117	1	8
643.287	1	7
643.456	1	3
643.626	1	13
643.795	1	2
643.965	1	7
644.134	1	2
644.304	1	0
644.473	1	11
644.643	1	14
644.812	1	0
644.982	1	14
645.151	1	-3
645.321	1	1
645.490	1	4
645.660	1	-4
645.829	1	3
645.999	1	0
646.168	1	1
646.338	1	9
646.507	1	3
646.677	1	4
646.846	1	-2
647.016	1	-11
647.185	1	9
647.355	1	-14
647.524	1	15
647.694	1	6
647.863	1	5
648.033	1	4
648.202	1	19
648.372	1	0
648.541	1	1
648.711	1	2
648.880	1	0
649.050	1	-2
649.219	1	4
649.389	1	4
649.558	1	4
649.728	1	7
649.897	1	-6
650.067	1	7
650.236	1	7
650.406	1	18
650.575	1	5
650.745	1	13
650.914	1	0
651.084	1	-4
651.253	1	0
651.423	1	5
651.592	1	-4
651.762	1	1
651.931	1	12
652.101	1	9
652.270	1	11
652.440	1	8
652.609	1	-4
652.778	1	1
652.948	1	11
653.117	1	1
653.287	1	3
653.456	1	1
653.626	1	3
653.795	1	9
653.965	1	11
654.134	1	13
654.304	1	-9
654.473	1	12
654.643	1	11
654.812	1	2
654.982	1	5
655.151	1	5
655.320	1	4
655.490	1	0
655.659	1	8
655.829	1	-3
655.998	1	6
656.168	1	5
656.337	1	9
656.507	1	-1
656.676	1	14
656.846	1	8
657.015	1	8
657.184	1	11
657.354	1	15
657.523	1	1
657.693	1	8
657.862	1	2
658.032	1	0
658.201	1	8
658.371	1	11
658.540	1	-1
658.709	1	1
658.879	1	17
659.048	1	7
659.218	1	-1
659.387	1	5
659.557	1	10
659.726	1	11
659.895	1	-6
660.065	1	-6
660.234	1	10
660.404	1	-1
660.573	1	7
660.743	1	2
660.912	1	3
661.081	1	18
661.251	1	3
661.420	1	12
661.590	1	8
661.759	1	9
661.929	1	13
662.098	1	5
662.267	1	4
662.437	1	8
662.606	1	4
662.776	1	4
662.945	1	7
663.115	1	13
663.284	1	4
663.453	1	10
663.623	1	5
663.792	1	4
663.962	1	4
664.131	1	1
664.300	1	6
664.470	1	-3
664.639	1	-4
664.809	1	7
664.978	1	18
665.148	1	3
665.317	1	12
665.486	1	14
665.656	1	-4
665.825	1	5
665.995	1	5
666.164	1	9
666.333	1	8
666.503	1	-1
666.672	1	-1
666.842	1	4
667.011	1	-2
667.180	1	8
667.350	1	6
667.519	1	2
667.689	1	13
667.858	1	2
668.027	1	17
668.197	1	1
668.366	1	-2
668.536	1	16
668.705	1	7
668.874	1	1
669.044	1	9
669.213	1	17
669.382	1	4
669.552	1	18
669.721	1	11
669.891	1	13
670.060	1	7
670.229	1	23
670.399	1	-1
670.568	1	17
670.738	1	7
670.907	1	0
671.076	1	-3
671.246	1	9
671.415	1	10
671.584	1	6
671.754	1	1
671.923	1	12
672.093	1	6
672.262	1	4
672.431	1	8
672.601	1	-7
672.770	1	-6
672.939	1	9
673.109	1	2
673.278	1	8
673.448	1	10
673.617	1	2
673.786	1	6
