325.333	1	5
325.504	1	3
325.675	1	6
325.846	1	6
326.017	1	2
326.188	1	1
326.359	1	0
326.531	1	-11
326.702	1	-4
326.873	1	0
327.044	1	-1
327.215	1	5
327.386	1	1
327.557	1	-2
327.728	1	2
327.899	1	-1
328.070	1	12
328.241	1	-4
328.412	1	-10
328.583	1	2
328.754	1	1
328.926	1	0
329.097	1	-7
329.268	1	19
329.439	1	4
329.610	1	7
329.781	1	-6
329.952	1	7
330.123	1	3
330.294	1	-2
330.465	1	4
330.636	1	13
330.807	1	3
330.978	1	-2
331.149	1	5
331.320	1	-4
331.492	1	2
331.663	1	-6
331.834	1	16
332.005	1	8
332.176	1	19
332.347	1	0
332.518	1	6
332.689	1	8
332.860	1	5
333.031	1	-4
333.202	1	6
333.373	1	7
333.544	1	2
333.715	1	5
333.886	1	1
334.057	1	5
334.228	1	1
334.399	1	-1
334.570	1	20
334.741	1	1
334.912	1	13
335.084	1	12
335.255	1	5
335.426	1	-8
335.597	1	-1
335.768	1	7
335.939	1	10
336.110	1	7
336.281	1	-7
336.452	1	0
336.623	1	-2
336.794	1	0
336.965	1	1
337.136	1	14
337.307	1	4
337.478	1	-2
337.649	1	-1
337.820	1	4
337.991	1	-1
338.162	1	10
338.333	1	0
338.504	1	12
338.675	1	4
338.846	1	0
339.017	1	1
339.188	1	1
339.359	1	-10
339.530	1	8
339.701	1	5
339.872	1	20
340.043	1	5
340.214	1	0
340.385	1	5
340.556	1	-13
340.727	1	9
340.898	1	19
341.069	1	8
341.240	1	6
341.411	1	-3
341.582	1	3
341.753	1	5
341.924	1	-9
342.095	1	3
342.266	1	6
342.437	1	4
342.608	1	3
342.779	1	10
342.950	1	9
343.121	1	11
343.292	1	-3
343.463	1	7
343.634	1	1
343.805	1	7
343.976	1	2
344.147	1	2
344.318	1	8
344.489	1	2
344.660	1	16
344.831	1	2
345.002	1	-2
345.173	1	12
345.344	1	-6
345.515	1	1
345.686	1	1
345.857	1	1
346.028	1	0
346.199	1	7
346.370	1	4
346.541	1	7
346.712	1	-5
346.883	1	3
347.054	1	-4
347.225	1	5
347.396	1	7
347.567	1	11
347.738	1	-3
347.909	1	11
348.080	1	6
348.251	1	12
348.422	1	8
348.593	1	0
348.764	1	7
348.935	1	5
349.106	1	4
349.277	1	5
349.448	1	8
349.619	1	7
349.790	1	2
349.961	1	12
350.132	1	18
350.303	1	12
350.474	1	10
350.645	1	14
350.816	1	-1
350.987	1	15
351.157	1	0
351.328	1	16
351.499	1	5
351.670	1	-3
351.841	1	12
352.012	1	16
352.183	1	15
352.354	1	16
352.525	1	14
352.696	1	18
352.867	1	-5
353.038	1	9
353.209	1	6
353.380	1	4
353.551	1	-5
353.722	1	7
353.893	1	-7
354.064	1	11
354.235	1	3
354.406	1	6
354.576	1	7
354.747	1	11
354.918	1	9
355.089	1	10
355.260	1	10
355.431	1	13
355.602	1	5
355.773	1	15
355.944	1	8
356.115	1	9
356.286	1	8
356.457	1	10
356.628	1	13
356.799	1	8
356.970	1	13
357.141	1	3
357.311	1	-1
357.482	1	8
357.653	1	9
357.824	1	18
357.995	1	8
358.166	1	2
358.337	1	-2
358.508	1	7
358.679	1	2
358.850	1	10
359.021	1	4
359.192	1	14
359.363	1	8
359.533	1	1
359.704	1	4
359.875	1	3
360.046	1	5
360.217	1	-7
360.388	1	2
360.559	1	12
360.730	1	12
360.901	1	4
361.072	1	12
361.243	1	8
361.414	1	12
361.584	1	5
361.755	1	10
361.926	1	1
362.097	1	3
362.268	1	11
362.439	1	0
362.610	1	17
362.781	1	6
362.952	1	3
363.123	1	14
363.293	1	6
363.464	1	15
363.635	1	7
363.806	1	9
363.977	1	11
364.148	1	13
364.319	1	13
364.490	1	13
364.661	1	7
364.832	1	10
365.002	1	5
365.173	1	10
365.344	1	10
365.515	1	6
365.686	1	4
365.857	1	10
366.028	1	15
366.199	1	6
366.370	1	12
366.540	1	0
366.711	1	-5
366.882	1	-5
367.053	1	6
367.224	1	20
367.395	1	15
367.566	1	7
367.737	1	12
367.908	1	15
368.078	1	5
368.249	1	10
368.420	1	2
368.591	1	2
368.762	1	6
368.933	1	2
369.104	1	0
369.274	1	6
369.445	1	9
369.616	1	8
369.787	1	9
369.958	1	11
370.129	1	5
370.300	1	22
370.471	1	1
370.641	1	2
370.812	1	15
370.983	1	16
371.154	1	5
371.325	1	12
371.496	1	7
371.667	1	14
371.837	1	4
372.008	1	11
372.179	1	6
372.350	1	16
372.521	1	13
372.692	1	10
372.863	1	9
373.033	1	-9
373.204	1	6
373.375	1	16
373.546	1	3
373.717	1	9
373.888	1	16
374.059	1	15
374.229	1	10
374.400	1	9
374.571	1	10
374.742	1	11
374.913	1	12
375.084	1	8
375.254	1	15
375.425	1	17
375.596	1	25
375.767	1	10
375.938	1	6
376.109	1	12
376.279	1	9
376.450	1	11
376.621	1	9
376.792	1	-1
376.963	1	15
377.134	1	22
377.304	1	7
377.475	1	7
377.646	1	7
377.817	1	0
377.988	1	14
378.159	1	6
378.329	1	7
378.500	1	10
378.671	1	16
378.842	1	8
379.013	1	-1
379.184	1	8
379.354	1	14
379.525	1	3
379.696	1	16
379.867	1	3
380.038	1	7
380.209	1	17
380.379	1	21
380.550	1	-2
380.721	1	17
380.892	1	9
381.063	1	10
381.233	1	8
381.404	1	7
381.575	1	10
381.746	1	17
381.917	1	5
382.087	1	12
382.258	1	6
382.429	1	11
382.600	1	19
382.771	1	10
382.941	1	4
383.112	1	13
383.283	1	5
383.454	1	9
383.625	1	3
383.795	1	10
383.966	1	13
384.137	1	18
384.308	1	21
384.479	1	13
384.649	1	11
384.820	1	12
384.991	1	12
385.162	1	11
385.333	1	-7
385.503	1	8
385.674	1	-9
385.845	1	21
386.016	1	14
386.187	1	5
386.357	1	21
386.528	1	20
386.699	1	7
386.870	1	18
387.041	1	16
387.211	1	19
387.382	1	19
387.553	1	15
387.724	1	-1
387.894	1	18
388.065	1	13
388.236	1	27
388.407	1	12
388.578	1	2
388.748	1	-3
388.919	1	21
389.090	1	12
389.261	1	4
389.431	1	18
389.602	1	12
389.773	1	15
389.944	1	17
390.114	1	7
390.285	1	11
390.456	1	10
390.627	1	11
390.798	1	7
390.968	1	12
391.139	1	10
391.310	1	15
391.481	1	16
391.651	1	16
391.822	1	1
391.993	1	5
392.164	1	2
392.334	1	13
392.505	1	5
392.676	1	22
392.847	1	17
393.017	1	15
393.188	1	6
393.359	1	1
393.530	1	0
393.700	1	10
393.871	1	7
394.042	1	9
394.213	1	1
394.383	1	12
394.554	1	15
394.725	1	16
394.896	1	7
395.066	1	21
395.237	1	7
395.408	1	11
395.579	1	6
395.749	1	11
395.920	1	-1
396.091	1	14
396.262	1	15
396.432	1	18
396.603	1	15
396.774	1	20
396.945	1	8
397.115	1	11
397.286	1	8
397.457	1	14
397.627	1	7
397.798	1	13
397.969	1	8
398.140	1	10
398.310	1	10
398.481	1	14
398.652	1	12
398.823	1	1
398.993	1	6
399.164	1	11
399.335	1	19
399.505	1	15
399.676	1	14
399.847	1	7
400.018	1	0
400.188	1	10
400.359	1	16
400.530	1	12
400.700	1	12
400.871	1	13
401.042	1	13
401.213	1	11
401.383	1	23
401.554	1	14
401.725	1	20
401.895	1	10
402.066	1	19
402.237	1	16
402.408	1	4
402.578	1	9
402.749	1	16
402.920	1	16
403.090	1	3
403.261	1	18
403.432	1	10
403.603	1	18
403.773	1	15
403.944	1	25
404.115	1	19
404.285	1	23
404.456	1	10
404.627	1	-1
404.797	1	1
404.968	1	6
405.139	1	12
405.310	1	31
405.480	1	21
405.651	1	5
405.822	1	14
405.992	1	4
406.163	1	11
406.334	1	6
406.504	1	8
406.675	1	15
406.846	1	7
407.016	1	15
407.187	1	13
407.358	1	14
407.528	1	4
407.699	1	12
407.870	1	9
408.041	1	22
408.211	1	16
408.382	1	1
408.553	1	7
408.723	1	13
408.894	1	8
409.065	1	16
409.235	1	10
409.406	1	14
409.577	1	5
409.747	1	13
409.918	1	12
410.089	1	4
410.259	1	17
410.430	1	14
410.601	1	11
410.771	1	11
410.942	1	13
411.113	1	11
411.283	1	5
411.454	1	8
411.625	1	14
411.795	1	18
411.966	1	16
412.137	1	13
412.307	1	6
412.478	1	16
412.649	1	11
412.819	1	4
412.990	1	7
413.161	1	18
413.331	1	11
413.502	1	17
413.672	1	13
413.843	1	4
414.014	1	7
414.184	1	12
414.355	1	5
414.526	1	21
414.696	1	22
414.867	1	10
415.038	1	-1
415.208	1	17
415.379	1	23
415.550	1	20
415.720	1	6
415.891	1	21
416.062	1	20
416.232	1	18
416.403	1	18
416.573	1	13
416.744	1	8
416.915	1	21
417.085	1	8
417.256	1	6
417.427	1	16
417.597	1	14
417.768	1	11
417.939	1	15
418.109	1	15
418.280	1	13
418.450	1	15
418.621	1	2
418.792	1	13
418.962	1	8
419.133	1	12
419.304	1	8
419.474	1	10
419.645	1	16
419.815	1	13
419.986	1	14
420.157	1	12
420.327	1	14
420.498	1	18
420.669	1	14
420.839	1	19
421.010	1	19
421.180	1	19
421.351	1	9
421.522	1	16
421.692	1	17
421.863	1	15
422.033	1	23
422.204	1	15
422.375	1	-4
422.545	1	22
422.716	1	13
422.886	1	11
423.057	1	17
423.228	1	12
423.398	1	7
423.569	1	8
423.740	1	8
423.910	1	5
424.081	1	13
424.251	1	12
424.422	1	21
424.593	1	9
424.763	1	20
424.934	1	12
425.104	1	23
425.275	1	4
425.445	1	7
425.616	1	11
425.787	1	11
425.957	1	13
426.128	1	21
426.298	1	17
426.469	1	2
426.640	1	16
426.810	1	19
426.981	1	10
427.151	1	13
427.322	1	19
427.493	1	6
427.663	1	14
427.834	1	6
428.004	1	17
428.175	1	16
428.345	1	6
428.516	1	8
428.687	1	17
428.857	1	7
429.028	1	12
429.198	1	19
429.369	1	16
429.540	1	20
429.710	1	5
429.881	1	26
430.051	1	16
430.222	1	9
430.392	1	9
430.563	1	18
430.734	1	19
430.904	1	6
431.075	1	15
431.245	1	5
431.416	1	25
431.586	1	8
431.757	1	21
431.927	1	14
432.098	1	7
432.269	1	12
432.439	1	5
432.610	1	16
432.780	1	13
432.951	1	5
433.121	1	15
433.292	1	24
433.462	1	21
433.633	1	4
433.804	1	3
433.974	1	15
434.145	1	20
434.315	1	8
434.486	1	10
434.656	1	15
434.827	1	18
434.997	1	10
435.168	1	15
435.339	1	19
435.509	1	10
435.680	1	11
435.850	1	6
436.021	1	3
436.191	1	6
436.362	1	9
436.532	1	6
436.703	1	12
436.873	1	19
437.044	1	-2
437.214	1	7
437.385	1	12
437.556	1	2
437.726	1	23
437.897	1	15
438.067	1	6
438.238	1	8
438.408	1	18
438.579	1	7
438.749	1	4
438.920	1	10
439.090	1	10
439.261	1	6
439.431	1	11
439.602	1	2
439.772	1	10
439.943	1	17
440.113	1	17
440.284	1	0
440.455	1	5
440.625	1	11
440.796	1	9
440.966	1	12
441.137	1	3
441.307	1	11
441.478	1	21
441.648	1	24
441.819	1	10
441.989	1	6
442.160	1	9
442.330	1	11
442.501	1	6
442.671	1	7
442.842	1	-3
443.012	1	13
443.183	1	15
443.353	1	7
443.524	1	14
443.694	1	17
443.865	1	11
444.035	1	19
444.206	1	4
444.376	1	-1
444.547	1	20
444.717	1	9
444.888	1	15
445.058	1	15
445.229	1	12
445.399	1	8
445.570	1	10
445.740	1	9
445.911	1	2
446.081	1	3
446.252	1	20
446.422	1	11
446.593	1	2
446.763	1	6
446.934	1	4
447.104	1	14
447.275	1	14
447.445	1	3
447.616	1	18
447.786	1	9
447.957	1	12
448.127	1	6
448.298	1	15
448.468	1	14
448.639	1	11
448.809	1	9
448.979	1	14
449.150	1	13
449.320	1	12
449.491	1	11
449.661	1	2
449.832	1	8
450.002	1	20
450.173	1	11
450.343	1	10
450.514	1	14
450.684	1	4
450.855	1	9
451.025	1	15
451.196	1	18
451.366	1	11
451.537	1	8
451.707	1	0
451.878	1	2
452.048	1	10
452.218	1	14
452.389	1	9
452.559	1	10
452.730	1	17
452.900	1	13
453.071	1	1
453.241	1	5
453.412	1	-3
453.582	1	11
453.753	1	3
453.923	1	11
454.093	1	17
454.264	1	12
454.434	1	2
454.605	1	3
454.775	1	4
454.946	1	7
455.116	1	9
455.287	1	-8
455.457	1	8
455.628	1	7
455.798	1	15
455.968	1	24
456.139	1	6
456.309	1	5
456.480	1	1
456.650	1	6
456.821	1	5
456.991	1	11
457.161	1	8
457.332	1	15
457.502	1	-1
457.673	1	13
457.843	1	14
458.014	1	4
458.184	1	-4
458.355	1	12
458.525	1	1
458.695	1	5
458.866	1	22
459.036	1	23
459.207	1	5
459.377	1	3
459.548	1	17
459.718	1	0
459.888	1	3
460.059	1	16
460.229	1	7
460.400	1	6
460.570	1	8
460.740	1	9
460.911	1	19
461.081	1	7
461.252	1	2
461.422	1	8
461.593	1	2
461.763	1	18
461.933	1	11
462.104	1	-1
462.274	1	7
462.445	1	20
462.615	1	6
462.785	1	8
462.956	1	11
463.126	1	7
463.297	1	0
463.467	1	10
463.638	1	10
463.808	1	0
463.978	1	8
464.149	1	6
464.319	1	1
464.490	1	18
464.660	1	4
464.830	1	5
465.001	1	7
465.171	1	11
465.342	1	13
465.512	1	3
465.682	1	-1
465.853	1	15
466.023	1	9
466.194	1	4
466.364	1	19
466.534	1	4
466.705	1	17
466.875	1	0
467.045	1	-3
467.216	1	11
467.386	1	7
467.557	1	0
467.727	1	0
467.897	1	-2
468.068	1	7
468.238	1	8
468.409	1	3
468.579	1	16
468.749	1	-1
468.920	1	4
469.090	1	6
469.260	1	4
469.431	1	3
469.601	1	7
469.772	1	5
469.942	1	0
470.112	1	9
470.283	1	7
470.453	1	3
470.623	1	6
470.794	1	-2
470.964	1	7
471.135	1	8
471.305	1	-6
471.475	1	12
471.646	1	-5
471.816	1	13
471.986	1	0
472.157	1	19
472.327	1	-4
472.497	1	9
472.668	1	-1
472.838	1	8
473.009	1	12
473.179	1	-1
473.349	1	0
473.520	1	16
473.690	1	7
473.860	1	7
474.031	1	6
474.201	1	7
474.371	1	13
474.542	1	16
474.712	1	-1
474.882	1	11
475.053	1	5
475.223	1	4
475.394	1	3
475.564	1	1
475.734	1	13
475.905	1	18
476.075	1	8
476.245	1	5
476.416	1	15
476.586	1	17
476.756	1	11
476.927	1	11
477.097	1	14
477.267	1	-4
477.438	1	12
477.608	1	4
477.778	1	7
477.949	1	6
478.119	1	8
478.289	1	14
478.460	1	14
478.630	1	6
478.800	1	7
478.971	1	16
479.141	1	1
479.311	1	-2
479.482	1	9
479.652	1	3
479.822	1	5
479.993	1	8
480.163	1	5
480.333	1	6
480.504	1	17
480.674	1	1
480.844	1	6
481.015	1	6
481.185	1	10
481.355	1	11
481.525	1	4
481.696	1	5
481.866	1	12
482.036	1	8
482.207	1	1
482.377	1	2
482.547	1	15
482.718	1	6
482.888	1	7
483.058	1	5
483.229	1	-8
483.399	1	-6
483.569	1	3
483.740	1	3
483.910	1	10
484.080	1	5
484.250	1	12
484.421	1	-4
484.591	1	9
484.761	1	8
484.932	1	9
485.102	1	18
485.272	1	10
485.443	1	7
485.613	1	5
485.783	1	4
485.953	1	7
486.124	1	8
486.294	1	10
486.464	1	6
486.635	1	8
486.805	1	12
486.975	1	6
487.146	1	9
487.316	1	10
487.486	1	6
487.656	1	4
487.827	1	0
487.997	1	-5
488.167	1	0
488.338	1	14
488.508	1	8
488.678	1	10
488.848	1	14
489.019	1	4
489.189	1	10
489.359	1	-3
489.529	1	6
489.700	1	4
489.870	1	10
490.040	1	2
490.211	1	-5
490.381	1	11
490.551	1	3
490.721	1	21
490.892	1	9
491.062	1	15
491.232	1	15
491.402	1	1
491.573	1	-8
491.743	1	1
491.913	1	4
492.084	1	15
492.254	1	2
492.424	1	12
492.594	1	5
492.765	1	13
492.935	1	0
493.105	1	5
493.275	1	3
493.446	1	6
493.616	1	11
493.786	1	6
493.956	1	7
494.127	1	12
494.297	1	-4
494.467	1	6
494.637	1	-1
494.808	1	7
494.978	1	4
495.148	1	8
495.318	1	4
495.489	1	-1
495.659	1	11
495.829	1	6
495.999	1	-4
496.170	1	6
496.340	1	2
496.510	1	9
496.680	1	0
496.851	1	12
497.021	1	5
497.191	1	-8
497.361	1	-5
497.532	1	-5
497.702	1	8
497.872	1	6
498.042	1	20
498.213	1	14
498.383	1	4
498.553	1	5
498.723	1	1
498.894	1	8
499.064	1	-3
499.234	1	6
499.404	1	4
499.574	1	16
499.745	1	5
499.915	1	2
500.085	1	6
500.255	1	11
500.426	1	3
500.596	1	16
500.766	1	3
500.936	1	1
501.106	1	-2
501.277	1	15
501.447	1	2
501.617	1	1
501.787	1	-5
501.958	1	-1
502.128	1	0
502.298	1	-1
502.468	1	-3
502.638	1	7
502.809	1	11
502.979	1	-2
503.149	1	-1
503.319	1	1
503.489	1	9
503.660	1	2
503.830	1	13
504.000	1	8
504.170	1	2
504.340	1	-3
504.511	1	11
504.681	1	-5
504.851	1	6
505.021	1	6
505.192	1	-3
505.362	1	7
505.532	1	6
505.702	1	3
505.872	1	15
506.043	1	2
506.213	1	3
506.383	1	1
506.553	1	15
506.723	1	6
506.893	1	7
507.064	1	11
507.234	1	-4
507.404	1	-5
507.574	1	-4
507.744	1	9
507.915	1	11
508.085	1	7
508.255	1	9
508.425	1	-2
508.595	1	10
508.766	1	9
508.936	1	-3
509.106	1	4
509.276	1	5
509.446	1	-6
509.616	1	6
509.787	1	6
509.957	1	-4
510.127	1	2
510.297	1	5
510.467	1	-1
510.638	1	0
510.808	1	-7
510.978	1	-2
511.148	1	14
511.318	1	1
511.488	1	-1
511.659	1	0
511.829	1	0
511.999	1	7
512.169	1	2
512.339	1	4
512.509	1	0
512.680	1	-2
512.850	1	11
513.020	1	4
513.190	1	6
513.360	1	-5
513.530	1	4
513.700	1	3
513.871	1	6
514.041	1	-3
514.211	1	13
514.381	1	0
514.551	1	3
514.721	1	2
514.892	1	13
515.062	1	1
515.232	1	5
515.402	1	-7
515.572	1	-4
515.742	1	4
515.912	1	5
516.083	1	-2
516.253	1	11
516.423	1	1
516.593	1	2
516.763	1	10
516.933	1	-6
517.104	1	2
517.274	1	-1
517.444	1	2
517.614	1	-9
517.784	1	-7
517.954	1	3
518.124	1	11
518.294	1	8
518.465	1	-2
518.635	1	-1
518.805	1	-4
518.975	1	7
519.145	1	0
519.315	1	5
519.485	1	3
519.656	1	10
519.826	1	2
519.996	1	-7
520.166	1	8
520.336	1	5
520.506	1	2
520.676	1	-1
520.846	1	16
521.017	1	5
521.187	1	-5
521.357	1	11
521.527	1	6
521.697	1	-2
521.867	1	1
522.037	1	17
522.207	1	10
522.377	1	6
522.548	1	5
522.718	1	12
522.888	1	12
523.058	1	11
523.228	1	1
523.398	1	7
523.568	1	3
523.738	1	4
523.909	1	16
524.079	1	11
524.249	1	9
524.419	1	-4
524.589	1	0
524.759	1	2
524.929	1	-12
525.099	1	13
525.269	1	10
525.439	1	-1
525.610	1	15
525.780	1	-4
525.950	1	6
526.120	1	1
526.290	1	5
526.460	1	-13
526.630	1	-2
526.800	1	2
526.970	1	6
527.140	1	7
527.311	1	-2
527.481	1	2
527.651	1	6
527.821	1	-8
527.991	1	14
528.161	1	9
528.331	1	3
528.501	1	4
528.671	1	-6
528.841	1	11
529.011	1	3
529.181	1	13
529.352	1	1
529.522	1	2
529.692	1	7
529.862	1	2
530.032	1	9
530.202	1	1
530.372	1	6
530.542	1	2
530.712	1	4
530.882	1	6
531.052	1	10
531.222	1	-7
531.392	1	-1
531.563	1	9
531.733	1	-4
531.903	1	5
532.073	1	12
532.243	1	0
532.413	1	4
532.583	1	3
532.753	1	-1
532.923	1	-7
533.093	1	0
533.263	1	0
533.433	1	9
533.603	1	3
533.773	1	-2
533.943	1	-3
534.113	1	4
534.284	1	-2
534.454	1	4
534.624	1	6
534.794	1	-3
534.964	1	11
535.134	1	-3
535.304	1	-1
535.474	1	11
535.644	1	-2
535.814	1	-6
535.984	1	1
536.154	1	-3
536.324	1	-7
536.494	1	-2
536.664	1	3
536.834	1	2
537.004	1	-4
537.174	1	16
537.344	1	-2
537.514	1	-2
537.685	1	-3
537.855	1	5
538.025	1	6
538.195	1	4
538.365	1	12
538.535	1	11
538.705	1	5
538.875	1	2
539.045	1	5
539.215	1	8
539.385	1	7
539.555	1	1
539.725	1	-2
539.895	1	-3
540.065	1	7
540.235	1	17
540.405	1	4
540.575	1	5
540.745	1	7
540.915	1	10
541.085	1	12
541.255	1	-4
541.425	1	13
541.595	1	-2
541.765	1	1
541.935	1	-8
542.105	1	-7
542.275	1	5
542.445	1	-8
542.615	1	16
542.785	1	6
542.955	1	7
543.125	1	-6
543.295	1	0
543.465	1	11
543.635	1	-5
543.805	1	14
543.975	1	-1
544.145	1	0
544.315	1	3
544.485	1	11
544.655	1	2
544.825	1	-2
544.995	1	5
545.165	1	-7
545.335	1	10
545.505	1	-1
545.675	1	10
545.845	1	3
546.015	1	3
546.185	1	5
546.355	1	9
546.525	1	7
546.695	1	1
546.865	1	-6
547.035	1	4
547.205	1	-4
547.375	1	8
547.545	1	10
547.715	1	-11
547.885	1	-1
548.055	1	2
548.225	1	0
548.395	1	-2
548.565	1	3
548.735	1	-1
548.905	1	6
549.075	1	7
549.245	1	-3
549.415	1	-4
549.585	1	5
549.755	1	8
549.925	1	-7
550.095	1	0
550.265	1	-4
550.435	1	-6
550.605	1	-2
550.775	1	6
550.945	1	7
551.115	1	6
551.285	1	-4
551.455	1	-6
551.625	1	10
551.795	1	5
551.965	1	0
552.135	1	0
552.305	1	0
552.475	1	-8
552.645	1	1
552.815	1	8
552.985	1	15
553.155	1	-2
553.325	1	3
553.495	1	-7
553.665	1	-4
553.835	1	2
554.004	1	2
554.174	1	-1
554.344	1	7
554.514	1	2
554.684	1	10
554.854	1	9
555.024	1	-8
555.194	1	-4
555.364	1	7
555.534	1	-1
555.704	1	0
555.874	1	6
556.044	1	-2
556.214	1	-4
556.384	1	1
556.554	1	8
556.724	1	11
556.894	1	-4
557.064	1	7
557.234	1	-4
557.404	1	12
557.573	1	-1
557.743	1	-3
557.913	1	3
558.083	1	-8
558.253	1	14
558.423	1	-6
558.593	1	8
558.763	1	-4
558.933	1	6
559.103	1	10
559.273	1	-3
559.443	1	3
559.613	1	6
559.783	1	-5
559.953	1	1
560.122	1	7
560.292	1	-2
560.462	1	5
560.632	1	2
560.802	1	-3
560.972	1	6
561.142	1	2
561.312	1	-4
561.482	1	10
561.652	1	10
561.822	1	3
561.992	1	-4
562.162	1	-2
562.331	1	5
562.501	1	8
562.671	1	5
562.841	1	-8
563.011	1	6
563.181	1	0
563.351	1	-7
563.521	1	10
563.691	1	-4
563.861	1	6
564.031	1	5
564.201	1	17
564.370	1	-5
564.540	1	8
564.710	1	2
564.880	1	2
565.050	1	8
565.220	1	-5
565.390	1	1
565.560	1	2
565.730	1	-5
565.900	1	4
566.069	1	10
566.239	1	11
566.409	1	5
566.579	1	-3
566.749	1	-7
566.919	1	12
567.089	1	-4
567.259	1	3
567.429	1	3
567.599	1	-4
567.768	1	5
567.938	1	5
568.108	1	2
568.278	1	0
568.448	1	-11
568.618	1	2
568.788	1	10
568.958	1	6
569.128	1	-3
569.297	1	2
569.467	1	-7
569.637	1	15
569.807	1	2
569.977	1	6
570.147	1	4
570.317	1	-2
570.487	1	0
570.656	1	8
570.826	1	-3
570.996	1	-2
571.166	1	7
571.336	1	-6
571.506	1	7
571.676	1	5
571.846	1	-5
572.015	1	3
572.185	1	-2
572.355	1	4
572.525	1	8
572.695	1	1
572.865	1	0
573.035	1	5
573.205	1	1
573.374	1	-1
573.544	1	-6
573.714	1	21
573.884	1	11
574.054	1	1
574.224	1	3
574.394	1	-4
574.563	1	-2
574.733	1	-6
574.903	1	-3
575.073	1	-10
575.243	1	-1
575.413	1	1
575.583	1	-5
575.752	1	12
575.922	1	-6
576.092	1	6
576.262	1	-1
576.432	1	2
576.602	1	-7
576.772	1	7
576.941	1	9
577.111	1	-4
577.281	1	-12
577.451	1	-3
577.621	1	6
577.791	1	3
577.960	1	-8
578.130	1	3
578.300	1	7
578.470	1	1
578.640	1	1
578.810	1	-4
578.979	1	-1
579.149	1	0
579.319	1	-5
579.489	1	-2
579.659	1	6
579.829	1	3
579.998	1	3
580.168	1	10
580.338	1	4
580.508	1	-1
580.678	1	-1
580.848	1	-3
581.017	1	6
581.187	1	3
581.357	1	-12
581.527	1	8
581.697	1	6
581.867	1	8
582.036	1	-5
582.206	1	-2
582.376	1	10
582.546	1	-4
582.716	1	-7
582.885	1	-4
583.055	1	3
583.225	1	-13
583.395	1	6
583.565	1	-4
583.735	1	3
583.904	1	3
584.074	1	5
584.244	1	11
584.414	1	0
584.584	1	3
584.753	1	-4
584.923	1	3
585.093	1	3
585.263	1	1
585.433	1	3
585.602	1	-6
585.772	1	0
585.942	1	3
586.112	1	4
586.282	1	-5
586.451	1	-12
586.621	1	-1
586.791	1	0
586.961	1	2
587.131	1	9
587.300	1	-1
587.470	1	16
587.640	1	-1
587.810	1	-3
587.980	1	3
588.149	1	8
588.319	1	1
588.489	1	-2
588.659	1	8
588.829	1	5
588.998	1	1
589.168	1	3
589.338	1	1
589.508	1	1
589.677	1	-1
589.847	1	-12
590.017	1	17
590.187	1	-6
590.357	1	3
590.526	1	16
590.696	1	8
590.866	1	13
591.036	1	2
591.205	1	11
591.375	1	-7
591.545	1	-5
591.715	1	10
591.885	1	-1
592.054	1	2
592.224	1	-7
592.394	1	3
592.564	1	9
592.733	1	1
592.903	1	1
593.073	1	10
593.243	1	13
593.412	1	10
593.582	1	5
593.752	1	-3
593.922	1	-7
594.091	1	7
594.261	1	0
594.431	1	0
594.601	1	6
594.771	1	17
594.940	1	4
595.110	1	3
595.280	1	1
595.450	1	2
595.619	1	-3
595.789	1	8
595.959	1	9
596.129	1	-1
596.298	1	-2
596.468	1	5
596.638	1	8
596.808	1	1
596.977	1	7
597.147	1	2
597.317	1	-8
597.487	1	5
597.656	1	10
597.826	1	-2
597.996	1	4
598.166	1	-9
598.335	1	-4
598.505	1	4
598.675	1	-8
598.844	1	-1
599.014	1	-1
599.184	1	-2
599.354	1	0
599.523	1	7
599.693	1	-5
599.863	1	5
600.033	1	0
600.202	1	2
600.372	1	2
600.542	1	23
600.712	1	-1
600.881	1	-4
601.051	1	5
601.221	1	3
601.390	1	-7
601.560	1	3
601.730	1	4
601.900	1	9
602.069	1	12
602.239	1	-1
602.409	1	-5
602.578	1	0
602.748	1	-3
602.918	1	2
603.088	1	9
603.257	1	5
603.427	1	-10
603.597	1	4
603.767	1	-2
603.936	1	-4
604.106	1	1
604.276	1	-2
604.445	1	4
604.615	1	-3
604.785	1	-3
604.954	1	2
605.124	1	4
605.294	1	-3
605.464	1	-3
605.633	1	6
605.803	1	3
605.973	1	1
606.142	1	3
606.312	1	6
606.482	1	-3
606.652	1	10
606.821	1	-5
606.991	1	-2
607.161	1	-3
607.330	1	13
607.500	1	6
607.670	1	-6
607.839	1	9
608.009	1	13
608.179	1	1
608.348	1	5
608.518	1	-6
608.688	1	19
608.858	1	-9
609.027	1	-11
609.197	1	5
609.367	1	8
609.536	1	9
609.706	1	-2
609.876	1	4
610.045	1	-4
610.215	1	1
610.385	1	-1
610.554	1	-1
610.724	1	12
610.894	1	7
611.063	1	6
611.233	1	-8
611.403	1	-2
611.572	1	0
611.742	1	4
611.912	1	3
612.081	1	1
612.251	1	6
612.421	1	-3
612.590	1	-1
612.760	1	6
612.930	1	1
613.099	1	6
613.269	1	15
613.439	1	1
613.608	1	1
613.778	1	3
613.948	1	10
614.117	1	-1
614.287	1	13
614.457	1	-2
614.626	1	2
614.796	1	9
614.966	1	4
615.135	1	3
615.305	1	8
615.475	1	3
615.644	1	1
615.814	1	7
615.984	1	-5
616.153	1	-9
616.323	1	4
616.493	1	8
616.662	1	4
616.832	1	3
617.002	1	-1
617.171	1	-5
617.341	1	10
617.511	1	-2
617.680	1	-4
617.850	1	5
618.019	1	4
618.189	1	7
618.359	1	6
618.528	1	-3
618.698	1	2
618.868	1	-2
619.037	1	0
619.207	1	-6
619.377	1	-11
619.546	1	1
619.716	1	2
619.885	1	1
620.055	1	-6
620.225	1	4
620.394	1	0
620.564	1	5
620.734	1	5
620.903	1	-3
621.073	1	6
621.242	1	5
621.412	1	2
621.582	1	-1
621.751	1	13
621.921	1	6
622.091	1	-3
622.260	1	9
622.430	1	6
622.599	1	2
622.769	1	-3
622.939	1	8
623.108	1	3
623.278	1	-6
623.448	1	0
623.617	1	1
623.787	1	0
623.956	1	8
624.126	1	3
624.296	1	2
624.465	1	10
624.635	1	14
624.804	1	4
624.974	1	1
625.144	1	9
625.313	1	3
625.483	1	-4
625.652	1	0
625.822	1	1
625.992	1	-2
626.161	1	11
626.331	1	1
626.501	1	8
626.670	1	-6
626.840	1	-3
627.009	1	1
627.179	1	3
627.348	1	2
627.518	1	-3
627.688	1	7
627.857	1	4
628.027	1	-5
628.196	1	7
628.366	1	1
628.536	1	8
628.705	1	0
628.875	1	-5
629.044	1	0
629.214	1	3
629.384	1	6
629.553	1	9
629.723	1	-1
629.892	1	8
630.062	1	-3
630.232	1	5
630.401	1	7
630.571	1	-4
630.740	1	0
630.910	1	8
631.079	1	1
631.249	1	5
631.419	1	12
631.588	1	-6
631.758	1	8
631.927	1	-4
632.097	1	2
632.266	1	1
632.436	1	12
632.606	1	6
632.775	1	2
632.945	1	5
633.114	1	0
633.284	1	12
633.453	1	-8
633.623	1	-5
633.793	1	1
633.962	1	7
634.132	1	-3
634.301	1	2
634.471	1	12
634.640	1	5
634.810	1	-7
634.979	1	14
635.149	1	5
635.319	1	8
635.488	1	11
635.658	1	-4
635.827	1	-9
635.997	1	11
636.166	1	4
636.336	1	3
636.505	1	14
636.675	1	2
636.845	1	3
637.014	1	5
637.184	1	9
637.353	1	-5
637.523	1	10
637.692	1	6
637.862	1	6
638.031	1	8
638.201	1	7
638.370	1	3
638.540	1	3
638.710	1	8
638.879	1	-8
639.049	1	3
639.218	1	-3
639.388	1	-3
639.557	1	-3
639.727	1	0
639.896	1	0
640.066	1	5
640.235	1	6
640.405	1	8
640.574	1	2
640.744	1	-9
640.914	1	9
641.083	1	9
641.253	1	-5
641.422	1	0
641.592	1	7
641.761	1	-4
641.931	1	0
642.100	1	14
642.270	1	0
642.439	1	8
642.609	1	18
642.778	1	0
642.948	1	2
643.117	1	11
643.287	1	4
643.456	1	-5
643.626	1	5
643.795	1	1
643.965	1	14
644.134	1	-5
644.304	1	-3
644.473	1	5
644.643	1	10
644.812	1	-4
644.982	1	10
645.151	1	1
645.321	1	-10
645.490	1	6
645.660	1	-8
645.829	1	-11
645.999	1	1
646.168	1	10
646.338	1	3
646.507	1	-8
646.677	1	-3
646.846	1	4
647.016	1	-13
647.185	1	-2
647.355	1	-10
647.524	1	-1
647.694	1	13
647.863	1	3
648.033	1	2
648.202	1	4
648.372	1	5
648.541	1	-5
648.711	1	10
648.880	1	-11
649.050	1	0
649.219	1	-6
649.389	1	11
649.558	1	-4
649.728	1	2
649.897	1	-2
650.067	1	5
650.236	1	16
650.406	1	3
650.575	1	3
650.745	1	13
650.914	1	-9
651.084	1	-14
651.253	1	5
651.423	1	0
651.592	1	-5
651.762	1	1
651.931	1	8
652.101	1	-1
652.270	1	12
652.440	1	6
652.609	1	-1
652.778	1	4
652.948	1	8
653.117	1	9
653.287	1	-6
653.456	1	10
653.626	1	15
653.795	1	-3
653.965	1	0
654.134	1	5
654.304	1	-14
654.473	1	3
654.643	1	8
654.812	1	6
654.982	1	-1
655.151	1	-6
655.320	1	0
655.490	1	-2
655.659	1	2
655.829	1	6
655.998	1	-8
656.168	1	2
656.337	1	7
656.507	1	1
656.676	1	6
656.846	1	8
657.015	1	10
657.184	1	11
657.354	1	11
657.523	1	-2
657.693	1	10
657.862	1	5
658.032	1	8
658.201	1	3
658.371	1	8
658.540	1	6
658.709	1	-1
658.879	1	19
659.048	1	-4
659.218	1	4
659.387	1	3
659.557	1	-2
659.726	1	8
659.895	1	-4
660.065	1	-18
660.234	1	4
660.404	1	-2
660.573	1	-1
660.743	1	6
660.912	1	5
661.081	1	7
661.251	1	1
661.420	1	5
661.590	1	5
661.759	1	10
661.929	1	2
662.098	1	8
662.267	1	3
662.437	1	14
662.606	1	3
662.776	1	14
662.945	1	4
663.115	1	8
663.284	1	-5
663.453	1	1
663.623	1	3
663.792	1	15
663.962	1	-3
664.131	1	3
664.300	1	9
664.470	1	1
664.639	1	9
664.809	1	0
664.978	1	6
665.148	1	8
665.317	1	10
665.486	1	18
665.656	1	7
665.825	1	1
665.995	1	-7
666.164	1	2
666.333	1	-2
666.503	1	5
666.672	1	1
666.842	1	-3
667.011	1	0
667.180	1	8
667.350	1	2
667.519	1	2
667.689	1	6
667.858	1	9
668.027	1	9
668.197	1	-7
668.366	1	-4
668.536	1	3
668.705	1	-6
668.874	1	1
669.044	1	2
669.213	1	14
669.382	1	-7
669.552	1	4
669.721	1	15
669.891	1	9
670.060	1	1
670.229	1	16
670.399	1	8
670.568	1	7
670.738	1	15
670.907	1	-3
671.076	1	-8
671.246	1	7
671.415	1	3
671.584	1	-11
671.754	1	-5
671.923	1	2
672.093	1	5
672.262	1	-10
672.431	1	9
672.601	1	1
672.770	1	-1
672.939	1	13
673.109	1	5
673.278	1	11
673.448	1	10
673.617	1	2
673.786	1	8
