340.368	1	6
340.539	1	4
340.710	1	-3
340.881	1	7
341.052	1	17
341.223	1	-8
341.394	1	2
341.565	1	17
341.737	1	12
341.908	1	6
342.079	1	13
342.250	1	7
342.421	1	2
342.592	1	2
342.763	1	10
342.934	1	5
343.105	1	-3
343.276	1	9
343.447	1	8
343.618	1	17
343.789	1	22
343.960	1	21
344.131	1	11
344.302	1	15
344.473	1	3
344.644	1	7
344.815	1	-2
344.986	1	-5
345.157	1	-10
345.328	1	3
345.499	1	7
345.670	1	6
345.841	1	-1
346.012	1	8
346.183	1	0
346.354	1	10
346.526	1	5
346.697	1	6
346.868	1	4
347.039	1	-3
347.210	1	0
347.381	1	6
347.552	1	16
347.723	1	13
347.894	1	7
348.065	1	4
348.236	1	-6
348.407	1	8
348.578	1	19
348.749	1	2
348.920	1	7
349.091	1	13
349.262	1	3
349.433	1	8
349.604	1	11
349.775	1	15
349.946	1	6
350.117	1	17
350.288	1	9
350.459	1	2
350.630	1	7
350.801	1	10
350.972	1	8
351.143	1	4
351.314	1	6
351.485	1	-1
351.656	1	15
351.827	1	-2
351.998	1	15
352.169	1	10
352.340	1	15
352.511	1	10
352.682	1	14
352.853	1	5
353.024	1	22
353.195	1	9
353.366	1	4
353.537	1	21
353.708	1	8
353.879	1	19
354.050	1	5
354.221	1	9
354.392	1	18
354.563	1	17
354.734	1	0
354.905	1	23
355.076	1	19
355.247	1	14
355.418	1	23
355.589	1	18
355.760	1	8
355.931	1	18
356.102	1	8
356.273	1	27
356.444	1	16
356.615	1	19
356.785	1	20
356.956	1	24
357.127	1	35
357.298	1	26
357.469	1	29
357.640	1	34
357.811	1	40
357.982	1	21
358.153	1	30
358.324	1	37
358.495	1	38
358.666	1	40
358.837	1	32
359.008	1	47
359.179	1	35
359.350	1	50
359.521	1	46
359.692	1	59
359.863	1	43
360.034	1	48
360.205	1	53
360.376	1	54
360.547	1	55
360.718	1	71
360.889	1	64
361.060	1	59
361.231	1	63
361.401	1	70
361.572	1	69
361.743	1	77
361.914	1	80
362.085	1	83
362.256	1	83
362.427	1	99
362.598	1	90
362.769	1	116
362.940	1	97
363.111	1	112
363.282	1	122
363.453	1	127
363.624	1	135
363.795	1	140
363.966	1	149
364.137	1	150
364.308	1	165
364.478	1	157
364.649	1	180
364.820	1	189
364.991	1	195
365.162	1	198
365.333	1	208
365.504	1	227
365.675	1	236
365.846	1	246
366.017	1	270
366.188	1	250
366.359	1	266
366.530	1	294
366.701	1	302
366.871	1	293
367.042	1	317
367.213	1	318
367.384	1	335
367.555	1	354
367.726	1	347
367.897	1	359
368.068	1	367
368.239	1	375
368.410	1	356
368.581	1	375
368.752	1	355
368.923	1	361
369.093	1	352
369.264	1	354
369.435	1	347
369.606	1	353
369.777	1	342
369.948	1	325
370.119	1	333
370.290	1	332
370.461	1	320
370.632	1	315
370.803	1	325
370.973	1	312
371.144	1	295
371.315	1	282
371.486	1	264
371.657	1	261
371.828	1	272
371.999	1	243
372.170	1	237
372.341	1	243
372.512	1	235
372.682	1	235
372.853	1	210
373.024	1	205
373.195	1	207
373.366	1	199
373.537	1	192
373.708	1	195
373.879	1	193
374.050	1	182
374.220	1	174
374.391	1	182
374.562	1	181
374.733	1	164
374.904	1	155
375.075	1	146
375.246	1	169
375.417	1	144
375.588	1	138
375.758	1	147
375.929	1	129
376.100	1	129
376.271	1	129
376.442	1	130
376.613	1	137
376.784	1	118
376.955	1	116
377.125	1	116
377.296	1	112
377.467	1	112
377.638	1	104
377.809	1	105
377.980	1	119
378.151	1	95
378.321	1	108
378.492	1	107
378.663	1	99
378.834	1	95
379.005	1	93
379.176	1	83
379.347	1	98
379.518	1	95
379.688	1	77
379.859	1	81
380.030	1	83
380.201	1	67
380.372	1	65
380.543	1	75
380.714	1	67
380.884	1	61
381.055	1	74
381.226	1	76
381.397	1	79
381.568	1	61
381.739	1	64
381.910	1	54
382.080	1	55
382.251	1	68
382.422	1	48
382.593	1	66
382.764	1	63
382.935	1	54
383.105	1	57
383.276	1	56
383.447	1	53
383.618	1	51
383.789	1	60
383.960	1	46
384.130	1	54
384.301	1	58
384.472	1	57
384.643	1	44
384.814	1	50
384.985	1	58
385.156	1	52
385.326	1	55
385.497	1	40
385.668	1	49
385.839	1	39
386.010	1	45
386.180	1	50
386.351	1	36
386.522	1	45
386.693	1	51
386.864	1	41
387.035	1	42
387.205	1	20
387.376	1	32
387.547	1	50
387.718	1	43
387.889	1	41
388.060	1	41
388.230	1	32
388.401	1	32
388.572	1	22
388.743	1	45
388.914	1	26
389.084	1	31
389.255	1	30
389.426	1	21
389.597	1	25
389.768	1	43
389.939	1	27
390.109	1	30
390.280	1	39
390.451	1	21
390.622	1	30
390.793	1	28
390.963	1	36
391.134	1	22
391.305	1	26
391.476	1	34
391.647	1	22
391.817	1	33
391.988	1	33
392.159	1	19
392.330	1	20
392.501	1	19
392.671	1	22
392.842	1	17
393.013	1	16
393.184	1	25
393.355	1	11
393.525	1	10
393.696	1	25
393.867	1	18
394.038	1	25
394.208	1	16
394.379	1	32
394.550	1	9
394.721	1	18
394.892	1	23
395.062	1	20
395.233	1	19
395.404	1	10
395.575	1	25
395.746	1	11
395.916	1	15
396.087	1	15
396.258	1	20
396.429	1	18
396.599	1	10
396.770	1	22
396.941	1	25
397.112	1	13
397.283	1	13
397.453	1	14
397.624	1	15
397.795	1	12
397.966	1	21
398.136	1	5
398.307	1	13
398.478	1	12
398.649	1	22
398.819	1	3
398.990	1	4
399.161	1	9
399.332	1	9
399.503	1	21
399.673	1	15
399.844	1	18
400.015	1	-7
400.186	1	3
400.356	1	19
400.527	1	8
400.698	1	12
400.869	1	6
401.039	1	9
401.210	1	15
401.381	1	15
401.552	1	8
401.722	1	5
401.893	1	6
402.064	1	6
402.235	1	13
402.405	1	11
402.576	1	11
402.747	1	11
402.918	1	10
403.088	1	5
403.259	1	18
403.430	1	7
403.601	1	14
403.771	1	15
403.942	1	4
404.113	1	5
404.284	1	4
404.454	1	13
404.625	1	14
404.796	1	8
404.967	1	3
405.137	1	7
405.308	1	4
405.479	1	11
405.649	1	6
405.820	1	17
405.991	1	8
406.162	1	11
406.332	1	4
406.503	1	-2
406.674	1	9
406.845	1	27
407.015	1	12
407.186	1	1
407.357	1	9
407.527	1	7
407.698	1	1
407.869	1	9
408.040	1	11
408.210	1	14
408.381	1	7
408.552	1	22
408.722	1	14
408.893	1	6
409.064	1	-2
409.235	1	12
409.405	1	6
409.576	1	3
409.747	1	6
409.917	1	6
410.088	1	2
410.259	1	2
410.430	1	2
410.600	1	8
410.771	1	1
410.942	1	7
411.112	1	19
411.283	1	5
411.454	1	15
411.625	1	15
411.795	1	6
411.966	1	8
412.137	1	2
412.307	1	11
412.478	1	9
412.649	1	5
412.819	1	18
412.990	1	9
413.161	1	10
413.332	1	12
413.502	1	11
413.673	1	-4
413.844	1	-3
414.014	1	15
414.185	1	10
414.356	1	-3
414.526	1	-3
414.697	1	5
414.868	1	6
415.038	1	8
415.209	1	6
415.380	1	3
415.550	1	20
415.721	1	3
415.892	1	11
416.063	1	-3
416.233	1	7
416.404	1	-1
416.575	1	-1
416.745	1	0
416.916	1	-6
417.087	1	1
417.257	1	1
417.428	1	12
417.599	1	6
417.769	1	4
417.940	1	7
418.111	1	2
418.281	1	16
418.452	1	5
418.623	1	3
418.793	1	15
418.964	1	4
419.135	1	-3
419.305	1	9
419.476	1	8
419.647	1	2
419.817	1	14
419.988	1	6
420.159	1	0
420.329	1	18
420.500	1	6
420.671	1	3
420.841	1	6
421.012	1	14
421.183	1	-7
421.353	1	9
421.524	1	14
421.695	1	4
421.865	1	2
422.036	1	5
422.206	1	9
422.377	1	8
422.548	1	4
422.718	1	6
422.889	1	10
423.060	1	-1
423.230	1	6
423.401	1	-1
423.572	1	17
423.742	1	4
423.913	1	-2
424.084	1	4
424.254	1	-7
424.425	1	5
424.595	1	11
424.766	1	4
424.937	1	23
425.107	1	15
425.278	1	5
425.449	1	10
425.619	1	4
425.790	1	11
425.961	1	5
426.131	1	8
426.302	1	-4
426.472	1	3
426.643	1	8
426.814	1	13
426.984	1	-5
427.155	1	15
427.326	1	-3
427.496	1	-4
427.667	1	4
427.837	1	12
428.008	1	0
428.179	1	0
428.349	1	6
428.520	1	11
428.691	1	13
428.861	1	4
429.032	1	4
429.202	1	14
429.373	1	9
429.544	1	6
429.714	1	-1
429.885	1	14
430.055	1	-1
430.226	1	11
430.397	1	6
430.567	1	-4
430.738	1	-3
430.909	1	12
431.079	1	17
431.250	1	16
431.420	1	8
431.591	1	9
431.762	1	3
431.932	1	7
432.103	1	-3
432.273	1	13
432.444	1	-5
432.615	1	7
432.785	1	7
432.956	1	10
433.126	1	15
433.297	1	8
433.468	1	2
433.638	1	5
433.809	1	9
433.979	1	-1
434.150	1	13
434.320	1	1
434.491	1	4
434.662	1	4
434.832	1	-6
435.003	1	8
435.173	1	5
435.344	1	-4
435.515	1	-4
435.685	1	-2
435.856	1	13
436.026	1	4
436.197	1	11
436.368	1	2
436.538	1	2
436.709	1	-4
436.879	1	5
437.050	1	12
437.220	1	13
437.391	1	3
437.562	1	6
437.732	1	5
437.903	1	8
438.073	1	13
438.244	1	4
438.414	1	-12
438.585	1	-5
438.756	1	1
438.926	1	-3
439.097	1	-2
439.267	1	6
439.438	1	5
439.608	1	7
439.779	1	3
439.949	1	12
440.120	1	1
440.291	1	4
440.461	1	7
440.632	1	5
440.802	1	-4
440.973	1	6
441.143	1	11
441.314	1	1
441.485	1	16
441.655	1	8
441.826	1	13
441.996	1	-5
442.167	1	4
442.337	1	-5
442.508	1	-4
442.678	1	8
442.849	1	14
443.019	1	12
443.190	1	8
443.361	1	8
443.531	1	2
443.702	1	5
443.872	1	-2
444.043	1	3
444.213	1	4
444.384	1	11
444.554	1	6
444.725	1	16
444.895	1	7
445.066	1	8
445.237	1	4
445.407	1	-2
445.578	1	2
445.748	1	-3
445.919	1	-9
446.089	1	23
446.260	1	-7
446.430	1	4
446.601	1	8
446.771	1	4
446.942	1	1
447.112	1	7
447.283	1	11
447.453	1	-2
447.624	1	1
447.794	1	6
447.965	1	5
448.135	1	1
448.306	1	11
448.477	1	0
448.647	1	8
448.818	1	7
448.988	1	5
449.159	1	12
449.329	1	2
449.500	1	-7
449.670	1	4
449.841	1	3
450.011	1	12
450.182	1	8
450.352	1	13
450.523	1	-4
450.693	1	4
450.864	1	0
451.034	1	10
451.205	1	11
451.375	1	12
451.546	1	4
451.716	1	1
451.887	1	7
452.057	1	7
452.228	1	15
452.398	1	17
452.569	1	5
452.739	1	7
452.910	1	8
453.080	1	6
453.251	1	-1
453.421	1	7
453.592	1	8
453.762	1	1
453.933	1	8
454.103	1	-3
454.274	1	4
454.444	1	0
454.615	1	2
454.785	1	6
454.956	1	0
455.126	1	0
455.297	1	13
455.467	1	7
455.638	1	2
455.808	1	-1
455.979	1	2
456.149	1	2
456.320	1	6
456.490	1	1
456.661	1	6
456.831	1	-1
457.001	1	14
457.172	1	-1
457.342	1	5
457.513	1	4
457.683	1	5
457.854	1	7
458.024	1	4
458.195	1	0
458.365	1	10
458.536	1	-2
458.706	1	17
458.877	1	4
459.047	1	17
459.218	1	3
459.388	1	12
459.559	1	7
459.729	1	2
459.899	1	1
460.070	1	1
460.240	1	-2
460.411	1	6
460.581	1	3
460.752	1	1
460.922	1	-1
461.093	1	0
461.263	1	0
461.434	1	4
461.604	1	11
461.775	1	-4
461.945	1	-1
462.115	1	3
462.286	1	14
462.456	1	5
462.627	1	-8
462.797	1	-2
462.968	1	11
463.138	1	2
463.309	1	-1
463.479	1	7
463.649	1	4
463.820	1	11
463.990	1	15
464.161	1	-2
464.331	1	1
464.502	1	-3
464.672	1	18
464.843	1	6
465.013	1	12
465.183	1	6
465.354	1	4
465.524	1	0
465.695	1	4
465.865	1	11
466.036	1	-5
466.206	1	6
466.376	1	6
466.547	1	13
466.717	1	13
466.888	1	3
467.058	1	11
467.229	1	8
467.399	1	7
467.569	1	29
467.740	1	7
467.910	1	1
468.081	1	6
468.251	1	1
468.422	1	9
468.592	1	15
468.762	1	5
468.933	1	5
469.103	1	4
469.274	1	12
469.444	1	-1
469.614	1	4
469.785	1	2
469.955	1	-5
470.126	1	-3
470.296	1	2
470.467	1	0
470.637	1	1
470.807	1	14
470.978	1	4
471.148	1	4
471.319	1	11
471.489	1	11
471.659	1	9
471.830	1	1
472.000	1	2
472.171	1	1
472.341	1	3
472.511	1	4
472.682	1	5
472.852	1	12
473.023	1	6
473.193	1	9
473.363	1	7
473.534	1	16
473.704	1	-1
473.875	1	12
474.045	1	7
474.215	1	11
474.386	1	10
474.556	1	15
474.727	1	7
474.897	1	3
475.067	1	3
475.238	1	19
475.408	1	0
475.578	1	2
475.749	1	11
475.919	1	8
476.090	1	9
476.260	1	8
476.430	1	2
476.601	1	2
476.771	1	8
476.942	1	3
477.112	1	9
477.282	1	9
477.453	1	0
477.623	1	17
477.793	1	2
477.964	1	15
478.134	1	14
478.305	1	14
478.475	1	11
478.645	1	9
478.816	1	12
478.986	1	12
479.156	1	3
479.327	1	12
479.497	1	7
479.667	1	6
479.838	1	16
480.008	1	15
480.179	1	13
480.349	1	6
480.519	1	11
480.690	1	9
480.860	1	13
481.030	1	3
481.201	1	11
481.371	1	14
481.541	1	3
481.712	1	7
481.882	1	11
482.053	1	9
482.223	1	19
482.393	1	7
482.564	1	9
482.734	1	21
482.904	1	8
483.075	1	4
483.245	1	6
483.415	1	8
483.586	1	27
483.756	1	10
483.926	1	10
484.097	1	11
484.267	1	13
484.437	1	11
484.608	1	12
484.778	1	9
484.948	1	30
485.119	1	10
485.289	1	3
485.459	1	14
485.630	1	9
485.800	1	8
485.970	1	4
486.141	1	8
486.311	1	13
486.481	1	9
486.652	1	18
486.822	1	15
486.992	1	18
487.163	1	0
487.333	1	3
487.503	1	14
487.674	1	21
487.844	1	20
488.014	1	14
488.185	1	14
488.355	1	14
488.525	1	18
488.696	1	18
488.866	1	16
489.036	1	25
489.207	1	18
489.377	1	19
489.547	1	10
489.718	1	1
489.888	1	19
490.058	1	15
490.228	1	14
490.399	1	21
490.569	1	22
490.739	1	31
490.910	1	12
491.080	1	6
491.250	1	11
491.421	1	24
491.591	1	18
491.761	1	13
491.932	1	17
492.102	1	17
492.272	1	16
492.442	1	10
492.613	1	17
492.783	1	5
492.953	1	29
493.124	1	13
493.294	1	21
493.464	1	21
493.635	1	21
493.805	1	24
493.975	1	25
494.145	1	29
494.316	1	18
494.486	1	10
494.656	1	17
494.827	1	24
494.997	1	32
495.167	1	39
495.337	1	23
495.508	1	13
495.678	1	25
495.848	1	29
496.019	1	24
496.189	1	25
496.359	1	21
496.529	1	21
496.700	1	40
496.870	1	17
497.040	1	17
497.211	1	33
497.381	1	26
497.551	1	25
497.721	1	24
497.892	1	33
498.062	1	19
498.232	1	28
498.403	1	28
498.573	1	31
498.743	1	30
498.913	1	24
499.084	1	20
499.254	1	27
499.424	1	31
499.594	1	27
499.765	1	27
499.935	1	31
500.105	1	34
500.275	1	37
500.446	1	29
500.616	1	36
500.786	1	28
500.956	1	37
501.127	1	34
501.297	1	27
501.467	1	35
501.638	1	28
501.808	1	44
501.978	1	46
502.148	1	21
502.319	1	33
502.489	1	32
502.659	1	30
502.829	1	40
503.000	1	37
503.170	1	36
503.340	1	38
503.510	1	37
503.681	1	35
503.851	1	29
504.021	1	36
504.191	1	46
504.362	1	31
504.532	1	38
504.702	1	36
504.872	1	27
505.042	1	39
505.213	1	41
505.383	1	43
505.553	1	41
505.723	1	37
505.894	1	36
506.064	1	35
506.234	1	32
506.404	1	55
506.575	1	45
506.745	1	34
506.915	1	45
507.085	1	49
507.256	1	39
507.426	1	35
507.596	1	42
507.766	1	49
507.936	1	40
508.107	1	37
508.277	1	40
508.447	1	30
508.617	1	42
508.788	1	40
508.958	1	60
509.128	1	44
509.298	1	40
509.468	1	49
509.639	1	40
509.809	1	39
509.979	1	44
510.149	1	38
510.319	1	49
510.490	1	31
510.660	1	46
510.830	1	34
511.000	1	37
511.171	1	39
511.341	1	46
511.511	1	36
511.681	1	56
511.851	1	51
512.022	1	51
512.192	1	46
512.362	1	53
512.532	1	50
512.702	1	40
512.873	1	42
513.043	1	50
513.213	1	41
513.383	1	34
513.553	1	39
513.724	1	49
513.894	1	56
514.064	1	50
514.234	1	44
514.404	1	50
514.575	1	44
514.745	1	42
514.915	1	37
515.085	1	52
515.255	1	53
515.425	1	49
515.596	1	45
515.766	1	48
515.936	1	62
516.106	1	50
516.276	1	57
516.447	1	50
516.617	1	42
516.787	1	36
516.957	1	40
517.127	1	50
517.297	1	54
517.468	1	59
517.638	1	60
517.808	1	58
517.978	1	51
518.148	1	64
518.319	1	58
518.489	1	58
518.659	1	56
518.829	1	59
518.999	1	64
519.169	1	59
519.340	1	53
519.510	1	47
519.680	1	43
519.850	1	51
520.020	1	48
520.190	1	56
520.361	1	49
520.531	1	51
520.701	1	49
520.871	1	57
521.041	1	44
521.211	1	46
521.382	1	61
521.552	1	53
521.722	1	67
521.892	1	50
522.062	1	59
522.232	1	57
522.402	1	61
522.573	1	64
522.743	1	55
522.913	1	49
523.083	1	59
523.253	1	42
523.423	1	51
523.593	1	57
523.764	1	67
523.934	1	58
524.104	1	54
524.274	1	52
524.444	1	59
524.614	1	73
524.784	1	60
524.955	1	52
525.125	1	59
525.295	1	58
525.465	1	65
525.635	1	50
525.805	1	63
525.975	1	57
526.146	1	51
526.316	1	70
526.486	1	54
526.656	1	55
526.826	1	68
526.996	1	55
527.166	1	68
527.337	1	56
527.507	1	50
527.677	1	75
527.847	1	61
528.017	1	71
528.187	1	72
528.357	1	79
528.527	1	66
528.698	1	58
528.868	1	65
529.038	1	48
529.208	1	63
529.378	1	61
529.548	1	60
529.718	1	60
529.888	1	62
530.058	1	66
530.229	1	57
530.399	1	69
530.569	1	53
530.739	1	67
530.909	1	76
531.079	1	59
531.249	1	64
531.419	1	67
531.589	1	70
531.760	1	57
531.930	1	51
532.100	1	67
532.270	1	69
532.440	1	49
532.610	1	55
532.780	1	58
532.950	1	50
533.120	1	56
533.290	1	62
533.461	1	64
533.631	1	68
533.801	1	64
533.971	1	55
534.141	1	64
534.311	1	43
534.481	1	52
534.651	1	60
534.821	1	47
534.991	1	45
535.162	1	49
535.332	1	59
535.502	1	71
535.672	1	52
535.842	1	53
536.012	1	50
536.182	1	52
536.352	1	47
536.522	1	63
536.692	1	36
536.862	1	51
537.032	1	48
537.203	1	55
537.373	1	58
537.543	1	56
537.713	1	63
537.883	1	46
538.053	1	53
538.223	1	53
538.393	1	65
538.563	1	61
538.733	1	49
538.903	1	53
539.073	1	56
539.243	1	40
539.413	1	50
539.584	1	46
539.754	1	56
539.924	1	53
540.094	1	68
540.264	1	47
540.434	1	49
540.604	1	43
540.774	1	54
540.944	1	59
541.114	1	59
541.284	1	53
541.454	1	54
541.624	1	56
541.794	1	50
541.964	1	45
542.134	1	53
542.305	1	61
542.475	1	66
542.645	1	57
542.815	1	54
542.985	1	57
543.155	1	75
543.325	1	47
543.495	1	51
543.665	1	63
543.835	1	61
544.005	1	58
544.175	1	67
544.345	1	57
544.515	1	54
544.685	1	64
544.855	1	59
545.025	1	57
545.195	1	54
545.365	1	66
545.535	1	68
545.705	1	49
545.875	1	59
546.045	1	64
546.216	1	66
546.386	1	47
546.556	1	54
546.726	1	69
546.896	1	62
547.066	1	56
547.236	1	60
547.406	1	67
547.576	1	45
547.746	1	43
547.916	1	52
548.086	1	55
548.256	1	61
548.426	1	58
548.596	1	62
548.766	1	64
548.936	1	48
549.106	1	58
549.276	1	46
549.446	1	44
549.616	1	46
549.786	1	63
549.956	1	52
550.126	1	61
550.296	1	61
550.466	1	59
550.636	1	53
550.806	1	53
550.976	1	57
551.146	1	52
551.316	1	57
551.486	1	46
551.656	1	33
551.826	1	42
551.996	1	57
552.166	1	52
552.336	1	47
552.506	1	57
552.676	1	58
552.846	1	60
553.016	1	55
553.186	1	43
553.356	1	47
553.526	1	46
553.696	1	47
553.866	1	57
554.036	1	56
554.206	1	55
554.376	1	48
554.546	1	57
554.716	1	50
554.886	1	40
555.056	1	53
555.226	1	43
555.396	1	55
555.566	1	42
555.736	1	52
555.906	1	48
556.076	1	52
556.246	1	49
556.416	1	54
556.586	1	39
556.756	1	48
556.926	1	46
557.096	1	53
557.266	1	53
557.436	1	49
557.606	1	45
557.776	1	41
557.946	1	39
558.116	1	50
558.286	1	35
558.456	1	45
558.626	1	54
558.796	1	57
558.966	1	54
559.136	1	38
559.306	1	49
559.476	1	42
559.646	1	64
559.816	1	50
559.986	1	46
560.155	1	43
560.325	1	43
560.495	1	56
560.665	1	37
560.835	1	35
561.005	1	51
561.175	1	45
561.345	1	58
561.515	1	48
561.685	1	57
561.855	1	40
562.025	1	49
562.195	1	34
562.365	1	54
562.535	1	53
562.705	1	42
562.875	1	47
563.045	1	45
563.215	1	41
563.385	1	46
563.555	1	55
563.725	1	36
563.895	1	60
564.064	1	54
564.234	1	43
564.404	1	35
564.574	1	45
564.744	1	32
564.914	1	43
565.084	1	40
565.254	1	48
565.424	1	38
565.594	1	40
565.764	1	41
565.934	1	48
566.104	1	52
566.274	1	48
566.444	1	45
566.614	1	48
566.783	1	47
566.953	1	45
567.123	1	44
567.293	1	28
567.463	1	46
567.633	1	43
567.803	1	51
567.973	1	59
568.143	1	48
568.313	1	43
568.483	1	46
568.653	1	53
568.823	1	40
568.993	1	46
569.162	1	34
569.332	1	44
569.502	1	42
569.672	1	41
569.842	1	43
570.012	1	49
570.182	1	39
570.352	1	33
570.522	1	32
570.692	1	28
570.862	1	31
571.031	1	42
571.201	1	31
571.371	1	42
571.541	1	44
571.711	1	35
571.881	1	44
572.051	1	32
572.221	1	47
572.391	1	35
572.561	1	33
572.731	1	22
572.900	1	37
573.070	1	43
573.240	1	33
573.410	1	39
573.580	1	55
573.750	1	46
573.920	1	40
574.090	1	43
574.260	1	40
574.430	1	35
574.599	1	27
574.769	1	28
574.939	1	38
575.109	1	40
575.279	1	52
575.449	1	41
575.619	1	29
575.789	1	59
575.959	1	34
576.128	1	30
576.298	1	31
576.468	1	48
576.638	1	54
576.808	1	47
576.978	1	39
577.148	1	44
577.318	1	39
577.487	1	41
577.657	1	45
577.827	1	40
577.997	1	34
578.167	1	45
578.337	1	43
578.507	1	46
578.677	1	28
578.846	1	43
579.016	1	50
579.186	1	32
579.356	1	34
579.526	1	39
579.696	1	36
579.866	1	38
580.036	1	34
580.205	1	37
580.375	1	37
580.545	1	41
580.715	1	38
580.885	1	24
581.055	1	42
581.225	1	26
581.394	1	48
581.564	1	32
581.734	1	33
581.904	1	36
582.074	1	27
582.244	1	47
582.414	1	21
582.583	1	29
582.753	1	41
582.923	1	41
583.093	1	32
583.263	1	37
583.433	1	40
583.603	1	39
583.772	1	33
583.942	1	30
584.112	1	33
584.282	1	42
584.452	1	28
584.622	1	31
584.791	1	36
584.961	1	16
585.131	1	32
585.301	1	31
585.471	1	40
585.641	1	41
585.811	1	39
585.980	1	36
586.150	1	32
586.320	1	27
586.490	1	33
586.660	1	33
586.830	1	29
586.999	1	33
587.169	1	29
587.339	1	31
587.509	1	28
587.679	1	29
587.849	1	25
588.018	1	50
588.188	1	31
588.358	1	34
588.528	1	29
588.698	1	30
588.867	1	24
589.037	1	34
589.207	1	33
589.377	1	25
589.547	1	40
589.717	1	33
589.886	1	30
590.056	1	33
590.226	1	32
590.396	1	31
590.566	1	25
590.735	1	36
590.905	1	23
591.075	1	21
591.245	1	34
591.415	1	18
591.585	1	32
591.754	1	29
591.924	1	24
592.094	1	27
592.264	1	11
592.434	1	25
592.603	1	25
592.773	1	7
592.943	1	33
593.113	1	19
593.283	1	27
593.452	1	30
593.622	1	34
593.792	1	23
593.962	1	35
594.132	1	32
594.301	1	21
594.471	1	35
594.641	1	27
594.811	1	18
594.981	1	17
595.150	1	28
595.320	1	25
595.490	1	27
595.660	1	29
595.829	1	24
595.999	1	30
596.169	1	33
596.339	1	20
596.509	1	21
596.678	1	19
596.848	1	30
597.018	1	17
597.188	1	14
597.358	1	13
597.527	1	27
597.697	1	19
597.867	1	23
598.037	1	20
598.206	1	22
598.376	1	16
598.546	1	20
598.716	1	36
598.885	1	36
599.055	1	33
599.225	1	37
599.395	1	25
599.565	1	29
599.734	1	25
599.904	1	32
600.074	1	18
600.244	1	30
600.413	1	24
600.583	1	36
600.753	1	34
600.923	1	31
601.092	1	32
601.262	1	33
601.432	1	33
601.602	1	27
601.771	1	31
601.941	1	36
602.111	1	22
602.281	1	34
602.451	1	27
602.620	1	11
602.790	1	29
602.960	1	38
603.130	1	25
603.299	1	31
603.469	1	33
603.639	1	25
603.809	1	23
603.978	1	20
604.148	1	32
604.318	1	36
604.487	1	20
604.657	1	29
604.827	1	16
604.997	1	27
605.166	1	31
605.336	1	17
605.506	1	15
605.676	1	28
605.845	1	26
606.015	1	26
606.185	1	18
606.355	1	16
606.524	1	26
606.694	1	21
606.864	1	19
607.034	1	26
607.203	1	24
607.373	1	34
607.543	1	19
607.712	1	26
607.882	1	32
608.052	1	27
608.222	1	12
608.391	1	33
608.561	1	19
608.731	1	25
608.901	1	25
609.070	1	26
609.240	1	33
609.410	1	13
609.579	1	30
609.749	1	22
609.919	1	22
610.089	1	30
610.258	1	17
610.428	1	23
610.598	1	25
610.767	1	10
610.937	1	17
611.107	1	17
611.277	1	18
611.446	1	19
611.616	1	21
611.786	1	25
611.955	1	23
612.125	1	17
612.295	1	21
612.465	1	26
612.634	1	25
612.804	1	28
612.974	1	15
613.143	1	19
613.313	1	17
613.483	1	23
613.652	1	14
613.822	1	19
613.992	1	27
614.162	1	17
614.331	1	30
614.501	1	15
614.671	1	23
614.840	1	23
615.010	1	14
615.180	1	28
615.349	1	25
615.519	1	23
615.689	1	17
615.858	1	21
616.028	1	19
616.198	1	20
616.368	1	17
616.537	1	16
616.707	1	37
616.877	1	20
617.046	1	16
617.216	1	37
617.386	1	25
617.555	1	22
617.725	1	15
617.895	1	24
618.064	1	12
618.234	1	31
618.404	1	22
618.573	1	23
618.743	1	23
618.913	1	17
619.082	1	26
619.252	1	27
619.422	1	25
619.591	1	19
619.761	1	13
619.931	1	17
620.100	1	13
620.270	1	26
620.440	1	17
620.609	1	16
620.779	1	22
620.949	1	23
621.118	1	23
621.288	1	22
621.458	1	27
621.627	1	19
621.797	1	15
621.967	1	18
622.136	1	27
622.306	1	18
622.476	1	18
622.645	1	11
622.815	1	11
622.985	1	6
623.154	1	8
623.324	1	12
623.494	1	32
623.663	1	27
623.833	1	13
624.002	1	23
624.172	1	19
624.342	1	10
624.511	1	24
624.681	1	10
624.851	1	23
625.020	1	28
625.190	1	13
625.360	1	23
625.529	1	16
625.699	1	20
625.869	1	11
626.038	1	15
626.208	1	20
626.377	1	18
626.547	1	29
626.717	1	19
626.886	1	15
627.056	1	13
627.226	1	10
627.395	1	11
627.565	1	11
627.735	1	22
627.904	1	30
628.074	1	15
628.243	1	21
628.413	1	23
628.583	1	15
628.752	1	12
628.922	1	23
629.091	1	20
629.261	1	19
629.431	1	5
629.600	1	17
629.770	1	12
629.940	1	7
630.109	1	9
630.279	1	22
630.448	1	20
630.618	1	22
630.788	1	13
630.957	1	23
631.127	1	17
631.297	1	19
631.466	1	25
631.636	1	15
631.805	1	7
631.975	1	18
632.145	1	10
632.314	1	3
632.484	1	14
632.653	1	19
632.823	1	14
632.993	1	21
633.162	1	12
633.332	1	21
633.501	1	7
633.671	1	15
633.841	1	-3
634.010	1	20
634.180	1	13
634.349	1	15
634.519	1	19
634.689	1	22
634.858	1	7
635.028	1	14
635.197	1	18
635.367	1	9
635.537	1	7
635.706	1	22
635.876	1	7
636.045	1	13
636.215	1	5
636.384	1	6
636.554	1	24
636.724	1	15
636.893	1	10
637.063	1	20
637.232	1	28
637.402	1	15
637.572	1	20
637.741	1	7
637.911	1	6
638.080	1	14
638.250	1	8
638.419	1	10
638.589	1	20
638.759	1	11
638.928	1	15
639.098	1	26
639.267	1	4
639.437	1	14
639.606	1	1
639.776	1	23
639.946	1	14
640.115	1	21
640.285	1	7
640.454	1	11
640.624	1	23
640.793	1	16
640.963	1	11
641.132	1	15
641.302	1	13
641.472	1	15
641.641	1	14
641.811	1	15
641.980	1	15
642.150	1	9
642.319	1	10
642.489	1	20
642.659	1	18
642.828	1	16
642.998	1	10
643.167	1	8
643.337	1	7
643.506	1	23
643.676	1	18
643.845	1	20
644.015	1	11
644.184	1	10
644.354	1	16
644.524	1	19
644.693	1	10
644.863	1	19
645.032	1	18
645.202	1	21
645.371	1	1
645.541	1	19
645.710	1	19
645.880	1	20
646.049	1	15
646.219	1	21
646.388	1	10
646.558	1	10
646.728	1	20
646.897	1	21
647.067	1	12
647.236	1	17
647.406	1	19
647.575	1	22
647.745	1	15
647.914	1	17
648.084	1	15
648.253	1	16
648.423	1	17
648.592	1	12
648.762	1	17
648.931	1	8
649.101	1	20
649.270	1	14
649.440	1	17
649.610	1	4
649.779	1	14
649.949	1	13
650.118	1	23
650.288	1	17
650.457	1	7
650.627	1	12
650.796	1	12
650.966	1	13
651.135	1	5
651.305	1	17
651.474	1	10
651.644	1	11
651.813	1	19
651.983	1	29
652.152	1	15
652.322	1	2
652.491	1	17
652.661	1	16
652.830	1	13
653.000	1	6
653.169	1	5
653.339	1	17
653.508	1	12
653.678	1	13
653.847	1	14
654.017	1	12
654.186	1	15
654.356	1	18
654.525	1	4
654.695	1	14
654.864	1	12
655.034	1	13
655.203	1	5
655.373	1	11
655.542	1	9
655.712	1	16
655.881	1	12
656.051	1	12
656.220	1	14
656.390	1	21
656.559	1	15
656.729	1	11
656.898	1	9
657.068	1	12
657.237	1	11
657.406	1	16
657.576	1	10
657.745	1	19
657.915	1	4
658.084	1	14
658.254	1	10
658.423	1	20
658.593	1	5
658.762	1	15
658.932	1	0
659.101	1	7
659.271	1	12
659.440	1	5
659.610	1	19
659.779	1	17
659.949	1	10
660.118	1	14
660.288	1	9
660.457	1	16
660.626	1	27
660.796	1	12
660.965	1	-5
661.135	1	12
661.304	1	15
661.474	1	6
661.643	1	11
661.813	1	25
661.982	1	14
662.152	1	12
662.321	1	16
662.491	1	2
662.660	1	7
662.829	1	6
662.999	1	19
663.168	1	12
663.338	1	12
663.507	1	10
663.677	1	2
663.846	1	10
664.016	1	15
664.185	1	18
664.354	1	12
664.524	1	-1
664.693	1	10
664.863	1	4
665.032	1	11
665.202	1	3
665.371	1	8
665.541	1	0
665.710	1	10
665.879	1	11
666.049	1	8
666.218	1	6
666.388	1	23
666.557	1	17
666.727	1	-2
666.896	1	6
667.065	1	14
667.235	1	12
667.404	1	16
667.574	1	18
667.743	1	18
667.913	1	9
668.082	1	18
668.251	1	15
668.421	1	2
668.590	1	14
668.760	1	13
668.929	1	5
669.099	1	20
669.268	1	23
669.437	1	11
669.607	1	9
669.776	1	6
669.946	1	20
670.115	1	6
670.285	1	12
670.454	1	12
670.623	1	9
670.793	1	14
670.962	1	17
671.132	1	12
671.301	1	18
671.470	1	8
671.640	1	12
671.809	1	4
671.979	1	7
672.148	1	3
672.317	1	14
672.487	1	14
672.656	1	18
672.826	1	16
672.995	1	6
673.164	1	18
673.334	1	10
673.503	1	6
673.673	1	9
673.842	1	0
674.011	1	7
674.181	1	13
674.350	1	11
674.520	1	20
674.689	1	9
674.858	1	6
675.028	1	14
675.197	1	15
675.367	1	6
675.536	1	26
675.705	1	4
675.875	1	5
676.044	1	12
676.214	1	19
676.383	1	12
676.552	1	16
676.722	1	14
676.891	1	5
677.060	1	11
677.230	1	18
677.399	1	27
677.569	1	28
677.738	1	13
677.907	1	9
678.077	1	16
678.246	1	0
678.416	1	10
678.585	1	9
678.754	1	10
678.924	1	8
679.093	1	19
679.262	1	17
679.432	1	18
679.601	1	19
679.771	1	13
679.940	1	14
680.109	1	9
680.279	1	11
680.448	1	9
680.617	1	12
680.787	1	10
680.956	1	11
681.125	1	20
681.295	1	18
681.464	1	22
681.634	1	5
681.803	1	15
681.972	1	14
682.142	1	4
682.311	1	19
682.480	1	16
682.650	1	18
682.819	1	15
682.988	1	18
683.158	1	21
683.327	1	14
683.496	1	14
683.666	1	10
683.835	1	2
684.004	1	22
684.174	1	12
684.343	1	11
684.512	1	12
684.682	1	17
684.851	1	13
685.021	1	13
685.190	1	17
685.359	1	9
685.529	1	18
685.698	1	7
685.867	1	10
686.037	1	11
686.206	1	23
686.375	1	15
686.545	1	13
686.714	1	5
686.883	1	16
687.053	1	9
687.222	1	12
687.391	1	24
687.561	1	10
687.730	1	7
687.899	1	18
688.069	1	13
688.238	1	13
688.407	1	13
688.577	1	17
688.746	1	13
