340.368	1	10
340.539	1	8
340.710	1	-2
340.881	1	-4
341.052	1	13
341.223	1	-16
341.394	1	-4
341.565	1	6
341.737	1	10
341.908	1	5
342.079	1	4
342.250	1	7
342.421	1	-2
342.592	1	-1
342.763	1	2
342.934	1	3
343.105	1	-2
343.276	1	3
343.447	1	5
343.618	1	6
343.789	1	22
343.960	1	15
344.131	1	15
344.302	1	13
344.473	1	6
344.644	1	5
344.815	1	-1
344.986	1	-7
345.157	1	3
345.328	1	-1
345.499	1	1
345.670	1	12
345.841	1	-1
346.012	1	9
346.183	1	5
346.354	1	10
346.526	1	4
346.697	1	9
346.868	1	2
347.039	1	-7
347.210	1	6
347.381	1	-2
347.552	1	9
347.723	1	7
347.894	1	-5
348.065	1	-10
348.236	1	-6
348.407	1	3
348.578	1	9
348.749	1	1
348.920	1	4
349.091	1	3
349.262	1	2
349.433	1	11
349.604	1	8
349.775	1	10
349.946	1	5
350.117	1	0
350.288	1	11
350.459	1	9
350.630	1	4
350.801	1	3
350.972	1	3
351.143	1	-1
351.314	1	3
351.485	1	1
351.656	1	18
351.827	1	-2
351.998	1	12
352.169	1	2
352.340	1	10
352.511	1	-2
352.682	1	-7
352.853	1	2
353.024	1	10
353.195	1	15
353.366	1	6
353.537	1	13
353.708	1	7
353.879	1	7
354.050	1	4
354.221	1	7
354.392	1	3
354.563	1	20
354.734	1	-4
354.905	1	24
355.076	1	3
355.247	1	14
355.418	1	7
355.589	1	10
355.760	1	9
355.931	1	15
356.102	1	2
356.273	1	8
356.444	1	10
356.615	1	8
356.785	1	9
356.956	1	13
357.127	1	8
357.298	1	13
357.469	1	20
357.640	1	9
357.811	1	15
357.982	1	24
358.153	1	9
358.324	1	22
358.495	1	15
358.666	1	23
358.837	1	19
359.008	1	12
359.179	1	14
359.350	1	6
359.521	1	21
359.692	1	18
359.863	1	15
360.034	1	16
360.205	1	22
360.376	1	26
360.547	1	29
360.718	1	27
360.889	1	22
361.060	1	16
361.231	1	19
361.401	1	23
361.572	1	36
361.743	1	29
361.914	1	36
362.085	1	32
362.256	1	36
362.427	1	42
362.598	1	40
362.769	1	41
362.940	1	35
363.111	1	49
363.282	1	45
363.453	1	53
363.624	1	52
363.795	1	39
363.966	1	52
364.137	1	58
364.308	1	55
364.478	1	59
364.649	1	71
364.820	1	69
364.991	1	76
365.162	1	80
365.333	1	70
365.504	1	68
365.675	1	68
365.846	1	81
366.017	1	82
366.188	1	89
366.359	1	85
366.530	1	103
366.701	1	103
366.871	1	88
367.042	1	99
367.213	1	106
367.384	1	110
367.555	1	104
367.726	1	117
367.897	1	118
368.068	1	102
368.239	1	120
368.410	1	111
368.581	1	116
368.752	1	104
368.923	1	121
369.093	1	108
369.264	1	121
369.435	1	97
369.606	1	117
369.777	1	96
369.948	1	110
370.119	1	103
370.290	1	105
370.461	1	107
370.632	1	102
370.803	1	111
370.973	1	104
371.144	1	93
371.315	1	75
371.486	1	92
371.657	1	88
371.828	1	69
371.999	1	80
372.170	1	79
372.341	1	83
372.512	1	69
372.682	1	75
372.853	1	76
373.024	1	84
373.195	1	69
373.366	1	61
373.537	1	79
373.708	1	74
373.879	1	73
374.050	1	70
374.220	1	63
374.391	1	60
374.562	1	61
374.733	1	59
374.904	1	53
375.075	1	56
375.246	1	65
375.417	1	48
375.588	1	45
375.758	1	55
375.929	1	50
376.100	1	53
376.271	1	49
376.442	1	49
376.613	1	54
376.784	1	46
376.955	1	40
377.125	1	51
377.296	1	41
377.467	1	55
377.638	1	42
377.809	1	41
377.980	1	39
378.151	1	39
378.321	1	34
378.492	1	40
378.663	1	38
378.834	1	37
379.005	1	28
379.176	1	34
379.347	1	47
379.518	1	42
379.688	1	32
379.859	1	35
380.030	1	39
380.201	1	28
380.372	1	31
380.543	1	33
380.714	1	34
380.884	1	29
381.055	1	33
381.226	1	41
381.397	1	39
381.568	1	23
381.739	1	22
381.910	1	26
382.080	1	15
382.251	1	35
382.422	1	15
382.593	1	33
382.764	1	32
382.935	1	28
383.105	1	22
383.276	1	29
383.447	1	23
383.618	1	20
383.789	1	32
383.960	1	12
384.130	1	14
384.301	1	31
384.472	1	11
384.643	1	18
384.814	1	15
384.985	1	33
385.156	1	17
385.326	1	18
385.497	1	9
385.668	1	14
385.839	1	14
386.010	1	25
386.180	1	15
386.351	1	11
386.522	1	13
386.693	1	17
386.864	1	13
387.035	1	25
387.205	1	8
387.376	1	8
387.547	1	23
387.718	1	14
387.889	1	4
388.060	1	17
388.230	1	29
388.401	1	18
388.572	1	5
388.743	1	17
388.914	1	20
389.084	1	2
389.255	1	12
389.426	1	11
389.597	1	1
389.768	1	22
389.939	1	15
390.109	1	10
390.280	1	21
390.451	1	20
390.622	1	9
390.793	1	11
390.963	1	13
391.134	1	8
391.305	1	4
391.476	1	9
391.647	1	13
391.817	1	13
391.988	1	18
392.159	1	6
392.330	1	3
392.501	1	4
392.671	1	1
392.842	1	6
393.013	1	9
393.184	1	12
393.355	1	9
393.525	1	9
393.696	1	11
393.867	1	3
394.038	1	10
394.208	1	5
394.379	1	15
394.550	1	2
394.721	1	4
394.892	1	15
395.062	1	14
395.233	1	-5
395.404	1	6
395.575	1	7
395.746	1	-4
395.916	1	12
396.087	1	21
396.258	1	17
396.429	1	8
396.599	1	1
396.770	1	-4
396.941	1	10
397.112	1	0
397.283	1	11
397.453	1	3
397.624	1	5
397.795	1	21
397.966	1	20
398.136	1	7
398.307	1	2
398.478	1	11
398.649	1	19
398.819	1	4
398.990	1	-6
399.161	1	14
399.332	1	10
399.503	1	8
399.673	1	8
399.844	1	5
400.015	1	-7
400.186	1	4
400.356	1	11
400.527	1	8
400.698	1	7
400.869	1	0
401.039	1	1
401.210	1	6
401.381	1	13
401.552	1	12
401.722	1	-6
401.893	1	16
402.064	1	7
402.235	1	8
402.405	1	-3
402.576	1	14
402.747	1	6
402.918	1	11
403.088	1	1
403.259	1	2
403.430	1	7
403.601	1	4
403.771	1	6
403.942	1	3
404.113	1	12
404.284	1	11
404.454	1	-4
404.625	1	-4
404.796	1	13
404.967	1	1
405.137	1	2
405.308	1	6
405.479	1	4
405.649	1	4
405.820	1	13
405.991	1	3
406.162	1	9
406.332	1	-2
406.503	1	-1
406.674	1	10
406.845	1	16
407.015	1	6
407.186	1	-3
407.357	1	-1
407.527	1	4
407.698	1	6
407.869	1	10
408.040	1	6
408.210	1	12
408.381	1	19
408.552	1	16
408.722	1	3
408.893	1	9
409.064	1	-3
409.235	1	7
409.405	1	3
409.576	1	1
409.747	1	12
409.917	1	-5
410.088	1	2
410.259	1	4
410.430	1	8
410.600	1	2
410.771	1	3
410.942	1	3
411.112	1	12
411.283	1	0
411.454	1	12
411.625	1	1
411.795	1	-6
411.966	1	1
412.137	1	-4
412.307	1	7
412.478	1	-3
412.649	1	3
412.819	1	8
412.990	1	3
413.161	1	5
413.332	1	11
413.502	1	-3
413.673	1	-1
413.844	1	-1
414.014	1	8
414.185	1	0
414.356	1	2
414.526	1	0
414.697	1	2
414.868	1	5
415.038	1	2
415.209	1	3
415.380	1	2
415.550	1	5
415.721	1	-3
415.892	1	-1
416.063	1	-5
416.233	1	2
416.404	1	2
416.575	1	9
416.745	1	5
416.916	1	-5
417.087	1	4
417.257	1	-1
417.428	1	7
417.599	1	1
417.769	1	-1
417.940	1	-8
418.111	1	6
418.281	1	7
418.452	1	3
418.623	1	-7
418.793	1	11
418.964	1	1
419.135	1	-1
419.305	1	10
419.476	1	1
419.647	1	-7
419.817	1	4
419.988	1	6
420.159	1	8
420.329	1	1
420.500	1	12
420.671	1	-4
420.841	1	6
421.012	1	2
421.183	1	3
421.353	1	-3
421.524	1	3
421.695	1	9
421.865	1	-12
422.036	1	9
422.206	1	5
422.377	1	1
422.548	1	5
422.718	1	11
422.889	1	16
423.060	1	-3
423.230	1	9
423.401	1	9
423.572	1	19
423.742	1	3
423.913	1	-1
424.084	1	8
424.254	1	-7
424.425	1	-3
424.595	1	2
424.766	1	-1
424.937	1	21
425.107	1	10
425.278	1	8
425.449	1	8
425.619	1	2
425.790	1	6
425.961	1	4
426.131	1	9
426.302	1	-4
426.472	1	4
426.643	1	12
426.814	1	9
426.984	1	-7
427.155	1	12
427.326	1	-4
427.496	1	1
427.667	1	-7
427.837	1	5
428.008	1	6
428.179	1	9
428.349	1	5
428.520	1	10
428.691	1	8
428.861	1	6
429.032	1	8
429.202	1	9
429.373	1	6
429.544	1	-3
429.714	1	-2
429.885	1	9
430.055	1	-2
430.226	1	1
430.397	1	-4
430.567	1	5
430.738	1	3
430.909	1	-2
431.079	1	6
431.250	1	5
431.420	1	13
431.591	1	7
431.762	1	5
431.932	1	-5
432.103	1	-12
432.273	1	7
432.444	1	1
432.615	1	9
432.785	1	11
432.956	1	3
433.126	1	15
433.297	1	6
433.468	1	-2
433.638	1	6
433.809	1	11
433.979	1	-5
434.150	1	5
434.320	1	5
434.491	1	0
434.662	1	11
434.832	1	-4
435.003	1	-1
435.173	1	-5
435.344	1	-5
435.515	1	8
435.685	1	1
435.856	1	7
436.026	1	4
436.197	1	6
436.368	1	7
436.538	1	3
436.709	1	-1
436.879	1	5
437.050	1	8
437.220	1	8
437.391	1	2
437.562	1	5
437.732	1	3
437.903	1	-1
438.073	1	3
438.244	1	2
438.414	1	-1
438.585	1	-6
438.756	1	9
438.926	1	-11
439.097	1	5
439.267	1	2
439.438	1	6
439.608	1	6
439.779	1	3
439.949	1	0
440.120	1	8
440.291	1	-10
440.461	1	0
440.632	1	5
440.802	1	-5
440.973	1	6
441.143	1	-4
441.314	1	2
441.485	1	12
441.655	1	-4
441.826	1	0
441.996	1	1
442.167	1	-4
442.337	1	-2
442.508	1	-4
442.678	1	1
442.849	1	16
443.019	1	12
443.190	1	6
443.361	1	2
443.531	1	1
443.702	1	3
443.872	1	-5
444.043	1	6
444.213	1	17
444.384	1	13
444.554	1	7
444.725	1	15
444.895	1	-3
445.066	1	7
445.237	1	1
445.407	1	5
445.578	1	11
445.748	1	7
445.919	1	-8
446.089	1	17
446.260	1	-3
446.430	1	2
446.601	1	12
446.771	1	9
446.942	1	1
447.112	1	12
447.283	1	9
447.453	1	2
447.624	1	4
447.794	1	2
447.965	1	5
448.135	1	8
448.306	1	4
448.477	1	0
448.647	1	-3
448.818	1	14
448.988	1	1
449.159	1	-1
449.329	1	4
449.500	1	-5
449.670	1	2
449.841	1	-8
450.011	1	15
450.182	1	-2
450.352	1	16
450.523	1	-1
450.693	1	3
450.864	1	13
451.034	1	14
451.205	1	10
451.375	1	1
451.546	1	-1
451.716	1	-7
451.887	1	5
452.057	1	3
452.228	1	17
452.398	1	5
452.569	1	4
452.739	1	16
452.910	1	5
453.080	1	4
453.251	1	-2
453.421	1	7
453.592	1	2
453.762	1	5
453.933	1	-1
454.103	1	-8
454.274	1	5
454.444	1	2
454.615	1	11
454.785	1	8
454.956	1	-1
455.126	1	5
455.297	1	13
455.467	1	8
455.638	1	-1
455.808	1	-2
455.979	1	-9
456.149	1	-7
456.320	1	7
456.490	1	6
456.661	1	7
456.831	1	4
457.001	1	9
457.172	1	1
457.342	1	2
457.513	1	3
457.683	1	10
457.854	1	-1
458.024	1	-6
458.195	1	4
458.365	1	4
458.536	1	4
458.706	1	10
458.877	1	-1
459.047	1	-2
459.218	1	9
459.388	1	12
459.559	1	-1
459.729	1	5
459.899	1	-2
460.070	1	0
460.240	1	4
460.411	1	2
460.581	1	2
460.752	1	3
460.922	1	1
461.093	1	0
461.263	1	11
461.434	1	0
461.604	1	3
461.775	1	-2
461.945	1	2
462.115	1	11
462.286	1	4
462.456	1	-2
462.627	1	5
462.797	1	5
462.968	1	1
463.138	1	6
463.309	1	1
463.479	1	8
463.649	1	2
463.820	1	3
463.990	1	12
464.161	1	-7
464.331	1	-1
464.502	1	0
464.672	1	6
464.843	1	-3
465.013	1	7
465.183	1	3
465.354	1	-3
465.524	1	8
465.695	1	13
465.865	1	5
466.036	1	-1
466.206	1	12
466.376	1	-4
466.547	1	13
466.717	1	8
466.888	1	7
467.058	1	5
467.229	1	9
467.399	1	10
467.569	1	19
467.740	1	8
467.910	1	-2
468.081	1	3
468.251	1	-3
468.422	1	8
468.592	1	11
468.762	1	6
468.933	1	4
469.103	1	6
469.274	1	15
469.444	1	5
469.614	1	3
469.785	1	-7
469.955	1	-3
470.126	1	-6
470.296	1	-4
470.467	1	8
470.637	1	-7
470.807	1	16
470.978	1	-1
471.148	1	2
471.319	1	6
471.489	1	12
471.659	1	4
471.830	1	1
472.000	1	-11
472.171	1	4
472.341	1	8
472.511	1	-1
472.682	1	-4
472.852	1	5
473.023	1	8
473.193	1	8
473.363	1	5
473.534	1	17
473.704	1	-7
473.875	1	10
474.045	1	9
474.215	1	3
474.386	1	6
474.556	1	17
474.727	1	9
474.897	1	4
475.067	1	2
475.238	1	7
475.408	1	0
475.578	1	4
475.749	1	9
475.919	1	4
476.090	1	9
476.260	1	5
476.430	1	8
476.601	1	5
476.771	1	11
476.942	1	-7
477.112	1	5
477.282	1	-4
477.453	1	-1
477.623	1	5
477.793	1	-8
477.964	1	8
478.134	1	6
478.305	1	13
478.475	1	3
478.645	1	4
478.816	1	-10
478.986	1	8
479.156	1	-4
479.327	1	0
479.497	1	-2
479.667	1	0
479.838	1	1
480.008	1	11
480.179	1	7
480.349	1	-1
480.519	1	8
480.690	1	6
480.860	1	4
481.030	1	4
481.201	1	13
481.371	1	8
481.541	1	7
481.712	1	6
481.882	1	14
482.053	1	-8
482.223	1	7
482.393	1	0
482.564	1	6
482.734	1	13
482.904	1	3
483.075	1	5
483.245	1	0
483.415	1	7
483.586	1	15
483.756	1	12
483.926	1	4
484.097	1	7
484.267	1	0
484.437	1	2
484.608	1	2
484.778	1	0
484.948	1	19
485.119	1	5
485.289	1	4
485.459	1	4
485.630	1	7
485.800	1	-5
485.970	1	1
486.141	1	-3
486.311	1	1
486.481	1	7
486.652	1	4
486.822	1	3
486.992	1	15
487.163	1	3
487.333	1	5
487.503	1	4
487.674	1	11
487.844	1	7
488.014	1	8
488.185	1	7
488.355	1	-2
488.525	1	-1
488.696	1	8
488.866	1	9
489.036	1	7
489.207	1	5
489.377	1	-4
489.547	1	5
489.718	1	4
489.888	1	10
490.058	1	6
490.228	1	5
490.399	1	6
490.569	1	0
490.739	1	17
490.910	1	2
491.080	1	0
491.250	1	18
491.421	1	4
491.591	1	2
491.761	1	23
491.932	1	5
492.102	1	4
492.272	1	11
492.442	1	1
492.613	1	5
492.783	1	3
492.953	1	17
493.124	1	6
493.294	1	15
493.464	1	15
493.635	1	10
493.805	1	4
493.975	1	11
494.145	1	18
494.316	1	6
494.486	1	0
494.656	1	10
494.827	1	5
494.997	1	18
495.167	1	11
495.337	1	13
495.508	1	12
495.678	1	14
495.848	1	7
496.019	1	9
496.189	1	8
496.359	1	11
496.529	1	10
496.700	1	13
496.870	1	6
497.040	1	-5
497.211	1	8
497.381	1	8
497.551	1	12
497.721	1	9
497.892	1	10
498.062	1	13
498.232	1	16
498.403	1	9
498.573	1	15
498.743	1	0
498.913	1	13
499.084	1	14
499.254	1	14
499.424	1	12
499.594	1	9
499.765	1	9
499.935	1	4
500.105	1	18
500.275	1	10
500.446	1	7
500.616	1	8
500.786	1	11
500.956	1	16
501.127	1	8
501.297	1	5
501.467	1	20
501.638	1	8
501.808	1	15
501.978	1	23
502.148	1	5
502.319	1	11
502.489	1	11
502.659	1	9
502.829	1	13
503.000	1	16
503.170	1	13
503.340	1	11
503.510	1	9
503.681	1	16
503.851	1	8
504.021	1	9
504.191	1	13
504.362	1	10
504.532	1	11
504.702	1	13
504.872	1	3
505.042	1	10
505.213	1	13
505.383	1	20
505.553	1	17
505.723	1	16
505.894	1	14
506.064	1	3
506.234	1	10
506.404	1	24
506.575	1	6
506.745	1	2
506.915	1	14
507.085	1	9
507.256	1	18
507.426	1	20
507.596	1	15
507.766	1	29
507.936	1	12
508.107	1	12
508.277	1	19
508.447	1	4
508.617	1	9
508.788	1	-3
508.958	1	19
509.128	1	18
509.298	1	9
509.468	1	28
509.639	1	9
509.809	1	12
509.979	1	15
510.149	1	12
510.319	1	25
510.490	1	19
510.660	1	16
510.830	1	9
511.000	1	17
511.171	1	12
511.341	1	12
511.511	1	13
511.681	1	20
511.851	1	15
512.022	1	14
512.192	1	18
512.362	1	27
512.532	1	16
512.702	1	10
512.873	1	10
513.043	1	16
513.213	1	13
513.383	1	4
513.553	1	19
513.724	1	22
513.894	1	18
514.064	1	18
514.234	1	24
514.404	1	16
514.575	1	26
514.745	1	8
514.915	1	1
515.085	1	16
515.255	1	15
515.425	1	13
515.596	1	12
515.766	1	15
515.936	1	24
516.106	1	12
516.276	1	17
516.447	1	15
516.617	1	12
516.787	1	15
516.957	1	4
517.127	1	21
517.297	1	17
517.468	1	12
517.638	1	17
517.808	1	18
517.978	1	19
518.148	1	24
518.319	1	10
518.489	1	23
518.659	1	16
518.829	1	21
518.999	1	14
519.169	1	18
519.340	1	15
519.510	1	24
519.680	1	16
519.850	1	13
520.020	1	28
520.190	1	25
520.361	1	17
520.531	1	19
520.701	1	19
520.871	1	19
521.041	1	14
521.211	1	12
521.382	1	26
521.552	1	20
521.722	1	24
521.892	1	12
522.062	1	22
522.232	1	26
522.402	1	22
522.573	1	20
522.743	1	12
522.913	1	15
523.083	1	27
523.253	1	15
523.423	1	26
523.593	1	13
523.764	1	13
523.934	1	19
524.104	1	19
524.274	1	14
524.444	1	23
524.614	1	30
524.784	1	24
524.955	1	7
525.125	1	20
525.295	1	19
525.465	1	21
525.635	1	24
525.805	1	14
525.975	1	14
526.146	1	11
526.316	1	29
526.486	1	20
526.656	1	14
526.826	1	32
526.996	1	14
527.166	1	28
527.337	1	17
527.507	1	22
527.677	1	29
527.847	1	19
528.017	1	22
528.187	1	26
528.357	1	25
528.527	1	13
528.698	1	19
528.868	1	22
529.038	1	2
529.208	1	18
529.378	1	24
529.548	1	18
529.718	1	20
529.888	1	31
530.058	1	25
530.229	1	16
530.399	1	30
530.569	1	8
530.739	1	28
530.909	1	24
531.079	1	24
531.249	1	19
531.419	1	20
531.589	1	24
531.760	1	28
531.930	1	19
532.100	1	31
532.270	1	16
532.440	1	13
532.610	1	25
532.780	1	21
532.950	1	18
533.120	1	16
533.290	1	13
533.461	1	18
533.631	1	23
533.801	1	19
533.971	1	20
534.141	1	29
534.311	1	25
534.481	1	6
534.651	1	23
534.821	1	17
534.991	1	8
535.162	1	14
535.332	1	15
535.502	1	33
535.672	1	19
535.842	1	23
536.012	1	14
536.182	1	17
536.352	1	6
536.522	1	26
536.692	1	5
536.862	1	17
537.032	1	17
537.203	1	12
537.373	1	24
537.543	1	18
537.713	1	15
537.883	1	12
538.053	1	19
538.223	1	15
538.393	1	23
538.563	1	32
538.733	1	15
538.903	1	14
539.073	1	22
539.243	1	20
539.413	1	9
539.584	1	21
539.754	1	21
539.924	1	15
540.094	1	24
540.264	1	11
540.434	1	20
540.604	1	25
540.774	1	17
540.944	1	24
541.114	1	6
541.284	1	25
541.454	1	21
541.624	1	15
541.794	1	23
541.964	1	10
542.134	1	24
542.305	1	20
542.475	1	21
542.645	1	16
542.815	1	18
542.985	1	19
543.155	1	25
543.325	1	8
543.495	1	14
543.665	1	20
543.835	1	22
544.005	1	23
544.175	1	23
544.345	1	15
544.515	1	27
544.685	1	28
544.855	1	11
545.025	1	28
545.195	1	19
545.365	1	22
545.535	1	22
545.705	1	16
545.875	1	19
546.045	1	16
546.216	1	21
546.386	1	13
546.556	1	10
546.726	1	23
546.896	1	24
547.066	1	20
547.236	1	18
547.406	1	23
547.576	1	13
547.746	1	6
547.916	1	18
548.086	1	22
548.256	1	17
548.426	1	17
548.596	1	19
548.766	1	6
548.936	1	19
549.106	1	12
549.276	1	11
549.446	1	14
549.616	1	4
549.786	1	35
549.956	1	15
550.126	1	25
550.296	1	27
550.466	1	21
550.636	1	13
550.806	1	19
550.976	1	24
551.146	1	17
551.316	1	19
551.486	1	18
551.656	1	2
551.826	1	5
551.996	1	18
552.166	1	27
552.336	1	36
552.506	1	20
552.676	1	15
552.846	1	20
553.016	1	20
553.186	1	20
553.356	1	25
553.526	1	25
553.696	1	8
553.866	1	20
554.036	1	31
554.206	1	27
554.376	1	10
554.546	1	19
554.716	1	22
554.886	1	14
555.056	1	23
555.226	1	8
555.396	1	18
555.566	1	12
555.736	1	7
555.906	1	19
556.076	1	23
556.246	1	14
556.416	1	20
556.586	1	10
556.756	1	23
556.926	1	9
557.096	1	19
557.266	1	16
557.436	1	22
557.606	1	14
557.776	1	12
557.946	1	12
558.116	1	19
558.286	1	4
558.456	1	10
558.626	1	21
558.796	1	13
558.966	1	21
559.136	1	10
559.306	1	27
559.476	1	23
559.646	1	33
559.816	1	14
559.986	1	13
560.155	1	15
560.325	1	19
560.495	1	14
560.665	1	12
560.835	1	16
561.005	1	7
561.175	1	11
561.345	1	20
561.515	1	12
561.685	1	26
561.855	1	10
562.025	1	17
562.195	1	16
562.365	1	17
562.535	1	18
562.705	1	13
562.875	1	13
563.045	1	27
563.215	1	23
563.385	1	17
563.555	1	9
563.725	1	15
563.895	1	22
564.064	1	13
564.234	1	17
564.404	1	8
564.574	1	14
564.744	1	4
564.914	1	19
565.084	1	5
565.254	1	19
565.424	1	19
565.594	1	15
565.764	1	20
565.934	1	19
566.104	1	18
566.274	1	17
566.444	1	7
566.614	1	20
566.783	1	14
566.953	1	12
567.123	1	17
567.293	1	10
567.463	1	12
567.633	1	18
567.803	1	11
567.973	1	22
568.143	1	17
568.313	1	12
568.483	1	19
568.653	1	24
568.823	1	10
568.993	1	13
569.162	1	13
569.332	1	22
569.502	1	27
569.672	1	23
569.842	1	17
570.012	1	15
570.182	1	18
570.352	1	7
570.522	1	-1
570.692	1	9
570.862	1	11
571.031	1	15
571.201	1	4
571.371	1	16
571.541	1	20
571.711	1	19
571.881	1	12
572.051	1	13
572.221	1	5
572.391	1	18
572.561	1	9
572.731	1	12
572.900	1	12
573.070	1	17
573.240	1	9
573.410	1	15
573.580	1	17
573.750	1	11
573.920	1	16
574.090	1	15
574.260	1	8
574.430	1	15
574.599	1	15
574.769	1	17
574.939	1	14
575.109	1	6
575.279	1	7
575.449	1	13
575.619	1	14
575.789	1	25
575.959	1	15
576.128	1	18
576.298	1	23
576.468	1	21
576.638	1	23
576.808	1	16
576.978	1	8
577.148	1	17
577.318	1	21
577.487	1	9
577.657	1	7
577.827	1	4
577.997	1	9
578.167	1	19
578.337	1	24
578.507	1	11
578.677	1	5
578.846	1	10
579.016	1	25
579.186	1	25
579.356	1	19
579.526	1	19
579.696	1	20
579.866	1	10
580.036	1	15
580.205	1	10
580.375	1	20
580.545	1	20
580.715	1	8
580.885	1	4
581.055	1	14
581.225	1	5
581.394	1	17
581.564	1	3
581.734	1	10
581.904	1	16
582.074	1	12
582.244	1	22
582.414	1	9
582.583	1	6
582.753	1	18
582.923	1	20
583.093	1	9
583.263	1	15
583.433	1	10
583.603	1	13
583.772	1	13
583.942	1	12
584.112	1	0
584.282	1	17
584.452	1	19
584.622	1	5
584.791	1	20
584.961	1	7
585.131	1	-1
585.301	1	14
585.471	1	22
585.641	1	13
585.811	1	19
585.980	1	17
586.150	1	6
586.320	1	11
586.490	1	13
586.660	1	18
586.830	1	5
586.999	1	10
587.169	1	6
587.339	1	8
587.509	1	9
587.679	1	8
587.849	1	12
588.018	1	33
588.188	1	8
588.358	1	11
588.528	1	17
588.698	1	5
588.867	1	16
589.037	1	23
589.207	1	10
589.377	1	12
589.547	1	10
589.717	1	13
589.886	1	4
590.056	1	5
590.226	1	12
590.396	1	14
590.566	1	13
590.735	1	23
590.905	1	5
591.075	1	4
591.245	1	22
591.415	1	4
591.585	1	11
591.754	1	16
591.924	1	11
592.094	1	12
592.264	1	6
592.434	1	6
592.603	1	22
592.773	1	4
592.943	1	20
593.113	1	8
593.283	1	15
593.452	1	13
593.622	1	18
593.792	1	20
593.962	1	0
594.132	1	8
594.301	1	14
594.471	1	19
594.641	1	9
594.811	1	0
594.981	1	3
595.150	1	9
595.320	1	17
595.490	1	16
595.660	1	11
595.829	1	8
595.999	1	10
596.169	1	28
596.339	1	16
596.509	1	15
596.678	1	16
596.848	1	12
597.018	1	10
597.188	1	4
597.358	1	-1
597.527	1	20
597.697	1	-7
597.867	1	14
598.037	1	10
598.206	1	8
598.376	1	1
598.546	1	8
598.716	1	11
598.885	1	9
599.055	1	18
599.225	1	19
599.395	1	11
599.565	1	1
599.734	1	17
599.904	1	11
600.074	1	4
600.244	1	12
600.413	1	11
600.583	1	10
600.753	1	20
600.923	1	11
601.092	1	10
601.262	1	14
601.432	1	11
601.602	1	8
601.771	1	13
601.941	1	9
602.111	1	17
602.281	1	6
602.451	1	11
602.620	1	-4
602.790	1	20
602.960	1	18
603.130	1	5
603.299	1	17
603.469	1	17
603.639	1	14
603.809	1	-1
603.978	1	4
604.148	1	21
604.318	1	15
604.487	1	10
604.657	1	14
604.827	1	10
604.997	1	23
605.166	1	19
605.336	1	3
605.506	1	0
605.676	1	12
605.845	1	15
606.015	1	8
606.185	1	7
606.355	1	13
606.524	1	19
606.694	1	8
606.864	1	10
607.034	1	10
607.203	1	9
607.373	1	16
607.543	1	2
607.712	1	9
607.882	1	5
608.052	1	10
608.222	1	3
608.391	1	4
608.561	1	8
608.731	1	2
608.901	1	15
609.070	1	6
609.240	1	9
609.410	1	9
609.579	1	-4
609.749	1	9
609.919	1	15
610.089	1	8
610.258	1	4
610.428	1	4
610.598	1	12
610.767	1	7
610.937	1	3
611.107	1	11
611.277	1	13
611.446	1	7
611.616	1	16
611.786	1	12
611.955	1	10
612.125	1	8
612.295	1	24
612.465	1	14
612.634	1	0
612.804	1	13
612.974	1	6
613.143	1	10
613.313	1	4
613.483	1	10
613.652	1	7
613.822	1	13
613.992	1	15
614.162	1	2
614.331	1	14
614.501	1	-2
614.671	1	5
614.840	1	8
615.010	1	6
615.180	1	0
615.349	1	9
615.519	1	4
615.689	1	10
615.858	1	14
616.028	1	10
616.198	1	4
616.368	1	11
616.537	1	2
616.707	1	11
616.877	1	5
617.046	1	10
617.216	1	24
617.386	1	15
617.555	1	4
617.725	1	2
617.895	1	13
618.064	1	3
618.234	1	3
618.404	1	4
618.573	1	8
618.743	1	10
618.913	1	9
619.082	1	5
619.252	1	11
619.422	1	2
619.591	1	8
619.761	1	14
619.931	1	-2
620.100	1	11
620.270	1	3
620.440	1	5
620.609	1	4
620.779	1	20
620.949	1	13
621.118	1	9
621.288	1	8
621.458	1	3
621.627	1	12
621.797	1	6
621.967	1	2
622.136	1	6
622.306	1	-4
622.476	1	-1
622.645	1	2
622.815	1	1
622.985	1	3
623.154	1	11
623.324	1	13
623.494	1	24
623.663	1	16
623.833	1	8
624.002	1	5
624.172	1	9
624.342	1	4
624.511	1	10
624.681	1	11
624.851	1	7
625.020	1	19
625.190	1	7
625.360	1	1
625.529	1	8
625.699	1	4
625.869	1	4
626.038	1	1
626.208	1	10
626.377	1	7
626.547	1	20
626.717	1	7
626.886	1	8
627.056	1	9
627.226	1	1
627.395	1	1
627.565	1	10
627.735	1	2
627.904	1	7
628.074	1	6
628.243	1	12
628.413	1	12
628.583	1	7
628.752	1	2
628.922	1	13
629.091	1	12
629.261	1	7
629.431	1	8
629.600	1	3
629.770	1	11
629.940	1	-5
630.109	1	1
630.279	1	6
630.448	1	15
630.618	1	4
630.788	1	4
630.957	1	14
631.127	1	11
631.297	1	11
631.466	1	10
631.636	1	1
631.805	1	1
631.975	1	16
632.145	1	9
632.314	1	7
632.484	1	-2
632.653	1	12
632.823	1	5
632.993	1	12
633.162	1	5
633.332	1	9
633.501	1	1
633.671	1	10
633.841	1	-2
634.010	1	14
634.180	1	-4
634.349	1	10
634.519	1	1
634.689	1	9
634.858	1	7
635.028	1	12
635.197	1	14
635.367	1	6
635.537	1	1
635.706	1	10
635.876	1	4
636.045	1	-1
636.215	1	-3
636.384	1	6
636.554	1	15
636.724	1	10
636.893	1	9
637.063	1	15
637.232	1	12
637.402	1	13
637.572	1	8
637.741	1	1
637.911	1	2
638.080	1	3
638.250	1	9
638.419	1	6
638.589	1	10
638.759	1	19
638.928	1	7
639.098	1	8
639.267	1	-11
639.437	1	4
639.606	1	-2
639.776	1	8
639.946	1	7
640.115	1	3
640.285	1	1
640.454	1	10
640.624	1	15
640.793	1	10
640.963	1	-2
641.132	1	5
641.302	1	8
641.472	1	10
641.641	1	-2
641.811	1	-1
641.980	1	-7
642.150	1	10
642.319	1	1
642.489	1	1
642.659	1	9
642.828	1	5
642.998	1	0
643.167	1	5
643.337	1	-2
643.506	1	8
643.676	1	-1
643.845	1	11
644.015	1	9
644.184	1	0
644.354	1	5
644.524	1	12
644.693	1	8
644.863	1	5
645.032	1	3
645.202	1	10
645.371	1	3
645.541	1	2
645.710	1	8
645.880	1	8
646.049	1	-8
646.219	1	14
646.388	1	2
646.558	1	7
646.728	1	18
646.897	1	9
647.067	1	7
647.236	1	-5
647.406	1	12
647.575	1	6
647.745	1	7
647.914	1	0
648.084	1	2
648.253	1	-4
648.423	1	10
648.592	1	7
648.762	1	3
648.931	1	6
649.101	1	5
649.270	1	8
649.440	1	-2
649.610	1	3
649.779	1	9
649.949	1	-1
650.118	1	8
650.288	1	0
650.457	1	3
650.627	1	7
650.796	1	-7
650.966	1	7
651.135	1	10
651.305	1	8
651.474	1	8
651.644	1	-3
651.813	1	16
651.983	1	18
652.152	1	11
652.322	1	-4
652.491	1	5
652.661	1	-3
652.830	1	18
653.000	1	0
653.169	1	14
653.339	1	10
653.508	1	10
653.678	1	3
653.847	1	9
654.017	1	10
654.186	1	10
654.356	1	10
654.525	1	2
654.695	1	6
654.864	1	3
655.034	1	14
655.203	1	-1
655.373	1	3
655.542	1	7
655.712	1	-3
655.881	1	14
656.051	1	1
656.220	1	12
656.390	1	12
656.559	1	12
656.729	1	1
656.898	1	9
657.068	1	-3
657.237	1	11
657.406	1	0
657.576	1	2
657.745	1	6
657.915	1	-5
658.084	1	4
658.254	1	2
658.423	1	10
658.593	1	10
658.762	1	9
658.932	1	1
659.101	1	-4
659.271	1	8
659.440	1	-1
659.610	1	4
659.779	1	12
659.949	1	7
660.118	1	3
660.288	1	-3
660.457	1	15
660.626	1	13
660.796	1	12
660.965	1	-5
661.135	1	7
661.304	1	5
661.474	1	7
661.643	1	7
661.813	1	13
661.982	1	-4
662.152	1	14
662.321	1	8
662.491	1	3
662.660	1	2
662.829	1	1
662.999	1	16
663.168	1	6
663.338	1	2
663.507	1	-4
663.677	1	-2
663.846	1	3
664.016	1	9
664.185	1	6
664.354	1	5
664.524	1	-3
664.693	1	4
664.863	1	7
665.032	1	11
665.202	1	5
665.371	1	10
665.541	1	-1
665.710	1	7
665.879	1	7
666.049	1	2
666.218	1	-4
666.388	1	17
666.557	1	3
666.727	1	-7
666.896	1	4
667.065	1	6
667.235	1	14
667.404	1	1
667.574	1	11
667.743	1	3
667.913	1	7
668.082	1	10
668.251	1	-1
668.421	1	-2
668.590	1	6
668.760	1	9
668.929	1	3
669.099	1	13
669.268	1	7
669.437	1	3
669.607	1	4
669.776	1	4
669.946	1	9
670.115	1	7
670.285	1	3
670.454	1	15
670.623	1	12
670.793	1	5
670.962	1	11
671.132	1	12
671.301	1	-1
671.470	1	10
671.640	1	10
671.809	1	6
671.979	1	13
672.148	1	1
672.317	1	13
672.487	1	0
672.656	1	8
672.826	1	10
672.995	1	10
673.164	1	22
673.334	1	1
673.503	1	12
673.673	1	-5
673.842	1	-10
674.011	1	-9
674.181	1	8
674.350	1	10
674.520	1	13
674.689	1	6
674.858	1	-4
675.028	1	12
675.197	1	5
675.367	1	4
675.536	1	20
675.705	1	3
675.875	1	4
676.044	1	7
676.214	1	8
676.383	1	9
676.552	1	8
676.722	1	-2
676.891	1	-1
677.060	1	-8
677.230	1	3
677.399	1	8
677.569	1	16
677.738	1	8
677.907	1	8
678.077	1	13
678.246	1	3
678.416	1	10
678.585	1	2
678.754	1	6
678.924	1	17
679.093	1	19
679.262	1	15
679.432	1	16
679.601	1	22
679.771	1	10
679.940	1	3
680.109	1	7
680.279	1	8
680.448	1	0
680.617	1	4
680.787	1	6
680.956	1	8
681.125	1	5
681.295	1	9
681.464	1	7
681.634	1	3
681.803	1	4
681.972	1	1
682.142	1	3
682.311	1	8
682.480	1	-2
682.650	1	10
682.819	1	6
682.988	1	5
683.158	1	5
683.327	1	14
683.496	1	10
683.666	1	6
683.835	1	-4
684.004	1	10
684.174	1	10
684.343	1	5
684.512	1	7
684.682	1	3
684.851	1	13
685.021	1	-6
685.190	1	15
685.359	1	-2
685.529	1	12
685.698	1	10
685.867	1	3
686.037	1	4
686.206	1	13
686.375	1	7
686.545	1	7
686.714	1	1
686.883	1	9
687.053	1	0
687.222	1	-2
687.391	1	13
687.561	1	19
687.730	1	10
687.899	1	10
688.069	1	3
688.238	1	6
688.407	1	7
688.577	1	7
688.746	1	7
