340.368	1	5
340.539	1	2
340.710	1	1
340.881	1	6
341.052	1	1
341.223	1	-9
341.394	1	2
341.565	1	8
341.737	1	0
341.908	1	-2
342.079	1	5
342.250	1	3
342.421	1	-3
342.592	1	0
342.763	1	7
342.934	1	7
343.105	1	9
343.276	1	4
343.447	1	12
343.618	1	11
343.789	1	18
343.960	1	16
344.131	1	14
344.302	1	13
344.473	1	9
344.644	1	6
344.815	1	0
344.986	1	-10
345.157	1	7
345.328	1	6
345.499	1	3
345.670	1	5
345.841	1	4
346.012	1	11
346.183	1	3
346.354	1	2
346.526	1	9
346.697	1	3
346.868	1	3
347.039	1	-1
347.210	1	2
347.381	1	-8
347.552	1	10
347.723	1	0
347.894	1	-1
348.065	1	-1
348.236	1	-3
348.407	1	6
348.578	1	3
348.749	1	-2
348.920	1	-1
349.091	1	6
349.262	1	2
349.433	1	12
349.604	1	-2
349.775	1	7
349.946	1	5
350.117	1	5
350.288	1	0
350.459	1	-6
350.630	1	6
350.801	1	6
350.972	1	6
351.143	1	-2
351.314	1	5
351.485	1	5
351.656	1	8
351.827	1	1
351.998	1	12
352.169	1	12
352.340	1	10
352.511	1	10
352.682	1	-3
352.853	1	-1
353.024	1	13
353.195	1	7
353.366	1	2
353.537	1	9
353.708	1	4
353.879	1	7
354.050	1	3
354.221	1	5
354.392	1	-4
354.563	1	8
354.734	1	-5
354.905	1	15
355.076	1	11
355.247	1	7
355.418	1	1
355.589	1	12
355.760	1	0
355.931	1	6
356.102	1	2
356.273	1	31
356.444	1	11
356.615	1	12
356.785	1	11
356.956	1	27
357.127	1	5
357.298	1	12
357.469	1	21
357.640	1	18
357.811	1	15
357.982	1	10
358.153	1	4
358.324	1	22
358.495	1	13
358.666	1	18
358.837	1	9
359.008	1	17
359.179	1	11
359.350	1	16
359.521	1	19
359.692	1	24
359.863	1	14
360.034	1	17
360.205	1	17
360.376	1	25
360.547	1	18
360.718	1	33
360.889	1	26
361.060	1	15
361.231	1	34
361.401	1	28
361.572	1	28
361.743	1	33
361.914	1	46
362.085	1	27
362.256	1	35
362.427	1	41
362.598	1	32
362.769	1	41
362.940	1	29
363.111	1	33
363.282	1	44
363.453	1	57
363.624	1	59
363.795	1	39
363.966	1	46
364.137	1	60
364.308	1	77
364.478	1	49
364.649	1	72
364.820	1	69
364.991	1	66
365.162	1	77
365.333	1	72
365.504	1	70
365.675	1	74
365.846	1	76
366.017	1	77
366.188	1	88
366.359	1	85
366.530	1	101
366.701	1	91
366.871	1	88
367.042	1	98
367.213	1	103
367.384	1	103
367.555	1	100
367.726	1	114
367.897	1	106
368.068	1	121
368.239	1	119
368.410	1	116
368.581	1	108
368.752	1	104
368.923	1	112
369.093	1	110
369.264	1	106
369.435	1	105
369.606	1	109
369.777	1	103
369.948	1	103
370.119	1	94
370.290	1	90
370.461	1	99
370.632	1	95
370.803	1	99
370.973	1	99
371.144	1	102
371.315	1	95
371.486	1	93
371.657	1	94
371.828	1	92
371.999	1	83
372.170	1	85
372.341	1	78
372.512	1	70
372.682	1	70
372.853	1	66
373.024	1	78
373.195	1	75
373.366	1	65
373.537	1	80
373.708	1	78
373.879	1	70
374.050	1	72
374.220	1	59
374.391	1	55
374.562	1	68
374.733	1	63
374.904	1	51
375.075	1	41
375.246	1	69
375.417	1	47
375.588	1	54
375.758	1	57
375.929	1	47
376.100	1	54
376.271	1	50
376.442	1	51
376.613	1	57
376.784	1	42
376.955	1	39
377.125	1	56
377.296	1	41
377.467	1	45
377.638	1	38
377.809	1	38
377.980	1	48
378.151	1	32
378.321	1	33
378.492	1	31
378.663	1	35
378.834	1	37
379.005	1	40
379.176	1	42
379.347	1	42
379.518	1	43
379.688	1	23
379.859	1	26
380.030	1	38
380.201	1	26
380.372	1	29
380.543	1	35
380.714	1	33
380.884	1	29
381.055	1	22
381.226	1	37
381.397	1	43
381.568	1	23
381.739	1	23
381.910	1	12
382.080	1	21
382.251	1	34
382.422	1	22
382.593	1	23
382.764	1	34
382.935	1	22
383.105	1	27
383.276	1	31
383.447	1	22
383.618	1	28
383.789	1	24
383.960	1	13
384.130	1	28
384.301	1	22
384.472	1	16
384.643	1	2
384.814	1	25
384.985	1	32
385.156	1	19
385.326	1	20
385.497	1	15
385.668	1	14
385.839	1	19
386.010	1	18
386.180	1	20
386.351	1	11
386.522	1	23
386.693	1	18
386.864	1	14
387.035	1	6
387.205	1	1
387.376	1	14
387.547	1	32
387.718	1	13
387.889	1	19
388.060	1	14
388.230	1	18
388.401	1	16
388.572	1	11
388.743	1	22
388.914	1	15
389.084	1	9
389.255	1	9
389.426	1	1
389.597	1	3
389.768	1	16
389.939	1	13
390.109	1	16
390.280	1	24
390.451	1	3
390.622	1	6
390.793	1	9
390.963	1	23
391.134	1	-3
391.305	1	5
391.476	1	16
391.647	1	10
391.817	1	15
391.988	1	11
392.159	1	10
392.330	1	5
392.501	1	18
392.671	1	1
392.842	1	6
393.013	1	9
393.184	1	8
393.355	1	4
393.525	1	12
393.696	1	10
393.867	1	2
394.038	1	8
394.208	1	11
394.379	1	11
394.550	1	10
394.721	1	9
394.892	1	17
395.062	1	10
395.233	1	-3
395.404	1	6
395.575	1	13
395.746	1	12
395.916	1	8
396.087	1	14
396.258	1	11
396.429	1	6
396.599	1	9
396.770	1	7
396.941	1	19
397.112	1	6
397.283	1	9
397.453	1	8
397.624	1	7
397.795	1	21
397.966	1	9
398.136	1	3
398.307	1	11
398.478	1	10
398.649	1	19
398.819	1	1
398.990	1	4
399.161	1	9
399.332	1	13
399.503	1	8
399.673	1	6
399.844	1	4
400.015	1	-2
400.186	1	5
400.356	1	2
400.527	1	7
400.698	1	-1
400.869	1	5
401.039	1	2
401.210	1	6
401.381	1	5
401.552	1	5
401.722	1	-5
401.893	1	8
402.064	1	1
402.235	1	6
402.405	1	-3
402.576	1	7
402.747	1	8
402.918	1	11
403.088	1	-5
403.259	1	11
403.430	1	-2
403.601	1	6
403.771	1	10
403.942	1	2
404.113	1	6
404.284	1	2
404.454	1	0
404.625	1	-4
404.796	1	4
404.967	1	11
405.137	1	0
405.308	1	0
405.479	1	11
405.649	1	9
405.820	1	8
405.991	1	2
406.162	1	12
406.332	1	8
406.503	1	-1
406.674	1	3
406.845	1	20
407.015	1	5
407.186	1	-1
407.357	1	2
407.527	1	-4
407.698	1	-3
407.869	1	1
408.040	1	6
408.210	1	15
408.381	1	11
408.552	1	18
408.722	1	8
408.893	1	1
409.064	1	-2
409.235	1	7
409.405	1	12
409.576	1	-8
409.747	1	5
409.917	1	5
410.088	1	9
410.259	1	0
410.430	1	2
410.600	1	-1
410.771	1	6
410.942	1	9
411.112	1	14
411.283	1	-8
411.454	1	11
411.625	1	9
411.795	1	7
411.966	1	-1
412.137	1	-3
412.307	1	8
412.478	1	13
412.649	1	11
412.819	1	9
412.990	1	1
413.161	1	-2
413.332	1	13
413.502	1	-8
413.673	1	6
413.844	1	-4
414.014	1	5
414.185	1	0
414.356	1	0
414.526	1	-4
414.697	1	6
414.868	1	7
415.038	1	17
415.209	1	4
415.380	1	1
415.550	1	9
415.721	1	1
415.892	1	7
416.063	1	1
416.233	1	7
416.404	1	-2
416.575	1	10
416.745	1	4
416.916	1	-1
417.087	1	4
417.257	1	0
417.428	1	7
417.599	1	1
417.769	1	3
417.940	1	0
418.111	1	7
418.281	1	14
418.452	1	10
418.623	1	1
418.793	1	16
418.964	1	3
419.135	1	4
419.305	1	8
419.476	1	13
419.647	1	-2
419.817	1	13
419.988	1	7
420.159	1	0
420.329	1	-2
420.500	1	16
420.671	1	-3
420.841	1	6
421.012	1	4
421.183	1	3
421.353	1	-1
421.524	1	3
421.695	1	8
421.865	1	1
422.036	1	9
422.206	1	6
422.377	1	4
422.548	1	-3
422.718	1	9
422.889	1	4
423.060	1	-4
423.230	1	1
423.401	1	7
423.572	1	17
423.742	1	3
423.913	1	-4
424.084	1	6
424.254	1	-11
424.425	1	7
424.595	1	14
424.766	1	0
424.937	1	19
425.107	1	13
425.278	1	6
425.449	1	3
425.619	1	6
425.790	1	6
425.961	1	1
426.131	1	-2
426.302	1	1
426.472	1	0
426.643	1	11
426.814	1	4
426.984	1	4
427.155	1	10
427.326	1	-1
427.496	1	1
427.667	1	-11
427.837	1	7
428.008	1	15
428.179	1	9
428.349	1	3
428.520	1	8
428.691	1	14
428.861	1	3
429.032	1	2
429.202	1	14
429.373	1	10
429.544	1	-2
429.714	1	-2
429.885	1	6
430.055	1	-6
430.226	1	8
430.397	1	0
430.567	1	9
430.738	1	-2
430.909	1	2
431.079	1	5
431.250	1	6
431.420	1	12
431.591	1	15
431.762	1	1
431.932	1	1
432.103	1	-13
432.273	1	4
432.444	1	1
432.615	1	6
432.785	1	3
432.956	1	3
433.126	1	13
433.297	1	-6
433.468	1	-1
433.638	1	11
433.809	1	14
433.979	1	-2
434.150	1	2
434.320	1	6
434.491	1	-2
434.662	1	1
434.832	1	-4
435.003	1	0
435.173	1	-6
435.344	1	-5
435.515	1	-12
435.685	1	4
435.856	1	10
436.026	1	7
436.197	1	10
436.368	1	2
436.538	1	-2
436.709	1	-6
436.879	1	3
437.050	1	0
437.220	1	12
437.391	1	1
437.562	1	6
437.732	1	-3
437.903	1	0
438.073	1	11
438.244	1	-2
438.414	1	-1
438.585	1	-2
438.756	1	0
438.926	1	-2
439.097	1	0
439.267	1	-1
439.438	1	0
439.608	1	-1
439.779	1	2
439.949	1	6
440.120	1	3
440.291	1	2
440.461	1	-3
440.632	1	4
440.802	1	2
440.973	1	16
441.143	1	9
441.314	1	-4
441.485	1	9
441.655	1	-6
441.826	1	1
441.996	1	-6
442.167	1	0
442.337	1	4
442.508	1	-2
442.678	1	-3
442.849	1	17
443.019	1	9
443.190	1	1
443.361	1	10
443.531	1	4
443.702	1	8
443.872	1	0
444.043	1	4
444.213	1	9
444.384	1	8
444.554	1	2
444.725	1	6
444.895	1	8
445.066	1	2
445.237	1	3
445.407	1	-12
445.578	1	8
445.748	1	-1
445.919	1	1
446.089	1	16
446.260	1	-5
446.430	1	10
446.601	1	8
446.771	1	4
446.942	1	-4
447.112	1	-1
447.283	1	5
447.453	1	2
447.624	1	5
447.794	1	6
447.965	1	6
448.135	1	2
448.306	1	14
448.477	1	2
448.647	1	-1
448.818	1	-2
448.988	1	6
449.159	1	6
449.329	1	1
449.500	1	-9
449.670	1	-2
449.841	1	5
450.011	1	9
450.182	1	6
450.352	1	12
450.523	1	-3
450.693	1	-1
450.864	1	4
451.034	1	9
451.205	1	8
451.375	1	3
451.546	1	0
451.716	1	-7
451.887	1	6
452.057	1	9
452.228	1	10
452.398	1	11
452.569	1	5
452.739	1	2
452.910	1	-6
453.080	1	1
453.251	1	-1
453.421	1	2
453.592	1	2
453.762	1	-4
453.933	1	4
454.103	1	-3
454.274	1	1
454.444	1	5
454.615	1	5
454.785	1	1
454.956	1	-1
455.126	1	-2
455.297	1	14
455.467	1	6
455.638	1	2
455.808	1	-8
455.979	1	-1
456.149	1	3
456.320	1	-2
456.490	1	9
456.661	1	2
456.831	1	0
457.001	1	4
457.172	1	-3
457.342	1	-5
457.513	1	15
457.683	1	9
457.854	1	1
458.024	1	-5
458.195	1	4
458.365	1	6
458.536	1	5
458.706	1	8
458.877	1	7
459.047	1	6
459.218	1	0
459.388	1	10
459.559	1	0
459.729	1	4
459.899	1	6
460.070	1	9
460.240	1	5
460.411	1	-2
460.581	1	0
460.752	1	8
460.922	1	6
461.093	1	12
461.263	1	4
461.434	1	-10
461.604	1	-3
461.775	1	0
461.945	1	-5
462.115	1	7
462.286	1	13
462.456	1	4
462.627	1	3
462.797	1	4
462.968	1	4
463.138	1	7
463.309	1	-8
463.479	1	4
463.649	1	5
463.820	1	2
463.990	1	11
464.161	1	-2
464.331	1	-3
464.502	1	2
464.672	1	12
464.843	1	9
465.013	1	2
465.183	1	-1
465.354	1	-1
465.524	1	10
465.695	1	-2
465.865	1	7
466.036	1	2
466.206	1	9
466.376	1	-7
466.547	1	10
466.717	1	4
466.888	1	10
467.058	1	5
467.229	1	15
467.399	1	16
467.569	1	12
467.740	1	0
467.910	1	-8
468.081	1	-5
468.251	1	5
468.422	1	-2
468.592	1	17
468.762	1	3
468.933	1	13
469.103	1	6
469.274	1	14
469.444	1	-7
469.614	1	-6
469.785	1	-4
469.955	1	-5
470.126	1	1
470.296	1	-1
470.467	1	1
470.637	1	0
470.807	1	6
470.978	1	4
471.148	1	12
471.319	1	16
471.489	1	5
471.659	1	4
471.830	1	7
472.000	1	0
472.171	1	5
472.341	1	-4
472.511	1	-4
472.682	1	-1
472.852	1	12
473.023	1	11
473.193	1	6
473.363	1	3
473.534	1	4
473.704	1	0
473.875	1	12
474.045	1	18
474.215	1	-1
474.386	1	5
474.556	1	16
474.727	1	11
474.897	1	-12
475.067	1	-3
475.238	1	8
475.408	1	-8
475.578	1	12
475.749	1	11
475.919	1	6
476.090	1	3
476.260	1	4
476.430	1	3
476.601	1	9
476.771	1	9
476.942	1	-5
477.112	1	2
477.282	1	-2
477.453	1	0
477.623	1	18
477.793	1	-7
477.964	1	6
478.134	1	6
478.305	1	2
478.475	1	-1
478.645	1	5
478.816	1	0
478.986	1	13
479.156	1	0
479.327	1	-8
479.497	1	10
479.667	1	-1
479.838	1	1
480.008	1	7
480.179	1	12
480.349	1	7
480.519	1	5
480.690	1	0
480.860	1	4
481.030	1	0
481.201	1	7
481.371	1	7
481.541	1	9
481.712	1	4
481.882	1	7
482.053	1	3
482.223	1	16
482.393	1	0
482.564	1	6
482.734	1	18
482.904	1	12
483.075	1	7
483.245	1	4
483.415	1	1
483.586	1	10
483.756	1	3
483.926	1	12
484.097	1	8
484.267	1	10
484.437	1	5
484.608	1	0
484.778	1	2
484.948	1	11
485.119	1	10
485.289	1	-1
485.459	1	4
485.630	1	1
485.800	1	-5
485.970	1	-2
486.141	1	-2
486.311	1	-5
486.481	1	4
486.652	1	6
486.822	1	6
486.992	1	15
487.163	1	-4
487.333	1	1
487.503	1	6
487.674	1	12
487.844	1	5
488.014	1	11
488.185	1	8
488.355	1	5
488.525	1	9
488.696	1	11
488.866	1	4
489.036	1	6
489.207	1	7
489.377	1	2
489.547	1	6
489.718	1	2
489.888	1	14
490.058	1	8
490.228	1	9
490.399	1	10
490.569	1	6
490.739	1	10
490.910	1	1
491.080	1	9
491.250	1	-3
491.421	1	10
491.591	1	-1
491.761	1	18
491.932	1	11
492.102	1	5
492.272	1	7
492.442	1	5
492.613	1	3
492.783	1	0
492.953	1	14
493.124	1	8
493.294	1	7
493.464	1	12
493.635	1	14
493.805	1	18
493.975	1	9
494.145	1	6
494.316	1	12
494.486	1	1
494.656	1	3
494.827	1	14
494.997	1	22
495.167	1	19
495.337	1	12
495.508	1	3
495.678	1	6
495.848	1	14
496.019	1	8
496.189	1	10
496.359	1	3
496.529	1	10
496.700	1	15
496.870	1	8
497.040	1	7
497.211	1	7
497.381	1	2
497.551	1	16
497.721	1	9
497.892	1	8
498.062	1	1
498.232	1	5
498.403	1	10
498.573	1	15
498.743	1	-2
498.913	1	16
499.084	1	10
499.254	1	10
499.424	1	14
499.594	1	-2
499.765	1	5
499.935	1	12
500.105	1	4
500.275	1	14
500.446	1	10
500.616	1	13
500.786	1	6
500.956	1	16
501.127	1	8
501.297	1	7
501.467	1	14
501.638	1	14
501.808	1	9
501.978	1	27
502.148	1	6
502.319	1	14
502.489	1	9
502.659	1	20
502.829	1	-1
503.000	1	11
503.170	1	7
503.340	1	22
503.510	1	14
503.681	1	11
503.851	1	7
504.021	1	18
504.191	1	16
504.362	1	15
504.532	1	-1
504.702	1	14
504.872	1	-4
505.042	1	4
505.213	1	12
505.383	1	10
505.553	1	2
505.723	1	18
505.894	1	11
506.064	1	1
506.234	1	5
506.404	1	23
506.575	1	11
506.745	1	6
506.915	1	21
507.085	1	16
507.256	1	15
507.426	1	20
507.596	1	10
507.766	1	21
507.936	1	16
508.107	1	21
508.277	1	28
508.447	1	6
508.617	1	4
508.788	1	6
508.958	1	23
509.128	1	5
509.298	1	21
509.468	1	29
509.639	1	13
509.809	1	14
509.979	1	18
510.149	1	12
510.319	1	20
510.490	1	19
510.660	1	14
510.830	1	16
511.000	1	5
511.171	1	5
511.341	1	19
511.511	1	12
511.681	1	16
511.851	1	14
512.022	1	7
512.192	1	16
512.362	1	20
512.532	1	22
512.702	1	9
512.873	1	15
513.043	1	19
513.213	1	21
513.383	1	12
513.553	1	11
513.724	1	15
513.894	1	15
514.064	1	11
514.234	1	13
514.404	1	6
514.575	1	24
514.745	1	16
514.915	1	13
515.085	1	8
515.255	1	13
515.425	1	13
515.596	1	17
515.766	1	20
515.936	1	34
516.106	1	15
516.276	1	16
516.447	1	30
516.617	1	19
516.787	1	15
516.957	1	4
517.127	1	18
517.297	1	19
517.468	1	19
517.638	1	4
517.808	1	24
517.978	1	14
518.148	1	32
518.319	1	2
518.489	1	16
518.659	1	25
518.829	1	11
518.999	1	16
519.169	1	17
519.340	1	12
519.510	1	10
519.680	1	9
519.850	1	17
520.020	1	14
520.190	1	25
520.361	1	8
520.531	1	21
520.701	1	14
520.871	1	18
521.041	1	13
521.211	1	5
521.382	1	16
521.552	1	16
521.722	1	28
521.892	1	25
522.062	1	23
522.232	1	27
522.402	1	20
522.573	1	21
522.743	1	13
522.913	1	8
523.083	1	15
523.253	1	11
523.423	1	17
523.593	1	12
523.764	1	25
523.934	1	15
524.104	1	16
524.274	1	13
524.444	1	21
524.614	1	24
524.784	1	21
524.955	1	14
525.125	1	24
525.295	1	20
525.465	1	32
525.635	1	19
525.805	1	16
525.975	1	18
526.146	1	17
526.316	1	31
526.486	1	24
526.656	1	19
526.826	1	26
526.996	1	16
527.166	1	13
527.337	1	18
527.507	1	13
527.677	1	28
527.847	1	23
528.017	1	22
528.187	1	26
528.357	1	27
528.527	1	21
528.698	1	22
528.868	1	17
529.038	1	7
529.208	1	11
529.378	1	9
529.548	1	28
529.718	1	15
529.888	1	19
530.058	1	22
530.229	1	24
530.399	1	34
530.569	1	9
530.739	1	23
530.909	1	34
531.079	1	19
531.249	1	9
531.419	1	15
531.589	1	22
531.760	1	22
531.930	1	23
532.100	1	35
532.270	1	17
532.440	1	21
532.610	1	20
532.780	1	20
532.950	1	20
533.120	1	17
533.290	1	18
533.461	1	31
533.631	1	14
533.801	1	23
533.971	1	26
534.141	1	21
534.311	1	18
534.481	1	7
534.651	1	23
534.821	1	10
534.991	1	13
535.162	1	14
535.332	1	16
535.502	1	29
535.672	1	10
535.842	1	18
536.012	1	6
536.182	1	20
536.352	1	16
536.522	1	22
536.692	1	4
536.862	1	15
537.032	1	21
537.203	1	16
537.373	1	21
537.543	1	13
537.713	1	23
537.883	1	12
538.053	1	22
538.223	1	20
538.393	1	16
538.563	1	22
538.733	1	12
538.903	1	22
539.073	1	17
539.243	1	19
539.413	1	7
539.584	1	21
539.754	1	11
539.924	1	19
540.094	1	29
540.264	1	17
540.434	1	18
540.604	1	20
540.774	1	13
540.944	1	25
541.114	1	6
541.284	1	15
541.454	1	15
541.624	1	19
541.794	1	20
541.964	1	14
542.134	1	21
542.305	1	13
542.475	1	24
542.645	1	23
542.815	1	23
542.985	1	12
543.155	1	19
543.325	1	19
543.495	1	22
543.665	1	27
543.835	1	29
544.005	1	20
544.175	1	18
544.345	1	18
544.515	1	22
544.685	1	26
544.855	1	3
545.025	1	27
545.195	1	19
545.365	1	16
545.535	1	31
545.705	1	18
545.875	1	19
546.045	1	17
546.216	1	26
546.386	1	17
546.556	1	17
546.726	1	23
546.896	1	13
547.066	1	29
547.236	1	16
547.406	1	22
547.576	1	16
547.746	1	12
547.916	1	17
548.086	1	14
548.256	1	11
548.426	1	21
548.596	1	20
548.766	1	4
548.936	1	12
549.106	1	10
549.276	1	6
549.446	1	15
549.616	1	4
549.786	1	33
549.956	1	15
550.126	1	21
550.296	1	19
550.466	1	20
550.636	1	15
550.806	1	19
550.976	1	17
551.146	1	27
551.316	1	17
551.486	1	14
551.656	1	-4
551.826	1	5
551.996	1	17
552.166	1	24
552.336	1	22
552.506	1	17
552.676	1	19
552.846	1	10
553.016	1	13
553.186	1	21
553.356	1	26
553.526	1	12
553.696	1	11
553.866	1	18
554.036	1	26
554.206	1	20
554.376	1	14
554.546	1	27
554.716	1	11
554.886	1	10
555.056	1	21
555.226	1	24
555.396	1	16
555.566	1	16
555.736	1	17
555.906	1	11
556.076	1	19
556.246	1	13
556.416	1	26
556.586	1	4
556.756	1	6
556.926	1	23
557.096	1	22
557.266	1	9
557.436	1	18
557.606	1	16
557.776	1	6
557.946	1	10
558.116	1	13
558.286	1	10
558.456	1	14
558.626	1	16
558.796	1	17
558.966	1	21
559.136	1	21
559.306	1	15
559.476	1	21
559.646	1	21
559.816	1	18
559.986	1	11
560.155	1	21
560.325	1	19
560.495	1	11
560.665	1	13
560.835	1	9
561.005	1	13
561.175	1	5
561.345	1	22
561.515	1	21
561.685	1	24
561.855	1	4
562.025	1	13
562.195	1	17
562.365	1	19
562.535	1	14
562.705	1	27
562.875	1	12
563.045	1	18
563.215	1	13
563.385	1	19
563.555	1	16
563.725	1	15
563.895	1	26
564.064	1	19
564.234	1	24
564.404	1	10
564.574	1	13
564.744	1	15
564.914	1	16
565.084	1	2
565.254	1	20
565.424	1	12
565.594	1	6
565.764	1	8
565.934	1	17
566.104	1	15
566.274	1	22
566.444	1	14
566.614	1	14
566.783	1	16
566.953	1	23
567.123	1	21
567.293	1	7
567.463	1	12
567.633	1	15
567.803	1	14
567.973	1	22
568.143	1	12
568.313	1	18
568.483	1	12
568.653	1	14
568.823	1	17
568.993	1	16
569.162	1	18
569.332	1	25
569.502	1	22
569.672	1	23
569.842	1	15
570.012	1	15
570.182	1	10
570.352	1	8
570.522	1	3
570.692	1	19
570.862	1	13
571.031	1	14
571.201	1	14
571.371	1	11
571.541	1	19
571.711	1	18
571.881	1	15
572.051	1	6
572.221	1	10
572.391	1	18
572.561	1	15
572.731	1	10
572.900	1	4
573.070	1	16
573.240	1	4
573.410	1	13
573.580	1	20
573.750	1	18
573.920	1	12
574.090	1	16
574.260	1	3
574.430	1	8
574.599	1	13
574.769	1	9
574.939	1	5
575.109	1	11
575.279	1	10
575.449	1	10
575.619	1	10
575.789	1	21
575.959	1	10
576.128	1	10
576.298	1	12
576.468	1	22
576.638	1	20
576.808	1	19
576.978	1	6
577.148	1	18
577.318	1	14
577.487	1	20
577.657	1	12
577.827	1	10
577.997	1	16
578.167	1	22
578.337	1	21
578.507	1	20
578.677	1	8
578.846	1	16
579.016	1	14
579.186	1	13
579.356	1	13
579.526	1	2
579.696	1	17
579.866	1	10
580.036	1	9
580.205	1	18
580.375	1	13
580.545	1	8
580.715	1	17
580.885	1	11
581.055	1	17
581.225	1	10
581.394	1	20
581.564	1	14
581.734	1	13
581.904	1	8
582.074	1	9
582.244	1	17
582.414	1	6
582.583	1	12
582.753	1	12
582.923	1	19
583.093	1	4
583.263	1	16
583.433	1	18
583.603	1	13
583.772	1	8
583.942	1	13
584.112	1	0
584.282	1	15
584.452	1	21
584.622	1	11
584.791	1	13
584.961	1	5
585.131	1	6
585.301	1	9
585.471	1	19
585.641	1	14
585.811	1	15
585.980	1	9
586.150	1	8
586.320	1	12
586.490	1	8
586.660	1	5
586.830	1	14
586.999	1	16
587.169	1	13
587.339	1	4
587.509	1	14
587.679	1	22
587.849	1	1
588.018	1	28
588.188	1	11
588.358	1	20
588.528	1	16
588.698	1	3
588.867	1	10
589.037	1	4
589.207	1	8
589.377	1	15
589.547	1	14
589.717	1	4
589.886	1	10
590.056	1	-5
590.226	1	9
590.396	1	14
590.566	1	16
590.735	1	20
590.905	1	8
591.075	1	1
591.245	1	11
591.415	1	5
591.585	1	4
591.754	1	16
591.924	1	17
592.094	1	7
592.264	1	14
592.434	1	6
592.603	1	7
592.773	1	1
592.943	1	10
593.113	1	2
593.283	1	15
593.452	1	16
593.622	1	18
593.792	1	6
593.962	1	11
594.132	1	11
594.301	1	9
594.471	1	13
594.641	1	11
594.811	1	4
594.981	1	-1
595.150	1	18
595.320	1	17
595.490	1	14
595.660	1	10
595.829	1	14
595.999	1	13
596.169	1	27
596.339	1	14
596.509	1	19
596.678	1	11
596.848	1	9
597.018	1	4
597.188	1	0
597.358	1	-4
597.527	1	18
597.697	1	-1
597.867	1	14
598.037	1	11
598.206	1	14
598.376	1	1
598.546	1	-7
598.716	1	17
598.885	1	16
599.055	1	11
599.225	1	11
599.395	1	5
599.565	1	9
599.734	1	20
599.904	1	13
600.074	1	6
600.244	1	15
600.413	1	4
600.583	1	24
600.753	1	14
600.923	1	15
601.092	1	17
601.262	1	11
601.432	1	15
601.602	1	13
601.771	1	14
601.941	1	11
602.111	1	17
602.281	1	7
602.451	1	3
602.620	1	4
602.790	1	10
602.960	1	14
603.130	1	12
603.299	1	13
603.469	1	13
603.639	1	8
603.809	1	3
603.978	1	6
604.148	1	18
604.318	1	18
604.487	1	13
604.657	1	3
604.827	1	9
604.997	1	11
605.166	1	9
605.336	1	1
605.506	1	0
605.676	1	8
605.845	1	22
606.015	1	10
606.185	1	6
606.355	1	12
606.524	1	13
606.694	1	4
606.864	1	3
607.034	1	8
607.203	1	10
607.373	1	9
607.543	1	4
607.712	1	8
607.882	1	11
608.052	1	6
608.222	1	10
608.391	1	8
608.561	1	13
608.731	1	5
608.901	1	5
609.070	1	7
609.240	1	17
609.410	1	11
609.579	1	5
609.749	1	17
609.919	1	5
610.089	1	3
610.258	1	14
610.428	1	5
610.598	1	13
610.767	1	6
610.937	1	-3
611.107	1	11
611.277	1	6
611.446	1	11
611.616	1	6
611.786	1	10
611.955	1	5
612.125	1	8
612.295	1	12
612.465	1	18
612.634	1	10
612.804	1	11
612.974	1	7
613.143	1	7
613.313	1	7
613.483	1	0
613.652	1	-2
613.822	1	4
613.992	1	4
614.162	1	7
614.331	1	14
614.501	1	6
614.671	1	3
614.840	1	8
615.010	1	6
615.180	1	17
615.349	1	2
615.519	1	14
615.689	1	10
615.858	1	15
616.028	1	14
616.198	1	16
616.368	1	8
616.537	1	2
616.707	1	20
616.877	1	11
617.046	1	11
617.216	1	22
617.386	1	6
617.555	1	8
617.725	1	5
617.895	1	16
618.064	1	1
618.234	1	2
618.404	1	8
618.573	1	4
618.743	1	20
618.913	1	21
619.082	1	17
619.252	1	11
619.422	1	3
619.591	1	5
619.761	1	0
619.931	1	0
620.100	1	0
620.270	1	13
620.440	1	6
620.609	1	0
620.779	1	5
620.949	1	17
621.118	1	15
621.288	1	13
621.458	1	6
621.627	1	13
621.797	1	18
621.967	1	7
622.136	1	16
622.306	1	-2
622.476	1	-2
622.645	1	8
622.815	1	-1
622.985	1	1
623.154	1	4
623.324	1	10
623.494	1	20
623.663	1	17
623.833	1	2
624.002	1	6
624.172	1	11
624.342	1	8
624.511	1	12
624.681	1	10
624.851	1	8
625.020	1	16
625.190	1	6
625.360	1	13
625.529	1	4
625.699	1	7
625.869	1	7
626.038	1	5
626.208	1	11
626.377	1	13
626.547	1	12
626.717	1	4
626.886	1	8
627.056	1	8
627.226	1	5
627.395	1	9
627.565	1	4
627.735	1	8
627.904	1	21
628.074	1	18
628.243	1	6
628.413	1	23
628.583	1	7
628.752	1	4
628.922	1	12
629.091	1	2
629.261	1	4
629.431	1	-4
629.600	1	1
629.770	1	14
629.940	1	1
630.109	1	1
630.279	1	15
630.448	1	25
630.618	1	8
630.788	1	3
630.957	1	19
631.127	1	-1
631.297	1	11
631.466	1	10
631.636	1	0
631.805	1	5
631.975	1	15
632.145	1	4
632.314	1	-1
632.484	1	7
632.653	1	0
632.823	1	5
632.993	1	7
633.162	1	1
633.332	1	8
633.501	1	4
633.671	1	12
633.841	1	2
634.010	1	8
634.180	1	-6
634.349	1	8
634.519	1	4
634.689	1	14
634.858	1	6
635.028	1	3
635.197	1	11
635.367	1	10
635.537	1	5
635.706	1	5
635.876	1	8
636.045	1	6
636.215	1	-5
636.384	1	3
636.554	1	13
636.724	1	7
636.893	1	3
637.063	1	18
637.232	1	16
637.402	1	9
637.572	1	13
637.741	1	3
637.911	1	-10
638.080	1	7
638.250	1	10
638.419	1	1
638.589	1	3
638.759	1	18
638.928	1	9
639.098	1	10
639.267	1	-6
639.437	1	4
639.606	1	0
639.776	1	2
639.946	1	5
640.115	1	3
640.285	1	8
640.454	1	13
640.624	1	16
640.793	1	-3
640.963	1	0
641.132	1	6
641.302	1	9
641.472	1	11
641.641	1	-10
641.811	1	2
641.980	1	5
642.150	1	11
642.319	1	9
642.489	1	8
642.659	1	7
642.828	1	12
642.998	1	-1
643.167	1	3
643.337	1	-1
643.506	1	13
643.676	1	7
643.845	1	6
644.015	1	1
644.184	1	8
644.354	1	3
644.524	1	7
644.693	1	-1
644.863	1	8
645.032	1	14
645.202	1	11
645.371	1	-3
645.541	1	1
645.710	1	9
645.880	1	13
646.049	1	10
646.219	1	5
646.388	1	5
646.558	1	23
646.728	1	20
646.897	1	16
647.067	1	8
647.236	1	0
647.406	1	2
647.575	1	4
647.745	1	-3
647.914	1	5
648.084	1	1
648.253	1	9
648.423	1	2
648.592	1	4
648.762	1	7
648.931	1	3
649.101	1	2
649.270	1	10
649.440	1	8
649.610	1	8
649.779	1	11
649.949	1	-1
650.118	1	-3
650.288	1	1
650.457	1	-2
650.627	1	6
650.796	1	-3
650.966	1	8
651.135	1	11
651.305	1	3
651.474	1	3
651.644	1	1
651.813	1	4
651.983	1	11
652.152	1	15
652.322	1	-2
652.491	1	9
652.661	1	14
652.830	1	10
653.000	1	13
653.169	1	8
653.339	1	11
653.508	1	10
653.678	1	6
653.847	1	7
654.017	1	13
654.186	1	2
654.356	1	16
654.525	1	11
654.695	1	1
654.864	1	5
655.034	1	6
655.203	1	-8
655.373	1	-1
655.542	1	-2
655.712	1	0
655.881	1	14
656.051	1	2
656.220	1	12
656.390	1	5
656.559	1	8
656.729	1	1
656.898	1	9
657.068	1	3
657.237	1	7
657.406	1	0
657.576	1	4
657.745	1	8
657.915	1	-4
658.084	1	17
658.254	1	8
658.423	1	6
658.593	1	12
658.762	1	13
658.932	1	0
659.101	1	8
659.271	1	12
659.440	1	-1
659.610	1	7
659.779	1	11
659.949	1	7
660.118	1	11
660.288	1	-2
660.457	1	10
660.626	1	4
660.796	1	-4
660.965	1	6
661.135	1	5
661.304	1	4
661.474	1	3
661.643	1	6
661.813	1	13
661.982	1	8
662.152	1	8
662.321	1	9
662.491	1	4
662.660	1	5
662.829	1	-6
662.999	1	9
663.168	1	12
663.338	1	7
663.507	1	7
663.677	1	-7
663.846	1	4
664.016	1	4
664.185	1	5
664.354	1	6
664.524	1	-1
664.693	1	-1
664.863	1	13
665.032	1	-2
665.202	1	4
665.371	1	3
665.541	1	1
665.710	1	4
665.879	1	3
666.049	1	-4
666.218	1	11
666.388	1	17
666.557	1	7
666.727	1	-1
666.896	1	9
667.065	1	6
667.235	1	-2
667.404	1	14
667.574	1	14
667.743	1	12
667.913	1	0
668.082	1	14
668.251	1	19
668.421	1	1
668.590	1	7
668.760	1	18
668.929	1	0
669.099	1	5
669.268	1	10
669.437	1	4
669.607	1	4
669.776	1	6
669.946	1	8
670.115	1	4
670.285	1	6
670.454	1	8
670.623	1	12
670.793	1	0
670.962	1	18
671.132	1	5
671.301	1	12
671.470	1	6
671.640	1	2
671.809	1	-9
671.979	1	11
672.148	1	7
672.317	1	5
672.487	1	5
672.656	1	14
672.826	1	8
672.995	1	8
673.164	1	22
673.334	1	6
673.503	1	3
673.673	1	-3
673.842	1	-8
674.011	1	5
674.181	1	14
674.350	1	11
674.520	1	0
674.689	1	-2
674.858	1	5
675.028	1	8
675.197	1	7
675.367	1	-6
675.536	1	17
675.705	1	0
675.875	1	-5
676.044	1	-3
676.214	1	11
676.383	1	8
676.552	1	7
676.722	1	-4
676.891	1	2
677.060	1	-7
677.230	1	8
677.399	1	12
677.569	1	8
677.738	1	17
677.907	1	9
678.077	1	13
678.246	1	-4
678.416	1	1
678.585	1	-5
678.754	1	12
678.924	1	-1
679.093	1	14
679.262	1	18
679.432	1	11
679.601	1	21
679.771	1	3
679.940	1	7
680.109	1	-5
680.279	1	13
680.448	1	-5
680.617	1	2
680.787	1	-2
680.956	1	21
681.125	1	6
681.295	1	13
681.464	1	9
681.634	1	5
681.803	1	3
681.972	1	-1
682.142	1	9
682.311	1	1
682.480	1	10
682.650	1	8
682.819	1	4
682.988	1	13
683.158	1	13
683.327	1	5
683.496	1	6
683.666	1	13
683.835	1	0
684.004	1	7
684.174	1	10
684.343	1	0
684.512	1	10
684.682	1	1
684.851	1	10
685.021	1	5
685.190	1	8
685.359	1	-6
685.529	1	3
685.698	1	-3
685.867	1	3
686.037	1	13
686.206	1	16
686.375	1	15
686.545	1	4
686.714	1	8
686.883	1	9
687.053	1	0
687.222	1	7
687.391	1	16
687.561	1	13
687.730	1	10
687.899	1	9
688.069	1	6
688.238	1	5
688.407	1	1
688.577	1	6
688.746	1	-1
