325.333	1	9
325.504	1	5
325.675	1	2
325.846	1	-1
326.017	1	13
326.188	1	15
326.359	1	1
326.531	1	3
326.702	1	0
326.873	1	3
327.044	1	6
327.215	1	5
327.386	1	2
327.557	1	3
327.728	1	4
327.899	1	10
328.070	1	9
328.241	1	8
328.412	1	0
328.583	1	7
328.754	1	6
328.926	1	5
329.097	1	-3
329.268	1	-2
329.439	1	13
329.610	1	7
329.781	1	4
329.952	1	7
330.123	1	7
330.294	1	-10
330.465	1	7
330.636	1	-1
330.807	1	-3
330.978	1	-3
331.149	1	13
331.320	1	19
331.492	1	15
331.663	1	2
331.834	1	7
332.005	1	1
332.176	1	3
332.347	1	11
332.518	1	10
332.689	1	4
332.860	1	12
333.031	1	12
333.202	1	-8
333.373	1	8
333.544	1	3
333.715	1	6
333.886	1	2
334.057	1	9
334.228	1	4
334.399	1	12
334.570	1	0
334.741	1	8
334.912	1	8
335.084	1	-9
335.255	1	0
335.426	1	-3
335.597	1	9
335.768	1	14
335.939	1	11
336.110	1	4
336.281	1	6
336.452	1	15
336.623	1	4
336.794	1	-5
336.965	1	1
337.136	1	0
337.307	1	8
337.478	1	-2
337.649	1	13
337.820	1	3
337.991	1	3
338.162	1	0
338.333	1	2
338.504	1	1
338.675	1	6
338.846	1	9
339.017	1	12
339.188	1	0
339.359	1	11
339.530	1	14
339.701	1	3
339.872	1	8
340.043	1	-3
340.214	1	-2
340.385	1	1
340.556	1	13
340.727	1	12
340.898	1	11
341.069	1	12
341.240	1	8
341.411	1	6
341.582	1	16
341.753	1	0
341.924	1	-1
342.095	1	3
342.266	1	6
342.437	1	11
342.608	1	17
342.779	1	8
342.950	1	2
343.121	1	4
343.292	1	3
343.463	1	3
343.634	1	-1
343.805	1	1
343.976	1	10
344.147	1	7
344.318	1	9
344.489	1	12
344.660	1	10
344.831	1	17
345.002	1	13
345.173	1	-7
345.344	1	9
345.515	1	-4
345.686	1	7
345.857	1	-1
346.028	1	4
346.199	1	3
346.370	1	13
346.541	1	-3
346.712	1	7
346.883	1	2
347.054	1	4
347.225	1	8
347.396	1	-13
347.567	1	4
347.738	1	-3
347.909	1	6
348.080	1	9
348.251	1	4
348.422	1	2
348.593	1	-3
348.764	1	-3
348.935	1	0
349.106	1	2
349.277	1	9
349.448	1	9
349.619	1	-6
349.790	1	8
349.961	1	15
350.132	1	13
350.303	1	2
350.474	1	0
350.645	1	12
350.816	1	-6
350.987	1	13
351.157	1	15
351.328	1	6
351.499	1	8
351.670	1	-4
351.841	1	7
352.012	1	6
352.183	1	3
352.354	1	-8
352.525	1	7
352.696	1	15
352.867	1	6
353.038	1	1
353.209	1	10
353.380	1	0
353.551	1	-7
353.722	1	0
353.893	1	4
354.064	1	2
354.235	1	-6
354.406	1	14
354.576	1	9
354.747	1	3
354.918	1	14
355.089	1	1
355.260	1	15
355.431	1	9
355.602	1	6
355.773	1	0
355.944	1	-8
356.115	1	10
356.286	1	13
356.457	1	12
356.628	1	5
356.799	1	0
356.970	1	5
357.141	1	-3
357.311	1	11
357.482	1	4
357.653	1	5
357.824	1	12
357.995	1	2
358.166	1	-5
358.337	1	5
358.508	1	1
358.679	1	14
358.850	1	1
359.021	1	6
359.192	1	2
359.363	1	4
359.533	1	-13
359.704	1	6
359.875	1	12
360.046	1	7
360.217	1	2
360.388	1	8
360.559	1	0
360.730	1	3
360.901	1	2
361.072	1	2
361.243	1	9
361.414	1	3
361.584	1	-1
361.755	1	1
361.926	1	2
362.097	1	8
362.268	1	-1
362.439	1	3
362.610	1	3
362.781	1	-5
362.952	1	16
363.123	1	-2
363.293	1	-4
363.464	1	2
363.635	1	11
363.806	1	3
363.977	1	1
364.148	1	3
364.319	1	1
364.490	1	5
364.661	1	-2
364.832	1	5
365.002	1	22
365.173	1	-2
365.344	1	9
365.515	1	-5
365.686	1	-12
365.857	1	7
366.028	1	0
366.199	1	5
366.370	1	5
366.540	1	-3
366.711	1	-1
366.882	1	4
367.053	1	2
367.224	1	3
367.395	1	-3
367.566	1	-5
367.737	1	-1
367.908	1	2
368.078	1	10
368.249	1	10
368.420	1	7
368.591	1	10
368.762	1	2
368.933	1	-7
369.104	1	11
369.274	1	-3
369.445	1	6
369.616	1	13
369.787	1	16
369.958	1	3
370.129	1	2
370.300	1	-7
370.471	1	1
370.641	1	5
370.812	1	5
370.983	1	-9
371.154	1	-1
371.325	1	-1
371.496	1	11
371.667	1	-1
371.837	1	6
372.008	1	-24
372.179	1	2
372.350	1	-7
372.521	1	4
372.692	1	0
372.863	1	3
373.033	1	10
373.204	1	1
373.375	1	1
373.546	1	11
373.717	1	-2
373.888	1	13
374.059	1	5
374.229	1	-8
374.400	1	-4
374.571	1	1
374.742	1	5
374.913	1	-2
375.084	1	5
375.254	1	-3
375.425	1	-5
375.596	1	9
375.767	1	-6
375.938	1	8
376.109	1	6
376.279	1	-3
376.450	1	3
376.621	1	2
376.792	1	6
376.963	1	7
377.134	1	6
377.304	1	3
377.475	1	7
377.646	1	-2
377.817	1	-1
377.988	1	6
378.159	1	17
378.329	1	7
378.500	1	2
378.671	1	5
378.842	1	7
379.013	1	4
379.184	1	-8
379.354	1	2
379.525	1	3
379.696	1	1
379.867	1	0
380.038	1	6
380.209	1	4
380.379	1	5
380.550	1	6
380.721	1	-2
380.892	1	1
381.063	1	0
381.233	1	0
381.404	1	2
381.575	1	4
381.746	1	17
381.917	1	10
382.087	1	8
382.258	1	13
382.429	1	-4
382.600	1	11
382.771	1	-2
382.941	1	13
383.112	1	-6
383.283	1	17
383.454	1	-2
383.625	1	-7
383.795	1	2
383.966	1	-4
384.137	1	10
384.308	1	4
384.479	1	8
384.649	1	4
384.820	1	15
384.991	1	4
385.162	1	4
385.333	1	5
385.503	1	0
385.674	1	-9
385.845	1	4
386.016	1	4
386.187	1	5
386.357	1	4
386.528	1	-1
386.699	1	0
386.870	1	7
387.041	1	11
387.211	1	-1
387.382	1	-9
387.553	1	2
387.724	1	14
387.894	1	5
388.065	1	2
388.236	1	17
388.407	1	4
388.578	1	-5
388.748	1	6
388.919	1	-4
389.090	1	21
389.261	1	8
389.431	1	3
389.602	1	14
389.773	1	13
389.944	1	20
390.114	1	18
390.285	1	1
390.456	1	-2
390.627	1	-3
390.798	1	-3
390.968	1	9
391.139	1	5
391.310	1	13
391.481	1	7
391.651	1	19
391.822	1	14
391.993	1	7
392.164	1	8
392.334	1	0
392.505	1	14
392.676	1	8
392.847	1	4
393.017	1	6
393.188	1	12
393.359	1	7
393.530	1	15
393.700	1	-3
393.871	1	2
394.042	1	-2
394.213	1	-3
394.383	1	7
394.554	1	19
394.725	1	7
394.896	1	9
395.066	1	-3
395.237	1	11
395.408	1	9
395.579	1	2
395.749	1	8
395.920	1	0
396.091	1	13
396.262	1	-1
396.432	1	4
396.603	1	5
396.774	1	11
396.945	1	7
397.115	1	5
397.286	1	7
397.457	1	10
397.627	1	5
397.798	1	2
397.969	1	10
398.140	1	5
398.310	1	10
398.481	1	2
398.652	1	-1
398.823	1	5
398.993	1	3
399.164	1	4
399.335	1	3
399.505	1	-1
399.676	1	3
399.847	1	3
400.018	1	10
400.188	1	12
400.359	1	7
400.530	1	10
400.700	1	6
400.871	1	6
401.042	1	17
401.213	1	-3
401.383	1	5
401.554	1	7
401.725	1	6
401.895	1	4
402.066	1	2
402.237	1	9
402.408	1	7
402.578	1	4
402.749	1	0
402.920	1	10
403.090	1	0
403.261	1	12
403.432	1	7
403.603	1	1
403.773	1	17
403.944	1	11
404.115	1	-1
404.285	1	13
404.456	1	5
404.627	1	-1
404.797	1	4
404.968	1	16
405.139	1	6
405.310	1	12
405.480	1	12
405.651	1	-5
405.822	1	-3
405.992	1	4
406.163	1	4
406.334	1	8
406.504	1	9
406.675	1	21
406.846	1	8
407.016	1	15
407.187	1	2
407.358	1	17
407.528	1	1
407.699	1	-2
407.870	1	12
408.041	1	14
408.211	1	5
408.382	1	6
408.553	1	9
408.723	1	5
408.894	1	7
409.065	1	6
409.235	1	18
409.406	1	-2
409.577	1	3
409.747	1	6
409.918	1	-1
410.089	1	15
410.259	1	3
410.430	1	11
410.601	1	1
410.771	1	0
410.942	1	3
411.113	1	-2
411.283	1	13
411.454	1	8
411.625	1	10
411.795	1	0
411.966	1	21
412.137	1	15
412.307	1	9
412.478	1	7
412.649	1	8
412.819	1	6
412.990	1	10
413.161	1	15
413.331	1	4
413.502	1	5
413.672	1	8
413.843	1	2
414.014	1	11
414.184	1	12
414.355	1	8
414.526	1	7
414.696	1	13
414.867	1	2
415.038	1	11
415.208	1	6
415.379	1	10
415.550	1	10
415.720	1	-1
415.891	1	13
416.062	1	1
416.232	1	-4
416.403	1	18
416.573	1	16
416.744	1	3
416.915	1	15
417.085	1	13
417.256	1	8
417.427	1	9
417.597	1	18
417.768	1	15
417.939	1	7
418.109	1	10
418.280	1	9
418.450	1	9
418.621	1	8
418.792	1	13
418.962	1	5
419.133	1	13
419.304	1	7
419.474	1	19
419.645	1	3
419.815	1	-3
419.986	1	21
420.157	1	10
420.327	1	0
420.498	1	5
420.669	1	16
420.839	1	7
421.010	1	13
421.180	1	16
421.351	1	17
421.522	1	4
421.692	1	5
421.863	1	7
422.033	1	8
422.204	1	14
422.375	1	8
422.545	1	9
422.716	1	6
422.886	1	10
423.057	1	11
423.228	1	6
423.398	1	3
423.569	1	7
423.740	1	10
423.910	1	14
424.081	1	-4
424.251	1	-6
424.422	1	9
424.593	1	16
424.763	1	12
424.934	1	9
425.104	1	11
425.275	1	15
425.445	1	-2
425.616	1	6
425.787	1	10
425.957	1	7
426.128	1	15
426.298	1	16
426.469	1	-2
426.640	1	15
426.810	1	14
426.981	1	14
427.151	1	17
427.322	1	8
427.493	1	16
427.663	1	17
427.834	1	8
428.004	1	0
428.175	1	21
428.345	1	13
428.516	1	20
428.687	1	14
428.857	1	11
429.028	1	6
429.198	1	7
429.369	1	11
429.540	1	14
429.710	1	2
429.881	1	1
430.051	1	19
430.222	1	10
430.392	1	4
430.563	1	22
430.734	1	7
430.904	1	-1
431.075	1	10
431.245	1	3
431.416	1	17
431.586	1	2
431.757	1	16
431.927	1	18
432.098	1	-4
432.269	1	9
432.439	1	15
432.610	1	11
432.780	1	8
432.951	1	9
433.121	1	6
433.292	1	3
433.462	1	2
433.633	1	-2
433.804	1	8
433.974	1	8
434.145	1	-4
434.315	1	-3
434.486	1	9
434.656	1	13
434.827	1	4
434.997	1	3
435.168	1	17
435.339	1	9
435.509	1	-2
435.680	1	13
435.850	1	7
436.021	1	4
436.191	1	14
436.362	1	10
436.532	1	22
436.703	1	5
436.873	1	3
437.044	1	-1
437.214	1	8
437.385	1	5
437.556	1	6
437.726	1	7
437.897	1	3
438.067	1	-10
438.238	1	12
438.408	1	8
438.579	1	12
438.749	1	0
438.920	1	12
439.090	1	6
439.261	1	1
439.431	1	-1
439.602	1	11
439.772	1	10
439.943	1	9
440.113	1	11
440.284	1	4
440.455	1	8
440.625	1	24
440.796	1	10
440.966	1	-5
441.137	1	-5
441.307	1	-3
441.478	1	11
441.648	1	6
441.819	1	7
441.989	1	10
442.160	1	6
442.330	1	12
442.501	1	9
442.671	1	3
442.842	1	5
443.012	1	4
443.183	1	12
443.353	1	22
443.524	1	1
443.694	1	11
443.865	1	9
444.035	1	2
444.206	1	14
444.376	1	3
444.547	1	21
444.717	1	7
444.888	1	2
445.058	1	11
445.229	1	-2
445.399	1	2
445.570	1	0
445.740	1	6
445.911	1	31
446.081	1	10
446.252	1	6
446.422	1	5
446.593	1	0
446.763	1	7
446.934	1	15
447.104	1	7
447.275	1	15
447.445	1	8
447.616	1	13
447.786	1	5
447.957	1	13
448.127	1	10
448.298	1	11
448.468	1	0
448.639	1	1
448.809	1	5
448.979	1	-1
449.150	1	2
449.320	1	-1
449.491	1	19
449.661	1	18
449.832	1	11
450.002	1	6
450.173	1	5
450.343	1	9
450.514	1	8
450.684	1	10
450.855	1	10
451.025	1	-3
451.196	1	3
451.366	1	10
451.537	1	5
451.707	1	18
451.878	1	-4
452.048	1	2
452.218	1	17
452.389	1	5
452.559	1	-4
452.730	1	6
452.900	1	10
453.071	1	7
453.241	1	9
453.412	1	3
453.582	1	12
453.753	1	4
453.923	1	18
454.093	1	20
454.264	1	12
454.434	1	9
454.605	1	12
454.775	1	6
454.946	1	13
455.116	1	6
455.287	1	-1
455.457	1	13
455.628	1	15
455.798	1	10
455.968	1	18
456.139	1	0
456.309	1	5
456.480	1	6
456.650	1	11
456.821	1	8
456.991	1	9
457.161	1	10
457.332	1	10
457.502	1	-2
457.673	1	5
457.843	1	12
458.014	1	6
458.184	1	9
458.355	1	-9
458.525	1	3
458.695	1	-3
458.866	1	12
459.036	1	-2
459.207	1	10
459.377	1	11
459.548	1	1
459.718	1	0
459.888	1	16
460.059	1	7
460.229	1	4
460.400	1	10
460.570	1	6
460.740	1	2
460.911	1	6
461.081	1	2
461.252	1	4
461.422	1	3
461.593	1	-5
461.763	1	13
461.933	1	8
462.104	1	7
462.274	1	10
462.445	1	-4
462.615	1	-1
462.785	1	-3
462.956	1	-2
463.126	1	2
463.297	1	-1
463.467	1	18
463.638	1	1
463.808	1	10
463.978	1	5
464.149	1	8
464.319	1	-3
464.490	1	6
464.660	1	8
464.830	1	6
465.001	1	16
465.171	1	0
465.342	1	7
465.512	1	6
465.682	1	10
465.853	1	9
466.023	1	4
466.194	1	13
466.364	1	10
466.534	1	5
466.705	1	7
466.875	1	6
467.045	1	2
467.216	1	4
467.386	1	-2
467.557	1	1
467.727	1	0
467.897	1	7
468.068	1	4
468.238	1	0
468.409	1	8
468.579	1	2
468.749	1	6
468.920	1	1
469.090	1	13
469.260	1	-7
469.431	1	4
469.601	1	3
469.772	1	8
469.942	1	12
470.112	1	5
470.283	1	7
470.453	1	14
470.623	1	10
470.794	1	9
470.964	1	1
471.135	1	4
471.305	1	-2
471.475	1	6
471.646	1	9
471.816	1	1
471.986	1	-3
472.157	1	3
472.327	1	3
472.497	1	0
472.668	1	5
472.838	1	0
473.009	1	10
473.179	1	8
473.349	1	-1
473.520	1	5
473.690	1	3
473.860	1	6
474.031	1	-1
474.201	1	8
474.371	1	2
474.542	1	5
474.712	1	-2
474.882	1	8
475.053	1	14
475.223	1	10
475.394	1	6
475.564	1	-7
475.734	1	-4
475.905	1	1
476.075	1	-4
476.245	1	11
476.416	1	-1
476.586	1	11
476.756	1	16
476.927	1	9
477.097	1	7
477.267	1	18
477.438	1	-16
477.608	1	5
477.778	1	8
477.949	1	-1
478.119	1	3
478.289	1	10
478.460	1	13
478.630	1	-4
478.800	1	-2
478.971	1	9
479.141	1	2
479.311	1	10
479.482	1	5
479.652	1	1
479.822	1	1
479.993	1	1
480.163	1	4
480.333	1	9
480.504	1	2
480.674	1	-2
480.844	1	11
481.015	1	2
481.185	1	15
481.355	1	3
481.525	1	8
481.696	1	1
481.866	1	3
482.036	1	-1
482.207	1	2
482.377	1	0
482.547	1	4
482.718	1	6
482.888	1	-2
483.058	1	3
483.229	1	0
483.399	1	6
483.569	1	2
483.740	1	6
483.910	1	-13
484.080	1	3
484.250	1	5
484.421	1	8
484.591	1	1
484.761	1	-2
484.932	1	7
485.102	1	6
485.272	1	12
485.443	1	-1
485.613	1	-2
485.783	1	1
485.953	1	7
486.124	1	-11
486.294	1	13
486.464	1	4
486.635	1	1
486.805	1	-8
486.975	1	-7
487.146	1	-7
487.316	1	3
487.486	1	6
487.656	1	3
487.827	1	7
487.997	1	5
488.167	1	9
488.338	1	-3
488.508	1	-4
488.678	1	6
488.848	1	11
489.019	1	8
489.189	1	7
489.359	1	1
489.529	1	-5
489.700	1	-8
489.870	1	-2
490.040	1	2
490.211	1	8
490.381	1	3
490.551	1	-8
490.721	1	5
490.892	1	13
491.062	1	11
491.232	1	3
491.402	1	10
491.573	1	-4
491.743	1	-8
491.913	1	-6
492.084	1	-4
492.254	1	8
492.424	1	2
492.594	1	15
492.765	1	3
492.935	1	8
493.105	1	6
493.275	1	2
493.446	1	-3
493.616	1	1
493.786	1	8
493.956	1	-5
494.127	1	-4
494.297	1	1
494.467	1	11
494.637	1	5
494.808	1	-6
494.978	1	-6
495.148	1	2
495.318	1	-7
495.489	1	1
495.659	1	11
495.829	1	1
495.999	1	2
496.170	1	-1
496.340	1	13
496.510	1	-5
496.680	1	1
496.851	1	0
497.021	1	-6
497.191	1	-9
497.361	1	3
497.532	1	7
497.702	1	10
497.872	1	8
498.042	1	2
498.213	1	9
498.383	1	2
498.553	1	4
498.723	1	-8
498.894	1	15
499.064	1	2
499.234	1	-4
499.404	1	4
499.574	1	-6
499.745	1	8
499.915	1	-1
500.085	1	-4
500.255	1	5
500.426	1	-5
500.596	1	14
500.766	1	-6
500.936	1	-4
501.106	1	14
501.277	1	9
501.447	1	3
501.617	1	-3
501.787	1	10
501.958	1	-4
502.128	1	13
502.298	1	3
502.468	1	2
502.638	1	-5
502.809	1	-2
502.979	1	-5
503.149	1	2
503.319	1	-1
503.489	1	-4
503.660	1	1
503.830	1	10
504.000	1	6
504.170	1	-3
504.340	1	1
504.511	1	-4
504.681	1	8
504.851	1	3
505.021	1	-2
505.192	1	-8
505.362	1	1
505.532	1	-5
505.702	1	0
505.872	1	15
506.043	1	4
506.213	1	3
506.383	1	12
506.553	1	-2
506.723	1	7
506.893	1	5
507.064	1	-7
507.234	1	-8
507.404	1	6
507.574	1	0
507.744	1	6
507.915	1	1
508.085	1	-10
508.255	1	0
508.425	1	1
508.595	1	7
508.766	1	-2
508.936	1	11
509.106	1	-3
509.276	1	3
509.446	1	3
509.616	1	4
509.787	1	8
509.957	1	-5
510.127	1	-3
510.297	1	5
510.467	1	-8
510.638	1	-1
510.808	1	-4
510.978	1	6
511.148	1	6
511.318	1	1
511.488	1	11
511.659	1	5
511.829	1	-4
511.999	1	1
512.169	1	0
512.339	1	-3
512.509	1	2
512.680	1	-2
512.850	1	0
513.020	1	4
513.190	1	2
513.360	1	12
513.530	1	3
513.700	1	1
513.871	1	-6
514.041	1	3
514.211	1	-7
514.381	1	1
514.551	1	-2
514.721	1	-2
514.892	1	-3
515.062	1	1
515.232	1	6
515.402	1	1
515.572	1	-6
515.742	1	11
515.912	1	1
516.083	1	2
516.253	1	3
516.423	1	-1
516.593	1	-6
516.763	1	7
516.933	1	11
517.104	1	-10
517.274	1	3
517.444	1	-7
517.614	1	-1
517.784	1	1
517.954	1	7
518.124	1	2
518.294	1	3
518.465	1	2
518.635	1	-4
518.805	1	7
518.975	1	6
519.145	1	-4
519.315	1	-5
519.485	1	2
519.656	1	7
519.826	1	-2
519.996	1	12
520.166	1	-2
520.336	1	-10
520.506	1	0
520.676	1	3
520.846	1	0
521.017	1	2
521.187	1	1
521.357	1	3
521.527	1	-1
521.697	1	0
521.867	1	-3
522.037	1	7
522.207	1	5
522.377	1	2
522.548	1	9
522.718	1	-4
522.888	1	5
523.058	1	1
523.228	1	-5
523.398	1	7
523.568	1	6
523.738	1	3
523.909	1	3
524.079	1	7
524.249	1	2
524.419	1	7
524.589	1	-3
524.759	1	-2
524.929	1	-13
525.099	1	-9
525.269	1	-7
525.439	1	5
525.610	1	-8
525.780	1	-2
525.950	1	12
526.120	1	9
526.290	1	0
526.460	1	6
526.630	1	-3
526.800	1	-4
526.970	1	3
527.140	1	8
527.311	1	14
527.481	1	-8
527.651	1	0
527.821	1	6
527.991	1	-5
528.161	1	-9
528.331	1	2
528.501	1	-1
528.671	1	7
528.841	1	19
529.011	1	-2
529.181	1	4
529.352	1	8
529.522	1	9
529.692	1	3
529.862	1	-8
530.032	1	-1
530.202	1	-1
530.372	1	-2
530.542	1	-6
530.712	1	8
530.882	1	7
531.052	1	2
531.222	1	-8
531.392	1	-3
531.563	1	-11
531.733	1	-10
531.903	1	1
532.073	1	-4
532.243	1	2
532.413	1	-6
532.583	1	1
532.753	1	11
532.923	1	1
533.093	1	8
533.263	1	-8
533.433	1	-1
533.603	1	3
533.773	1	-4
533.943	1	-2
534.113	1	8
534.284	1	-10
534.454	1	1
534.624	1	11
534.794	1	8
534.964	1	2
535.134	1	6
535.304	1	11
535.474	1	1
535.644	1	0
535.814	1	9
535.984	1	-6
536.154	1	-6
536.324	1	-7
536.494	1	0
536.664	1	2
536.834	1	10
537.004	1	-4
537.174	1	4
537.344	1	2
537.514	1	-3
537.685	1	1
537.855	1	3
538.025	1	-5
538.195	1	7
538.365	1	7
538.535	1	-10
538.705	1	-9
538.875	1	0
539.045	1	5
539.215	1	8
539.385	1	-2
539.555	1	-5
539.725	1	1
539.895	1	-8
540.065	1	0
540.235	1	10
540.405	1	-13
540.575	1	1
540.745	1	5
540.915	1	1
541.085	1	2
541.255	1	6
541.425	1	-8
541.595	1	4
541.765	1	10
541.935	1	1
542.105	1	-4
542.275	1	0
542.445	1	7
542.615	1	-6
542.785	1	0
542.955	1	-8
543.125	1	-1
543.295	1	11
543.465	1	-3
543.635	1	-5
543.805	1	-1
543.975	1	-5
544.145	1	11
544.315	1	-13
544.485	1	10
544.655	1	-5
544.825	1	-6
544.995	1	10
545.165	1	4
545.335	1	-8
545.505	1	-1
545.675	1	-11
545.845	1	4
546.015	1	-1
546.185	1	1
546.355	1	0
546.525	1	-11
546.695	1	1
546.865	1	5
547.035	1	-4
547.205	1	14
547.375	1	6
547.545	1	-6
547.715	1	4
547.885	1	-5
548.055	1	4
548.225	1	8
548.395	1	-4
548.565	1	9
548.735	1	-1
548.905	1	5
549.075	1	5
549.245	1	8
549.415	1	1
549.585	1	3
549.755	1	-1
549.925	1	-7
550.095	1	-7
550.265	1	5
550.435	1	-3
550.605	1	1
550.775	1	-10
550.945	1	-3
551.115	1	2
551.285	1	-3
551.455	1	-4
551.625	1	-15
551.795	1	-13
551.965	1	1
552.135	1	3
552.305	1	6
552.475	1	2
552.645	1	1
552.815	1	-1
552.985	1	3
553.155	1	5
553.325	1	-9
553.495	1	2
553.665	1	-3
553.835	1	-2
554.004	1	10
554.174	1	-6
554.344	1	-3
554.514	1	2
554.684	1	3
554.854	1	-2
555.024	1	-6
555.194	1	-6
555.364	1	1
555.534	1	-16
555.704	1	13
555.874	1	-1
556.044	1	-6
556.214	1	8
556.384	1	5
556.554	1	-3
556.724	1	-1
556.894	1	-1
557.064	1	7
557.234	1	-4
557.404	1	1
557.573	1	-10
557.743	1	9
557.913	1	8
558.083	1	-10
558.253	1	2
558.423	1	-1
558.593	1	-8
558.763	1	6
558.933	1	1
559.103	1	3
559.273	1	0
559.443	1	2
559.613	1	-5
559.783	1	-11
559.953	1	4
560.122	1	-4
560.292	1	5
560.462	1	0
560.632	1	2
560.802	1	4
560.972	1	-7
561.142	1	-5
561.312	1	-1
561.482	1	-11
561.652	1	-2
561.822	1	-12
561.992	1	-5
562.162	1	4
562.331	1	-4
562.501	1	-3
562.671	1	-3
562.841	1	-6
563.011	1	11
563.181	1	7
563.351	1	5
563.521	1	-5
563.691	1	-12
563.861	1	11
564.031	1	-1
564.201	1	9
564.370	1	-2
564.540	1	8
564.710	1	-5
564.880	1	4
565.050	1	1
565.220	1	-7
565.390	1	-3
565.560	1	-3
565.730	1	7
565.900	1	8
566.069	1	-5
566.239	1	-3
566.409	1	-16
566.579	1	9
566.749	1	-5
566.919	1	-9
567.089	1	7
567.259	1	-8
567.429	1	-11
567.599	1	0
567.768	1	0
567.938	1	-5
568.108	1	0
568.278	1	13
568.448	1	-1
568.618	1	2
568.788	1	2
568.958	1	2
569.128	1	3
569.297	1	-11
569.467	1	-13
569.637	1	0
569.807	1	-3
569.977	1	-2
570.147	1	-2
570.317	1	0
570.487	1	-1
570.656	1	-8
570.826	1	7
570.996	1	-18
571.166	1	10
571.336	1	-2
571.506	1	3
571.676	1	9
571.846	1	2
572.015	1	-5
572.185	1	3
572.355	1	-7
572.525	1	-4
572.695	1	0
572.865	1	-3
573.035	1	13
573.205	1	2
573.374	1	-2
573.544	1	9
573.714	1	-4
573.884	1	8
574.054	1	9
574.224	1	2
574.394	1	-5
574.563	1	-3
574.733	1	2
574.903	1	3
575.073	1	-4
575.243	1	-6
575.413	1	0
575.583	1	2
575.752	1	-2
575.922	1	-12
576.092	1	-11
576.262	1	-1
576.432	1	4
576.602	1	-10
576.772	1	4
576.941	1	2
577.111	1	-2
577.281	1	0
577.451	1	-1
577.621	1	-1
577.791	1	-2
577.960	1	1
578.130	1	0
578.300	1	-6
578.470	1	-5
578.640	1	0
578.810	1	2
578.979	1	-9
579.149	1	-1
579.319	1	2
579.489	1	-8
579.659	1	-15
579.829	1	-2
579.998	1	-4
580.168	1	0
580.338	1	1
580.508	1	10
580.678	1	4
580.848	1	-2
581.017	1	6
581.187	1	0
581.357	1	-8
581.527	1	-1
581.697	1	-5
581.867	1	2
582.036	1	-1
582.206	1	1
582.376	1	1
582.546	1	-6
582.716	1	1
582.885	1	-19
583.055	1	5
583.225	1	-4
583.395	1	6
583.565	1	0
583.735	1	-1
583.904	1	5
584.074	1	-5
584.244	1	-9
584.414	1	-4
584.584	1	-10
584.753	1	-1
584.923	1	4
585.093	1	3
585.263	1	3
585.433	1	-3
585.602	1	3
585.772	1	-9
585.942	1	5
586.112	1	-6
586.282	1	2
586.451	1	5
586.621	1	8
586.791	1	-6
586.961	1	-5
587.131	1	1
587.300	1	-9
587.470	1	-2
587.640	1	2
587.810	1	16
587.980	1	-3
588.149	1	0
588.319	1	2
588.489	1	-9
588.659	1	-1
588.829	1	7
588.998	1	4
589.168	1	12
589.338	1	-4
589.508	1	1
589.677	1	3
589.847	1	3
590.017	1	-14
590.187	1	1
590.357	1	10
590.526	1	5
590.696	1	-8
590.866	1	-7
591.036	1	7
591.205	1	9
591.375	1	-4
591.545	1	2
591.715	1	-2
591.885	1	1
592.054	1	3
592.224	1	5
592.394	1	-2
592.564	1	8
592.733	1	-18
592.903	1	-1
593.073	1	4
593.243	1	12
593.412	1	-8
593.582	1	2
593.752	1	-1
593.922	1	-1
594.091	1	-4
594.261	1	-5
594.431	1	19
594.601	1	-8
594.771	1	10
594.940	1	7
595.110	1	0
595.280	1	-2
595.450	1	5
595.619	1	7
595.789	1	2
595.959	1	6
596.129	1	-7
596.298	1	2
596.468	1	6
596.638	1	5
596.808	1	-1
596.977	1	-3
597.147	1	-10
597.317	1	0
597.487	1	4
597.656	1	0
597.826	1	13
597.996	1	-4
598.166	1	2
598.335	1	6
598.505	1	-3
598.675	1	-11
598.844	1	-6
599.014	1	6
599.184	1	-7
599.354	1	8
599.523	1	2
599.693	1	11
599.863	1	3
600.033	1	-6
600.202	1	3
600.372	1	-10
600.542	1	-2
600.712	1	4
600.881	1	-3
601.051	1	12
601.221	1	4
601.390	1	-12
601.560	1	6
601.730	1	8
601.900	1	3
602.069	1	-1
602.239	1	0
602.409	1	3
602.578	1	-3
602.748	1	5
602.918	1	3
603.088	1	9
603.257	1	3
603.427	1	-4
603.597	1	3
603.767	1	1
603.936	1	6
604.106	1	0
604.276	1	11
604.445	1	4
604.615	1	8
604.785	1	1
604.954	1	15
605.124	1	-7
605.294	1	-1
605.464	1	-4
605.633	1	2
605.803	1	3
605.973	1	15
606.142	1	0
606.312	1	2
606.482	1	-4
606.652	1	0
606.821	1	-2
606.991	1	-10
607.161	1	0
607.330	1	-6
607.500	1	9
607.670	1	3
607.839	1	4
608.009	1	14
608.179	1	0
608.348	1	-1
608.518	1	-11
608.688	1	-1
608.858	1	7
609.027	1	1
609.197	1	-9
609.367	1	7
609.536	1	13
609.706	1	2
609.876	1	15
610.045	1	-7
610.215	1	-9
610.385	1	-7
610.554	1	-5
610.724	1	-5
610.894	1	6
611.063	1	-15
611.233	1	8
611.403	1	5
611.572	1	0
611.742	1	-4
611.912	1	-2
612.081	1	-7
612.251	1	16
612.421	1	4
612.590	1	0
612.760	1	4
612.930	1	0
613.099	1	4
613.269	1	-10
613.439	1	0
613.608	1	8
613.778	1	-4
613.948	1	0
614.117	1	13
614.287	1	-4
614.457	1	-7
614.626	1	1
614.796	1	-1
614.966	1	3
615.135	1	11
615.305	1	3
615.475	1	2
615.644	1	-2
615.814	1	0
615.984	1	6
616.153	1	1
616.323	1	-2
616.493	1	14
616.662	1	17
616.832	1	0
617.002	1	3
617.171	1	-7
617.341	1	-4
617.511	1	0
617.680	1	5
617.850	1	7
618.019	1	6
618.189	1	8
618.359	1	-1
618.528	1	1
618.698	1	1
618.868	1	-11
619.037	1	3
619.207	1	0
619.377	1	-7
619.546	1	1
619.716	1	-1
619.885	1	1
620.055	1	8
620.225	1	7
620.394	1	1
620.564	1	6
620.734	1	-3
620.903	1	2
621.073	1	4
621.242	1	-3
621.412	1	9
621.582	1	-4
621.751	1	14
621.921	1	-5
622.091	1	6
622.260	1	-7
622.430	1	-4
622.599	1	-1
622.769	1	4
622.939	1	-1
623.108	1	6
623.278	1	6
623.448	1	12
623.617	1	9
623.787	1	-1
623.956	1	5
624.126	1	13
624.296	1	7
624.465	1	3
624.635	1	3
624.804	1	3
624.974	1	9
625.144	1	6
625.313	1	-4
625.483	1	17
625.652	1	9
625.822	1	-4
625.992	1	-1
626.161	1	13
626.331	1	1
626.501	1	-3
626.670	1	12
626.840	1	5
627.009	1	11
627.179	1	-1
627.348	1	10
627.518	1	6
627.688	1	7
627.857	1	6
628.027	1	-3
628.196	1	-5
628.366	1	-9
628.536	1	5
628.705	1	6
628.875	1	12
629.044	1	-2
629.214	1	2
629.384	1	10
629.553	1	13
629.723	1	-5
629.892	1	8
630.062	1	-3
630.232	1	12
630.401	1	8
630.571	1	14
630.740	1	8
630.910	1	8
631.079	1	-4
631.249	1	0
631.419	1	-6
631.588	1	-3
631.758	1	4
631.927	1	2
632.097	1	5
632.266	1	3
632.436	1	6
632.606	1	1
632.775	1	13
632.945	1	16
633.114	1	-6
633.284	1	-11
633.453	1	-7
633.623	1	7
633.793	1	-8
633.962	1	3
634.132	1	5
634.301	1	4
634.471	1	-8
634.640	1	4
634.810	1	7
634.979	1	8
635.149	1	1
635.319	1	5
635.488	1	12
635.658	1	20
635.827	1	11
635.997	1	1
636.166	1	1
636.336	1	-1
636.505	1	-5
636.675	1	9
636.845	1	-2
637.014	1	4
637.184	1	7
637.353	1	-4
637.523	1	4
637.692	1	2
637.862	1	8
638.031	1	7
638.201	1	12
638.370	1	-3
638.540	1	-4
638.710	1	2
638.879	1	-5
639.049	1	1
639.218	1	0
639.388	1	4
639.557	1	19
639.727	1	11
639.896	1	0
640.066	1	11
640.235	1	2
640.405	1	3
640.574	1	9
640.744	1	13
640.914	1	-1
641.083	1	0
641.253	1	14
641.422	1	15
641.592	1	-2
641.761	1	3
641.931	1	-4
642.100	1	0
642.270	1	-1
642.439	1	5
642.609	1	1
642.778	1	-8
642.948	1	3
643.117	1	7
643.287	1	-7
643.456	1	10
643.626	1	12
643.795	1	-5
643.965	1	3
644.134	1	0
644.304	1	7
644.473	1	0
644.643	1	3
644.812	1	14
644.982	1	1
645.151	1	9
645.321	1	3
645.490	1	2
645.660	1	7
645.829	1	-4
645.999	1	-7
646.168	1	5
646.338	1	9
646.507	1	5
646.677	1	7
646.846	1	-2
647.016	1	13
647.185	1	-4
647.355	1	3
647.524	1	2
647.694	1	-1
647.863	1	1
648.033	1	1
648.202	1	5
648.372	1	7
648.541	1	6
648.711	1	12
648.880	1	1
649.050	1	-1
649.219	1	-10
649.389	1	9
649.558	1	-1
649.728	1	5
649.897	1	2
650.067	1	0
650.236	1	7
650.406	1	2
650.575	1	10
650.745	1	-2
650.914	1	-1
651.084	1	0
651.253	1	6
651.423	1	7
651.592	1	10
651.762	1	15
651.931	1	1
652.101	1	7
652.270	1	3
652.440	1	0
652.609	1	-5
652.778	1	-6
652.948	1	10
653.117	1	-4
653.287	1	11
653.456	1	11
653.626	1	-2
653.795	1	17
653.965	1	3
654.134	1	7
654.304	1	11
654.473	1	6
654.643	1	8
654.812	1	-6
654.982	1	-1
655.151	1	-9
655.320	1	-5
655.490	1	4
655.659	1	-3
655.829	1	-3
655.998	1	0
656.168	1	3
656.337	1	2
656.507	1	4
656.676	1	10
656.846	1	-4
657.015	1	-1
657.184	1	-3
657.354	1	9
657.523	1	-1
657.693	1	2
657.862	1	4
658.032	1	-4
658.201	1	8
658.371	1	-2
658.540	1	-8
658.709	1	0
658.879	1	-12
659.048	1	3
659.218	1	2
659.387	1	8
659.557	1	1
659.726	1	5
659.895	1	3
660.065	1	-9
660.234	1	3
660.404	1	-1
660.573	1	7
660.743	1	11
660.912	1	9
661.081	1	9
661.251	1	4
661.420	1	-8
661.590	1	-2
661.759	1	3
661.929	1	3
662.098	1	-4
662.267	1	-5
662.437	1	8
662.606	1	12
662.776	1	3
662.945	1	4
663.115	1	11
663.284	1	3
663.453	1	-6
663.623	1	13
663.792	1	13
663.962	1	1
664.131	1	5
664.300	1	7
664.470	1	1
664.639	1	1
664.809	1	-3
664.978	1	8
665.148	1	4
665.317	1	2
665.486	1	-8
665.656	1	-3
665.825	1	6
665.995	1	-3
666.164	1	-3
666.333	1	7
666.503	1	8
666.672	1	6
666.842	1	-4
667.011	1	8
667.180	1	4
667.350	1	5
667.519	1	11
667.689	1	5
667.858	1	14
668.027	1	7
668.197	1	6
668.366	1	7
668.536	1	4
668.705	1	3
668.874	1	12
669.044	1	5
669.213	1	6
669.382	1	1
669.552	1	8
669.721	1	13
669.891	1	6
670.060	1	8
670.229	1	6
670.399	1	3
670.568	1	-4
670.738	1	-7
670.907	1	2
671.076	1	6
671.246	1	4
671.415	1	6
671.584	1	9
671.754	1	5
671.923	1	1
672.093	1	5
672.262	1	9
672.431	1	-3
672.601	1	-2
672.770	1	1
672.939	1	0
673.109	1	7
673.278	1	9
673.448	1	-1
673.617	1	-6
673.786	1	-1
