325.333	1	2
325.504	1	0
325.675	1	7
325.846	1	9
326.017	1	2
326.188	1	9
326.359	1	4
326.531	1	8
326.702	1	2
326.873	1	14
327.044	1	1
327.215	1	7
327.386	1	6
327.557	1	3
327.728	1	7
327.899	1	7
328.070	1	16
328.241	1	3
328.412	1	9
328.583	1	13
328.754	1	-2
328.926	1	2
329.097	1	2
329.268	1	3
329.439	1	10
329.610	1	12
329.781	1	3
329.952	1	4
330.123	1	2
330.294	1	4
330.465	1	4
330.636	1	11
330.807	1	5
330.978	1	3
331.149	1	20
331.320	1	13
331.492	1	11
331.663	1	8
331.834	1	9
332.005	1	11
332.176	1	2
332.347	1	14
332.518	1	13
332.689	1	10
332.860	1	10
333.031	1	8
333.202	1	-4
333.373	1	15
333.544	1	5
333.715	1	7
333.886	1	3
334.057	1	14
334.228	1	6
334.399	1	11
334.570	1	13
334.741	1	10
334.912	1	13
335.084	1	1
335.255	1	8
335.426	1	6
335.597	1	10
335.768	1	9
335.939	1	2
336.110	1	7
336.281	1	14
336.452	1	18
336.623	1	10
336.794	1	18
336.965	1	-1
337.136	1	2
337.307	1	0
337.478	1	-1
337.649	1	11
337.820	1	11
337.991	1	10
338.162	1	13
338.333	1	4
338.504	1	10
338.675	1	11
338.846	1	10
339.017	1	12
339.188	1	6
339.359	1	14
339.530	1	21
339.701	1	-1
339.872	1	8
340.043	1	-6
340.214	1	14
340.385	1	0
340.556	1	5
340.727	1	8
340.898	1	16
341.069	1	10
341.240	1	16
341.411	1	8
341.582	1	16
341.753	1	7
341.924	1	4
342.095	1	5
342.266	1	15
342.437	1	6
342.608	1	16
342.779	1	4
342.950	1	9
343.121	1	10
343.292	1	6
343.463	1	14
343.634	1	-3
343.805	1	4
343.976	1	15
344.147	1	6
344.318	1	3
344.489	1	15
344.660	1	7
344.831	1	22
345.002	1	14
345.173	1	14
345.344	1	9
345.515	1	-8
345.686	1	10
345.857	1	9
346.028	1	16
346.199	1	8
346.370	1	13
346.541	1	-2
346.712	1	6
346.883	1	5
347.054	1	4
347.225	1	3
347.396	1	4
347.567	1	15
347.738	1	0
347.909	1	6
348.080	1	15
348.251	1	6
348.422	1	9
348.593	1	4
348.764	1	5
348.935	1	7
349.106	1	2
349.277	1	12
349.448	1	10
349.619	1	6
349.790	1	15
349.961	1	14
350.132	1	12
350.303	1	13
350.474	1	5
350.645	1	8
350.816	1	2
350.987	1	8
351.157	1	10
351.328	1	15
351.499	1	10
351.670	1	4
351.841	1	11
352.012	1	16
352.183	1	1
352.354	1	3
352.525	1	14
352.696	1	19
352.867	1	8
353.038	1	2
353.209	1	6
353.380	1	1
353.551	1	-2
353.722	1	8
353.893	1	11
354.064	1	5
354.235	1	3
354.406	1	7
354.576	1	2
354.747	1	-2
354.918	1	12
355.089	1	7
355.260	1	19
355.431	1	3
355.602	1	15
355.773	1	0
355.944	1	3
356.115	1	6
356.286	1	11
356.457	1	8
356.628	1	7
356.799	1	3
356.970	1	11
357.141	1	9
357.311	1	13
357.482	1	3
357.653	1	8
357.824	1	8
357.995	1	-2
358.166	1	10
358.337	1	9
358.508	1	5
358.679	1	10
358.850	1	5
359.021	1	8
359.192	1	12
359.363	1	15
359.533	1	1
359.704	1	16
359.875	1	4
360.046	1	7
360.217	1	8
360.388	1	13
360.559	1	5
360.730	1	2
360.901	1	8
361.072	1	11
361.243	1	15
361.414	1	6
361.584	1	2
361.755	1	2
361.926	1	11
362.097	1	14
362.268	1	4
362.439	1	2
362.610	1	3
362.781	1	-2
362.952	1	14
363.123	1	13
363.293	1	4
363.464	1	4
363.635	1	5
363.806	1	9
363.977	1	3
364.148	1	2
364.319	1	1
364.490	1	14
364.661	1	8
364.832	1	8
365.002	1	10
365.173	1	0
365.344	1	8
365.515	1	7
365.686	1	-3
365.857	1	8
366.028	1	9
366.199	1	14
366.370	1	17
366.540	1	4
366.711	1	-3
366.882	1	5
367.053	1	5
367.224	1	12
367.395	1	3
367.566	1	-1
367.737	1	11
367.908	1	11
368.078	1	18
368.249	1	13
368.420	1	11
368.591	1	13
368.762	1	-4
368.933	1	-15
369.104	1	20
369.274	1	3
369.445	1	12
369.616	1	7
369.787	1	15
369.958	1	8
370.129	1	-1
370.300	1	3
370.471	1	4
370.641	1	10
370.812	1	8
370.983	1	-8
371.154	1	6
371.325	1	7
371.496	1	15
371.667	1	6
371.837	1	7
372.008	1	-6
372.179	1	-6
372.350	1	-1
372.521	1	14
372.692	1	5
372.863	1	7
373.033	1	7
373.204	1	1
373.375	1	3
373.546	1	22
373.717	1	3
373.888	1	13
374.059	1	11
374.229	1	-3
374.400	1	8
374.571	1	2
374.742	1	0
374.913	1	15
375.084	1	9
375.254	1	12
375.425	1	-1
375.596	1	12
375.767	1	0
375.938	1	10
376.109	1	16
376.279	1	-7
376.450	1	17
376.621	1	6
376.792	1	7
376.963	1	9
377.134	1	13
377.304	1	17
377.475	1	3
377.646	1	9
377.817	1	10
377.988	1	10
378.159	1	11
378.329	1	6
378.500	1	15
378.671	1	10
378.842	1	3
379.013	1	12
379.184	1	4
379.354	1	1
379.525	1	3
379.696	1	8
379.867	1	5
380.038	1	17
380.209	1	13
380.379	1	4
380.550	1	5
380.721	1	6
380.892	1	8
381.063	1	7
381.233	1	14
381.404	1	12
381.575	1	8
381.746	1	13
381.917	1	11
382.087	1	12
382.258	1	16
382.429	1	2
382.600	1	13
382.771	1	14
382.941	1	18
383.112	1	7
383.283	1	14
383.454	1	-5
383.625	1	7
383.795	1	4
383.966	1	-2
384.137	1	2
384.308	1	4
384.479	1	1
384.649	1	16
384.820	1	15
384.991	1	10
385.162	1	20
385.333	1	4
385.503	1	3
385.674	1	-4
385.845	1	12
386.016	1	15
386.187	1	7
386.357	1	9
386.528	1	7
386.699	1	12
386.870	1	-1
387.041	1	23
387.211	1	-3
387.382	1	2
387.553	1	11
387.724	1	23
387.894	1	10
388.065	1	14
388.236	1	9
388.407	1	5
388.578	1	9
388.748	1	13
388.919	1	4
389.090	1	21
389.261	1	10
389.431	1	8
389.602	1	19
389.773	1	14
389.944	1	15
390.114	1	23
390.285	1	5
390.456	1	1
390.627	1	12
390.798	1	7
390.968	1	19
391.139	1	13
391.310	1	7
391.481	1	18
391.651	1	12
391.822	1	13
391.993	1	8
392.164	1	10
392.334	1	5
392.505	1	12
392.676	1	14
392.847	1	17
393.017	1	10
393.188	1	16
393.359	1	12
393.530	1	14
393.700	1	7
393.871	1	8
394.042	1	5
394.213	1	8
394.383	1	5
394.554	1	21
394.725	1	10
394.896	1	12
395.066	1	15
395.237	1	16
395.408	1	17
395.579	1	6
395.749	1	9
395.920	1	10
396.091	1	20
396.262	1	4
396.432	1	13
396.603	1	12
396.774	1	10
396.945	1	12
397.115	1	9
397.286	1	16
397.457	1	7
397.627	1	6
397.798	1	17
397.969	1	11
398.140	1	7
398.310	1	5
398.481	1	10
398.652	1	1
398.823	1	3
398.993	1	3
399.164	1	6
399.335	1	18
399.505	1	1
399.676	1	14
399.847	1	8
400.018	1	9
400.188	1	6
400.359	1	6
400.530	1	11
400.700	1	8
400.871	1	11
401.042	1	14
401.213	1	12
401.383	1	10
401.554	1	10
401.725	1	21
401.895	1	11
402.066	1	14
402.237	1	19
402.408	1	13
402.578	1	-2
402.749	1	8
402.920	1	7
403.090	1	14
403.261	1	5
403.432	1	13
403.603	1	8
403.773	1	12
403.944	1	3
404.115	1	7
404.285	1	17
404.456	1	12
404.627	1	15
404.797	1	8
404.968	1	14
405.139	1	14
405.310	1	18
405.480	1	17
405.651	1	-3
405.822	1	13
405.992	1	7
406.163	1	34
406.334	1	13
406.504	1	14
406.675	1	24
406.846	1	12
407.016	1	14
407.187	1	13
407.358	1	19
407.528	1	11
407.699	1	0
407.870	1	16
408.041	1	26
408.211	1	17
408.382	1	20
408.553	1	16
408.723	1	11
408.894	1	9
409.065	1	7
409.235	1	7
409.406	1	8
409.577	1	0
409.747	1	14
409.918	1	18
410.089	1	22
410.259	1	4
410.430	1	13
410.601	1	14
410.771	1	11
410.942	1	10
411.113	1	20
411.283	1	10
411.454	1	15
411.625	1	17
411.795	1	6
411.966	1	24
412.137	1	22
412.307	1	14
412.478	1	12
412.649	1	13
412.819	1	16
412.990	1	13
413.161	1	22
413.331	1	10
413.502	1	25
413.672	1	21
413.843	1	7
414.014	1	27
414.184	1	16
414.355	1	16
414.526	1	13
414.696	1	16
414.867	1	15
415.038	1	17
415.208	1	28
415.379	1	21
415.550	1	17
415.720	1	8
415.891	1	25
416.062	1	15
416.232	1	1
416.403	1	19
416.573	1	18
416.744	1	17
416.915	1	22
417.085	1	21
417.256	1	13
417.427	1	13
417.597	1	20
417.768	1	14
417.939	1	24
418.109	1	16
418.280	1	4
418.450	1	4
418.621	1	8
418.792	1	13
418.962	1	10
419.133	1	8
419.304	1	9
419.474	1	18
419.645	1	18
419.815	1	10
419.986	1	16
420.157	1	8
420.327	1	14
420.498	1	9
420.669	1	20
420.839	1	3
421.010	1	16
421.180	1	20
421.351	1	20
421.522	1	14
421.692	1	26
421.863	1	19
422.033	1	6
422.204	1	16
422.375	1	10
422.545	1	14
422.716	1	15
422.886	1	8
423.057	1	23
423.228	1	15
423.398	1	9
423.569	1	19
423.740	1	20
423.910	1	19
424.081	1	11
424.251	1	4
424.422	1	9
424.593	1	22
424.763	1	27
424.934	1	23
425.104	1	12
425.275	1	24
425.445	1	10
425.616	1	23
425.787	1	11
425.957	1	7
426.128	1	19
426.298	1	27
426.469	1	15
426.640	1	15
426.810	1	31
426.981	1	11
427.151	1	17
427.322	1	30
427.493	1	9
427.663	1	25
427.834	1	14
428.004	1	7
428.175	1	31
428.345	1	19
428.516	1	18
428.687	1	27
428.857	1	16
429.028	1	5
429.198	1	22
429.369	1	18
429.540	1	14
429.710	1	18
429.881	1	4
430.051	1	27
430.222	1	17
430.392	1	12
430.563	1	19
430.734	1	16
430.904	1	12
431.075	1	15
431.245	1	9
431.416	1	27
431.586	1	15
431.757	1	16
431.927	1	26
432.098	1	3
432.269	1	17
432.439	1	27
432.610	1	22
432.780	1	9
432.951	1	21
433.121	1	20
433.292	1	20
433.462	1	14
433.633	1	9
433.804	1	12
433.974	1	14
434.145	1	15
434.315	1	6
434.486	1	24
434.656	1	23
434.827	1	9
434.997	1	17
435.168	1	17
435.339	1	4
435.509	1	18
435.680	1	21
435.850	1	12
436.021	1	18
436.191	1	17
436.362	1	22
436.532	1	13
436.703	1	11
436.873	1	7
437.044	1	11
437.214	1	5
437.385	1	22
437.556	1	12
437.726	1	20
437.897	1	19
438.067	1	9
438.238	1	17
438.408	1	6
438.579	1	15
438.749	1	16
438.920	1	14
439.090	1	17
439.261	1	29
439.431	1	16
439.602	1	10
439.772	1	15
439.943	1	15
440.113	1	23
440.284	1	16
440.455	1	20
440.625	1	28
440.796	1	13
440.966	1	7
441.137	1	-2
441.307	1	15
441.478	1	13
441.648	1	11
441.819	1	20
441.989	1	19
442.160	1	6
442.330	1	13
442.501	1	15
442.671	1	8
442.842	1	17
443.012	1	17
443.183	1	6
443.353	1	16
443.524	1	9
443.694	1	5
443.865	1	19
444.035	1	12
444.206	1	16
444.376	1	12
444.547	1	25
444.717	1	4
444.888	1	11
445.058	1	16
445.229	1	7
445.399	1	6
445.570	1	0
445.740	1	12
445.911	1	22
446.081	1	22
446.252	1	9
446.422	1	14
446.593	1	4
446.763	1	8
446.934	1	17
447.104	1	9
447.275	1	12
447.445	1	16
447.616	1	15
447.786	1	12
447.957	1	11
448.127	1	22
448.298	1	14
448.468	1	2
448.639	1	9
448.809	1	13
448.979	1	-1
449.150	1	13
449.320	1	5
449.491	1	17
449.661	1	26
449.832	1	18
450.002	1	8
450.173	1	1
450.343	1	16
450.514	1	13
450.684	1	8
450.855	1	19
451.025	1	15
451.196	1	11
451.366	1	19
451.537	1	9
451.707	1	18
451.878	1	11
452.048	1	16
452.218	1	14
452.389	1	16
452.559	1	-4
452.730	1	14
452.900	1	7
453.071	1	9
453.241	1	14
453.412	1	12
453.582	1	11
453.753	1	2
453.923	1	13
454.093	1	17
454.264	1	15
454.434	1	17
454.605	1	6
454.775	1	13
454.946	1	28
455.116	1	11
455.287	1	3
455.457	1	15
455.628	1	17
455.798	1	17
455.968	1	21
456.139	1	13
456.309	1	2
456.480	1	11
456.650	1	14
456.821	1	21
456.991	1	16
457.161	1	15
457.332	1	14
457.502	1	4
457.673	1	11
457.843	1	17
458.014	1	0
458.184	1	13
458.355	1	5
458.525	1	6
458.695	1	11
458.866	1	8
459.036	1	9
459.207	1	14
459.377	1	17
459.548	1	7
459.718	1	6
459.888	1	23
460.059	1	16
460.229	1	10
460.400	1	15
460.570	1	18
460.740	1	9
460.911	1	14
461.081	1	7
461.252	1	18
461.422	1	10
461.593	1	6
461.763	1	9
461.933	1	8
462.104	1	15
462.274	1	6
462.445	1	2
462.615	1	7
462.785	1	2
462.956	1	8
463.126	1	8
463.297	1	14
463.467	1	16
463.638	1	4
463.808	1	1
463.978	1	6
464.149	1	5
464.319	1	-4
464.490	1	11
464.660	1	11
464.830	1	14
465.001	1	19
465.171	1	4
465.342	1	12
465.512	1	4
465.682	1	9
465.853	1	10
466.023	1	9
466.194	1	6
466.364	1	13
466.534	1	13
466.705	1	12
466.875	1	3
467.045	1	1
467.216	1	6
467.386	1	11
467.557	1	-3
467.727	1	10
467.897	1	4
468.068	1	14
468.238	1	14
468.409	1	1
468.579	1	4
468.749	1	7
468.920	1	5
469.090	1	10
469.260	1	-1
469.431	1	2
469.601	1	9
469.772	1	-4
469.942	1	17
470.112	1	17
470.283	1	15
470.453	1	9
470.623	1	14
470.794	1	10
470.964	1	0
471.135	1	14
471.305	1	13
471.475	1	9
471.646	1	8
471.816	1	18
471.986	1	7
472.157	1	5
472.327	1	8
472.497	1	-3
472.668	1	6
472.838	1	4
473.009	1	13
473.179	1	11
473.349	1	2
473.520	1	6
473.690	1	4
473.860	1	5
474.031	1	7
474.201	1	15
474.371	1	5
474.542	1	13
474.712	1	-1
474.882	1	18
475.053	1	14
475.223	1	8
475.394	1	9
475.564	1	-2
475.734	1	6
475.905	1	11
476.075	1	5
476.245	1	19
476.416	1	8
476.586	1	0
476.756	1	24
476.927	1	9
477.097	1	5
477.267	1	6
477.438	1	0
477.608	1	2
477.778	1	17
477.949	1	12
478.119	1	6
478.289	1	20
478.460	1	2
478.630	1	2
478.800	1	7
478.971	1	7
479.141	1	6
479.311	1	8
479.482	1	0
479.652	1	10
479.822	1	7
479.993	1	9
480.163	1	5
480.333	1	13
480.504	1	19
480.674	1	3
480.844	1	4
481.015	1	10
481.185	1	9
481.355	1	-4
481.525	1	10
481.696	1	11
481.866	1	8
482.036	1	9
482.207	1	-3
482.377	1	7
482.547	1	9
482.718	1	8
482.888	1	4
483.058	1	4
483.229	1	9
483.399	1	8
483.569	1	11
483.740	1	1
483.910	1	0
484.080	1	13
484.250	1	4
484.421	1	12
484.591	1	2
484.761	1	6
484.932	1	12
485.102	1	6
485.272	1	9
485.443	1	10
485.613	1	4
485.783	1	3
485.953	1	-1
486.124	1	5
486.294	1	15
486.464	1	8
486.635	1	-2
486.805	1	-1
486.975	1	7
487.146	1	7
487.316	1	12
487.486	1	7
487.656	1	12
487.827	1	3
487.997	1	-3
488.167	1	1
488.338	1	-1
488.508	1	12
488.678	1	14
488.848	1	15
489.019	1	2
489.189	1	3
489.359	1	15
489.529	1	4
489.700	1	-6
489.870	1	-2
490.040	1	1
490.211	1	6
490.381	1	0
490.551	1	-2
490.721	1	11
490.892	1	18
491.062	1	12
491.232	1	-5
491.402	1	10
491.573	1	-2
491.743	1	-4
491.913	1	6
492.084	1	12
492.254	1	11
492.424	1	3
492.594	1	13
492.765	1	5
492.935	1	12
493.105	1	7
493.275	1	3
493.446	1	9
493.616	1	10
493.786	1	5
493.956	1	6
494.127	1	-5
494.297	1	3
494.467	1	11
494.637	1	2
494.808	1	-5
494.978	1	2
495.148	1	5
495.318	1	-5
495.489	1	1
495.659	1	13
495.829	1	9
495.999	1	16
496.170	1	1
496.340	1	17
496.510	1	-8
496.680	1	9
496.851	1	2
497.021	1	-1
497.191	1	-9
497.361	1	4
497.532	1	4
497.702	1	11
497.872	1	6
498.042	1	14
498.213	1	12
498.383	1	5
498.553	1	-1
498.723	1	0
498.894	1	10
499.064	1	3
499.234	1	6
499.404	1	13
499.574	1	6
499.745	1	-4
499.915	1	-7
500.085	1	8
500.255	1	7
500.426	1	9
500.596	1	12
500.766	1	0
500.936	1	7
501.106	1	11
501.277	1	10
501.447	1	3
501.617	1	9
501.787	1	13
501.958	1	3
502.128	1	13
502.298	1	6
502.468	1	9
502.638	1	-10
502.809	1	1
502.979	1	-7
503.149	1	0
503.319	1	6
503.489	1	1
503.660	1	0
503.830	1	3
504.000	1	3
504.170	1	1
504.340	1	6
504.511	1	17
504.681	1	10
504.851	1	5
505.021	1	11
505.192	1	0
505.362	1	5
505.532	1	0
505.702	1	-6
505.872	1	13
506.043	1	-2
506.213	1	3
506.383	1	19
506.553	1	5
506.723	1	8
506.893	1	3
507.064	1	-3
507.234	1	-5
507.404	1	9
507.574	1	13
507.744	1	10
507.915	1	-7
508.085	1	-9
508.255	1	9
508.425	1	9
508.595	1	1
508.766	1	-5
508.936	1	13
509.106	1	-6
509.276	1	4
509.446	1	6
509.616	1	3
509.787	1	3
509.957	1	4
510.127	1	6
510.297	1	11
510.467	1	-3
510.638	1	0
510.808	1	-5
510.978	1	4
511.148	1	10
511.318	1	5
511.488	1	12
511.659	1	11
511.829	1	6
511.999	1	7
512.169	1	-6
512.339	1	-2
512.509	1	3
512.680	1	-4
512.850	1	4
513.020	1	8
513.190	1	4
513.360	1	0
513.530	1	0
513.700	1	2
513.871	1	16
514.041	1	8
514.211	1	-6
514.381	1	8
514.551	1	-3
514.721	1	-3
514.892	1	-1
515.062	1	8
515.232	1	8
515.402	1	-2
515.572	1	7
515.742	1	5
515.912	1	4
516.083	1	2
516.253	1	8
516.423	1	-1
516.593	1	-3
516.763	1	14
516.933	1	8
517.104	1	-2
517.274	1	1
517.444	1	-2
517.614	1	5
517.784	1	-4
517.954	1	-1
518.124	1	-3
518.294	1	11
518.465	1	7
518.635	1	10
518.805	1	7
518.975	1	-3
519.145	1	3
519.315	1	-5
519.485	1	4
519.656	1	0
519.826	1	-3
519.996	1	4
520.166	1	3
520.336	1	-5
520.506	1	8
520.676	1	21
520.846	1	1
521.017	1	3
521.187	1	14
521.357	1	9
521.527	1	0
521.697	1	13
521.867	1	-1
522.037	1	8
522.207	1	11
522.377	1	4
522.548	1	8
522.718	1	4
522.888	1	8
523.058	1	7
523.228	1	-1
523.398	1	11
523.568	1	-1
523.738	1	-3
523.909	1	6
524.079	1	6
524.249	1	4
524.419	1	10
524.589	1	2
524.759	1	6
524.929	1	-4
525.099	1	-6
525.269	1	-10
525.439	1	2
525.610	1	-2
525.780	1	0
525.950	1	17
526.120	1	1
526.290	1	-6
526.460	1	7
526.630	1	6
526.800	1	-5
526.970	1	10
527.140	1	8
527.311	1	2
527.481	1	-4
527.651	1	8
527.821	1	0
527.991	1	0
528.161	1	2
528.331	1	1
528.501	1	-4
528.671	1	9
528.841	1	15
529.011	1	2
529.181	1	3
529.352	1	6
529.522	1	8
529.692	1	-2
529.862	1	2
530.032	1	-4
530.202	1	13
530.372	1	1
530.542	1	5
530.712	1	14
530.882	1	14
531.052	1	-1
531.222	1	0
531.392	1	0
531.563	1	-2
531.733	1	-1
531.903	1	2
532.073	1	6
532.243	1	6
532.413	1	-1
532.583	1	6
532.753	1	8
532.923	1	3
533.093	1	-3
533.263	1	-3
533.433	1	-4
533.603	1	-2
533.773	1	-1
533.943	1	1
534.113	1	4
534.284	1	3
534.454	1	-1
534.624	1	12
534.794	1	7
534.964	1	3
535.134	1	7
535.304	1	6
535.474	1	-5
535.644	1	5
535.814	1	8
535.984	1	4
536.154	1	-3
536.324	1	-3
536.494	1	-1
536.664	1	-4
536.834	1	4
537.004	1	-4
537.174	1	1
537.344	1	9
537.514	1	5
537.685	1	6
537.855	1	1
538.025	1	4
538.195	1	9
538.365	1	9
538.535	1	1
538.705	1	-5
538.875	1	-1
539.045	1	-1
539.215	1	1
539.385	1	-8
539.555	1	2
539.725	1	5
539.895	1	9
540.065	1	-8
540.235	1	-9
540.405	1	-8
540.575	1	2
540.745	1	2
540.915	1	-3
541.085	1	-2
541.255	1	13
541.425	1	-1
541.595	1	4
541.765	1	8
541.935	1	0
542.105	1	-3
542.275	1	6
542.445	1	4
542.615	1	7
542.785	1	-5
542.955	1	-7
543.125	1	-4
543.295	1	6
543.465	1	1
543.635	1	0
543.805	1	-9
543.975	1	-2
544.145	1	11
544.315	1	-3
544.485	1	5
544.655	1	-7
544.825	1	5
544.995	1	11
545.165	1	14
545.335	1	0
545.505	1	1
545.675	1	-7
545.845	1	10
546.015	1	4
546.185	1	8
546.355	1	-5
546.525	1	4
546.695	1	-3
546.865	1	12
547.035	1	-6
547.205	1	10
547.375	1	2
547.545	1	0
547.715	1	5
547.885	1	-1
548.055	1	-2
548.225	1	2
548.395	1	1
548.565	1	8
548.735	1	4
548.905	1	10
549.075	1	9
549.245	1	3
549.415	1	2
549.585	1	0
549.755	1	8
549.925	1	1
550.095	1	0
550.265	1	14
550.435	1	7
550.605	1	4
550.775	1	10
550.945	1	4
551.115	1	-6
551.285	1	-2
551.455	1	6
551.625	1	-6
551.795	1	-1
551.965	1	6
552.135	1	4
552.305	1	-2
552.475	1	3
552.645	1	0
552.815	1	-5
552.985	1	-5
553.155	1	-3
553.325	1	-2
553.495	1	2
553.665	1	-6
553.835	1	5
554.004	1	2
554.174	1	1
554.344	1	4
554.514	1	0
554.684	1	-1
554.854	1	4
555.024	1	-5
555.194	1	-7
555.364	1	4
555.534	1	1
555.704	1	2
555.874	1	-3
556.044	1	-4
556.214	1	9
556.384	1	-3
556.554	1	0
556.724	1	1
556.894	1	-10
557.064	1	13
557.234	1	1
557.404	1	2
557.573	1	0
557.743	1	2
557.913	1	7
558.083	1	-1
558.253	1	-4
558.423	1	5
558.593	1	-2
558.763	1	11
558.933	1	-6
559.103	1	0
559.273	1	-4
559.443	1	-2
559.613	1	-5
559.783	1	-5
559.953	1	4
560.122	1	0
560.292	1	14
560.462	1	4
560.632	1	2
560.802	1	-3
560.972	1	-10
561.142	1	-6
561.312	1	-3
561.482	1	-8
561.652	1	-9
561.822	1	-8
561.992	1	1
562.162	1	-4
562.331	1	9
562.501	1	-2
562.671	1	2
562.841	1	-9
563.011	1	-1
563.181	1	7
563.351	1	-2
563.521	1	2
563.691	1	-5
563.861	1	9
564.031	1	0
564.201	1	9
564.370	1	-4
564.540	1	3
564.710	1	-1
564.880	1	4
565.050	1	11
565.220	1	-3
565.390	1	5
565.560	1	14
565.730	1	-7
565.900	1	0
566.069	1	7
566.239	1	3
566.409	1	-10
566.579	1	6
566.749	1	-3
566.919	1	1
567.089	1	3
567.259	1	1
567.429	1	3
567.599	1	5
567.768	1	-1
567.938	1	-5
568.108	1	3
568.278	1	2
568.448	1	0
568.618	1	-7
568.788	1	4
568.958	1	2
569.128	1	5
569.297	1	-2
569.467	1	-4
569.637	1	1
569.807	1	3
569.977	1	-7
570.147	1	2
570.317	1	-7
570.487	1	-10
570.656	1	-12
570.826	1	-3
570.996	1	-3
571.166	1	10
571.336	1	-4
571.506	1	14
571.676	1	15
571.846	1	0
572.015	1	-8
572.185	1	9
572.355	1	-4
572.525	1	-10
572.695	1	0
572.865	1	2
573.035	1	8
573.205	1	9
573.374	1	-2
573.544	1	8
573.714	1	0
573.884	1	-6
574.054	1	10
574.224	1	0
574.394	1	-6
574.563	1	0
574.733	1	4
574.903	1	0
575.073	1	2
575.243	1	-4
575.413	1	-4
575.583	1	-1
575.752	1	-4
575.922	1	1
576.092	1	-3
576.262	1	5
576.432	1	2
576.602	1	-4
576.772	1	4
576.941	1	5
577.111	1	-8
577.281	1	-6
577.451	1	-1
577.621	1	-1
577.791	1	12
577.960	1	0
578.130	1	0
578.300	1	-4
578.470	1	1
578.640	1	4
578.810	1	-5
578.979	1	2
579.149	1	1
579.319	1	-3
579.489	1	-10
579.659	1	-9
579.829	1	-2
579.998	1	7
580.168	1	6
580.338	1	7
580.508	1	10
580.678	1	3
580.848	1	7
581.017	1	6
581.187	1	9
581.357	1	-13
581.527	1	-10
581.697	1	6
581.867	1	-3
582.036	1	-1
582.206	1	9
582.376	1	-3
582.546	1	-10
582.716	1	6
582.885	1	-7
583.055	1	13
583.225	1	-1
583.395	1	4
583.565	1	-3
583.735	1	0
583.904	1	3
584.074	1	-10
584.244	1	-2
584.414	1	0
584.584	1	-2
584.753	1	5
584.923	1	-1
585.093	1	3
585.263	1	-1
585.433	1	2
585.602	1	0
585.772	1	-9
585.942	1	3
586.112	1	-10
586.282	1	4
586.451	1	13
586.621	1	11
586.791	1	-3
586.961	1	1
587.131	1	1
587.300	1	-2
587.470	1	-8
587.640	1	18
587.810	1	5
587.980	1	2
588.149	1	-1
588.319	1	6
588.489	1	3
588.659	1	-2
588.829	1	6
588.998	1	4
589.168	1	8
589.338	1	0
589.508	1	7
589.677	1	4
589.847	1	-3
590.017	1	-2
590.187	1	11
590.357	1	2
590.526	1	-3
590.696	1	-5
590.866	1	4
591.036	1	3
591.205	1	10
591.375	1	-14
591.545	1	4
591.715	1	-5
591.885	1	0
592.054	1	-1
592.224	1	14
592.394	1	-3
592.564	1	1
592.733	1	0
592.903	1	-2
593.073	1	-3
593.243	1	6
593.412	1	2
593.582	1	5
593.752	1	-4
593.922	1	4
594.091	1	-4
594.261	1	3
594.431	1	16
594.601	1	1
594.771	1	10
594.940	1	6
595.110	1	-1
595.280	1	-8
595.450	1	12
595.619	1	4
595.789	1	-5
595.959	1	9
596.129	1	3
596.298	1	13
596.468	1	-1
596.638	1	-3
596.808	1	4
596.977	1	1
597.147	1	-14
597.317	1	-1
597.487	1	6
597.656	1	-5
597.826	1	9
597.996	1	1
598.166	1	3
598.335	1	1
598.505	1	4
598.675	1	-3
598.844	1	-5
599.014	1	8
599.184	1	0
599.354	1	5
599.523	1	0
599.693	1	17
599.863	1	4
600.033	1	-7
600.202	1	7
600.372	1	-3
600.542	1	2
600.712	1	-4
600.881	1	-7
601.051	1	-1
601.221	1	-1
601.390	1	-9
601.560	1	8
601.730	1	17
601.900	1	-2
602.069	1	-1
602.239	1	-5
602.409	1	1
602.578	1	2
602.748	1	-7
602.918	1	13
603.088	1	3
603.257	1	11
603.427	1	10
603.597	1	3
603.767	1	0
603.936	1	-1
604.106	1	10
604.276	1	9
604.445	1	4
604.615	1	-2
604.785	1	11
604.954	1	9
605.124	1	5
605.294	1	5
605.464	1	8
605.633	1	1
605.803	1	18
605.973	1	0
606.142	1	3
606.312	1	0
606.482	1	1
606.652	1	1
606.821	1	-2
606.991	1	-4
607.161	1	-1
607.330	1	-3
607.500	1	6
607.670	1	4
607.839	1	16
608.009	1	5
608.179	1	0
608.348	1	13
608.518	1	0
608.688	1	-3
608.858	1	1
609.027	1	1
609.197	1	-9
609.367	1	9
609.536	1	5
609.706	1	4
609.876	1	9
610.045	1	0
610.215	1	1
610.385	1	-2
610.554	1	-8
610.724	1	-9
610.894	1	-3
611.063	1	1
611.233	1	5
611.403	1	7
611.572	1	9
611.742	1	4
611.912	1	5
612.081	1	1
612.251	1	2
612.421	1	8
612.590	1	5
612.760	1	9
612.930	1	0
613.099	1	4
613.269	1	4
613.439	1	2
613.608	1	1
613.778	1	0
613.948	1	4
614.117	1	3
614.287	1	7
614.457	1	-14
614.626	1	6
614.796	1	-4
614.966	1	7
615.135	1	5
615.305	1	-1
615.475	1	-7
615.644	1	4
615.814	1	-8
615.984	1	3
616.153	1	6
616.323	1	10
616.493	1	9
616.662	1	4
616.832	1	4
617.002	1	-2
617.171	1	1
617.341	1	2
617.511	1	5
617.680	1	0
617.850	1	7
618.019	1	10
618.189	1	6
618.359	1	3
618.528	1	4
618.698	1	10
618.868	1	-8
619.037	1	5
619.207	1	15
619.377	1	2
619.546	1	6
619.716	1	9
619.885	1	5
620.055	1	4
620.225	1	-2
620.394	1	13
620.564	1	6
620.734	1	-8
620.903	1	0
621.073	1	4
621.242	1	9
621.412	1	13
621.582	1	-5
621.751	1	2
621.921	1	-2
622.091	1	7
622.260	1	5
622.430	1	-6
622.599	1	-6
622.769	1	7
622.939	1	5
623.108	1	9
623.278	1	0
623.448	1	14
623.617	1	6
623.787	1	2
623.956	1	5
624.126	1	14
624.296	1	7
624.465	1	6
624.635	1	11
624.804	1	1
624.974	1	15
625.144	1	4
625.313	1	4
625.483	1	19
625.652	1	9
625.822	1	-7
625.992	1	0
626.161	1	6
626.331	1	5
626.501	1	7
626.670	1	7
626.840	1	4
627.009	1	6
627.179	1	4
627.348	1	5
627.518	1	4
627.688	1	0
627.857	1	6
628.027	1	-9
628.196	1	-1
628.366	1	-8
628.536	1	1
628.705	1	3
628.875	1	14
629.044	1	10
629.214	1	12
629.384	1	7
629.553	1	9
629.723	1	-3
629.892	1	9
630.062	1	7
630.232	1	1
630.401	1	19
630.571	1	8
630.740	1	15
630.910	1	12
631.079	1	3
631.249	1	10
631.419	1	-4
631.588	1	5
631.758	1	-1
631.927	1	2
632.097	1	-4
632.266	1	11
632.436	1	6
632.606	1	10
632.775	1	9
632.945	1	10
633.114	1	-2
633.284	1	7
633.453	1	5
633.623	1	13
633.793	1	11
633.962	1	1
634.132	1	-3
634.301	1	11
634.471	1	9
634.640	1	4
634.810	1	10
634.979	1	6
635.149	1	6
635.319	1	6
635.488	1	16
635.658	1	2
635.827	1	4
635.997	1	7
636.166	1	0
636.336	1	7
636.505	1	5
636.675	1	14
636.845	1	4
637.014	1	7
637.184	1	2
637.353	1	4
637.523	1	3
637.692	1	10
637.862	1	5
638.031	1	10
638.201	1	3
638.370	1	11
638.540	1	5
638.710	1	15
638.879	1	6
639.049	1	7
639.218	1	4
639.388	1	3
639.557	1	11
639.727	1	7
639.896	1	1
640.066	1	13
640.235	1	-1
640.405	1	6
640.574	1	6
640.744	1	21
640.914	1	1
641.083	1	14
641.253	1	12
641.422	1	4
641.592	1	11
641.761	1	-2
641.931	1	7
642.100	1	-1
642.270	1	11
642.439	1	3
642.609	1	10
642.778	1	7
642.948	1	3
643.117	1	12
643.287	1	9
643.456	1	6
643.626	1	19
643.795	1	-4
643.965	1	10
644.134	1	3
644.304	1	5
644.473	1	4
644.643	1	-6
644.812	1	18
644.982	1	9
645.151	1	17
645.321	1	9
645.490	1	1
645.660	1	-1
645.829	1	-3
645.999	1	3
646.168	1	-6
646.338	1	4
646.507	1	13
646.677	1	6
646.846	1	2
647.016	1	10
647.185	1	7
647.355	1	6
647.524	1	4
647.694	1	1
647.863	1	-4
648.033	1	6
648.202	1	14
648.372	1	15
648.541	1	-8
648.711	1	8
648.880	1	5
649.050	1	-3
649.219	1	-4
649.389	1	-1
649.558	1	4
649.728	1	0
649.897	1	7
650.067	1	13
650.236	1	13
650.406	1	13
650.575	1	16
650.745	1	-2
650.914	1	6
651.084	1	1
651.253	1	12
651.423	1	0
651.592	1	14
651.762	1	13
651.931	1	1
652.101	1	4
652.270	1	6
652.440	1	-6
652.609	1	9
652.778	1	-2
652.948	1	7
653.117	1	4
653.287	1	15
653.456	1	9
653.626	1	2
653.795	1	12
653.965	1	8
654.134	1	9
654.304	1	3
654.473	1	4
654.643	1	8
654.812	1	3
654.982	1	6
655.151	1	-6
655.320	1	1
655.490	1	8
655.659	1	7
655.829	1	12
655.998	1	4
656.168	1	-6
656.337	1	12
656.507	1	0
656.676	1	6
656.846	1	2
657.015	1	-1
657.184	1	0
657.354	1	1
657.523	1	3
657.693	1	7
657.862	1	0
658.032	1	2
658.201	1	6
658.371	1	-2
658.540	1	-8
658.709	1	0
658.879	1	-10
659.048	1	3
659.218	1	11
659.387	1	2
659.557	1	-4
659.726	1	4
659.895	1	16
660.065	1	-3
660.234	1	4
660.404	1	3
660.573	1	11
660.743	1	3
660.912	1	3
661.081	1	11
661.251	1	9
661.420	1	3
661.590	1	6
661.759	1	4
661.929	1	5
662.098	1	-3
662.267	1	-2
662.437	1	-1
662.606	1	9
662.776	1	0
662.945	1	8
663.115	1	13
663.284	1	13
663.453	1	-2
663.623	1	4
663.792	1	8
663.962	1	7
664.131	1	5
664.300	1	3
664.470	1	11
664.639	1	1
664.809	1	-3
664.978	1	6
665.148	1	8
665.317	1	7
665.486	1	10
665.656	1	0
665.825	1	7
665.995	1	-4
666.164	1	0
666.333	1	16
666.503	1	7
666.672	1	8
666.842	1	7
667.011	1	6
667.180	1	-8
667.350	1	0
667.519	1	10
667.689	1	0
667.858	1	10
668.027	1	14
668.197	1	4
668.366	1	7
668.536	1	7
668.705	1	5
668.874	1	8
669.044	1	8
669.213	1	6
669.382	1	7
669.552	1	11
669.721	1	8
669.891	1	-2
670.060	1	10
670.229	1	2
670.399	1	3
670.568	1	0
670.738	1	-4
670.907	1	8
671.076	1	5
671.246	1	10
671.415	1	11
671.584	1	3
671.754	1	10
671.923	1	11
672.093	1	14
672.262	1	12
672.431	1	3
672.601	1	7
672.770	1	3
672.939	1	4
673.109	1	8
673.278	1	13
673.448	1	1
673.617	1	-5
673.786	1	9
