325.333	1	5
325.504	1	14
325.675	1	17
325.846	1	15
326.017	1	16
326.188	1	17
326.359	1	16
326.531	1	6
326.702	1	6
326.873	1	23
327.044	1	16
327.215	1	5
327.386	1	19
327.557	1	14
327.728	1	19
327.899	1	29
328.070	1	23
328.241	1	15
328.412	1	7
328.583	1	12
328.754	1	11
328.926	1	10
329.097	1	10
329.268	1	11
329.439	1	10
329.610	1	15
329.781	1	4
329.952	1	11
330.123	1	13
330.294	1	11
330.465	1	8
330.636	1	19
330.807	1	3
330.978	1	11
331.149	1	22
331.320	1	18
331.492	1	18
331.663	1	10
331.834	1	19
332.005	1	10
332.176	1	9
332.347	1	25
332.518	1	18
332.689	1	8
332.860	1	11
333.031	1	13
333.202	1	8
333.373	1	22
333.544	1	7
333.715	1	19
333.886	1	2
334.057	1	15
334.228	1	7
334.399	1	26
334.570	1	16
334.741	1	21
334.912	1	22
335.084	1	17
335.255	1	18
335.426	1	8
335.597	1	17
335.768	1	20
335.939	1	18
336.110	1	15
336.281	1	13
336.452	1	18
336.623	1	20
336.794	1	17
336.965	1	9
337.136	1	15
337.307	1	12
337.478	1	7
337.649	1	18
337.820	1	18
337.991	1	20
338.162	1	9
338.333	1	10
338.504	1	16
338.675	1	18
338.846	1	16
339.017	1	22
339.188	1	16
339.359	1	22
339.530	1	13
339.701	1	8
339.872	1	29
340.043	1	13
340.214	1	14
340.385	1	14
340.556	1	26
340.727	1	19
340.898	1	20
341.069	1	23
341.240	1	17
341.411	1	14
341.582	1	27
341.753	1	16
341.924	1	9
342.095	1	21
342.266	1	19
342.437	1	23
342.608	1	25
342.779	1	16
342.950	1	10
343.121	1	18
343.292	1	12
343.463	1	16
343.634	1	15
343.805	1	15
343.976	1	14
344.147	1	12
344.318	1	13
344.489	1	19
344.660	1	19
344.831	1	19
345.002	1	20
345.173	1	17
345.344	1	15
345.515	1	10
345.686	1	21
345.857	1	20
346.028	1	22
346.199	1	9
346.370	1	8
346.541	1	11
346.712	1	20
346.883	1	23
347.054	1	11
347.225	1	19
347.396	1	16
347.567	1	31
347.738	1	14
347.909	1	13
348.080	1	20
348.251	1	17
348.422	1	24
348.593	1	13
348.764	1	18
348.935	1	18
349.106	1	21
349.277	1	20
349.448	1	17
349.619	1	12
349.790	1	28
349.961	1	26
350.132	1	29
350.303	1	23
350.474	1	19
350.645	1	22
350.816	1	21
350.987	1	25
351.157	1	16
351.328	1	15
351.499	1	18
351.670	1	14
351.841	1	27
352.012	1	21
352.183	1	14
352.354	1	10
352.525	1	31
352.696	1	29
352.867	1	28
353.038	1	28
353.209	1	7
353.380	1	1
353.551	1	15
353.722	1	16
353.893	1	23
354.064	1	12
354.235	1	25
354.406	1	22
354.576	1	25
354.747	1	17
354.918	1	25
355.089	1	23
355.260	1	31
355.431	1	20
355.602	1	25
355.773	1	20
355.944	1	14
356.115	1	29
356.286	1	24
356.457	1	27
356.628	1	17
356.799	1	17
356.970	1	33
357.141	1	0
357.311	1	25
357.482	1	22
357.653	1	33
357.824	1	24
357.995	1	13
358.166	1	22
358.337	1	21
358.508	1	27
358.679	1	24
358.850	1	15
359.021	1	26
359.192	1	21
359.363	1	27
359.533	1	9
359.704	1	37
359.875	1	35
360.046	1	23
360.217	1	29
360.388	1	21
360.559	1	18
360.730	1	24
360.901	1	15
361.072	1	27
361.243	1	22
361.414	1	24
361.584	1	18
361.755	1	14
361.926	1	19
362.097	1	20
362.268	1	24
362.439	1	19
362.610	1	17
362.781	1	12
362.952	1	28
363.123	1	15
363.293	1	17
363.464	1	26
363.635	1	28
363.806	1	13
363.977	1	23
364.148	1	14
364.319	1	29
364.490	1	32
364.661	1	25
364.832	1	38
365.002	1	33
365.173	1	20
365.344	1	40
365.515	1	12
365.686	1	15
365.857	1	29
366.028	1	18
366.199	1	22
366.370	1	24
366.540	1	24
366.711	1	21
366.882	1	15
367.053	1	23
367.224	1	18
367.395	1	17
367.566	1	11
367.737	1	22
367.908	1	16
368.078	1	23
368.249	1	28
368.420	1	14
368.591	1	30
368.762	1	5
368.933	1	6
369.104	1	35
369.274	1	16
369.445	1	27
369.616	1	26
369.787	1	28
369.958	1	24
370.129	1	16
370.300	1	26
370.471	1	15
370.641	1	29
370.812	1	14
370.983	1	22
371.154	1	13
371.325	1	27
371.496	1	29
371.667	1	26
371.837	1	32
372.008	1	17
372.179	1	13
372.350	1	24
372.521	1	27
372.692	1	20
372.863	1	30
373.033	1	23
373.204	1	21
373.375	1	31
373.546	1	36
373.717	1	15
373.888	1	36
374.059	1	20
374.229	1	18
374.400	1	15
374.571	1	19
374.742	1	20
374.913	1	28
375.084	1	31
375.254	1	24
375.425	1	22
375.596	1	28
375.767	1	19
375.938	1	16
376.109	1	26
376.279	1	19
376.450	1	26
376.621	1	15
376.792	1	15
376.963	1	16
377.134	1	18
377.304	1	35
377.475	1	19
377.646	1	17
377.817	1	26
377.988	1	16
378.159	1	22
378.329	1	31
378.500	1	28
378.671	1	34
378.842	1	21
379.013	1	26
379.184	1	21
379.354	1	22
379.525	1	20
379.696	1	25
379.867	1	26
380.038	1	31
380.209	1	23
380.379	1	28
380.550	1	22
380.721	1	14
380.892	1	22
381.063	1	25
381.233	1	25
381.404	1	30
381.575	1	24
381.746	1	31
381.917	1	35
382.087	1	29
382.258	1	35
382.429	1	35
382.600	1	31
382.771	1	23
382.941	1	43
383.112	1	24
383.283	1	34
383.454	1	26
383.625	1	26
383.795	1	34
383.966	1	30
384.137	1	52
384.308	1	25
384.479	1	32
384.649	1	31
384.820	1	38
384.991	1	28
385.162	1	36
385.333	1	31
385.503	1	31
385.674	1	13
385.845	1	41
386.016	1	40
386.187	1	36
386.357	1	33
386.528	1	25
386.699	1	33
386.870	1	24
387.041	1	37
387.211	1	30
387.382	1	13
387.553	1	28
387.724	1	53
387.894	1	33
388.065	1	28
388.236	1	26
388.407	1	36
388.578	1	28
388.748	1	20
388.919	1	36
389.090	1	42
389.261	1	31
389.431	1	32
389.602	1	51
389.773	1	46
389.944	1	38
390.114	1	43
390.285	1	30
390.456	1	35
390.627	1	41
390.798	1	34
390.968	1	47
391.139	1	31
391.310	1	34
391.481	1	45
391.651	1	41
391.822	1	35
391.993	1	37
392.164	1	45
392.334	1	26
392.505	1	41
392.676	1	43
392.847	1	49
393.017	1	42
393.188	1	45
393.359	1	40
393.530	1	47
393.700	1	24
393.871	1	27
394.042	1	41
394.213	1	35
394.383	1	29
394.554	1	43
394.725	1	36
394.896	1	32
395.066	1	32
395.237	1	39
395.408	1	39
395.579	1	45
395.749	1	41
395.920	1	31
396.091	1	31
396.262	1	32
396.432	1	49
396.603	1	29
396.774	1	37
396.945	1	48
397.115	1	36
397.286	1	44
397.457	1	37
397.627	1	40
397.798	1	44
397.969	1	38
398.140	1	39
398.310	1	34
398.481	1	35
398.652	1	25
398.823	1	52
398.993	1	50
399.164	1	45
399.335	1	50
399.505	1	38
399.676	1	38
399.847	1	32
400.018	1	52
400.188	1	42
400.359	1	35
400.530	1	45
400.700	1	42
400.871	1	45
401.042	1	42
401.213	1	33
401.383	1	44
401.554	1	45
401.725	1	46
401.895	1	52
402.066	1	37
402.237	1	51
402.408	1	45
402.578	1	44
402.749	1	39
402.920	1	46
403.090	1	36
403.261	1	42
403.432	1	51
403.603	1	32
403.773	1	45
403.944	1	35
404.115	1	44
404.285	1	50
404.456	1	44
404.627	1	46
404.797	1	44
404.968	1	51
405.139	1	47
405.310	1	46
405.480	1	42
405.651	1	30
405.822	1	45
405.992	1	40
406.163	1	42
406.334	1	43
406.504	1	51
406.675	1	54
406.846	1	46
407.016	1	42
407.187	1	48
407.358	1	47
407.528	1	44
407.699	1	38
407.870	1	51
408.041	1	54
408.211	1	44
408.382	1	49
408.553	1	46
408.723	1	53
408.894	1	38
409.065	1	48
409.235	1	49
409.406	1	38
409.577	1	36
409.747	1	46
409.918	1	30
410.089	1	45
410.259	1	43
410.430	1	45
410.601	1	47
410.771	1	52
410.942	1	45
411.113	1	48
411.283	1	55
411.454	1	54
411.625	1	51
411.795	1	38
411.966	1	62
412.137	1	63
412.307	1	47
412.478	1	55
412.649	1	45
412.819	1	51
412.990	1	50
413.161	1	63
413.331	1	46
413.502	1	61
413.672	1	51
413.843	1	52
414.014	1	47
414.184	1	55
414.355	1	55
414.526	1	56
414.696	1	48
414.867	1	50
415.038	1	46
415.208	1	54
415.379	1	57
415.550	1	63
415.720	1	44
415.891	1	66
416.062	1	50
416.232	1	45
416.403	1	47
416.573	1	52
416.744	1	46
416.915	1	58
417.085	1	57
417.256	1	49
417.427	1	38
417.597	1	48
417.768	1	41
417.939	1	49
418.109	1	42
418.280	1	42
418.450	1	58
418.621	1	56
418.792	1	46
418.962	1	44
419.133	1	52
419.304	1	48
419.474	1	50
419.645	1	56
419.815	1	40
419.986	1	51
420.157	1	45
420.327	1	50
420.498	1	46
420.669	1	57
420.839	1	43
421.010	1	55
421.180	1	42
421.351	1	56
421.522	1	41
421.692	1	54
421.863	1	48
422.033	1	43
422.204	1	49
422.375	1	47
422.545	1	48
422.716	1	42
422.886	1	33
423.057	1	57
423.228	1	52
423.398	1	43
423.569	1	39
423.740	1	40
423.910	1	56
424.081	1	52
424.251	1	39
424.422	1	48
424.593	1	51
424.763	1	68
424.934	1	53
425.104	1	40
425.275	1	44
425.445	1	41
425.616	1	46
425.787	1	47
425.957	1	52
426.128	1	50
426.298	1	61
426.469	1	37
426.640	1	53
426.810	1	60
426.981	1	56
427.151	1	46
427.322	1	48
427.493	1	48
427.663	1	68
427.834	1	53
428.004	1	42
428.175	1	56
428.345	1	45
428.516	1	53
428.687	1	48
428.857	1	51
429.028	1	46
429.198	1	55
429.369	1	57
429.540	1	47
429.710	1	42
429.881	1	34
430.051	1	49
430.222	1	38
430.392	1	50
430.563	1	50
430.734	1	38
430.904	1	44
431.075	1	58
431.245	1	36
431.416	1	47
431.586	1	38
431.757	1	47
431.927	1	60
432.098	1	41
432.269	1	52
432.439	1	57
432.610	1	46
432.780	1	37
432.951	1	55
433.121	1	47
433.292	1	50
433.462	1	45
433.633	1	34
433.804	1	34
433.974	1	51
434.145	1	39
434.315	1	45
434.486	1	48
434.656	1	46
434.827	1	47
434.997	1	53
435.168	1	43
435.339	1	57
435.509	1	52
435.680	1	49
435.850	1	37
436.021	1	54
436.191	1	53
436.362	1	50
436.532	1	45
436.703	1	41
436.873	1	43
437.044	1	32
437.214	1	50
437.385	1	47
437.556	1	52
437.726	1	42
437.897	1	54
438.067	1	34
438.238	1	45
438.408	1	41
438.579	1	45
438.749	1	32
438.920	1	44
439.090	1	51
439.261	1	38
439.431	1	39
439.602	1	49
439.772	1	49
439.943	1	52
440.113	1	52
440.284	1	44
440.455	1	48
440.625	1	66
440.796	1	55
440.966	1	41
441.137	1	33
441.307	1	34
441.478	1	62
441.648	1	42
441.819	1	53
441.989	1	61
442.160	1	40
442.330	1	43
442.501	1	42
442.671	1	38
442.842	1	41
443.012	1	48
443.183	1	40
443.353	1	54
443.524	1	46
443.694	1	50
443.865	1	47
444.035	1	43
444.206	1	45
444.376	1	32
444.547	1	44
444.717	1	43
444.888	1	41
445.058	1	43
445.229	1	46
445.399	1	42
445.570	1	37
445.740	1	33
445.911	1	52
446.081	1	49
446.252	1	40
446.422	1	34
446.593	1	33
446.763	1	28
446.934	1	54
447.104	1	33
447.275	1	47
447.445	1	37
447.616	1	42
447.786	1	47
447.957	1	37
448.127	1	45
448.298	1	49
448.468	1	29
448.639	1	43
448.809	1	45
448.979	1	35
449.150	1	36
449.320	1	29
449.491	1	44
449.661	1	50
449.832	1	39
450.002	1	41
450.173	1	30
450.343	1	48
450.514	1	56
450.684	1	42
450.855	1	38
451.025	1	43
451.196	1	33
451.366	1	43
451.537	1	32
451.707	1	52
451.878	1	33
452.048	1	37
452.218	1	42
452.389	1	37
452.559	1	36
452.730	1	29
452.900	1	38
453.071	1	41
453.241	1	43
453.412	1	36
453.582	1	48
453.753	1	37
453.923	1	47
454.093	1	49
454.264	1	44
454.434	1	42
454.605	1	38
454.775	1	36
454.946	1	45
455.116	1	37
455.287	1	34
455.457	1	40
455.628	1	48
455.798	1	41
455.968	1	39
456.139	1	38
456.309	1	27
456.480	1	35
456.650	1	43
456.821	1	44
456.991	1	40
457.161	1	36
457.332	1	43
457.502	1	35
457.673	1	41
457.843	1	40
458.014	1	39
458.184	1	34
458.355	1	28
458.525	1	37
458.695	1	40
458.866	1	25
459.036	1	23
459.207	1	34
459.377	1	38
459.548	1	29
459.718	1	35
459.888	1	45
460.059	1	33
460.229	1	33
460.400	1	42
460.570	1	42
460.740	1	35
460.911	1	24
461.081	1	33
461.252	1	42
461.422	1	20
461.593	1	19
461.763	1	38
461.933	1	29
462.104	1	40
462.274	1	39
462.445	1	19
462.615	1	33
462.785	1	29
462.956	1	29
463.126	1	27
463.297	1	35
463.467	1	43
463.638	1	34
463.808	1	34
463.978	1	26
464.149	1	40
464.319	1	15
464.490	1	35
464.660	1	27
464.830	1	14
465.001	1	41
465.171	1	35
465.342	1	32
465.512	1	37
465.682	1	36
465.853	1	38
466.023	1	39
466.194	1	31
466.364	1	30
466.534	1	34
466.705	1	37
466.875	1	29
467.045	1	28
467.216	1	31
467.386	1	27
467.557	1	31
467.727	1	31
467.897	1	20
468.068	1	32
468.238	1	34
468.409	1	20
468.579	1	30
468.749	1	33
468.920	1	28
469.090	1	30
469.260	1	15
469.431	1	29
469.601	1	24
469.772	1	25
469.942	1	40
470.112	1	25
470.283	1	31
470.453	1	34
470.623	1	37
470.794	1	26
470.964	1	23
471.135	1	27
471.305	1	20
471.475	1	29
471.646	1	15
471.816	1	26
471.986	1	32
472.157	1	24
472.327	1	19
472.497	1	22
472.668	1	20
472.838	1	24
473.009	1	43
473.179	1	23
473.349	1	14
473.520	1	22
473.690	1	30
473.860	1	29
474.031	1	20
474.201	1	31
474.371	1	42
474.542	1	27
474.712	1	11
474.882	1	24
475.053	1	27
475.223	1	23
475.394	1	27
475.564	1	18
475.734	1	22
475.905	1	24
476.075	1	18
476.245	1	28
476.416	1	28
476.586	1	23
476.756	1	24
476.927	1	34
477.097	1	25
477.267	1	24
477.438	1	12
477.608	1	26
477.778	1	40
477.949	1	17
478.119	1	14
478.289	1	32
478.460	1	29
478.630	1	9
478.800	1	23
478.971	1	30
479.141	1	21
479.311	1	22
479.482	1	22
479.652	1	23
479.822	1	25
479.993	1	21
480.163	1	10
480.333	1	14
480.504	1	23
480.674	1	24
480.844	1	22
481.015	1	19
481.185	1	25
481.355	1	2
481.525	1	24
481.696	1	26
481.866	1	17
482.036	1	30
482.207	1	21
482.377	1	19
482.547	1	25
482.718	1	20
482.888	1	23
483.058	1	15
483.229	1	18
483.399	1	18
483.569	1	18
483.740	1	20
483.910	1	12
484.080	1	26
484.250	1	18
484.421	1	28
484.591	1	19
484.761	1	22
484.932	1	21
485.102	1	16
485.272	1	23
485.443	1	19
485.613	1	26
485.783	1	12
485.953	1	18
486.124	1	15
486.294	1	20
486.464	1	25
486.635	1	24
486.805	1	11
486.975	1	17
487.146	1	11
487.316	1	23
487.486	1	18
487.656	1	17
487.827	1	26
487.997	1	26
488.167	1	16
488.338	1	10
488.508	1	11
488.678	1	15
488.848	1	19
489.019	1	23
489.189	1	17
489.359	1	23
489.529	1	21
489.700	1	15
489.870	1	10
490.040	1	11
490.211	1	20
490.381	1	9
490.551	1	12
490.721	1	17
490.892	1	31
491.062	1	18
491.232	1	8
491.402	1	16
491.573	1	23
491.743	1	15
491.913	1	21
492.084	1	24
492.254	1	23
492.424	1	10
492.594	1	22
492.765	1	12
492.935	1	28
493.105	1	12
493.275	1	17
493.446	1	18
493.616	1	15
493.786	1	23
493.956	1	19
494.127	1	1
494.297	1	20
494.467	1	21
494.637	1	24
494.808	1	3
494.978	1	11
495.148	1	27
495.318	1	8
495.489	1	18
495.659	1	20
495.829	1	20
495.999	1	14
496.170	1	16
496.340	1	28
496.510	1	1
496.680	1	13
496.851	1	13
497.021	1	15
497.191	1	8
497.361	1	18
497.532	1	11
497.702	1	19
497.872	1	12
498.042	1	12
498.213	1	12
498.383	1	25
498.553	1	5
498.723	1	6
498.894	1	23
499.064	1	20
499.234	1	9
499.404	1	10
499.574	1	14
499.745	1	18
499.915	1	6
500.085	1	17
500.255	1	11
500.426	1	20
500.596	1	22
500.766	1	9
500.936	1	23
501.106	1	22
501.277	1	21
501.447	1	9
501.617	1	11
501.787	1	23
501.958	1	16
502.128	1	25
502.298	1	21
502.468	1	10
502.638	1	8
502.809	1	8
502.979	1	6
503.149	1	18
503.319	1	18
503.489	1	9
503.660	1	11
503.830	1	22
504.000	1	2
504.170	1	15
504.340	1	10
504.511	1	23
504.681	1	14
504.851	1	15
505.021	1	3
505.192	1	0
505.362	1	10
505.532	1	20
505.702	1	8
505.872	1	12
506.043	1	9
506.213	1	18
506.383	1	25
506.553	1	13
506.723	1	14
506.893	1	10
507.064	1	5
507.234	1	6
507.404	1	27
507.574	1	11
507.744	1	11
507.915	1	13
508.085	1	1
508.255	1	10
508.425	1	11
508.595	1	10
508.766	1	5
508.936	1	23
509.106	1	4
509.276	1	16
509.446	1	20
509.616	1	6
509.787	1	18
509.957	1	6
510.127	1	8
510.297	1	12
510.467	1	9
510.638	1	16
510.808	1	10
510.978	1	19
511.148	1	14
511.318	1	19
511.488	1	23
511.659	1	11
511.829	1	11
511.999	1	12
512.169	1	2
512.339	1	7
512.509	1	19
512.680	1	4
512.850	1	5
513.020	1	17
513.190	1	6
513.360	1	14
513.530	1	8
513.700	1	15
513.871	1	10
514.041	1	11
514.211	1	10
514.381	1	21
514.551	1	4
514.721	1	8
514.892	1	11
515.062	1	11
515.232	1	7
515.402	1	8
515.572	1	14
515.742	1	22
515.912	1	10
516.083	1	13
516.253	1	26
516.423	1	3
516.593	1	6
516.763	1	12
516.933	1	20
517.104	1	6
517.274	1	18
517.444	1	5
517.614	1	13
517.784	1	3
517.954	1	15
518.124	1	9
518.294	1	-1
518.465	1	14
518.635	1	11
518.805	1	3
518.975	1	9
519.145	1	16
519.315	1	7
519.485	1	9
519.656	1	9
519.826	1	7
519.996	1	11
520.166	1	4
520.336	1	8
520.506	1	12
520.676	1	12
520.846	1	14
521.017	1	15
521.187	1	21
521.357	1	9
521.527	1	8
521.697	1	12
521.867	1	7
522.037	1	7
522.207	1	18
522.377	1	9
522.548	1	14
522.718	1	10
522.888	1	20
523.058	1	6
523.228	1	5
523.398	1	15
523.568	1	8
523.738	1	5
523.909	1	9
524.079	1	14
524.249	1	5
524.419	1	19
524.589	1	12
524.759	1	12
524.929	1	5
525.099	1	8
525.269	1	-4
525.439	1	14
525.610	1	0
525.780	1	13
525.950	1	18
526.120	1	-6
526.290	1	14
526.460	1	6
526.630	1	15
526.800	1	4
526.970	1	3
527.140	1	20
527.311	1	18
527.481	1	2
527.651	1	16
527.821	1	4
527.991	1	-3
528.161	1	5
528.331	1	5
528.501	1	-1
528.671	1	11
528.841	1	23
529.011	1	7
529.181	1	11
529.352	1	10
529.522	1	11
529.692	1	1
529.862	1	1
530.032	1	10
530.202	1	10
530.372	1	4
530.542	1	8
530.712	1	26
530.882	1	17
531.052	1	6
531.222	1	11
531.392	1	8
531.563	1	-3
531.733	1	-7
531.903	1	17
532.073	1	12
532.243	1	17
532.413	1	9
532.583	1	10
532.753	1	5
532.923	1	16
533.093	1	8
533.263	1	6
533.433	1	10
533.603	1	-4
533.773	1	7
533.943	1	3
534.113	1	17
534.284	1	8
534.454	1	3
534.624	1	15
534.794	1	12
534.964	1	9
535.134	1	10
535.304	1	15
535.474	1	-1
535.644	1	7
535.814	1	9
535.984	1	6
536.154	1	6
536.324	1	6
536.494	1	12
536.664	1	4
536.834	1	7
537.004	1	15
537.174	1	11
537.344	1	12
537.514	1	3
537.685	1	4
537.855	1	12
538.025	1	2
538.195	1	-1
538.365	1	20
538.535	1	5
538.705	1	6
538.875	1	12
539.045	1	7
539.215	1	14
539.385	1	2
539.555	1	2
539.725	1	1
539.895	1	10
540.065	1	1
540.235	1	6
540.405	1	-5
540.575	1	7
540.745	1	3
540.915	1	6
541.085	1	1
541.255	1	16
541.425	1	2
541.595	1	14
541.765	1	21
541.935	1	8
542.105	1	8
542.275	1	15
542.445	1	10
542.615	1	6
542.785	1	1
542.955	1	5
543.125	1	8
543.295	1	7
543.465	1	4
543.635	1	7
543.805	1	7
543.975	1	6
544.145	1	10
544.315	1	-2
544.485	1	15
544.655	1	4
544.825	1	10
544.995	1	13
545.165	1	3
545.335	1	-1
545.505	1	-3
545.675	1	-2
545.845	1	14
546.015	1	8
546.185	1	5
546.355	1	4
546.525	1	0
546.695	1	6
546.865	1	11
547.035	1	3
547.205	1	13
547.375	1	7
547.545	1	8
547.715	1	7
547.885	1	1
548.055	1	13
548.225	1	8
548.395	1	7
548.565	1	8
548.735	1	6
548.905	1	12
549.075	1	2
549.245	1	15
549.415	1	1
549.585	1	2
549.755	1	11
549.925	1	7
550.095	1	6
550.265	1	15
550.435	1	1
550.605	1	6
550.775	1	17
550.945	1	5
551.115	1	3
551.285	1	8
551.455	1	1
551.625	1	4
551.795	1	-6
551.965	1	6
552.135	1	5
552.305	1	11
552.475	1	7
552.645	1	9
552.815	1	7
552.985	1	4
553.155	1	12
553.325	1	1
553.495	1	5
553.665	1	4
553.835	1	11
554.004	1	20
554.174	1	-10
554.344	1	5
554.514	1	12
554.684	1	6
554.854	1	-1
555.024	1	5
555.194	1	9
555.364	1	13
555.534	1	-5
555.704	1	2
555.874	1	2
556.044	1	3
556.214	1	12
556.384	1	10
556.554	1	-1
556.724	1	0
556.894	1	12
557.064	1	11
557.234	1	0
557.404	1	3
557.573	1	3
557.743	1	10
557.913	1	6
558.083	1	1
558.253	1	6
558.423	1	4
558.593	1	8
558.763	1	11
558.933	1	4
559.103	1	13
559.273	1	-1
559.443	1	5
559.613	1	-4
559.783	1	2
559.953	1	5
560.122	1	1
560.292	1	14
560.462	1	14
560.632	1	5
560.802	1	7
560.972	1	-6
561.142	1	4
561.312	1	8
561.482	1	-5
561.652	1	3
561.822	1	-4
561.992	1	-10
562.162	1	12
562.331	1	14
562.501	1	3
562.671	1	13
562.841	1	-5
563.011	1	9
563.181	1	11
563.351	1	11
563.521	1	10
563.691	1	2
563.861	1	10
564.031	1	5
564.201	1	3
564.370	1	10
564.540	1	19
564.710	1	13
564.880	1	2
565.050	1	15
565.220	1	7
565.390	1	4
565.560	1	11
565.730	1	7
565.900	1	7
566.069	1	15
566.239	1	4
566.409	1	-12
566.579	1	16
566.749	1	4
566.919	1	4
567.089	1	2
567.259	1	-3
567.429	1	-5
567.599	1	8
567.768	1	8
567.938	1	4
568.108	1	3
568.278	1	8
568.448	1	4
568.618	1	2
568.788	1	7
568.958	1	9
569.128	1	7
569.297	1	1
569.467	1	0
569.637	1	16
569.807	1	10
569.977	1	-1
570.147	1	1
570.317	1	4
570.487	1	-7
570.656	1	-5
570.826	1	6
570.996	1	-3
571.166	1	11
571.336	1	9
571.506	1	12
571.676	1	15
571.846	1	6
572.015	1	7
572.185	1	9
572.355	1	1
572.525	1	-11
572.695	1	1
572.865	1	-2
573.035	1	19
573.205	1	9
573.374	1	2
573.544	1	3
573.714	1	4
573.884	1	11
574.054	1	4
574.224	1	-2
574.394	1	-4
574.563	1	1
574.733	1	7
574.903	1	10
575.073	1	9
575.243	1	2
575.413	1	-1
575.583	1	7
575.752	1	3
575.922	1	0
576.092	1	-5
576.262	1	4
576.432	1	13
576.602	1	-3
576.772	1	4
576.941	1	4
577.111	1	6
577.281	1	5
577.451	1	8
577.621	1	8
577.791	1	5
577.960	1	5
578.130	1	0
578.300	1	-1
578.470	1	6
578.640	1	4
578.810	1	1
578.979	1	0
579.149	1	0
579.319	1	11
579.489	1	-1
579.659	1	-8
579.829	1	8
579.998	1	1
580.168	1	14
580.338	1	8
580.508	1	12
580.678	1	8
580.848	1	9
581.017	1	15
581.187	1	6
581.357	1	0
581.527	1	5
581.697	1	4
581.867	1	-2
582.036	1	0
582.206	1	14
582.376	1	8
582.546	1	4
582.716	1	2
582.885	1	1
583.055	1	8
583.225	1	3
583.395	1	5
583.565	1	5
583.735	1	3
583.904	1	5
584.074	1	-4
584.244	1	-11
584.414	1	4
584.584	1	7
584.753	1	7
584.923	1	10
585.093	1	9
585.263	1	5
585.433	1	9
585.602	1	6
585.772	1	0
585.942	1	8
586.112	1	8
586.282	1	5
586.451	1	16
586.621	1	7
586.791	1	13
586.961	1	3
587.131	1	-2
587.300	1	-1
587.470	1	-2
587.640	1	10
587.810	1	15
587.980	1	0
588.149	1	7
588.319	1	12
588.489	1	2
588.659	1	3
588.829	1	7
588.998	1	7
589.168	1	15
589.338	1	4
589.508	1	8
589.677	1	14
589.847	1	13
590.017	1	1
590.187	1	0
590.357	1	9
590.526	1	4
590.696	1	-5
590.866	1	9
591.036	1	4
591.205	1	10
591.375	1	0
591.545	1	16
591.715	1	-2
591.885	1	10
592.054	1	10
592.224	1	3
592.394	1	-3
592.564	1	1
592.733	1	-1
592.903	1	7
593.073	1	11
593.243	1	9
593.412	1	10
593.582	1	14
593.752	1	2
593.922	1	1
594.091	1	-2
594.261	1	4
594.431	1	15
594.601	1	-1
594.771	1	13
594.940	1	9
595.110	1	10
595.280	1	0
595.450	1	17
595.619	1	9
595.789	1	5
595.959	1	8
596.129	1	3
596.298	1	16
596.468	1	-5
596.638	1	6
596.808	1	9
596.977	1	18
597.147	1	-3
597.317	1	0
597.487	1	4
597.656	1	-2
597.826	1	8
597.996	1	11
598.166	1	16
598.335	1	2
598.505	1	16
598.675	1	-1
598.844	1	5
599.014	1	9
599.184	1	13
599.354	1	5
599.523	1	1
599.693	1	13
599.863	1	14
600.033	1	1
600.202	1	17
600.372	1	0
600.542	1	10
600.712	1	-3
600.881	1	-4
601.051	1	7
601.221	1	13
601.390	1	-10
601.560	1	18
601.730	1	8
601.900	1	10
602.069	1	9
602.239	1	-2
602.409	1	6
602.578	1	-1
602.748	1	2
602.918	1	7
603.088	1	5
603.257	1	8
603.427	1	9
603.597	1	12
603.767	1	9
603.936	1	-3
604.106	1	6
604.276	1	11
604.445	1	9
604.615	1	5
604.785	1	13
604.954	1	10
605.124	1	3
605.294	1	13
605.464	1	11
605.633	1	7
605.803	1	8
605.973	1	12
606.142	1	7
606.312	1	8
606.482	1	11
606.652	1	8
606.821	1	19
606.991	1	4
607.161	1	-2
607.330	1	-7
607.500	1	9
607.670	1	14
607.839	1	11
608.009	1	11
608.179	1	10
608.348	1	13
608.518	1	3
608.688	1	1
608.858	1	-5
609.027	1	10
609.197	1	-1
609.367	1	13
609.536	1	7
609.706	1	6
609.876	1	18
610.045	1	4
610.215	1	3
610.385	1	-1
610.554	1	1
610.724	1	-1
610.894	1	8
611.063	1	3
611.233	1	17
611.403	1	17
611.572	1	20
611.742	1	13
611.912	1	2
612.081	1	-7
612.251	1	11
612.421	1	8
612.590	1	3
612.760	1	5
612.930	1	5
613.099	1	13
613.269	1	0
613.439	1	4
613.608	1	16
613.778	1	8
613.948	1	3
614.117	1	16
614.287	1	8
614.457	1	0
614.626	1	22
614.796	1	7
614.966	1	12
615.135	1	0
615.305	1	11
615.475	1	3
615.644	1	6
615.814	1	-9
615.984	1	9
616.153	1	4
616.323	1	8
616.493	1	17
616.662	1	14
616.832	1	18
617.002	1	11
617.171	1	3
617.341	1	3
617.511	1	11
617.680	1	16
617.850	1	2
618.019	1	4
618.189	1	5
618.359	1	10
618.528	1	12
618.698	1	12
618.868	1	6
619.037	1	15
619.207	1	5
619.377	1	0
619.546	1	7
619.716	1	4
619.885	1	13
620.055	1	9
620.225	1	20
620.394	1	21
620.564	1	14
620.734	1	14
620.903	1	5
621.073	1	4
621.242	1	13
621.412	1	13
621.582	1	14
621.751	1	20
621.921	1	9
622.091	1	20
622.260	1	-2
622.430	1	0
622.599	1	-4
622.769	1	11
622.939	1	6
623.108	1	8
623.278	1	2
623.448	1	17
623.617	1	7
623.787	1	13
623.956	1	15
624.126	1	23
624.296	1	6
624.465	1	6
624.635	1	16
624.804	1	0
624.974	1	21
625.144	1	15
625.313	1	-2
625.483	1	22
625.652	1	14
625.822	1	2
625.992	1	4
626.161	1	17
626.331	1	7
626.501	1	1
626.670	1	14
626.840	1	10
627.009	1	17
627.179	1	16
627.348	1	17
627.518	1	17
627.688	1	6
627.857	1	11
628.027	1	4
628.196	1	0
628.366	1	2
628.536	1	9
628.705	1	5
628.875	1	21
629.044	1	6
629.214	1	10
629.384	1	14
629.553	1	13
629.723	1	6
629.892	1	22
630.062	1	-5
630.232	1	9
630.401	1	15
630.571	1	14
630.740	1	12
630.910	1	21
631.079	1	1
631.249	1	6
631.419	1	10
631.588	1	11
631.758	1	15
631.927	1	14
632.097	1	4
632.266	1	8
632.436	1	10
632.606	1	5
632.775	1	14
632.945	1	21
633.114	1	2
633.284	1	2
633.453	1	12
633.623	1	15
633.793	1	3
633.962	1	8
634.132	1	10
634.301	1	13
634.471	1	1
634.640	1	7
634.810	1	13
634.979	1	6
635.149	1	10
635.319	1	24
635.488	1	22
635.658	1	15
635.827	1	6
635.997	1	10
636.166	1	6
636.336	1	4
636.505	1	8
636.675	1	13
636.845	1	1
637.014	1	10
637.184	1	15
637.353	1	12
637.523	1	10
637.692	1	20
637.862	1	19
638.031	1	6
638.201	1	11
638.370	1	11
638.540	1	9
638.710	1	16
638.879	1	7
639.049	1	19
639.218	1	17
639.388	1	13
639.557	1	17
639.727	1	7
639.896	1	5
640.066	1	17
640.235	1	15
640.405	1	14
640.574	1	6
640.744	1	22
640.914	1	19
641.083	1	20
641.253	1	28
641.422	1	11
641.592	1	9
641.761	1	13
641.931	1	-1
642.100	1	2
642.270	1	11
642.439	1	11
642.609	1	17
642.778	1	5
642.948	1	9
643.117	1	16
643.287	1	7
643.456	1	22
643.626	1	21
643.795	1	14
643.965	1	1
644.134	1	18
644.304	1	12
644.473	1	18
644.643	1	2
644.812	1	21
644.982	1	16
645.151	1	17
645.321	1	11
645.490	1	7
645.660	1	-2
645.829	1	21
645.999	1	20
646.168	1	1
646.338	1	8
646.507	1	11
646.677	1	9
646.846	1	15
647.016	1	11
647.185	1	6
647.355	1	6
647.524	1	14
647.694	1	8
647.863	1	6
648.033	1	14
648.202	1	17
648.372	1	25
648.541	1	12
648.711	1	14
648.880	1	13
649.050	1	7
649.219	1	0
649.389	1	14
649.558	1	8
649.728	1	3
649.897	1	14
650.067	1	8
650.236	1	13
650.406	1	13
650.575	1	11
650.745	1	-2
650.914	1	16
651.084	1	-3
651.253	1	12
651.423	1	15
651.592	1	15
651.762	1	8
651.931	1	13
652.101	1	15
652.270	1	17
652.440	1	11
652.609	1	10
652.778	1	1
652.948	1	5
653.117	1	4
653.287	1	22
653.456	1	4
653.626	1	9
653.795	1	15
653.965	1	17
654.134	1	14
654.304	1	10
654.473	1	13
654.643	1	8
654.812	1	12
654.982	1	11
655.151	1	8
655.320	1	12
655.490	1	11
655.659	1	6
655.829	1	15
655.998	1	5
656.168	1	13
656.337	1	24
656.507	1	-5
656.676	1	4
656.846	1	8
657.015	1	9
657.184	1	14
657.354	1	17
657.523	1	12
657.693	1	13
657.862	1	9
658.032	1	14
658.201	1	13
658.371	1	7
658.540	1	1
658.709	1	14
658.879	1	-10
659.048	1	6
659.218	1	14
659.387	1	4
659.557	1	17
659.726	1	16
659.895	1	3
660.065	1	3
660.234	1	4
660.404	1	12
660.573	1	13
660.743	1	18
660.912	1	10
661.081	1	28
661.251	1	6
661.420	1	4
661.590	1	3
661.759	1	11
661.929	1	10
662.098	1	3
662.267	1	5
662.437	1	18
662.606	1	14
662.776	1	14
662.945	1	2
663.115	1	15
663.284	1	7
663.453	1	3
663.623	1	10
663.792	1	11
663.962	1	11
664.131	1	18
664.300	1	15
664.470	1	14
664.639	1	11
664.809	1	5
664.978	1	9
665.148	1	14
665.317	1	3
665.486	1	7
665.656	1	10
665.825	1	15
665.995	1	13
666.164	1	10
666.333	1	16
666.503	1	11
666.672	1	15
666.842	1	7
667.011	1	16
667.180	1	8
667.350	1	17
667.519	1	18
667.689	1	5
667.858	1	24
668.027	1	31
668.197	1	11
668.366	1	10
668.536	1	12
668.705	1	7
668.874	1	14
669.044	1	4
669.213	1	6
669.382	1	7
669.552	1	17
669.721	1	20
669.891	1	10
670.060	1	9
670.229	1	6
670.399	1	10
670.568	1	5
670.738	1	9
670.907	1	17
671.076	1	8
671.246	1	27
671.415	1	14
671.584	1	10
671.754	1	7
671.923	1	13
672.093	1	16
672.262	1	13
672.431	1	2
672.601	1	7
672.770	1	12
672.939	1	3
673.109	1	10
673.278	1	17
673.448	1	8
673.617	1	-3
673.786	1	13
