325.333	1	30
325.504	1	11
325.675	1	7
325.846	1	11
326.017	1	14
326.188	1	20
326.359	1	5
326.531	1	5
326.702	1	20
326.873	1	9
327.044	1	16
327.215	1	17
327.386	1	13
327.557	1	15
327.728	1	13
327.899	1	27
328.070	1	15
328.241	1	11
328.412	1	20
328.583	1	27
328.754	1	3
328.926	1	5
329.097	1	14
329.268	1	4
329.439	1	15
329.610	1	19
329.781	1	17
329.952	1	16
330.123	1	11
330.294	1	2
330.465	1	17
330.636	1	25
330.807	1	13
330.978	1	14
331.149	1	16
331.320	1	18
331.492	1	24
331.663	1	16
331.834	1	22
332.005	1	15
332.176	1	11
332.347	1	25
332.518	1	24
332.689	1	18
332.860	1	23
333.031	1	14
333.202	1	1
333.373	1	16
333.544	1	20
333.715	1	20
333.886	1	16
334.057	1	14
334.228	1	21
334.399	1	25
334.570	1	22
334.741	1	20
334.912	1	25
335.084	1	16
335.255	1	28
335.426	1	9
335.597	1	15
335.768	1	26
335.939	1	18
336.110	1	17
336.281	1	14
336.452	1	21
336.623	1	19
336.794	1	20
336.965	1	10
337.136	1	16
337.307	1	9
337.478	1	15
337.649	1	22
337.820	1	20
337.991	1	22
338.162	1	18
338.333	1	18
338.504	1	18
338.675	1	16
338.846	1	22
339.017	1	30
339.188	1	19
339.359	1	24
339.530	1	25
339.701	1	13
339.872	1	26
340.043	1	8
340.214	1	15
340.385	1	19
340.556	1	16
340.727	1	18
340.898	1	25
341.069	1	29
341.240	1	29
341.411	1	12
341.582	1	26
341.753	1	13
341.924	1	16
342.095	1	21
342.266	1	24
342.437	1	31
342.608	1	25
342.779	1	25
342.950	1	11
343.121	1	22
343.292	1	16
343.463	1	28
343.634	1	22
343.805	1	17
343.976	1	27
344.147	1	21
344.318	1	16
344.489	1	25
344.660	1	28
344.831	1	30
345.002	1	33
345.173	1	16
345.344	1	30
345.515	1	18
345.686	1	31
345.857	1	23
346.028	1	26
346.199	1	17
346.370	1	26
346.541	1	15
346.712	1	16
346.883	1	14
347.054	1	25
347.225	1	24
347.396	1	22
347.567	1	27
347.738	1	16
347.909	1	27
348.080	1	23
348.251	1	17
348.422	1	26
348.593	1	16
348.764	1	24
348.935	1	15
349.106	1	13
349.277	1	19
349.448	1	22
349.619	1	16
349.790	1	25
349.961	1	30
350.132	1	30
350.303	1	30
350.474	1	28
350.645	1	29
350.816	1	21
350.987	1	31
351.157	1	30
351.328	1	27
351.499	1	38
351.670	1	22
351.841	1	28
352.012	1	18
352.183	1	15
352.354	1	20
352.525	1	25
352.696	1	32
352.867	1	21
353.038	1	23
353.209	1	11
353.380	1	32
353.551	1	16
353.722	1	26
353.893	1	29
354.064	1	22
354.235	1	25
354.406	1	28
354.576	1	29
354.747	1	29
354.918	1	27
355.089	1	27
355.260	1	37
355.431	1	25
355.602	1	17
355.773	1	27
355.944	1	16
356.115	1	30
356.286	1	34
356.457	1	32
356.628	1	26
356.799	1	33
356.970	1	33
357.141	1	20
357.311	1	41
357.482	1	21
357.653	1	22
357.824	1	37
357.995	1	30
358.166	1	32
358.337	1	34
358.508	1	27
358.679	1	33
358.850	1	27
359.021	1	24
359.192	1	45
359.363	1	31
359.533	1	22
359.704	1	43
359.875	1	27
360.046	1	36
360.217	1	26
360.388	1	32
360.559	1	27
360.730	1	25
360.901	1	24
361.072	1	22
361.243	1	23
361.414	1	23
361.584	1	16
361.755	1	27
361.926	1	28
362.097	1	27
362.268	1	36
362.439	1	22
362.610	1	20
362.781	1	29
362.952	1	26
363.123	1	28
363.293	1	25
363.464	1	33
363.635	1	32
363.806	1	21
363.977	1	31
364.148	1	20
364.319	1	33
364.490	1	39
364.661	1	26
364.832	1	37
365.002	1	33
365.173	1	20
365.344	1	43
365.515	1	13
365.686	1	25
365.857	1	32
366.028	1	33
366.199	1	25
366.370	1	38
366.540	1	34
366.711	1	29
366.882	1	28
367.053	1	18
367.224	1	30
367.395	1	20
367.566	1	24
367.737	1	30
367.908	1	19
368.078	1	35
368.249	1	36
368.420	1	28
368.591	1	46
368.762	1	25
368.933	1	17
369.104	1	46
369.274	1	25
369.445	1	26
369.616	1	33
369.787	1	38
369.958	1	23
370.129	1	31
370.300	1	37
370.471	1	29
370.641	1	37
370.812	1	36
370.983	1	30
371.154	1	22
371.325	1	20
371.496	1	39
371.667	1	25
371.837	1	31
372.008	1	22
372.179	1	14
372.350	1	28
372.521	1	24
372.692	1	22
372.863	1	36
373.033	1	36
373.204	1	28
373.375	1	34
373.546	1	53
373.717	1	23
373.888	1	34
374.059	1	35
374.229	1	26
374.400	1	26
374.571	1	24
374.742	1	39
374.913	1	33
375.084	1	28
375.254	1	36
375.425	1	24
375.596	1	37
375.767	1	34
375.938	1	28
376.109	1	39
376.279	1	27
376.450	1	43
376.621	1	31
376.792	1	37
376.963	1	31
377.134	1	41
377.304	1	37
377.475	1	30
377.646	1	32
377.817	1	22
377.988	1	33
378.159	1	40
378.329	1	24
378.500	1	39
378.671	1	38
378.842	1	29
379.013	1	33
379.184	1	22
379.354	1	28
379.525	1	36
379.696	1	35
379.867	1	29
380.038	1	38
380.209	1	41
380.379	1	42
380.550	1	47
380.721	1	30
380.892	1	27
381.063	1	24
381.233	1	39
381.404	1	37
381.575	1	36
381.746	1	43
381.917	1	49
382.087	1	50
382.258	1	49
382.429	1	34
382.600	1	42
382.771	1	34
382.941	1	45
383.112	1	32
383.283	1	42
383.454	1	35
383.625	1	38
383.795	1	46
383.966	1	37
384.137	1	47
384.308	1	32
384.479	1	20
384.649	1	39
384.820	1	43
384.991	1	34
385.162	1	38
385.333	1	39
385.503	1	43
385.674	1	26
385.845	1	43
386.016	1	35
386.187	1	39
386.357	1	49
386.528	1	42
386.699	1	42
386.870	1	33
387.041	1	42
387.211	1	34
387.382	1	39
387.553	1	45
387.724	1	60
387.894	1	44
388.065	1	42
388.236	1	46
388.407	1	45
388.578	1	36
388.748	1	41
388.919	1	39
389.090	1	49
389.261	1	36
389.431	1	36
389.602	1	56
389.773	1	47
389.944	1	56
390.114	1	60
390.285	1	37
390.456	1	37
390.627	1	52
390.798	1	47
390.968	1	46
391.139	1	35
391.310	1	46
391.481	1	44
391.651	1	48
391.822	1	45
391.993	1	44
392.164	1	51
392.334	1	37
392.505	1	60
392.676	1	57
392.847	1	59
393.017	1	53
393.188	1	49
393.359	1	44
393.530	1	56
393.700	1	37
393.871	1	44
394.042	1	51
394.213	1	40
394.383	1	42
394.554	1	55
394.725	1	48
394.896	1	48
395.066	1	48
395.237	1	48
395.408	1	44
395.579	1	38
395.749	1	46
395.920	1	40
396.091	1	43
396.262	1	43
396.432	1	57
396.603	1	39
396.774	1	39
396.945	1	44
397.115	1	32
397.286	1	40
397.457	1	44
397.627	1	51
397.798	1	53
397.969	1	52
398.140	1	48
398.310	1	48
398.481	1	48
398.652	1	39
398.823	1	45
398.993	1	52
399.164	1	54
399.335	1	56
399.505	1	46
399.676	1	49
399.847	1	40
400.018	1	69
400.188	1	53
400.359	1	57
400.530	1	50
400.700	1	52
400.871	1	44
401.042	1	60
401.213	1	41
401.383	1	59
401.554	1	42
401.725	1	61
401.895	1	62
402.066	1	53
402.237	1	61
402.408	1	64
402.578	1	56
402.749	1	53
402.920	1	54
403.090	1	55
403.261	1	47
403.432	1	52
403.603	1	57
403.773	1	65
403.944	1	54
404.115	1	44
404.285	1	74
404.456	1	59
404.627	1	50
404.797	1	46
404.968	1	56
405.139	1	53
405.310	1	60
405.480	1	53
405.651	1	57
405.822	1	49
405.992	1	57
406.163	1	61
406.334	1	58
406.504	1	61
406.675	1	67
406.846	1	51
407.016	1	51
407.187	1	60
407.358	1	60
407.528	1	51
407.699	1	50
407.870	1	55
408.041	1	64
408.211	1	51
408.382	1	55
408.553	1	62
408.723	1	49
408.894	1	57
409.065	1	48
409.235	1	65
409.406	1	49
409.577	1	52
409.747	1	54
409.918	1	57
410.089	1	66
410.259	1	56
410.430	1	68
410.601	1	58
410.771	1	57
410.942	1	52
411.113	1	60
411.283	1	64
411.454	1	59
411.625	1	68
411.795	1	49
411.966	1	66
412.137	1	74
412.307	1	59
412.478	1	56
412.649	1	58
412.819	1	58
412.990	1	65
413.161	1	67
413.331	1	53
413.502	1	71
413.672	1	70
413.843	1	54
414.014	1	62
414.184	1	70
414.355	1	64
414.526	1	64
414.696	1	60
414.867	1	61
415.038	1	57
415.208	1	63
415.379	1	66
415.550	1	71
415.720	1	50
415.891	1	74
416.062	1	64
416.232	1	59
416.403	1	63
416.573	1	65
416.744	1	56
416.915	1	75
417.085	1	69
417.256	1	69
417.427	1	53
417.597	1	72
417.768	1	60
417.939	1	64
418.109	1	63
418.280	1	47
418.450	1	61
418.621	1	70
418.792	1	58
418.962	1	54
419.133	1	58
419.304	1	60
419.474	1	58
419.645	1	57
419.815	1	51
419.986	1	69
420.157	1	57
420.327	1	54
420.498	1	64
420.669	1	64
420.839	1	57
421.010	1	60
421.180	1	60
421.351	1	59
421.522	1	61
421.692	1	63
421.863	1	66
422.033	1	66
422.204	1	60
422.375	1	57
422.545	1	61
422.716	1	68
422.886	1	59
423.057	1	66
423.228	1	57
423.398	1	69
423.569	1	65
423.740	1	70
423.910	1	60
424.081	1	50
424.251	1	40
424.422	1	59
424.593	1	61
424.763	1	76
424.934	1	58
425.104	1	51
425.275	1	63
425.445	1	54
425.616	1	60
425.787	1	67
425.957	1	58
426.128	1	60
426.298	1	73
426.469	1	65
426.640	1	60
426.810	1	76
426.981	1	66
427.151	1	66
427.322	1	73
427.493	1	64
427.663	1	62
427.834	1	67
428.004	1	55
428.175	1	72
428.345	1	50
428.516	1	70
428.687	1	67
428.857	1	56
429.028	1	59
429.198	1	71
429.369	1	61
429.540	1	53
429.710	1	55
429.881	1	52
430.051	1	67
430.222	1	60
430.392	1	54
430.563	1	59
430.734	1	66
430.904	1	56
431.075	1	69
431.245	1	58
431.416	1	54
431.586	1	48
431.757	1	61
431.927	1	63
432.098	1	33
432.269	1	58
432.439	1	57
432.610	1	79
432.780	1	54
432.951	1	59
433.121	1	63
433.292	1	54
433.462	1	55
433.633	1	52
433.804	1	46
433.974	1	51
434.145	1	53
434.315	1	42
434.486	1	79
434.656	1	64
434.827	1	64
434.997	1	50
435.168	1	65
435.339	1	53
435.509	1	48
435.680	1	63
435.850	1	54
436.021	1	63
436.191	1	65
436.362	1	69
436.532	1	65
436.703	1	64
436.873	1	49
437.044	1	58
437.214	1	57
437.385	1	57
437.556	1	61
437.726	1	51
437.897	1	58
438.067	1	57
438.238	1	60
438.408	1	54
438.579	1	54
438.749	1	57
438.920	1	65
439.090	1	54
439.261	1	59
439.431	1	65
439.602	1	57
439.772	1	55
439.943	1	64
440.113	1	66
440.284	1	45
440.455	1	56
440.625	1	72
440.796	1	47
440.966	1	50
441.137	1	51
441.307	1	52
441.478	1	59
441.648	1	51
441.819	1	55
441.989	1	48
442.160	1	49
442.330	1	50
442.501	1	51
442.671	1	47
442.842	1	68
443.012	1	52
443.183	1	59
443.353	1	58
443.524	1	43
443.694	1	42
443.865	1	61
444.035	1	39
444.206	1	50
444.376	1	55
444.547	1	59
444.717	1	44
444.888	1	55
445.058	1	60
445.229	1	45
445.399	1	37
445.570	1	47
445.740	1	47
445.911	1	63
446.081	1	62
446.252	1	48
446.422	1	42
446.593	1	43
446.763	1	51
446.934	1	47
447.104	1	49
447.275	1	51
447.445	1	57
447.616	1	57
447.786	1	49
447.957	1	49
448.127	1	50
448.298	1	53
448.468	1	45
448.639	1	39
448.809	1	51
448.979	1	48
449.150	1	48
449.320	1	41
449.491	1	52
449.661	1	54
449.832	1	38
450.002	1	52
450.173	1	42
450.343	1	59
450.514	1	55
450.684	1	46
450.855	1	46
451.025	1	46
451.196	1	45
451.366	1	62
451.537	1	45
451.707	1	60
451.878	1	33
452.048	1	52
452.218	1	53
452.389	1	44
452.559	1	32
452.730	1	56
452.900	1	50
453.071	1	51
453.241	1	52
453.412	1	54
453.582	1	53
453.753	1	41
453.923	1	61
454.093	1	48
454.264	1	56
454.434	1	60
454.605	1	56
454.775	1	46
454.946	1	47
455.116	1	52
455.287	1	48
455.457	1	51
455.628	1	47
455.798	1	50
455.968	1	50
456.139	1	36
456.309	1	51
456.480	1	50
456.650	1	45
456.821	1	52
456.991	1	54
457.161	1	51
457.332	1	51
457.502	1	42
457.673	1	39
457.843	1	48
458.014	1	36
458.184	1	39
458.355	1	37
458.525	1	37
458.695	1	36
458.866	1	43
459.036	1	39
459.207	1	42
459.377	1	48
459.548	1	33
459.718	1	33
459.888	1	48
460.059	1	41
460.229	1	38
460.400	1	53
460.570	1	43
460.740	1	36
460.911	1	37
461.081	1	37
461.252	1	51
461.422	1	32
461.593	1	29
461.763	1	51
461.933	1	44
462.104	1	41
462.274	1	45
462.445	1	32
462.615	1	41
462.785	1	25
462.956	1	39
463.126	1	29
463.297	1	42
463.467	1	56
463.638	1	32
463.808	1	38
463.978	1	35
464.149	1	42
464.319	1	32
464.490	1	39
464.660	1	36
464.830	1	31
465.001	1	49
465.171	1	35
465.342	1	44
465.512	1	49
465.682	1	48
465.853	1	44
466.023	1	31
466.194	1	45
466.364	1	54
466.534	1	43
466.705	1	40
466.875	1	30
467.045	1	41
467.216	1	37
467.386	1	49
467.557	1	30
467.727	1	40
467.897	1	32
468.068	1	43
468.238	1	43
468.409	1	43
468.579	1	33
468.749	1	26
468.920	1	32
469.090	1	40
469.260	1	35
469.431	1	46
469.601	1	32
469.772	1	32
469.942	1	40
470.112	1	37
470.283	1	35
470.453	1	41
470.623	1	35
470.794	1	38
470.964	1	26
471.135	1	35
471.305	1	34
471.475	1	32
471.646	1	38
471.816	1	39
471.986	1	37
472.157	1	28
472.327	1	27
472.497	1	22
472.668	1	33
472.838	1	42
473.009	1	46
473.179	1	34
473.349	1	45
473.520	1	30
473.690	1	28
473.860	1	34
474.031	1	26
474.201	1	19
474.371	1	35
474.542	1	40
474.712	1	20
474.882	1	45
475.053	1	38
475.223	1	25
475.394	1	32
475.564	1	31
475.734	1	25
475.905	1	35
476.075	1	30
476.245	1	42
476.416	1	23
476.586	1	36
476.756	1	42
476.927	1	27
477.097	1	32
477.267	1	39
477.438	1	20
477.608	1	33
477.778	1	45
477.949	1	40
478.119	1	33
478.289	1	39
478.460	1	38
478.630	1	30
478.800	1	31
478.971	1	34
479.141	1	33
479.311	1	28
479.482	1	32
479.652	1	36
479.822	1	35
479.993	1	34
480.163	1	28
480.333	1	36
480.504	1	35
480.674	1	38
480.844	1	32
481.015	1	28
481.185	1	33
481.355	1	25
481.525	1	40
481.696	1	42
481.866	1	26
482.036	1	30
482.207	1	27
482.377	1	30
482.547	1	28
482.718	1	25
482.888	1	26
483.058	1	31
483.229	1	24
483.399	1	39
483.569	1	31
483.740	1	28
483.910	1	25
484.080	1	32
484.250	1	30
484.421	1	24
484.591	1	34
484.761	1	43
484.932	1	34
485.102	1	30
485.272	1	35
485.443	1	40
485.613	1	33
485.783	1	24
485.953	1	10
486.124	1	15
486.294	1	24
486.464	1	27
486.635	1	27
486.805	1	16
486.975	1	24
487.146	1	25
487.316	1	31
487.486	1	38
487.656	1	27
487.827	1	24
487.997	1	29
488.167	1	28
488.338	1	3
488.508	1	22
488.678	1	23
488.848	1	35
489.019	1	28
489.189	1	24
489.359	1	30
489.529	1	9
489.700	1	21
489.870	1	23
490.040	1	15
490.211	1	24
490.381	1	8
490.551	1	14
490.721	1	29
490.892	1	34
491.062	1	20
491.232	1	13
491.402	1	27
491.573	1	20
491.743	1	16
491.913	1	19
492.084	1	12
492.254	1	21
492.424	1	19
492.594	1	33
492.765	1	29
492.935	1	16
493.105	1	18
493.275	1	14
493.446	1	25
493.616	1	15
493.786	1	17
493.956	1	25
494.127	1	15
494.297	1	27
494.467	1	24
494.637	1	32
494.808	1	13
494.978	1	17
495.148	1	19
495.318	1	6
495.489	1	22
495.659	1	30
495.829	1	27
495.999	1	15
496.170	1	14
496.340	1	26
496.510	1	25
496.680	1	9
496.851	1	18
497.021	1	9
497.191	1	15
497.361	1	14
497.532	1	22
497.702	1	29
497.872	1	16
498.042	1	24
498.213	1	18
498.383	1	21
498.553	1	19
498.723	1	16
498.894	1	23
499.064	1	29
499.234	1	19
499.404	1	16
499.574	1	23
499.745	1	22
499.915	1	12
500.085	1	9
500.255	1	18
500.426	1	19
500.596	1	27
500.766	1	16
500.936	1	19
501.106	1	21
501.277	1	17
501.447	1	9
501.617	1	13
501.787	1	27
501.958	1	15
502.128	1	28
502.298	1	16
502.468	1	19
502.638	1	20
502.809	1	19
502.979	1	11
503.149	1	14
503.319	1	10
503.489	1	21
503.660	1	14
503.830	1	23
504.000	1	6
504.170	1	4
504.340	1	14
504.511	1	22
504.681	1	21
504.851	1	18
505.021	1	19
505.192	1	11
505.362	1	21
505.532	1	8
505.702	1	9
505.872	1	21
506.043	1	11
506.213	1	18
506.383	1	24
506.553	1	14
506.723	1	28
506.893	1	17
507.064	1	13
507.234	1	11
507.404	1	17
507.574	1	18
507.744	1	15
507.915	1	13
508.085	1	7
508.255	1	19
508.425	1	14
508.595	1	9
508.766	1	5
508.936	1	30
509.106	1	12
509.276	1	15
509.446	1	13
509.616	1	12
509.787	1	16
509.957	1	9
510.127	1	16
510.297	1	22
510.467	1	12
510.638	1	15
510.808	1	6
510.978	1	23
511.148	1	32
511.318	1	23
511.488	1	17
511.659	1	18
511.829	1	16
511.999	1	11
512.169	1	7
512.339	1	12
512.509	1	11
512.680	1	5
512.850	1	10
513.020	1	13
513.190	1	12
513.360	1	11
513.530	1	19
513.700	1	13
513.871	1	16
514.041	1	7
514.211	1	10
514.381	1	15
514.551	1	3
514.721	1	6
514.892	1	18
515.062	1	14
515.232	1	20
515.402	1	21
515.572	1	17
515.742	1	27
515.912	1	13
516.083	1	9
516.253	1	19
516.423	1	7
516.593	1	10
516.763	1	16
516.933	1	28
517.104	1	5
517.274	1	15
517.444	1	6
517.614	1	16
517.784	1	9
517.954	1	10
518.124	1	9
518.294	1	9
518.465	1	24
518.635	1	10
518.805	1	11
518.975	1	19
519.145	1	11
519.315	1	14
519.485	1	22
519.656	1	22
519.826	1	11
519.996	1	15
520.166	1	5
520.336	1	6
520.506	1	12
520.676	1	29
520.846	1	12
521.017	1	18
521.187	1	10
521.357	1	11
521.527	1	15
521.697	1	10
521.867	1	8
522.037	1	12
522.207	1	11
522.377	1	5
522.548	1	8
522.718	1	16
522.888	1	23
523.058	1	17
523.228	1	10
523.398	1	12
523.568	1	13
523.738	1	1
523.909	1	14
524.079	1	4
524.249	1	5
524.419	1	5
524.589	1	16
524.759	1	15
524.929	1	15
525.099	1	8
525.269	1	6
525.439	1	17
525.610	1	0
525.780	1	15
525.950	1	20
526.120	1	11
526.290	1	11
526.460	1	24
526.630	1	11
526.800	1	13
526.970	1	8
527.140	1	20
527.311	1	13
527.481	1	4
527.651	1	6
527.821	1	10
527.991	1	2
528.161	1	3
528.331	1	16
528.501	1	11
528.671	1	23
528.841	1	33
529.011	1	11
529.181	1	20
529.352	1	14
529.522	1	13
529.692	1	7
529.862	1	8
530.032	1	4
530.202	1	20
530.372	1	14
530.542	1	12
530.712	1	9
530.882	1	4
531.052	1	13
531.222	1	13
531.392	1	10
531.563	1	10
531.733	1	7
531.903	1	15
532.073	1	11
532.243	1	16
532.413	1	2
532.583	1	7
532.753	1	11
532.923	1	18
533.093	1	6
533.263	1	18
533.433	1	9
533.603	1	11
533.773	1	11
533.943	1	10
534.113	1	14
534.284	1	9
534.454	1	5
534.624	1	15
534.794	1	25
534.964	1	9
535.134	1	18
535.304	1	21
535.474	1	8
535.644	1	15
535.814	1	12
535.984	1	1
536.154	1	8
536.324	1	9
536.494	1	10
536.664	1	7
536.834	1	20
537.004	1	8
537.174	1	17
537.344	1	8
537.514	1	6
537.685	1	10
537.855	1	3
538.025	1	1
538.195	1	14
538.365	1	16
538.535	1	3
538.705	1	0
538.875	1	8
539.045	1	10
539.215	1	7
539.385	1	0
539.555	1	8
539.725	1	7
539.895	1	15
540.065	1	10
540.235	1	14
540.405	1	3
540.575	1	9
540.745	1	12
540.915	1	9
541.085	1	4
541.255	1	19
541.425	1	9
541.595	1	21
541.765	1	19
541.935	1	10
542.105	1	14
542.275	1	8
542.445	1	6
542.615	1	7
542.785	1	4
542.955	1	4
543.125	1	5
543.295	1	13
543.465	1	7
543.635	1	1
543.805	1	4
543.975	1	0
544.145	1	19
544.315	1	12
544.485	1	14
544.655	1	0
544.825	1	5
544.995	1	19
545.165	1	11
545.335	1	0
545.505	1	9
545.675	1	-8
545.845	1	12
546.015	1	11
546.185	1	9
546.355	1	11
546.525	1	4
546.695	1	2
546.865	1	11
547.035	1	10
547.205	1	17
547.375	1	17
547.545	1	5
547.715	1	6
547.885	1	3
548.055	1	4
548.225	1	19
548.395	1	3
548.565	1	15
548.735	1	3
548.905	1	9
549.075	1	11
549.245	1	13
549.415	1	4
549.585	1	14
549.755	1	3
549.925	1	5
550.095	1	5
550.265	1	17
550.435	1	7
550.605	1	10
550.775	1	15
550.945	1	5
551.115	1	6
551.285	1	13
551.455	1	14
551.625	1	3
551.795	1	2
551.965	1	16
552.135	1	4
552.305	1	6
552.475	1	5
552.645	1	9
552.815	1	11
552.985	1	9
553.155	1	11
553.325	1	-2
553.495	1	7
553.665	1	-1
553.835	1	13
554.004	1	21
554.174	1	0
554.344	1	-4
554.514	1	15
554.684	1	6
554.854	1	2
555.024	1	7
555.194	1	13
555.364	1	13
555.534	1	6
555.704	1	11
555.874	1	6
556.044	1	11
556.214	1	7
556.384	1	10
556.554	1	1
556.724	1	1
556.894	1	3
557.064	1	10
557.234	1	-3
557.404	1	2
557.573	1	2
557.743	1	1
557.913	1	16
558.083	1	10
558.253	1	7
558.423	1	14
558.593	1	5
558.763	1	1
558.933	1	0
559.103	1	14
559.273	1	6
559.443	1	0
559.613	1	-2
559.783	1	2
559.953	1	9
560.122	1	10
560.292	1	15
560.462	1	10
560.632	1	-4
560.802	1	7
560.972	1	-6
561.142	1	11
561.312	1	13
561.482	1	5
561.652	1	10
561.822	1	5
561.992	1	-5
562.162	1	16
562.331	1	12
562.501	1	7
562.671	1	17
562.841	1	2
563.011	1	7
563.181	1	17
563.351	1	-4
563.521	1	15
563.691	1	4
563.861	1	7
564.031	1	8
564.201	1	16
564.370	1	4
564.540	1	11
564.710	1	9
564.880	1	17
565.050	1	5
565.220	1	3
565.390	1	10
565.560	1	13
565.730	1	3
565.900	1	3
566.069	1	5
566.239	1	10
566.409	1	-5
566.579	1	11
566.749	1	4
566.919	1	-3
567.089	1	9
567.259	1	-2
567.429	1	7
567.599	1	5
567.768	1	7
567.938	1	-4
568.108	1	13
568.278	1	10
568.448	1	9
568.618	1	5
568.788	1	9
568.958	1	-1
569.128	1	11
569.297	1	-3
569.467	1	4
569.637	1	15
569.807	1	15
569.977	1	0
570.147	1	12
570.317	1	1
570.487	1	2
570.656	1	-9
570.826	1	4
570.996	1	0
571.166	1	17
571.336	1	1
571.506	1	8
571.676	1	15
571.846	1	12
572.015	1	7
572.185	1	9
572.355	1	4
572.525	1	-5
572.695	1	5
572.865	1	-4
573.035	1	22
573.205	1	8
573.374	1	7
573.544	1	4
573.714	1	6
573.884	1	7
574.054	1	5
574.224	1	-4
574.394	1	7
574.563	1	10
574.733	1	5
574.903	1	9
575.073	1	5
575.243	1	6
575.413	1	6
575.583	1	14
575.752	1	1
575.922	1	1
576.092	1	-2
576.262	1	5
576.432	1	9
576.602	1	1
576.772	1	0
576.941	1	9
577.111	1	3
577.281	1	7
577.451	1	6
577.621	1	6
577.791	1	3
577.960	1	4
578.130	1	0
578.300	1	3
578.470	1	3
578.640	1	7
578.810	1	3
578.979	1	7
579.149	1	9
579.319	1	8
579.489	1	-4
579.659	1	0
579.829	1	13
579.998	1	1
580.168	1	9
580.338	1	4
580.508	1	9
580.678	1	7
580.848	1	14
581.017	1	15
581.187	1	7
581.357	1	2
581.527	1	8
581.697	1	5
581.867	1	8
582.036	1	-2
582.206	1	4
582.376	1	13
582.546	1	-2
582.716	1	11
582.885	1	2
583.055	1	15
583.225	1	-1
583.395	1	19
583.565	1	3
583.735	1	6
583.904	1	-4
584.074	1	-1
584.244	1	1
584.414	1	1
584.584	1	8
584.753	1	10
584.923	1	7
585.093	1	0
585.263	1	16
585.433	1	7
585.602	1	7
585.772	1	3
585.942	1	8
586.112	1	-3
586.282	1	8
586.451	1	9
586.621	1	16
586.791	1	0
586.961	1	-1
587.131	1	4
587.300	1	0
587.470	1	-2
587.640	1	12
587.810	1	13
587.980	1	7
588.149	1	8
588.319	1	14
588.489	1	5
588.659	1	0
588.829	1	2
588.998	1	14
589.168	1	17
589.338	1	9
589.508	1	6
589.677	1	13
589.847	1	10
590.017	1	2
590.187	1	13
590.357	1	9
590.526	1	3
590.696	1	-8
590.866	1	14
591.036	1	14
591.205	1	13
591.375	1	6
591.545	1	13
591.715	1	3
591.885	1	5
592.054	1	6
592.224	1	15
592.394	1	2
592.564	1	7
592.733	1	10
592.903	1	12
593.073	1	7
593.243	1	4
593.412	1	11
593.582	1	12
593.752	1	3
593.922	1	0
594.091	1	-4
594.261	1	3
594.431	1	7
594.601	1	8
594.771	1	15
594.940	1	16
595.110	1	13
595.280	1	3
595.450	1	4
595.619	1	4
595.789	1	8
595.959	1	15
596.129	1	1
596.298	1	14
596.468	1	10
596.638	1	13
596.808	1	8
596.977	1	5
597.147	1	-3
597.317	1	-5
597.487	1	11
597.656	1	9
597.826	1	12
597.996	1	25
598.166	1	9
598.335	1	8
598.505	1	13
598.675	1	-2
598.844	1	-1
599.014	1	13
599.184	1	3
599.354	1	12
599.523	1	6
599.693	1	13
599.863	1	13
600.033	1	5
600.202	1	12
600.372	1	-2
600.542	1	2
600.712	1	7
600.881	1	1
601.051	1	9
601.221	1	8
601.390	1	0
601.560	1	12
601.730	1	8
601.900	1	7
602.069	1	8
602.239	1	-1
602.409	1	9
602.578	1	-2
602.748	1	8
602.918	1	5
603.088	1	11
603.257	1	14
603.427	1	0
603.597	1	4
603.767	1	11
603.936	1	4
604.106	1	7
604.276	1	17
604.445	1	18
604.615	1	8
604.785	1	6
604.954	1	21
605.124	1	7
605.294	1	6
605.464	1	6
605.633	1	9
605.803	1	10
605.973	1	11
606.142	1	6
606.312	1	6
606.482	1	8
606.652	1	8
606.821	1	8
606.991	1	1
607.161	1	5
607.330	1	-5
607.500	1	7
607.670	1	18
607.839	1	14
608.009	1	8
608.179	1	8
608.348	1	6
608.518	1	3
608.688	1	0
608.858	1	19
609.027	1	8
609.197	1	0
609.367	1	8
609.536	1	9
609.706	1	9
609.876	1	25
610.045	1	9
610.215	1	4
610.385	1	2
610.554	1	0
610.724	1	1
610.894	1	-3
611.063	1	3
611.233	1	15
611.403	1	10
611.572	1	9
611.742	1	5
611.912	1	3
612.081	1	-1
612.251	1	8
612.421	1	21
612.590	1	2
612.760	1	-3
612.930	1	1
613.099	1	7
613.269	1	1
613.439	1	8
613.608	1	9
613.778	1	1
613.948	1	12
614.117	1	17
614.287	1	8
614.457	1	-7
614.626	1	13
614.796	1	5
614.966	1	11
615.135	1	18
615.305	1	9
615.475	1	10
615.644	1	6
615.814	1	3
615.984	1	8
616.153	1	14
616.323	1	2
616.493	1	20
616.662	1	13
616.832	1	17
617.002	1	9
617.171	1	7
617.341	1	9
617.511	1	3
617.680	1	22
617.850	1	4
618.019	1	4
618.189	1	17
618.359	1	3
618.528	1	11
618.698	1	12
618.868	1	11
619.037	1	15
619.207	1	9
619.377	1	8
619.546	1	10
619.716	1	17
619.885	1	12
620.055	1	20
620.225	1	16
620.394	1	10
620.564	1	16
620.734	1	8
620.903	1	9
621.073	1	8
621.242	1	19
621.412	1	8
621.582	1	8
621.751	1	16
621.921	1	10
622.091	1	18
622.260	1	4
622.430	1	6
622.599	1	1
622.769	1	15
622.939	1	18
623.108	1	11
623.278	1	8
623.448	1	13
623.617	1	8
623.787	1	13
623.956	1	14
624.126	1	19
624.296	1	16
624.465	1	6
624.635	1	13
624.804	1	-3
624.974	1	19
625.144	1	3
625.313	1	12
625.483	1	26
625.652	1	17
625.822	1	2
625.992	1	12
626.161	1	22
626.331	1	11
626.501	1	14
626.670	1	15
626.840	1	8
627.009	1	22
627.179	1	17
627.348	1	21
627.518	1	13
627.688	1	11
627.857	1	17
628.027	1	4
628.196	1	11
628.366	1	1
628.536	1	7
628.705	1	9
628.875	1	20
629.044	1	13
629.214	1	5
629.384	1	8
629.553	1	11
629.723	1	6
629.892	1	23
630.062	1	7
630.232	1	18
630.401	1	17
630.571	1	18
630.740	1	8
630.910	1	19
631.079	1	8
631.249	1	16
631.419	1	-2
631.588	1	10
631.758	1	20
631.927	1	14
632.097	1	16
632.266	1	17
632.436	1	18
632.606	1	11
632.775	1	23
632.945	1	20
633.114	1	10
633.284	1	12
633.453	1	8
633.623	1	17
633.793	1	6
633.962	1	8
634.132	1	13
634.301	1	15
634.471	1	10
634.640	1	6
634.810	1	12
634.979	1	14
635.149	1	13
635.319	1	5
635.488	1	19
635.658	1	20
635.827	1	16
635.997	1	8
636.166	1	3
636.336	1	17
636.505	1	12
636.675	1	22
636.845	1	9
637.014	1	4
637.184	1	10
637.353	1	4
637.523	1	20
637.692	1	13
637.862	1	13
638.031	1	11
638.201	1	20
638.370	1	9
638.540	1	10
638.710	1	3
638.879	1	16
639.049	1	7
639.218	1	23
639.388	1	8
639.557	1	21
639.727	1	12
639.896	1	10
640.066	1	22
640.235	1	16
640.405	1	10
640.574	1	14
640.744	1	13
640.914	1	18
641.083	1	8
641.253	1	23
641.422	1	18
641.592	1	9
641.761	1	12
641.931	1	4
642.100	1	12
642.270	1	4
642.439	1	11
642.609	1	21
642.778	1	5
642.948	1	10
643.117	1	13
643.287	1	23
643.456	1	19
643.626	1	16
643.795	1	8
643.965	1	5
644.134	1	10
644.304	1	13
644.473	1	21
644.643	1	8
644.812	1	28
644.982	1	21
645.151	1	22
645.321	1	6
645.490	1	16
645.660	1	3
645.829	1	12
645.999	1	15
646.168	1	4
646.338	1	15
646.507	1	27
646.677	1	12
646.846	1	20
647.016	1	19
647.185	1	10
647.355	1	21
647.524	1	11
647.694	1	9
647.863	1	2
648.033	1	3
648.202	1	5
648.372	1	21
648.541	1	19
648.711	1	16
648.880	1	19
649.050	1	3
649.219	1	4
649.389	1	12
649.558	1	6
649.728	1	12
649.897	1	12
650.067	1	12
650.236	1	20
650.406	1	4
650.575	1	8
650.745	1	8
650.914	1	17
651.084	1	4
651.253	1	10
651.423	1	15
651.592	1	11
651.762	1	17
651.931	1	5
652.101	1	23
652.270	1	19
652.440	1	5
652.609	1	15
652.778	1	3
652.948	1	16
653.117	1	10
653.287	1	25
653.456	1	25
653.626	1	17
653.795	1	26
653.965	1	10
654.134	1	15
654.304	1	6
654.473	1	1
654.643	1	18
654.812	1	15
654.982	1	13
655.151	1	10
655.320	1	12
655.490	1	23
655.659	1	21
655.829	1	16
655.998	1	9
656.168	1	6
656.337	1	26
656.507	1	11
656.676	1	25
656.846	1	7
657.015	1	4
657.184	1	10
657.354	1	12
657.523	1	13
657.693	1	9
657.862	1	11
658.032	1	11
658.201	1	13
658.371	1	9
658.540	1	16
658.709	1	9
658.879	1	-6
659.048	1	8
659.218	1	10
659.387	1	10
659.557	1	18
659.726	1	16
659.895	1	13
660.065	1	3
660.234	1	12
660.404	1	22
660.573	1	14
660.743	1	17
660.912	1	12
661.081	1	22
661.251	1	11
661.420	1	5
661.590	1	10
661.759	1	7
661.929	1	15
662.098	1	7
662.267	1	7
662.437	1	15
662.606	1	13
662.776	1	12
662.945	1	0
663.115	1	17
663.284	1	13
663.453	1	2
663.623	1	15
663.792	1	23
663.962	1	12
664.131	1	15
664.300	1	7
664.470	1	18
664.639	1	3
664.809	1	6
664.978	1	8
665.148	1	11
665.317	1	8
665.486	1	14
665.656	1	15
665.825	1	11
665.995	1	15
666.164	1	11
666.333	1	13
666.503	1	15
666.672	1	16
666.842	1	11
667.011	1	15
667.180	1	3
667.350	1	18
667.519	1	19
667.689	1	11
667.858	1	18
668.027	1	29
668.197	1	18
668.366	1	7
668.536	1	15
668.705	1	12
668.874	1	12
669.044	1	8
669.213	1	11
669.382	1	8
669.552	1	14
669.721	1	17
669.891	1	21
670.060	1	24
670.229	1	13
670.399	1	9
670.568	1	15
670.738	1	5
670.907	1	12
671.076	1	12
671.246	1	9
671.415	1	15
671.584	1	10
671.754	1	8
671.923	1	19
672.093	1	13
672.262	1	15
672.431	1	5
672.601	1	15
672.770	1	5
672.939	1	6
673.109	1	12
673.278	1	18
673.448	1	1
673.617	1	9
673.786	1	12
