325.333	1	13
325.504	1	-1
325.675	1	8
325.846	1	4
326.017	1	8
326.188	1	10
326.359	1	4
326.531	1	1
326.702	1	2
326.873	1	8
327.044	1	-3
327.215	1	-4
327.386	1	1
327.557	1	3
327.728	1	8
327.899	1	17
328.070	1	7
328.241	1	6
328.412	1	6
328.583	1	2
328.754	1	-9
328.926	1	1
329.097	1	5
329.268	1	0
329.439	1	2
329.610	1	17
329.781	1	-7
329.952	1	10
330.123	1	4
330.294	1	-5
330.465	1	2
330.636	1	9
330.807	1	3
330.978	1	-2
331.149	1	14
331.320	1	8
331.492	1	5
331.663	1	-1
331.834	1	13
332.005	1	15
332.176	1	1
332.347	1	16
332.518	1	9
332.689	1	3
332.860	1	9
333.031	1	4
333.202	1	-4
333.373	1	6
333.544	1	-1
333.715	1	3
333.886	1	-4
334.057	1	12
334.228	1	-1
334.399	1	11
334.570	1	7
334.741	1	6
334.912	1	13
335.084	1	1
335.255	1	0
335.426	1	7
335.597	1	7
335.768	1	5
335.939	1	9
336.110	1	4
336.281	1	8
336.452	1	4
336.623	1	7
336.794	1	2
336.965	1	-2
337.136	1	0
337.307	1	5
337.478	1	3
337.649	1	11
337.820	1	6
337.991	1	8
338.162	1	8
338.333	1	-8
338.504	1	5
338.675	1	10
338.846	1	6
339.017	1	11
339.188	1	12
339.359	1	7
339.530	1	15
339.701	1	1
339.872	1	15
340.043	1	-12
340.214	1	3
340.385	1	5
340.556	1	0
340.727	1	13
340.898	1	8
341.069	1	16
341.240	1	10
341.411	1	-1
341.582	1	4
341.753	1	-4
341.924	1	3
342.095	1	5
342.266	1	6
342.437	1	12
342.608	1	15
342.779	1	3
342.950	1	10
343.121	1	1
343.292	1	5
343.463	1	0
343.634	1	4
343.805	1	0
343.976	1	6
344.147	1	7
344.318	1	2
344.489	1	12
344.660	1	5
344.831	1	23
345.002	1	2
345.173	1	-6
345.344	1	1
345.515	1	2
345.686	1	15
345.857	1	11
346.028	1	7
346.199	1	1
346.370	1	6
346.541	1	-5
346.712	1	8
346.883	1	3
347.054	1	-2
347.225	1	7
347.396	1	-2
347.567	1	16
347.738	1	2
347.909	1	0
348.080	1	20
348.251	1	5
348.422	1	5
348.593	1	3
348.764	1	2
348.935	1	5
349.106	1	3
349.277	1	4
349.448	1	6
349.619	1	2
349.790	1	20
349.961	1	6
350.132	1	11
350.303	1	3
350.474	1	-5
350.645	1	1
350.816	1	-2
350.987	1	5
351.157	1	8
351.328	1	7
351.499	1	7
351.670	1	7
351.841	1	8
352.012	1	4
352.183	1	7
352.354	1	-9
352.525	1	3
352.696	1	10
352.867	1	10
353.038	1	2
353.209	1	10
353.380	1	-1
353.551	1	-7
353.722	1	-1
353.893	1	13
354.064	1	5
354.235	1	7
354.406	1	14
354.576	1	9
354.747	1	-9
354.918	1	2
355.089	1	10
355.260	1	12
355.431	1	9
355.602	1	-7
355.773	1	9
355.944	1	-1
356.115	1	15
356.286	1	12
356.457	1	2
356.628	1	-1
356.799	1	-1
356.970	1	4
357.141	1	2
357.311	1	9
357.482	1	0
357.653	1	6
357.824	1	9
357.995	1	9
358.166	1	1
358.337	1	9
358.508	1	14
358.679	1	0
358.850	1	1
359.021	1	9
359.192	1	10
359.363	1	9
359.533	1	-4
359.704	1	8
359.875	1	13
360.046	1	2
360.217	1	7
360.388	1	13
360.559	1	6
360.730	1	5
360.901	1	3
361.072	1	7
361.243	1	4
361.414	1	-1
361.584	1	-1
361.755	1	-3
361.926	1	-3
362.097	1	12
362.268	1	3
362.439	1	2
362.610	1	5
362.781	1	4
362.952	1	5
363.123	1	6
363.293	1	7
363.464	1	4
363.635	1	6
363.806	1	0
363.977	1	5
364.148	1	2
364.319	1	3
364.490	1	0
364.661	1	4
364.832	1	2
365.002	1	3
365.173	1	6
365.344	1	9
365.515	1	-7
365.686	1	-10
365.857	1	12
366.028	1	8
366.199	1	-3
366.370	1	5
366.540	1	-1
366.711	1	1
366.882	1	-6
367.053	1	8
367.224	1	0
367.395	1	6
367.566	1	-8
367.737	1	6
367.908	1	4
368.078	1	7
368.249	1	5
368.420	1	9
368.591	1	12
368.762	1	4
368.933	1	0
369.104	1	16
369.274	1	-8
369.445	1	4
369.616	1	4
369.787	1	15
369.958	1	0
370.129	1	6
370.300	1	6
370.471	1	7
370.641	1	5
370.812	1	4
370.983	1	-10
371.154	1	-1
371.325	1	1
371.496	1	6
371.667	1	6
371.837	1	1
372.008	1	-10
372.179	1	1
372.350	1	0
372.521	1	2
372.692	1	4
372.863	1	2
373.033	1	13
373.204	1	-6
373.375	1	4
373.546	1	16
373.717	1	-2
373.888	1	14
374.059	1	6
374.229	1	-4
374.400	1	-6
374.571	1	5
374.742	1	4
374.913	1	2
375.084	1	-1
375.254	1	7
375.425	1	0
375.596	1	6
375.767	1	5
375.938	1	9
376.109	1	15
376.279	1	-4
376.450	1	5
376.621	1	-2
376.792	1	5
376.963	1	-3
377.134	1	7
377.304	1	16
377.475	1	4
377.646	1	1
377.817	1	0
377.988	1	11
378.159	1	13
378.329	1	10
378.500	1	10
378.671	1	7
378.842	1	3
379.013	1	8
379.184	1	-3
379.354	1	-1
379.525	1	-4
379.696	1	15
379.867	1	4
380.038	1	6
380.209	1	1
380.379	1	9
380.550	1	5
380.721	1	-1
380.892	1	3
381.063	1	-1
381.233	1	5
381.404	1	5
381.575	1	13
381.746	1	11
381.917	1	13
382.087	1	3
382.258	1	7
382.429	1	-5
382.600	1	6
382.771	1	2
382.941	1	13
383.112	1	-5
383.283	1	10
383.454	1	7
383.625	1	0
383.795	1	4
383.966	1	-6
384.137	1	0
384.308	1	9
384.479	1	2
384.649	1	10
384.820	1	15
384.991	1	3
385.162	1	4
385.333	1	1
385.503	1	0
385.674	1	-5
385.845	1	16
386.016	1	-3
386.187	1	11
386.357	1	-3
386.528	1	-5
386.699	1	8
386.870	1	10
387.041	1	11
387.211	1	-5
387.382	1	0
387.553	1	9
387.724	1	30
387.894	1	16
388.065	1	3
388.236	1	-9
388.407	1	1
388.578	1	-1
388.748	1	10
388.919	1	5
389.090	1	14
389.261	1	13
389.431	1	8
389.602	1	15
389.773	1	11
389.944	1	9
390.114	1	5
390.285	1	4
390.456	1	6
390.627	1	5
390.798	1	3
390.968	1	9
391.139	1	6
391.310	1	14
391.481	1	5
391.651	1	12
391.822	1	2
391.993	1	6
392.164	1	9
392.334	1	-2
392.505	1	11
392.676	1	16
392.847	1	6
393.017	1	9
393.188	1	6
393.359	1	3
393.530	1	15
393.700	1	-6
393.871	1	4
394.042	1	-2
394.213	1	0
394.383	1	3
394.554	1	18
394.725	1	10
394.896	1	3
395.066	1	3
395.237	1	13
395.408	1	11
395.579	1	-7
395.749	1	11
395.920	1	-2
396.091	1	14
396.262	1	5
396.432	1	14
396.603	1	5
396.774	1	2
396.945	1	13
397.115	1	0
397.286	1	4
397.457	1	0
397.627	1	7
397.798	1	13
397.969	1	8
398.140	1	8
398.310	1	10
398.481	1	4
398.652	1	-7
398.823	1	6
398.993	1	8
399.164	1	9
399.335	1	3
399.505	1	-2
399.676	1	-1
399.847	1	10
400.018	1	13
400.188	1	6
400.359	1	4
400.530	1	8
400.700	1	2
400.871	1	4
401.042	1	4
401.213	1	6
401.383	1	6
401.554	1	4
401.725	1	13
401.895	1	0
402.066	1	10
402.237	1	10
402.408	1	13
402.578	1	1
402.749	1	2
402.920	1	3
403.090	1	7
403.261	1	14
403.432	1	6
403.603	1	17
403.773	1	12
403.944	1	11
404.115	1	-3
404.285	1	2
404.456	1	2
404.627	1	1
404.797	1	14
404.968	1	9
405.139	1	10
405.310	1	11
405.480	1	14
405.651	1	1
405.822	1	5
405.992	1	4
406.163	1	19
406.334	1	13
406.504	1	13
406.675	1	18
406.846	1	9
407.016	1	9
407.187	1	9
407.358	1	13
407.528	1	9
407.699	1	1
407.870	1	10
408.041	1	15
408.211	1	8
408.382	1	8
408.553	1	12
408.723	1	11
408.894	1	2
409.065	1	5
409.235	1	10
409.406	1	5
409.577	1	11
409.747	1	2
409.918	1	13
410.089	1	12
410.259	1	-1
410.430	1	14
410.601	1	10
410.771	1	8
410.942	1	-1
411.113	1	8
411.283	1	10
411.454	1	13
411.625	1	7
411.795	1	-1
411.966	1	22
412.137	1	12
412.307	1	9
412.478	1	8
412.649	1	11
412.819	1	10
412.990	1	13
413.161	1	12
413.331	1	1
413.502	1	10
413.672	1	8
413.843	1	8
414.014	1	11
414.184	1	12
414.355	1	6
414.526	1	12
414.696	1	19
414.867	1	11
415.038	1	11
415.208	1	11
415.379	1	9
415.550	1	13
415.720	1	-4
415.891	1	39
416.062	1	7
416.232	1	1
416.403	1	14
416.573	1	15
416.744	1	6
416.915	1	14
417.085	1	6
417.256	1	0
417.427	1	10
417.597	1	8
417.768	1	16
417.939	1	6
418.109	1	13
418.280	1	2
418.450	1	12
418.621	1	13
418.792	1	8
418.962	1	4
419.133	1	9
419.304	1	3
419.474	1	14
419.645	1	6
419.815	1	9
419.986	1	11
420.157	1	9
420.327	1	-1
420.498	1	9
420.669	1	14
420.839	1	8
421.010	1	7
421.180	1	11
421.351	1	20
421.522	1	5
421.692	1	19
421.863	1	10
422.033	1	2
422.204	1	14
422.375	1	10
422.545	1	15
422.716	1	8
422.886	1	-3
423.057	1	14
423.228	1	10
423.398	1	16
423.569	1	8
423.740	1	12
423.910	1	16
424.081	1	8
424.251	1	-1
424.422	1	6
424.593	1	6
424.763	1	18
424.934	1	11
425.104	1	4
425.275	1	15
425.445	1	2
425.616	1	15
425.787	1	14
425.957	1	2
426.128	1	17
426.298	1	17
426.469	1	9
426.640	1	13
426.810	1	22
426.981	1	17
427.151	1	13
427.322	1	8
427.493	1	18
427.663	1	14
427.834	1	5
428.004	1	-2
428.175	1	24
428.345	1	16
428.516	1	4
428.687	1	16
428.857	1	6
429.028	1	18
429.198	1	16
429.369	1	2
429.540	1	11
429.710	1	13
429.881	1	3
430.051	1	6
430.222	1	16
430.392	1	2
430.563	1	18
430.734	1	12
430.904	1	7
431.075	1	11
431.245	1	6
431.416	1	9
431.586	1	-3
431.757	1	5
431.927	1	22
432.098	1	-3
432.269	1	12
432.439	1	14
432.610	1	18
432.780	1	3
432.951	1	13
433.121	1	13
433.292	1	14
433.462	1	1
433.633	1	-3
433.804	1	5
433.974	1	6
434.145	1	8
434.315	1	6
434.486	1	13
434.656	1	16
434.827	1	10
434.997	1	13
435.168	1	11
435.339	1	11
435.509	1	4
435.680	1	10
435.850	1	7
436.021	1	19
436.191	1	10
436.362	1	9
436.532	1	17
436.703	1	11
436.873	1	1
437.044	1	5
437.214	1	0
437.385	1	2
437.556	1	3
437.726	1	15
437.897	1	9
438.067	1	3
438.238	1	11
438.408	1	1
438.579	1	7
438.749	1	8
438.920	1	10
439.090	1	7
439.261	1	8
439.431	1	-1
439.602	1	7
439.772	1	20
439.943	1	11
440.113	1	16
440.284	1	6
440.455	1	3
440.625	1	26
440.796	1	12
440.966	1	7
441.137	1	-2
441.307	1	7
441.478	1	11
441.648	1	-2
441.819	1	15
441.989	1	16
442.160	1	10
442.330	1	4
442.501	1	9
442.671	1	2
442.842	1	10
443.012	1	0
443.183	1	14
443.353	1	8
443.524	1	-2
443.694	1	-1
443.865	1	15
444.035	1	4
444.206	1	-1
444.376	1	6
444.547	1	20
444.717	1	4
444.888	1	14
445.058	1	6
445.229	1	-4
445.399	1	9
445.570	1	12
445.740	1	2
445.911	1	12
446.081	1	9
446.252	1	17
446.422	1	6
446.593	1	1
446.763	1	-7
446.934	1	13
447.104	1	8
447.275	1	15
447.445	1	23
447.616	1	9
447.786	1	8
447.957	1	12
448.127	1	6
448.298	1	15
448.468	1	-6
448.639	1	1
448.809	1	9
448.979	1	2
449.150	1	3
449.320	1	11
449.491	1	8
449.661	1	22
449.832	1	8
450.002	1	8
450.173	1	-8
450.343	1	5
450.514	1	16
450.684	1	8
450.855	1	19
451.025	1	11
451.196	1	6
451.366	1	12
451.537	1	7
451.707	1	12
451.878	1	-3
452.048	1	3
452.218	1	5
452.389	1	5
452.559	1	-8
452.730	1	5
452.900	1	4
453.071	1	3
453.241	1	9
453.412	1	9
453.582	1	9
453.753	1	3
453.923	1	9
454.093	1	8
454.264	1	10
454.434	1	15
454.605	1	13
454.775	1	2
454.946	1	15
455.116	1	7
455.287	1	9
455.457	1	7
455.628	1	-1
455.798	1	11
455.968	1	12
456.139	1	5
456.309	1	8
456.480	1	6
456.650	1	20
456.821	1	16
456.991	1	21
457.161	1	5
457.332	1	16
457.502	1	3
457.673	1	13
457.843	1	8
458.014	1	5
458.184	1	4
458.355	1	-2
458.525	1	2
458.695	1	3
458.866	1	-1
459.036	1	5
459.207	1	6
459.377	1	11
459.548	1	5
459.718	1	4
459.888	1	21
460.059	1	1
460.229	1	1
460.400	1	13
460.570	1	8
460.740	1	1
460.911	1	12
461.081	1	-10
461.252	1	12
461.422	1	2
461.593	1	-9
461.763	1	8
461.933	1	1
462.104	1	7
462.274	1	7
462.445	1	1
462.615	1	9
462.785	1	4
462.956	1	5
463.126	1	1
463.297	1	9
463.467	1	18
463.638	1	-6
463.808	1	-3
463.978	1	2
464.149	1	9
464.319	1	-7
464.490	1	5
464.660	1	-2
464.830	1	4
465.001	1	12
465.171	1	1
465.342	1	9
465.512	1	9
465.682	1	-2
465.853	1	2
466.023	1	9
466.194	1	5
466.364	1	13
466.534	1	16
466.705	1	7
466.875	1	1
467.045	1	8
467.216	1	5
467.386	1	8
467.557	1	-8
467.727	1	-1
467.897	1	-4
468.068	1	16
468.238	1	5
468.409	1	5
468.579	1	4
468.749	1	3
468.920	1	-4
469.090	1	9
469.260	1	5
469.431	1	0
469.601	1	7
469.772	1	6
469.942	1	22
470.112	1	6
470.283	1	12
470.453	1	8
470.623	1	2
470.794	1	5
470.964	1	-2
471.135	1	12
471.305	1	9
471.475	1	3
471.646	1	14
471.816	1	5
471.986	1	9
472.157	1	8
472.327	1	5
472.497	1	-7
472.668	1	5
472.838	1	2
473.009	1	16
473.179	1	5
473.349	1	3
473.520	1	2
473.690	1	-2
473.860	1	15
474.031	1	-1
474.201	1	12
474.371	1	7
474.542	1	22
474.712	1	-3
474.882	1	7
475.053	1	13
475.223	1	7
475.394	1	8
475.564	1	0
475.734	1	8
475.905	1	4
476.075	1	-4
476.245	1	13
476.416	1	9
476.586	1	12
476.756	1	3
476.927	1	-6
477.097	1	5
477.267	1	11
477.438	1	-7
477.608	1	2
477.778	1	9
477.949	1	5
478.119	1	3
478.289	1	17
478.460	1	14
478.630	1	-3
478.800	1	-2
478.971	1	4
479.141	1	-1
479.311	1	11
479.482	1	-4
479.652	1	-4
479.822	1	0
479.993	1	11
480.163	1	-1
480.333	1	5
480.504	1	8
480.674	1	9
480.844	1	1
481.015	1	4
481.185	1	17
481.355	1	0
481.525	1	2
481.696	1	14
481.866	1	1
482.036	1	5
482.207	1	-6
482.377	1	1
482.547	1	0
482.718	1	4
482.888	1	0
483.058	1	3
483.229	1	4
483.399	1	5
483.569	1	-1
483.740	1	1
483.910	1	-6
484.080	1	-2
484.250	1	4
484.421	1	7
484.591	1	2
484.761	1	-1
484.932	1	6
485.102	1	8
485.272	1	4
485.443	1	4
485.613	1	-3
485.783	1	-2
485.953	1	-3
486.124	1	-3
486.294	1	4
486.464	1	6
486.635	1	6
486.805	1	-6
486.975	1	9
487.146	1	-2
487.316	1	6
487.486	1	4
487.656	1	0
487.827	1	5
487.997	1	6
488.167	1	7
488.338	1	-2
488.508	1	-3
488.678	1	-4
488.848	1	6
489.019	1	17
489.189	1	8
489.359	1	-2
489.529	1	-8
489.700	1	-8
489.870	1	1
490.040	1	5
490.211	1	10
490.381	1	-3
490.551	1	-14
490.721	1	6
490.892	1	18
491.062	1	2
491.232	1	-3
491.402	1	3
491.573	1	11
491.743	1	-7
491.913	1	-1
492.084	1	-8
492.254	1	17
492.424	1	-1
492.594	1	10
492.765	1	5
492.935	1	17
493.105	1	1
493.275	1	-2
493.446	1	0
493.616	1	2
493.786	1	10
493.956	1	4
494.127	1	-15
494.297	1	0
494.467	1	4
494.637	1	8
494.808	1	-4
494.978	1	1
495.148	1	6
495.318	1	1
495.489	1	-5
495.659	1	11
495.829	1	5
495.999	1	4
496.170	1	2
496.340	1	18
496.510	1	1
496.680	1	3
496.851	1	-3
497.021	1	5
497.191	1	1
497.361	1	-1
497.532	1	-1
497.702	1	10
497.872	1	4
498.042	1	3
498.213	1	-7
498.383	1	6
498.553	1	4
498.723	1	-14
498.894	1	5
499.064	1	3
499.234	1	-2
499.404	1	9
499.574	1	5
499.745	1	-2
499.915	1	-6
500.085	1	2
500.255	1	13
500.426	1	-2
500.596	1	4
500.766	1	-7
500.936	1	2
501.106	1	4
501.277	1	9
501.447	1	0
501.617	1	0
501.787	1	3
501.958	1	3
502.128	1	4
502.298	1	4
502.468	1	-1
502.638	1	5
502.809	1	0
502.979	1	-4
503.149	1	-3
503.319	1	6
503.489	1	3
503.660	1	3
503.830	1	2
504.000	1	4
504.170	1	-5
504.340	1	10
504.511	1	-1
504.681	1	17
504.851	1	2
505.021	1	-6
505.192	1	-13
505.362	1	-1
505.532	1	-7
505.702	1	-11
505.872	1	3
506.043	1	-6
506.213	1	1
506.383	1	12
506.553	1	-2
506.723	1	15
506.893	1	-11
507.064	1	-5
507.234	1	-1
507.404	1	9
507.574	1	4
507.744	1	12
507.915	1	-2
508.085	1	-15
508.255	1	-1
508.425	1	0
508.595	1	-7
508.766	1	-4
508.936	1	13
509.106	1	-3
509.276	1	9
509.446	1	9
509.616	1	4
509.787	1	4
509.957	1	0
510.127	1	0
510.297	1	2
510.467	1	2
510.638	1	-2
510.808	1	-11
510.978	1	12
511.148	1	12
511.318	1	14
511.488	1	3
511.659	1	8
511.829	1	6
511.999	1	-3
512.169	1	-1
512.339	1	-4
512.509	1	0
512.680	1	1
512.850	1	-1
513.020	1	3
513.190	1	2
513.360	1	4
513.530	1	12
513.700	1	-9
513.871	1	3
514.041	1	-2
514.211	1	-11
514.381	1	4
514.551	1	-3
514.721	1	-1
514.892	1	7
515.062	1	16
515.232	1	4
515.402	1	11
515.572	1	5
515.742	1	6
515.912	1	4
516.083	1	-2
516.253	1	3
516.423	1	-5
516.593	1	-3
516.763	1	2
516.933	1	15
517.104	1	-3
517.274	1	8
517.444	1	-2
517.614	1	2
517.784	1	-8
517.954	1	-7
518.124	1	3
518.294	1	-5
518.465	1	0
518.635	1	4
518.805	1	-2
518.975	1	0
519.145	1	6
519.315	1	-11
519.485	1	-6
519.656	1	6
519.826	1	-11
519.996	1	-3
520.166	1	-3
520.336	1	-7
520.506	1	1
520.676	1	8
520.846	1	3
521.017	1	1
521.187	1	-1
521.357	1	-3
521.527	1	-8
521.697	1	-3
521.867	1	-1
522.037	1	-2
522.207	1	6
522.377	1	7
522.548	1	1
522.718	1	8
522.888	1	11
523.058	1	3
523.228	1	-4
523.398	1	1
523.568	1	-1
523.738	1	-7
523.909	1	0
524.079	1	5
524.249	1	-1
524.419	1	1
524.589	1	0
524.759	1	7
524.929	1	7
525.099	1	-11
525.269	1	-14
525.439	1	2
525.610	1	-3
525.780	1	-3
525.950	1	11
526.120	1	-6
526.290	1	11
526.460	1	-1
526.630	1	11
526.800	1	-5
526.970	1	8
527.140	1	7
527.311	1	7
527.481	1	-5
527.651	1	4
527.821	1	-4
527.991	1	-4
528.161	1	1
528.331	1	5
528.501	1	0
528.671	1	5
528.841	1	10
529.011	1	-6
529.181	1	4
529.352	1	11
529.522	1	4
529.692	1	-7
529.862	1	-2
530.032	1	4
530.202	1	1
530.372	1	6
530.542	1	7
530.712	1	10
530.882	1	10
531.052	1	-4
531.222	1	3
531.392	1	1
531.563	1	8
531.733	1	-7
531.903	1	9
532.073	1	-1
532.243	1	8
532.413	1	-1
532.583	1	7
532.753	1	8
532.923	1	4
533.093	1	11
533.263	1	1
533.433	1	3
533.603	1	-5
533.773	1	-7
533.943	1	2
534.113	1	10
534.284	1	-13
534.454	1	2
534.624	1	6
534.794	1	-1
534.964	1	3
535.134	1	8
535.304	1	6
535.474	1	-12
535.644	1	4
535.814	1	-3
535.984	1	2
536.154	1	2
536.324	1	-6
536.494	1	2
536.664	1	0
536.834	1	4
537.004	1	2
537.174	1	3
537.344	1	2
537.514	1	-3
537.685	1	6
537.855	1	0
538.025	1	3
538.195	1	5
538.365	1	12
538.535	1	3
538.705	1	-6
538.875	1	-1
539.045	1	1
539.215	1	7
539.385	1	-4
539.555	1	0
539.725	1	-12
539.895	1	10
540.065	1	-7
540.235	1	4
540.405	1	-4
540.575	1	8
540.745	1	0
540.915	1	-12
541.085	1	-2
541.255	1	-1
541.425	1	-2
541.595	1	1
541.765	1	9
541.935	1	0
542.105	1	1
542.275	1	5
542.445	1	2
542.615	1	5
542.785	1	-4
542.955	1	5
543.125	1	-1
543.295	1	17
543.465	1	-5
543.635	1	1
543.805	1	-2
543.975	1	-8
544.145	1	8
544.315	1	-4
544.485	1	3
544.655	1	0
544.825	1	6
544.995	1	8
545.165	1	1
545.335	1	-14
545.505	1	-1
545.675	1	-7
545.845	1	4
546.015	1	5
546.185	1	-1
546.355	1	-7
546.525	1	-4
546.695	1	-6
546.865	1	7
547.035	1	2
547.205	1	9
547.375	1	-2
547.545	1	0
547.715	1	-5
547.885	1	-7
548.055	1	-5
548.225	1	6
548.395	1	-7
548.565	1	7
548.735	1	-7
548.905	1	13
549.075	1	6
549.245	1	0
549.415	1	-1
549.585	1	5
549.755	1	4
549.925	1	-2
550.095	1	-3
550.265	1	5
550.435	1	-3
550.605	1	12
550.775	1	-4
550.945	1	7
551.115	1	-9
551.285	1	-2
551.455	1	-4
551.625	1	-6
551.795	1	-11
551.965	1	0
552.135	1	5
552.305	1	-3
552.475	1	2
552.645	1	0
552.815	1	8
552.985	1	-10
553.155	1	-3
553.325	1	-6
553.495	1	9
553.665	1	-11
553.835	1	13
554.004	1	5
554.174	1	-5
554.344	1	2
554.514	1	0
554.684	1	-2
554.854	1	-10
555.024	1	7
555.194	1	1
555.364	1	10
555.534	1	-9
555.704	1	3
555.874	1	-5
556.044	1	1
556.214	1	5
556.384	1	6
556.554	1	2
556.724	1	8
556.894	1	4
557.064	1	3
557.234	1	-6
557.404	1	1
557.573	1	0
557.743	1	-2
557.913	1	2
558.083	1	-6
558.253	1	1
558.423	1	4
558.593	1	4
558.763	1	-3
558.933	1	-1
559.103	1	8
559.273	1	-5
559.443	1	0
559.613	1	-10
559.783	1	-7
559.953	1	2
560.122	1	0
560.292	1	11
560.462	1	0
560.632	1	-6
560.802	1	7
560.972	1	0
561.142	1	-3
561.312	1	0
561.482	1	-4
561.652	1	-3
561.822	1	-3
561.992	1	4
562.162	1	7
562.331	1	4
562.501	1	-2
562.671	1	1
562.841	1	-7
563.011	1	-2
563.181	1	11
563.351	1	9
563.521	1	0
563.691	1	-7
563.861	1	2
564.031	1	-8
564.201	1	5
564.370	1	-2
564.540	1	-1
564.710	1	-6
564.880	1	5
565.050	1	2
565.220	1	-4
565.390	1	5
565.560	1	5
565.730	1	2
565.900	1	0
566.069	1	5
566.239	1	1
566.409	1	-7
566.579	1	-3
566.749	1	-6
566.919	1	-3
567.089	1	0
567.259	1	-1
567.429	1	-7
567.599	1	4
567.768	1	-3
567.938	1	-11
568.108	1	3
568.278	1	6
568.448	1	-2
568.618	1	-1
568.788	1	8
568.958	1	-1
569.128	1	2
569.297	1	1
569.467	1	-4
569.637	1	3
569.807	1	3
569.977	1	2
570.147	1	-3
570.317	1	-6
570.487	1	-6
570.656	1	-12
570.826	1	0
570.996	1	-11
571.166	1	13
571.336	1	-3
571.506	1	10
571.676	1	3
571.846	1	14
572.015	1	-12
572.185	1	-2
572.355	1	-10
572.525	1	-6
572.695	1	-7
572.865	1	-11
573.035	1	6
573.205	1	5
573.374	1	5
573.544	1	7
573.714	1	-9
573.884	1	-2
574.054	1	7
574.224	1	-11
574.394	1	-5
574.563	1	4
574.733	1	5
574.903	1	3
575.073	1	5
575.243	1	0
575.413	1	-3
575.583	1	4
575.752	1	-5
575.922	1	4
576.092	1	-5
576.262	1	8
576.432	1	-1
576.602	1	-6
576.772	1	-5
576.941	1	-4
577.111	1	-2
577.281	1	-1
577.451	1	4
577.621	1	7
577.791	1	5
577.960	1	-7
578.130	1	4
578.300	1	-5
578.470	1	-11
578.640	1	7
578.810	1	-2
578.979	1	-4
579.149	1	-3
579.319	1	1
579.489	1	-8
579.659	1	-4
579.829	1	4
579.998	1	4
580.168	1	3
580.338	1	6
580.508	1	13
580.678	1	0
580.848	1	-2
581.017	1	6
581.187	1	-1
581.357	1	-5
581.527	1	4
581.697	1	-6
581.867	1	-3
582.036	1	-3
582.206	1	0
582.376	1	3
582.546	1	-8
582.716	1	-4
582.885	1	-17
583.055	1	8
583.225	1	0
583.395	1	18
583.565	1	3
583.735	1	-2
583.904	1	1
584.074	1	-7
584.244	1	-12
584.414	1	2
584.584	1	-2
584.753	1	4
584.923	1	-2
585.093	1	7
585.263	1	6
585.433	1	-3
585.602	1	-8
585.772	1	1
585.942	1	0
586.112	1	-11
586.282	1	7
586.451	1	13
586.621	1	12
586.791	1	2
586.961	1	-1
587.131	1	-6
587.300	1	-4
587.470	1	-6
587.640	1	5
587.810	1	5
587.980	1	-6
588.149	1	5
588.319	1	5
588.489	1	5
588.659	1	1
588.829	1	7
588.998	1	3
589.168	1	-6
589.338	1	-6
589.508	1	3
589.677	1	6
589.847	1	8
590.017	1	-6
590.187	1	3
590.357	1	1
590.526	1	5
590.696	1	-8
590.866	1	-4
591.036	1	2
591.205	1	17
591.375	1	5
591.545	1	7
591.715	1	5
591.885	1	-4
592.054	1	-5
592.224	1	0
592.394	1	-9
592.564	1	4
592.733	1	-9
592.903	1	3
593.073	1	3
593.243	1	5
593.412	1	-6
593.582	1	-4
593.752	1	-1
593.922	1	-6
594.091	1	-10
594.261	1	-1
594.431	1	9
594.601	1	-4
594.771	1	7
594.940	1	2
595.110	1	5
595.280	1	-5
595.450	1	6
595.619	1	3
595.789	1	13
595.959	1	8
596.129	1	-8
596.298	1	15
596.468	1	-4
596.638	1	1
596.808	1	4
596.977	1	-1
597.147	1	-10
597.317	1	-7
597.487	1	-3
597.656	1	-1
597.826	1	4
597.996	1	-1
598.166	1	6
598.335	1	-1
598.505	1	2
598.675	1	-3
598.844	1	-8
599.014	1	8
599.184	1	1
599.354	1	8
599.523	1	7
599.693	1	10
599.863	1	-1
600.033	1	-3
600.202	1	6
600.372	1	-9
600.542	1	1
600.712	1	8
600.881	1	-6
601.051	1	0
601.221	1	-4
601.390	1	-7
601.560	1	7
601.730	1	5
601.900	1	0
602.069	1	5
602.239	1	-3
602.409	1	1
602.578	1	-8
602.748	1	3
602.918	1	4
603.088	1	1
603.257	1	4
603.427	1	0
603.597	1	4
603.767	1	2
603.936	1	0
604.106	1	-2
604.276	1	12
604.445	1	5
604.615	1	5
604.785	1	-1
604.954	1	10
605.124	1	-7
605.294	1	-3
605.464	1	1
605.633	1	5
605.803	1	3
605.973	1	3
606.142	1	2
606.312	1	-4
606.482	1	-5
606.652	1	-5
606.821	1	2
606.991	1	-14
607.161	1	3
607.330	1	-5
607.500	1	0
607.670	1	6
607.839	1	8
608.009	1	3
608.179	1	9
608.348	1	-8
608.518	1	-2
608.688	1	1
608.858	1	4
609.027	1	4
609.197	1	-3
609.367	1	10
609.536	1	4
609.706	1	1
609.876	1	11
610.045	1	-13
610.215	1	3
610.385	1	-10
610.554	1	5
610.724	1	-6
610.894	1	1
611.063	1	-8
611.233	1	15
611.403	1	0
611.572	1	5
611.742	1	2
611.912	1	2
612.081	1	-11
612.251	1	11
612.421	1	-2
612.590	1	3
612.760	1	5
612.930	1	10
613.099	1	2
613.269	1	-4
613.439	1	-8
613.608	1	0
613.778	1	1
613.948	1	3
614.117	1	8
614.287	1	-3
614.457	1	-9
614.626	1	14
614.796	1	5
614.966	1	0
615.135	1	4
615.305	1	3
615.475	1	1
615.644	1	6
615.814	1	-7
615.984	1	-1
616.153	1	12
616.323	1	9
616.493	1	10
616.662	1	6
616.832	1	0
617.002	1	3
617.171	1	-11
617.341	1	0
617.511	1	3
617.680	1	4
617.850	1	5
618.019	1	-2
618.189	1	4
618.359	1	4
618.528	1	9
618.698	1	10
618.868	1	-12
619.037	1	7
619.207	1	1
619.377	1	-3
619.546	1	8
619.716	1	1
619.885	1	5
620.055	1	5
620.225	1	5
620.394	1	4
620.564	1	8
620.734	1	6
620.903	1	9
621.073	1	-5
621.242	1	3
621.412	1	5
621.582	1	6
621.751	1	4
621.921	1	1
622.091	1	3
622.260	1	-1
622.430	1	2
622.599	1	-5
622.769	1	11
622.939	1	2
623.108	1	3
623.278	1	-1
623.448	1	8
623.617	1	0
623.787	1	1
623.956	1	5
624.126	1	7
624.296	1	8
624.465	1	5
624.635	1	3
624.804	1	-5
624.974	1	13
625.144	1	-1
625.313	1	2
625.483	1	13
625.652	1	9
625.822	1	-2
625.992	1	-3
626.161	1	3
626.331	1	3
626.501	1	5
626.670	1	16
626.840	1	11
627.009	1	4
627.179	1	10
627.348	1	7
627.518	1	10
627.688	1	-6
627.857	1	11
628.027	1	-10
628.196	1	-1
628.366	1	-2
628.536	1	2
628.705	1	3
628.875	1	9
629.044	1	0
629.214	1	2
629.384	1	11
629.553	1	0
629.723	1	-4
629.892	1	4
630.062	1	-8
630.232	1	-2
630.401	1	6
630.571	1	8
630.740	1	12
630.910	1	7
631.079	1	-5
631.249	1	-2
631.419	1	-9
631.588	1	5
631.758	1	8
631.927	1	14
632.097	1	7
632.266	1	2
632.436	1	8
632.606	1	3
632.775	1	15
632.945	1	9
633.114	1	2
633.284	1	7
633.453	1	5
633.623	1	10
633.793	1	-15
633.962	1	-3
634.132	1	8
634.301	1	0
634.471	1	4
634.640	1	-1
634.810	1	9
634.979	1	8
635.149	1	4
635.319	1	13
635.488	1	14
635.658	1	0
635.827	1	4
635.997	1	11
636.166	1	7
636.336	1	1
636.505	1	5
636.675	1	11
636.845	1	3
637.014	1	3
637.184	1	7
637.353	1	4
637.523	1	5
637.692	1	6
637.862	1	3
638.031	1	6
638.201	1	7
638.370	1	-5
638.540	1	-4
638.710	1	18
638.879	1	-1
639.049	1	7
639.218	1	-6
639.388	1	-1
639.557	1	17
639.727	1	-1
639.896	1	-1
640.066	1	8
640.235	1	2
640.405	1	-3
640.574	1	4
640.744	1	7
640.914	1	12
641.083	1	8
641.253	1	8
641.422	1	2
641.592	1	6
641.761	1	3
641.931	1	-3
642.100	1	-6
642.270	1	-1
642.439	1	-7
642.609	1	6
642.778	1	-1
642.948	1	3
643.117	1	9
643.287	1	2
643.456	1	8
643.626	1	13
643.795	1	7
643.965	1	5
644.134	1	10
644.304	1	5
644.473	1	6
644.643	1	-6
644.812	1	12
644.982	1	8
645.151	1	16
645.321	1	-4
645.490	1	3
645.660	1	-1
645.829	1	9
645.999	1	11
646.168	1	0
646.338	1	-2
646.507	1	5
646.677	1	2
646.846	1	0
647.016	1	15
647.185	1	-11
647.355	1	9
647.524	1	9
647.694	1	-3
647.863	1	-6
648.033	1	-4
648.202	1	13
648.372	1	12
648.541	1	4
648.711	1	13
648.880	1	0
649.050	1	1
649.219	1	-2
649.389	1	-2
649.558	1	-1
649.728	1	-1
649.897	1	9
650.067	1	8
650.236	1	12
650.406	1	-3
650.575	1	3
650.745	1	4
650.914	1	-1
651.084	1	-6
651.253	1	5
651.423	1	1
651.592	1	5
651.762	1	12
651.931	1	4
652.101	1	7
652.270	1	8
652.440	1	1
652.609	1	2
652.778	1	-7
652.948	1	3
653.117	1	-5
653.287	1	8
653.456	1	10
653.626	1	-1
653.795	1	7
653.965	1	9
654.134	1	13
654.304	1	8
654.473	1	0
654.643	1	4
654.812	1	6
654.982	1	-1
655.151	1	5
655.320	1	3
655.490	1	-1
655.659	1	-6
655.829	1	-1
655.998	1	6
656.168	1	0
656.337	1	13
656.507	1	0
656.676	1	0
656.846	1	-9
657.015	1	6
657.184	1	9
657.354	1	-2
657.523	1	-2
657.693	1	2
657.862	1	11
658.032	1	8
658.201	1	-2
658.371	1	-2
658.540	1	-12
658.709	1	-1
658.879	1	-9
659.048	1	1
659.218	1	1
659.387	1	2
659.557	1	0
659.726	1	4
659.895	1	5
660.065	1	-7
660.234	1	3
660.404	1	13
660.573	1	13
660.743	1	13
660.912	1	-2
661.081	1	17
661.251	1	0
661.420	1	0
661.590	1	-6
661.759	1	-2
661.929	1	4
662.098	1	-1
662.267	1	8
662.437	1	2
662.606	1	4
662.776	1	0
662.945	1	-4
663.115	1	9
663.284	1	12
663.453	1	-8
663.623	1	5
663.792	1	-1
663.962	1	2
664.131	1	-4
664.300	1	15
664.470	1	10
664.639	1	-3
664.809	1	3
664.978	1	3
665.148	1	1
665.317	1	2
665.486	1	-1
665.656	1	-3
665.825	1	5
665.995	1	0
666.164	1	0
666.333	1	11
666.503	1	3
666.672	1	8
666.842	1	-3
667.011	1	-1
667.180	1	4
667.350	1	0
667.519	1	12
667.689	1	-7
667.858	1	15
668.027	1	9
668.197	1	13
668.366	1	0
668.536	1	12
668.705	1	-4
668.874	1	4
669.044	1	3
669.213	1	3
669.382	1	-5
669.552	1	13
669.721	1	7
669.891	1	5
670.060	1	10
670.229	1	2
670.399	1	15
670.568	1	-3
670.738	1	-8
670.907	1	0
671.076	1	-1
671.246	1	17
671.415	1	10
671.584	1	3
671.754	1	-5
671.923	1	5
672.093	1	7
672.262	1	5
672.431	1	-6
672.601	1	2
672.770	1	0
672.939	1	4
673.109	1	7
673.278	1	17
673.448	1	-9
673.617	1	-10
673.786	1	3
