325.333	1	15
325.504	1	8
325.675	1	2
325.846	1	-2
326.017	1	16
326.188	1	8
326.359	1	-7
326.531	1	5
326.702	1	9
326.873	1	7
327.044	1	-1
327.215	1	10
327.386	1	7
327.557	1	6
327.728	1	10
327.899	1	11
328.070	1	6
328.241	1	10
328.412	1	-1
328.583	1	-2
328.754	1	12
328.926	1	5
329.097	1	8
329.268	1	-9
329.439	1	7
329.610	1	12
329.781	1	3
329.952	1	7
330.123	1	-6
330.294	1	10
330.465	1	10
330.636	1	8
330.807	1	-2
330.978	1	-1
331.149	1	10
331.320	1	4
331.492	1	22
331.663	1	14
331.834	1	15
332.005	1	3
332.176	1	6
332.347	1	-4
332.518	1	12
332.689	1	-2
332.860	1	-3
333.031	1	5
333.202	1	6
333.373	1	12
333.544	1	19
333.715	1	1
333.886	1	12
334.057	1	8
334.228	1	4
334.399	1	4
334.570	1	15
334.741	1	2
334.912	1	15
335.084	1	11
335.255	1	19
335.426	1	4
335.597	1	3
335.768	1	17
335.939	1	6
336.110	1	5
336.281	1	7
336.452	1	9
336.623	1	3
336.794	1	2
336.965	1	10
337.136	1	11
337.307	1	2
337.478	1	0
337.649	1	10
337.820	1	14
337.991	1	13
338.162	1	5
338.333	1	0
338.504	1	16
338.675	1	4
338.846	1	5
339.017	1	-1
339.188	1	1
339.359	1	17
339.530	1	11
339.701	1	-4
339.872	1	8
340.043	1	3
340.214	1	14
340.385	1	6
340.556	1	12
340.727	1	17
340.898	1	13
341.069	1	9
341.240	1	-4
341.411	1	11
341.582	1	15
341.753	1	16
341.924	1	8
342.095	1	16
342.266	1	2
342.437	1	11
342.608	1	7
342.779	1	13
342.950	1	-2
343.121	1	11
343.292	1	10
343.463	1	1
343.634	1	16
343.805	1	7
343.976	1	7
344.147	1	6
344.318	1	11
344.489	1	9
344.660	1	3
344.831	1	12
345.002	1	8
345.173	1	15
345.344	1	10
345.515	1	8
345.686	1	-8
345.857	1	12
346.028	1	12
346.199	1	3
346.370	1	9
346.541	1	11
346.712	1	12
346.883	1	-1
347.054	1	9
347.225	1	6
347.396	1	7
347.567	1	9
347.738	1	5
347.909	1	-2
348.080	1	10
348.251	1	17
348.422	1	8
348.593	1	16
348.764	1	2
348.935	1	9
349.106	1	3
349.277	1	8
349.448	1	6
349.619	1	6
349.790	1	2
349.961	1	11
350.132	1	21
350.303	1	4
350.474	1	8
350.645	1	7
350.816	1	15
350.987	1	11
351.157	1	0
351.328	1	6
351.499	1	8
351.670	1	7
351.841	1	22
352.012	1	10
352.183	1	12
352.354	1	21
352.525	1	16
352.696	1	10
352.867	1	-2
353.038	1	10
353.209	1	20
353.380	1	16
353.551	1	12
353.722	1	13
353.893	1	13
354.064	1	10
354.235	1	4
354.406	1	15
354.576	1	5
354.747	1	18
354.918	1	13
355.089	1	23
355.260	1	14
355.431	1	12
355.602	1	8
355.773	1	0
355.944	1	8
356.115	1	13
356.286	1	8
356.457	1	11
356.628	1	21
356.799	1	15
356.970	1	9
357.141	1	14
357.311	1	5
357.482	1	6
357.653	1	6
357.824	1	10
357.995	1	22
358.166	1	15
358.337	1	9
358.508	1	4
358.679	1	9
358.850	1	12
359.021	1	13
359.192	1	9
359.363	1	11
359.533	1	14
359.704	1	0
359.875	1	5
360.046	1	1
360.217	1	15
360.388	1	15
360.559	1	17
360.730	1	8
360.901	1	14
361.072	1	15
361.243	1	9
361.414	1	13
361.584	1	6
361.755	1	12
361.926	1	7
362.097	1	21
362.268	1	17
362.439	1	10
362.610	1	9
362.781	1	10
362.952	1	7
363.123	1	4
363.293	1	23
363.464	1	25
363.635	1	13
363.806	1	6
363.977	1	6
364.148	1	4
364.319	1	13
364.490	1	20
364.661	1	8
364.832	1	7
365.002	1	10
365.173	1	14
365.344	1	18
365.515	1	9
365.686	1	0
365.857	1	11
366.028	1	6
366.199	1	22
366.370	1	12
366.540	1	13
366.711	1	10
366.882	1	18
367.053	1	13
367.224	1	20
367.395	1	12
367.566	1	12
367.737	1	-1
367.908	1	21
368.078	1	9
368.249	1	9
368.420	1	9
368.591	1	8
368.762	1	12
368.933	1	15
369.104	1	27
369.274	1	19
369.445	1	23
369.616	1	12
369.787	1	10
369.958	1	5
370.129	1	17
370.300	1	8
370.471	1	10
370.641	1	10
370.812	1	11
370.983	1	10
371.154	1	11
371.325	1	-2
371.496	1	20
371.667	1	4
371.837	1	8
372.008	1	29
372.179	1	8
372.350	1	17
372.521	1	16
372.692	1	6
372.863	1	24
373.033	1	4
373.204	1	11
373.375	1	0
373.546	1	11
373.717	1	13
373.888	1	14
374.059	1	13
374.229	1	14
374.400	1	12
374.571	1	10
374.742	1	24
374.913	1	15
375.084	1	6
375.254	1	12
375.425	1	5
375.596	1	7
375.767	1	14
375.938	1	19
376.109	1	22
376.279	1	7
376.450	1	17
376.621	1	19
376.792	1	19
376.963	1	8
377.134	1	12
377.304	1	19
377.475	1	7
377.646	1	13
377.817	1	14
377.988	1	18
378.159	1	6
378.329	1	13
378.500	1	12
378.671	1	17
378.842	1	17
379.013	1	7
379.184	1	7
379.354	1	10
379.525	1	11
379.696	1	17
379.867	1	13
380.038	1	14
380.209	1	15
380.379	1	20
380.550	1	7
380.721	1	19
380.892	1	2
381.063	1	12
381.233	1	12
381.404	1	8
381.575	1	16
381.746	1	19
381.917	1	15
382.087	1	22
382.258	1	10
382.429	1	2
382.600	1	15
382.771	1	10
382.941	1	13
383.112	1	12
383.283	1	18
383.454	1	17
383.625	1	16
383.795	1	22
383.966	1	4
384.137	1	14
384.308	1	16
384.479	1	9
384.649	1	28
384.820	1	15
384.991	1	15
385.162	1	12
385.333	1	12
385.503	1	8
385.674	1	19
385.845	1	21
386.016	1	17
386.187	1	6
386.357	1	17
386.528	1	15
386.699	1	15
386.870	1	7
387.041	1	9
387.211	1	16
387.382	1	11
387.553	1	12
387.724	1	10
387.894	1	15
388.065	1	14
388.236	1	14
388.407	1	15
388.578	1	12
388.748	1	6
388.919	1	14
389.090	1	20
389.261	1	9
389.431	1	19
389.602	1	5
389.773	1	16
389.944	1	8
390.114	1	24
390.285	1	26
390.456	1	16
390.627	1	17
390.798	1	15
390.968	1	10
391.139	1	16
391.310	1	21
391.481	1	13
391.651	1	15
391.822	1	15
391.993	1	29
392.164	1	12
392.334	1	16
392.505	1	12
392.676	1	20
392.847	1	13
393.017	1	18
393.188	1	20
393.359	1	10
393.530	1	16
393.700	1	22
393.871	1	18
394.042	1	6
394.213	1	11
394.383	1	22
394.554	1	18
394.725	1	14
394.896	1	7
395.066	1	24
395.237	1	17
395.408	1	11
395.579	1	14
395.749	1	10
395.920	1	11
396.091	1	14
396.262	1	17
396.432	1	10
396.603	1	22
396.774	1	-1
396.945	1	16
397.115	1	15
397.286	1	11
397.457	1	16
397.627	1	28
397.798	1	24
397.969	1	7
398.140	1	8
398.310	1	17
398.481	1	18
398.652	1	20
398.823	1	15
398.993	1	8
399.164	1	16
399.335	1	24
399.505	1	28
399.676	1	12
399.847	1	21
400.018	1	17
400.188	1	10
400.359	1	16
400.530	1	14
400.700	1	28
400.871	1	29
401.042	1	17
401.213	1	26
401.383	1	11
401.554	1	9
401.725	1	17
401.895	1	15
402.066	1	25
402.237	1	11
402.408	1	18
402.578	1	25
402.749	1	20
402.920	1	22
403.090	1	22
403.261	1	17
403.432	1	20
403.603	1	22
403.773	1	9
403.944	1	19
404.115	1	26
404.285	1	18
404.456	1	13
404.627	1	30
404.797	1	24
404.968	1	15
405.139	1	5
405.310	1	19
405.480	1	18
405.651	1	6
405.822	1	20
405.992	1	9
406.163	1	26
406.334	1	25
406.504	1	13
406.675	1	19
406.846	1	14
407.016	1	22
407.187	1	19
407.358	1	16
407.528	1	12
407.699	1	19
407.870	1	10
408.041	1	28
408.211	1	9
408.382	1	30
408.553	1	13
408.723	1	15
408.894	1	16
409.065	1	22
409.235	1	15
409.406	1	16
409.577	1	18
409.747	1	25
409.918	1	25
410.089	1	23
410.259	1	18
410.430	1	15
410.601	1	19
410.771	1	13
410.942	1	20
411.113	1	30
411.283	1	15
411.454	1	15
411.625	1	19
411.795	1	22
411.966	1	33
412.137	1	27
412.307	1	19
412.478	1	22
412.649	1	20
412.819	1	33
412.990	1	22
413.161	1	19
413.331	1	29
413.502	1	24
413.672	1	17
413.843	1	17
414.014	1	30
414.184	1	17
414.355	1	21
414.526	1	3
414.696	1	22
414.867	1	8
415.038	1	21
415.208	1	15
415.379	1	21
415.550	1	15
415.720	1	20
415.891	1	13
416.062	1	21
416.232	1	15
416.403	1	22
416.573	1	25
416.744	1	17
416.915	1	20
417.085	1	17
417.256	1	17
417.427	1	22
417.597	1	19
417.768	1	19
417.939	1	29
418.109	1	12
418.280	1	15
418.450	1	27
418.621	1	17
418.792	1	23
418.962	1	20
419.133	1	20
419.304	1	25
419.474	1	21
419.645	1	18
419.815	1	23
419.986	1	27
420.157	1	14
420.327	1	17
420.498	1	25
420.669	1	27
420.839	1	19
421.010	1	19
421.180	1	20
421.351	1	30
421.522	1	29
421.692	1	31
421.863	1	14
422.033	1	22
422.204	1	20
422.375	1	23
422.545	1	19
422.716	1	21
422.886	1	27
423.057	1	31
423.228	1	16
423.398	1	26
423.569	1	22
423.740	1	13
423.910	1	26
424.081	1	24
424.251	1	22
424.422	1	12
424.593	1	13
424.763	1	25
424.934	1	20
425.104	1	20
425.275	1	28
425.445	1	24
425.616	1	23
425.787	1	13
425.957	1	23
426.128	1	14
426.298	1	16
426.469	1	33
426.640	1	10
426.810	1	23
426.981	1	15
427.151	1	19
427.322	1	13
427.493	1	7
427.663	1	18
427.834	1	8
428.004	1	16
428.175	1	6
428.345	1	20
428.516	1	21
428.687	1	19
428.857	1	26
429.028	1	15
429.198	1	15
429.369	1	15
429.540	1	16
429.710	1	16
429.881	1	15
430.051	1	26
430.222	1	22
430.392	1	21
430.563	1	30
430.734	1	25
430.904	1	19
431.075	1	19
431.245	1	17
431.416	1	12
431.586	1	13
431.757	1	26
431.927	1	14
432.098	1	19
432.269	1	22
432.439	1	15
432.610	1	18
432.780	1	13
432.951	1	27
433.121	1	19
433.292	1	18
433.462	1	19
433.633	1	19
433.804	1	11
433.974	1	15
434.145	1	17
434.315	1	19
434.486	1	27
434.656	1	24
434.827	1	20
434.997	1	34
435.168	1	24
435.339	1	14
435.509	1	26
435.680	1	18
435.850	1	14
436.021	1	7
436.191	1	19
436.362	1	28
436.532	1	34
436.703	1	14
436.873	1	22
437.044	1	28
437.214	1	5
437.385	1	23
437.556	1	3
437.726	1	35
437.897	1	9
438.067	1	23
438.238	1	32
438.408	1	22
438.579	1	23
438.749	1	16
438.920	1	11
439.090	1	18
439.261	1	18
439.431	1	27
439.602	1	26
439.772	1	26
439.943	1	21
440.113	1	23
440.284	1	24
440.455	1	25
440.625	1	17
440.796	1	23
440.966	1	17
441.137	1	22
441.307	1	25
441.478	1	21
441.648	1	27
441.819	1	12
441.989	1	15
442.160	1	32
442.330	1	18
442.501	1	7
442.671	1	12
442.842	1	24
443.012	1	6
443.183	1	24
443.353	1	20
443.524	1	16
443.694	1	12
443.865	1	16
444.035	1	15
444.206	1	11
444.376	1	26
444.547	1	15
444.717	1	18
444.888	1	21
445.058	1	17
445.229	1	23
445.399	1	9
445.570	1	14
445.740	1	16
445.911	1	16
446.081	1	17
446.252	1	22
446.422	1	10
446.593	1	20
446.763	1	29
446.934	1	26
447.104	1	6
447.275	1	28
447.445	1	20
447.616	1	13
447.786	1	15
447.957	1	19
448.127	1	20
448.298	1	23
448.468	1	23
448.639	1	11
448.809	1	13
448.979	1	22
449.150	1	28
449.320	1	23
449.491	1	12
449.661	1	15
449.832	1	23
450.002	1	21
450.173	1	26
450.343	1	17
450.514	1	19
450.684	1	11
450.855	1	9
451.025	1	27
451.196	1	12
451.366	1	24
451.537	1	22
451.707	1	26
451.878	1	15
452.048	1	27
452.218	1	5
452.389	1	8
452.559	1	17
452.730	1	23
452.900	1	20
453.071	1	15
453.241	1	17
453.412	1	17
453.582	1	22
453.753	1	15
453.923	1	25
454.093	1	12
454.264	1	12
454.434	1	20
454.605	1	9
454.775	1	0
454.946	1	26
455.116	1	16
455.287	1	22
455.457	1	28
455.628	1	16
455.798	1	18
455.968	1	16
456.139	1	13
456.309	1	28
456.480	1	6
456.650	1	18
456.821	1	14
456.991	1	19
457.161	1	16
457.332	1	6
457.502	1	17
457.673	1	12
457.843	1	12
458.014	1	16
458.184	1	33
458.355	1	22
458.525	1	10
458.695	1	10
458.866	1	34
459.036	1	21
459.207	1	9
459.377	1	23
459.548	1	11
459.718	1	12
459.888	1	28
460.059	1	14
460.229	1	16
460.400	1	1
460.570	1	24
460.740	1	4
460.911	1	6
461.081	1	19
461.252	1	21
461.422	1	24
461.593	1	21
461.763	1	8
461.933	1	18
462.104	1	19
462.274	1	18
462.445	1	13
462.615	1	10
462.785	1	17
462.956	1	18
463.126	1	17
463.297	1	14
463.467	1	18
463.638	1	16
463.808	1	10
463.978	1	12
464.149	1	22
464.319	1	1
464.490	1	12
464.660	1	20
464.830	1	26
465.001	1	21
465.171	1	21
465.342	1	23
465.512	1	14
465.682	1	1
465.853	1	26
466.023	1	5
466.194	1	9
466.364	1	-7
466.534	1	24
466.705	1	18
466.875	1	15
467.045	1	17
467.216	1	24
467.386	1	16
467.557	1	21
467.727	1	14
467.897	1	6
468.068	1	16
468.238	1	19
468.409	1	5
468.579	1	18
468.749	1	17
468.920	1	18
469.090	1	18
469.260	1	6
469.431	1	6
469.601	1	16
469.772	1	10
469.942	1	8
470.112	1	12
470.283	1	16
470.453	1	12
470.623	1	5
470.794	1	16
470.964	1	15
471.135	1	15
471.305	1	16
471.475	1	18
471.646	1	21
471.816	1	30
471.986	1	14
472.157	1	17
472.327	1	26
472.497	1	18
472.668	1	7
472.838	1	5
473.009	1	10
473.179	1	18
473.349	1	22
473.520	1	9
473.690	1	27
473.860	1	5
474.031	1	15
474.201	1	4
474.371	1	24
474.542	1	16
474.712	1	19
474.882	1	3
475.053	1	10
475.223	1	14
475.394	1	25
475.564	1	16
475.734	1	16
475.905	1	8
476.075	1	17
476.245	1	7
476.416	1	13
476.586	1	13
476.756	1	10
476.927	1	12
477.097	1	14
477.267	1	17
477.438	1	12
477.608	1	9
477.778	1	12
477.949	1	14
478.119	1	6
478.289	1	22
478.460	1	16
478.630	1	1
478.800	1	10
478.971	1	19
479.141	1	15
479.311	1	10
479.482	1	5
479.652	1	10
479.822	1	14
479.993	1	15
480.163	1	27
480.333	1	14
480.504	1	1
480.674	1	9
480.844	1	16
481.015	1	11
481.185	1	3
481.355	1	17
481.525	1	11
481.696	1	22
481.866	1	24
482.036	1	10
482.207	1	16
482.377	1	11
482.547	1	8
482.718	1	7
482.888	1	14
483.058	1	5
483.229	1	11
483.399	1	8
483.569	1	20
483.740	1	4
483.910	1	22
484.080	1	14
484.250	1	17
484.421	1	8
484.591	1	12
484.761	1	20
484.932	1	15
485.102	1	11
485.272	1	8
485.443	1	14
485.613	1	8
485.783	1	16
485.953	1	10
486.124	1	18
486.294	1	9
486.464	1	18
486.635	1	9
486.805	1	15
486.975	1	-2
487.146	1	4
487.316	1	10
487.486	1	9
487.656	1	12
487.827	1	14
487.997	1	20
488.167	1	2
488.338	1	20
488.508	1	26
488.678	1	12
488.848	1	4
489.019	1	1
489.189	1	19
489.359	1	12
489.529	1	-3
489.700	1	11
489.870	1	18
490.040	1	9
490.211	1	17
490.381	1	5
490.551	1	22
490.721	1	9
490.892	1	15
491.062	1	11
491.232	1	1
491.402	1	16
491.573	1	9
491.743	1	7
491.913	1	10
492.084	1	15
492.254	1	14
492.424	1	11
492.594	1	18
492.765	1	11
492.935	1	5
493.105	1	23
493.275	1	10
493.446	1	12
493.616	1	12
493.786	1	17
493.956	1	11
494.127	1	13
494.297	1	8
494.467	1	12
494.637	1	16
494.808	1	13
494.978	1	15
495.148	1	20
495.318	1	13
495.489	1	23
495.659	1	13
495.829	1	14
495.999	1	2
496.170	1	15
496.340	1	4
496.510	1	20
496.680	1	17
496.851	1	17
497.021	1	11
497.191	1	19
497.361	1	3
497.532	1	11
497.702	1	3
497.872	1	10
498.042	1	17
498.213	1	11
498.383	1	12
498.553	1	21
498.723	1	7
498.894	1	9
499.064	1	19
499.234	1	26
499.404	1	3
499.574	1	4
499.745	1	15
499.915	1	6
500.085	1	12
500.255	1	12
500.426	1	6
500.596	1	13
500.766	1	16
500.936	1	4
501.106	1	7
501.277	1	-1
501.447	1	5
501.617	1	11
501.787	1	7
501.958	1	24
502.128	1	18
502.298	1	5
502.468	1	21
502.638	1	10
502.809	1	12
502.979	1	12
503.149	1	9
503.319	1	15
503.489	1	12
503.660	1	1
503.830	1	14
504.000	1	15
504.170	1	9
504.340	1	6
504.511	1	14
504.681	1	20
504.851	1	11
505.021	1	-6
505.192	1	21
505.362	1	1
505.532	1	5
505.702	1	14
505.872	1	12
506.043	1	11
506.213	1	-2
506.383	1	7
506.553	1	26
506.723	1	-2
506.893	1	-6
507.064	1	16
507.234	1	9
507.404	1	15
507.574	1	26
507.744	1	13
507.915	1	4
508.085	1	9
508.255	1	9
508.425	1	6
508.595	1	11
508.766	1	6
508.936	1	10
509.106	1	14
509.276	1	4
509.446	1	7
509.616	1	10
509.787	1	-3
509.957	1	12
510.127	1	0
510.297	1	3
510.467	1	9
510.638	1	15
510.808	1	-2
510.978	1	17
511.148	1	12
511.318	1	0
511.488	1	5
511.659	1	12
511.829	1	8
511.999	1	13
512.169	1	15
512.339	1	11
512.509	1	22
512.680	1	7
512.850	1	13
513.020	1	7
513.190	1	1
513.360	1	15
513.530	1	15
513.700	1	14
513.871	1	2
514.041	1	13
514.211	1	5
514.381	1	11
514.551	1	10
514.721	1	10
514.892	1	0
515.062	1	5
515.232	1	-3
515.402	1	2
515.572	1	11
515.742	1	10
515.912	1	10
516.083	1	8
516.253	1	20
516.423	1	2
516.593	1	1
516.763	1	5
516.933	1	1
517.104	1	4
517.274	1	8
517.444	1	10
517.614	1	7
517.784	1	2
517.954	1	6
518.124	1	7
518.294	1	21
518.465	1	2
518.635	1	15
518.805	1	7
518.975	1	6
519.145	1	14
519.315	1	8
519.485	1	4
519.656	1	12
519.826	1	10
519.996	1	10
520.166	1	4
520.336	1	11
520.506	1	-10
520.676	1	4
520.846	1	13
521.017	1	4
521.187	1	11
521.357	1	2
521.527	1	21
521.697	1	1
521.867	1	10
522.037	1	17
522.207	1	-3
522.377	1	14
522.548	1	10
522.718	1	4
522.888	1	2
523.058	1	12
523.228	1	6
523.398	1	4
523.568	1	15
523.738	1	8
523.909	1	-3
524.079	1	5
524.249	1	7
524.419	1	19
524.589	1	10
524.759	1	13
524.929	1	7
525.099	1	5
525.269	1	5
525.439	1	18
525.610	1	20
525.780	1	10
525.950	1	6
526.120	1	1
526.290	1	-4
526.460	1	4
526.630	1	9
526.800	1	4
526.970	1	3
527.140	1	9
527.311	1	1
527.481	1	-5
527.651	1	1
527.821	1	3
527.991	1	11
528.161	1	7
528.331	1	5
528.501	1	11
528.671	1	-2
528.841	1	6
529.011	1	7
529.181	1	3
529.352	1	6
529.522	1	1
529.692	1	1
529.862	1	1
530.032	1	2
530.202	1	-6
530.372	1	5
530.542	1	0
530.712	1	9
530.882	1	-5
531.052	1	9
531.222	1	2
531.392	1	6
531.563	1	5
531.733	1	-7
531.903	1	17
532.073	1	4
532.243	1	15
532.413	1	1
532.583	1	5
532.753	1	17
532.923	1	-2
533.093	1	8
533.263	1	10
533.433	1	10
533.603	1	7
533.773	1	-1
533.943	1	9
534.113	1	-4
534.284	1	1
534.454	1	2
534.624	1	14
534.794	1	1
534.964	1	7
535.134	1	10
535.304	1	4
535.474	1	13
535.644	1	12
535.814	1	-7
535.984	1	-4
536.154	1	16
536.324	1	4
536.494	1	11
536.664	1	6
536.834	1	16
537.004	1	0
537.174	1	10
537.344	1	7
537.514	1	10
537.685	1	17
537.855	1	7
538.025	1	12
538.195	1	8
538.365	1	1
538.535	1	7
538.705	1	1
538.875	1	10
539.045	1	12
539.215	1	7
539.385	1	-7
539.555	1	-1
539.725	1	9
539.895	1	6
540.065	1	-1
540.235	1	6
540.405	1	7
540.575	1	4
540.745	1	8
540.915	1	2
541.085	1	13
541.255	1	1
541.425	1	-4
541.595	1	20
541.765	1	-3
541.935	1	10
542.105	1	4
542.275	1	6
542.445	1	1
542.615	1	7
542.785	1	5
542.955	1	7
543.125	1	3
543.295	1	1
543.465	1	-2
543.635	1	9
543.805	1	1
543.975	1	6
544.145	1	0
544.315	1	17
544.485	1	7
544.655	1	5
544.825	1	1
544.995	1	-4
545.165	1	9
545.335	1	2
545.505	1	6
545.675	1	1
545.845	1	6
546.015	1	-2
546.185	1	-5
546.355	1	10
546.525	1	2
546.695	1	10
546.865	1	1
547.035	1	11
547.205	1	10
547.375	1	-4
547.545	1	6
547.715	1	2
547.885	1	-2
548.055	1	7
548.225	1	6
548.395	1	11
548.565	1	-3
548.735	1	10
548.905	1	0
549.075	1	-6
549.245	1	5
549.415	1	1
549.585	1	-2
549.755	1	16
549.925	1	13
550.095	1	6
550.265	1	12
550.435	1	3
550.605	1	3
550.775	1	14
550.945	1	6
551.115	1	17
551.285	1	-10
551.455	1	8
551.625	1	3
551.795	1	3
551.965	1	1
552.135	1	17
552.305	1	11
552.475	1	-4
552.645	1	2
552.815	1	8
552.985	1	11
553.155	1	-7
553.325	1	12
553.495	1	-2
553.665	1	1
553.835	1	8
554.004	1	18
554.174	1	6
554.344	1	1
554.514	1	6
554.684	1	7
554.854	1	1
555.024	1	5
555.194	1	15
555.364	1	11
555.534	1	22
555.704	1	8
555.874	1	4
556.044	1	19
556.214	1	-8
556.384	1	16
556.554	1	17
556.724	1	0
556.894	1	12
557.064	1	15
557.234	1	14
557.404	1	4
557.573	1	2
557.743	1	0
557.913	1	7
558.083	1	5
558.253	1	0
558.423	1	10
558.593	1	13
558.763	1	9
558.933	1	15
559.103	1	7
559.273	1	8
559.443	1	2
559.613	1	5
559.783	1	4
559.953	1	3
560.122	1	5
560.292	1	-4
560.462	1	11
560.632	1	4
560.802	1	6
560.972	1	4
561.142	1	1
561.312	1	2
561.482	1	8
561.652	1	-3
561.822	1	14
561.992	1	6
562.162	1	3
562.331	1	0
562.501	1	3
562.671	1	-3
562.841	1	-8
563.011	1	-4
563.181	1	11
563.351	1	13
563.521	1	15
563.691	1	-9
563.861	1	14
564.031	1	14
564.201	1	15
564.370	1	-1
564.540	1	12
564.710	1	-2
564.880	1	16
565.050	1	2
565.220	1	-4
565.390	1	4
565.560	1	13
565.730	1	2
565.900	1	-2
566.069	1	0
566.239	1	-4
566.409	1	0
566.579	1	13
566.749	1	13
566.919	1	14
567.089	1	7
567.259	1	3
567.429	1	5
567.599	1	9
567.768	1	9
567.938	1	8
568.108	1	0
568.278	1	-1
568.448	1	-3
568.618	1	5
568.788	1	10
568.958	1	15
569.128	1	6
569.297	1	-8
569.467	1	1
569.637	1	-2
569.807	1	7
569.977	1	9
570.147	1	9
570.317	1	3
570.487	1	-8
570.656	1	2
570.826	1	-8
570.996	1	4
571.166	1	5
571.336	1	10
571.506	1	6
571.676	1	13
571.846	1	10
572.015	1	-4
572.185	1	12
572.355	1	5
572.525	1	0
572.695	1	-2
572.865	1	-8
573.035	1	4
573.205	1	4
573.374	1	18
573.544	1	1
573.714	1	11
573.884	1	11
574.054	1	8
574.224	1	-3
574.394	1	6
574.563	1	7
574.733	1	23
574.903	1	-5
575.073	1	3
575.243	1	3
575.413	1	8
575.583	1	13
575.752	1	-1
575.922	1	4
576.092	1	4
576.262	1	9
576.432	1	-3
576.602	1	3
576.772	1	-5
576.941	1	2
577.111	1	-1
577.281	1	5
577.451	1	4
577.621	1	-7
577.791	1	3
577.960	1	6
578.130	1	4
578.300	1	-7
578.470	1	12
578.640	1	-3
578.810	1	-2
578.979	1	9
579.149	1	6
579.319	1	13
579.489	1	7
579.659	1	12
579.829	1	2
579.998	1	19
580.168	1	11
580.338	1	4
580.508	1	13
580.678	1	5
580.848	1	1
581.017	1	12
581.187	1	5
581.357	1	8
581.527	1	13
581.697	1	7
581.867	1	5
582.036	1	0
582.206	1	3
582.376	1	11
582.546	1	7
582.716	1	9
582.885	1	-2
583.055	1	6
583.225	1	10
583.395	1	5
583.565	1	5
583.735	1	9
583.904	1	4
584.074	1	4
584.244	1	12
584.414	1	4
584.584	1	-2
584.753	1	-2
584.923	1	-10
585.093	1	11
585.263	1	4
585.433	1	-3
585.602	1	7
585.772	1	6
585.942	1	9
586.112	1	10
586.282	1	16
586.451	1	2
586.621	1	9
586.791	1	2
586.961	1	13
587.131	1	5
587.300	1	3
587.470	1	0
587.640	1	-8
587.810	1	0
587.980	1	-5
588.149	1	10
588.319	1	-4
588.489	1	3
588.659	1	-2
588.829	1	3
588.998	1	23
589.168	1	6
589.338	1	7
589.508	1	3
589.677	1	15
589.847	1	4
590.017	1	14
590.187	1	10
590.357	1	2
590.526	1	9
590.696	1	6
590.866	1	16
591.036	1	-3
591.205	1	2
591.375	1	6
591.545	1	9
591.715	1	11
591.885	1	6
592.054	1	14
592.224	1	12
592.394	1	-1
592.564	1	1
592.733	1	10
592.903	1	4
593.073	1	8
593.243	1	2
593.412	1	8
593.582	1	3
593.752	1	16
593.922	1	1
594.091	1	6
594.261	1	10
594.431	1	5
594.601	1	0
594.771	1	-2
594.940	1	2
595.110	1	7
595.280	1	3
595.450	1	3
595.619	1	9
595.789	1	7
595.959	1	6
596.129	1	2
596.298	1	-3
596.468	1	7
596.638	1	-8
596.808	1	8
596.977	1	5
597.147	1	8
597.317	1	-2
597.487	1	8
597.656	1	10
597.826	1	11
597.996	1	4
598.166	1	10
598.335	1	-9
598.505	1	8
598.675	1	13
598.844	1	13
599.014	1	15
599.184	1	6
599.354	1	16
599.523	1	13
599.693	1	5
599.863	1	-1
600.033	1	11
600.202	1	11
600.372	1	0
600.542	1	9
600.712	1	10
600.881	1	5
601.051	1	-11
601.221	1	1
601.390	1	17
601.560	1	15
601.730	1	4
601.900	1	10
602.069	1	-1
602.239	1	7
602.409	1	7
602.578	1	7
602.748	1	-3
602.918	1	-3
603.088	1	-8
603.257	1	4
603.427	1	10
603.597	1	15
603.767	1	6
603.936	1	7
604.106	1	5
604.276	1	-1
604.445	1	5
604.615	1	-6
604.785	1	1
604.954	1	8
605.124	1	4
605.294	1	0
605.464	1	8
605.633	1	-7
605.803	1	11
605.973	1	2
606.142	1	1
606.312	1	-5
606.482	1	5
606.652	1	5
606.821	1	4
606.991	1	11
607.161	1	0
607.330	1	2
607.500	1	16
607.670	1	8
607.839	1	1
608.009	1	12
608.179	1	8
608.348	1	5
608.518	1	-3
608.688	1	4
608.858	1	-3
609.027	1	6
609.197	1	7
609.367	1	2
609.536	1	0
609.706	1	13
609.876	1	1
610.045	1	8
610.215	1	1
610.385	1	4
610.554	1	8
610.724	1	0
610.894	1	11
611.063	1	4
611.233	1	-7
611.403	1	16
611.572	1	8
611.742	1	-6
611.912	1	1
612.081	1	8
612.251	1	13
612.421	1	2
612.590	1	-6
612.760	1	5
612.930	1	3
613.099	1	8
613.269	1	6
613.439	1	2
613.608	1	1
613.778	1	8
613.948	1	1
614.117	1	-1
614.287	1	7
614.457	1	11
614.626	1	1
614.796	1	9
614.966	1	4
615.135	1	10
615.305	1	-3
615.475	1	-4
615.644	1	-4
615.814	1	9
615.984	1	9
616.153	1	12
616.323	1	18
616.493	1	0
616.662	1	5
616.832	1	6
617.002	1	6
617.171	1	12
617.341	1	-1
617.511	1	19
617.680	1	3
617.850	1	14
618.019	1	-5
618.189	1	4
618.359	1	-5
618.528	1	1
618.698	1	6
618.868	1	7
619.037	1	-1
619.207	1	-1
619.377	1	-7
619.546	1	2
619.716	1	9
619.885	1	4
620.055	1	13
620.225	1	6
620.394	1	3
620.564	1	-7
620.734	1	3
620.903	1	8
621.073	1	15
621.242	1	-1
621.412	1	9
621.582	1	-1
621.751	1	-1
621.921	1	7
622.091	1	9
622.260	1	-6
622.430	1	4
622.599	1	4
622.769	1	3
622.939	1	11
623.108	1	6
623.278	1	5
623.448	1	-3
623.617	1	-5
623.787	1	10
623.956	1	12
624.126	1	2
624.296	1	9
624.465	1	16
624.635	1	8
624.804	1	-2
624.974	1	-1
625.144	1	8
625.313	1	9
625.483	1	9
625.652	1	10
625.822	1	-1
625.992	1	7
626.161	1	6
626.331	1	9
626.501	1	10
626.670	1	5
626.840	1	11
627.009	1	3
627.179	1	-10
627.348	1	6
627.518	1	4
627.688	1	19
627.857	1	11
628.027	1	7
628.196	1	6
628.366	1	11
628.536	1	1
628.705	1	9
628.875	1	3
629.044	1	1
629.214	1	-2
629.384	1	-1
629.553	1	5
629.723	1	5
629.892	1	11
630.062	1	-4
630.232	1	20
630.401	1	3
630.571	1	6
630.740	1	4
630.910	1	3
631.079	1	2
631.249	1	-1
631.419	1	4
631.588	1	4
631.758	1	10
631.927	1	4
632.097	1	-1
632.266	1	3
632.436	1	11
632.606	1	0
632.775	1	2
632.945	1	-1
633.114	1	5
633.284	1	-1
633.453	1	-1
633.623	1	2
633.793	1	13
633.962	1	11
634.132	1	9
634.301	1	1
634.471	1	3
634.640	1	8
634.810	1	5
634.979	1	1
635.149	1	2
635.319	1	10
635.488	1	5
635.658	1	16
635.827	1	0
635.997	1	6
636.166	1	-7
636.336	1	15
636.505	1	-7
636.675	1	12
636.845	1	5
637.014	1	14
637.184	1	11
637.353	1	15
637.523	1	10
637.692	1	11
637.862	1	9
638.031	1	-2
638.201	1	-3
638.370	1	2
638.540	1	3
638.710	1	2
638.879	1	18
639.049	1	10
639.218	1	9
639.388	1	8
639.557	1	-2
639.727	1	2
639.896	1	4
640.066	1	1
640.235	1	3
640.405	1	0
640.574	1	5
640.744	1	20
640.914	1	7
641.083	1	24
641.253	1	-3
641.422	1	3
641.592	1	18
641.761	1	-4
641.931	1	1
642.100	1	-2
642.270	1	4
642.439	1	9
642.609	1	0
642.778	1	0
642.948	1	2
643.117	1	13
643.287	1	6
643.456	1	10
643.626	1	5
643.795	1	13
643.965	1	6
644.134	1	9
644.304	1	-3
644.473	1	-2
644.643	1	-3
644.812	1	2
644.982	1	8
645.151	1	8
645.321	1	0
645.490	1	17
645.660	1	6
645.829	1	4
645.999	1	9
646.168	1	7
646.338	1	13
646.507	1	5
646.677	1	1
646.846	1	4
647.016	1	5
647.185	1	11
647.355	1	7
647.524	1	3
647.694	1	4
647.863	1	-1
648.033	1	5
648.202	1	15
648.372	1	14
648.541	1	1
648.711	1	16
648.880	1	18
649.050	1	-3
649.219	1	8
649.389	1	2
649.558	1	7
649.728	1	11
649.897	1	8
650.067	1	4
650.236	1	15
650.406	1	6
650.575	1	-3
650.745	1	10
650.914	1	0
651.084	1	5
651.253	1	5
651.423	1	9
651.592	1	12
651.762	1	7
651.931	1	12
652.101	1	20
652.270	1	6
652.440	1	4
652.609	1	-2
652.778	1	13
652.948	1	2
653.117	1	12
653.287	1	-3
653.456	1	-1
653.626	1	0
653.795	1	4
653.965	1	8
654.134	1	4
654.304	1	1
654.473	1	8
654.643	1	-7
654.812	1	14
654.982	1	9
655.151	1	5
655.320	1	6
655.490	1	2
655.659	1	8
655.829	1	10
655.998	1	3
656.168	1	6
656.337	1	0
656.507	1	-3
656.676	1	3
656.846	1	2
657.015	1	8
657.184	1	6
657.354	1	11
657.523	1	5
657.693	1	2
657.862	1	-3
658.032	1	0
658.201	1	2
658.371	1	6
658.540	1	0
658.709	1	11
658.879	1	11
659.048	1	10
659.218	1	13
659.387	1	-1
659.557	1	7
659.726	1	8
659.895	1	12
660.065	1	1
660.234	1	-7
660.404	1	-1
660.573	1	-5
660.743	1	5
660.912	1	2
661.081	1	13
661.251	1	0
661.420	1	6
661.590	1	8
661.759	1	3
661.929	1	9
662.098	1	5
662.267	1	0
662.437	1	4
662.606	1	10
662.776	1	-3
662.945	1	10
663.115	1	-7
663.284	1	3
663.453	1	2
663.623	1	4
663.792	1	-1
663.962	1	-3
664.131	1	24
664.300	1	14
664.470	1	5
664.639	1	14
664.809	1	-6
664.978	1	2
665.148	1	1
665.317	1	5
665.486	1	13
665.656	1	6
665.825	1	0
665.995	1	6
666.164	1	8
666.333	1	8
666.503	1	15
666.672	1	2
666.842	1	3
667.011	1	16
667.180	1	4
667.350	1	12
667.519	1	10
667.689	1	9
667.858	1	0
668.027	1	-5
668.197	1	11
668.366	1	7
668.536	1	12
668.705	1	5
668.874	1	-6
669.044	1	12
669.213	1	9
669.382	1	2
669.552	1	10
669.721	1	3
669.891	1	-3
670.060	1	10
670.229	1	-4
670.399	1	2
670.568	1	7
670.738	1	10
670.907	1	6
671.076	1	6
671.246	1	2
671.415	1	-2
671.584	1	-1
671.754	1	1
671.923	1	4
672.093	1	12
672.262	1	10
672.431	1	-1
672.601	1	5
672.770	1	1
672.939	1	6
673.109	1	6
673.278	1	6
673.448	1	6
673.617	1	-2
673.786	1	4
