325.333	1	12
325.504	1	10
325.675	1	-7
325.846	1	2
326.017	1	6
326.188	1	-5
326.359	1	2
326.531	1	5
326.702	1	3
326.873	1	9
327.044	1	-5
327.215	1	4
327.386	1	7
327.557	1	3
327.728	1	5
327.899	1	-3
328.070	1	7
328.241	1	7
328.412	1	-4
328.583	1	-5
328.754	1	4
328.926	1	4
329.097	1	13
329.268	1	-17
329.439	1	7
329.610	1	5
329.781	1	1
329.952	1	2
330.123	1	-4
330.294	1	8
330.465	1	6
330.636	1	5
330.807	1	13
330.978	1	4
331.149	1	7
331.320	1	2
331.492	1	8
331.663	1	-2
331.834	1	1
332.005	1	5
332.176	1	14
332.347	1	4
332.518	1	22
332.689	1	-4
332.860	1	13
333.031	1	0
333.202	1	1
333.373	1	9
333.544	1	7
333.715	1	6
333.886	1	10
334.057	1	3
334.228	1	13
334.399	1	5
334.570	1	16
334.741	1	1
334.912	1	8
335.084	1	0
335.255	1	24
335.426	1	-1
335.597	1	8
335.768	1	7
335.939	1	11
336.110	1	16
336.281	1	9
336.452	1	9
336.623	1	8
336.794	1	4
336.965	1	6
337.136	1	-6
337.307	1	17
337.478	1	0
337.649	1	-1
337.820	1	16
337.991	1	16
338.162	1	9
338.333	1	7
338.504	1	7
338.675	1	-6
338.846	1	11
339.017	1	-3
339.188	1	3
339.359	1	6
339.530	1	3
339.701	1	4
339.872	1	9
340.043	1	9
340.214	1	13
340.385	1	6
340.556	1	6
340.727	1	5
340.898	1	4
341.069	1	6
341.240	1	0
341.411	1	7
341.582	1	15
341.753	1	3
341.924	1	5
342.095	1	8
342.266	1	0
342.437	1	13
342.608	1	5
342.779	1	5
342.950	1	-12
343.121	1	-3
343.292	1	8
343.463	1	5
343.634	1	14
343.805	1	3
343.976	1	4
344.147	1	7
344.318	1	11
344.489	1	0
344.660	1	6
344.831	1	8
345.002	1	3
345.173	1	4
345.344	1	12
345.515	1	6
345.686	1	3
345.857	1	9
346.028	1	12
346.199	1	12
346.370	1	3
346.541	1	8
346.712	1	8
346.883	1	0
347.054	1	3
347.225	1	3
347.396	1	7
347.567	1	20
347.738	1	2
347.909	1	1
348.080	1	4
348.251	1	2
348.422	1	8
348.593	1	6
348.764	1	7
348.935	1	3
349.106	1	-3
349.277	1	5
349.448	1	2
349.619	1	11
349.790	1	5
349.961	1	9
350.132	1	9
350.303	1	1
350.474	1	6
350.645	1	1
350.816	1	-1
350.987	1	10
351.157	1	2
351.328	1	5
351.499	1	5
351.670	1	16
351.841	1	22
352.012	1	9
352.183	1	8
352.354	1	13
352.525	1	16
352.696	1	4
352.867	1	1
353.038	1	-1
353.209	1	5
353.380	1	14
353.551	1	8
353.722	1	14
353.893	1	11
354.064	1	13
354.235	1	4
354.406	1	11
354.576	1	2
354.747	1	10
354.918	1	10
355.089	1	11
355.260	1	-5
355.431	1	0
355.602	1	6
355.773	1	2
355.944	1	6
356.115	1	16
356.286	1	6
356.457	1	12
356.628	1	10
356.799	1	13
356.970	1	9
357.141	1	8
357.311	1	4
357.482	1	-2
357.653	1	11
357.824	1	-2
357.995	1	18
358.166	1	17
358.337	1	8
358.508	1	9
358.679	1	13
358.850	1	8
359.021	1	-6
359.192	1	6
359.363	1	5
359.533	1	13
359.704	1	-4
359.875	1	3
360.046	1	6
360.217	1	17
360.388	1	2
360.559	1	14
360.730	1	10
360.901	1	14
361.072	1	13
361.243	1	18
361.414	1	5
361.584	1	0
361.755	1	9
361.926	1	5
362.097	1	13
362.268	1	10
362.439	1	12
362.610	1	-7
362.781	1	14
362.952	1	8
363.123	1	3
363.293	1	16
363.464	1	14
363.635	1	12
363.806	1	9
363.977	1	2
364.148	1	5
364.319	1	21
364.490	1	9
364.661	1	9
364.832	1	5
365.002	1	12
365.173	1	8
365.344	1	15
365.515	1	6
365.686	1	6
365.857	1	15
366.028	1	1
366.199	1	10
366.370	1	11
366.540	1	7
366.711	1	13
366.882	1	16
367.053	1	3
367.224	1	17
367.395	1	9
367.566	1	8
367.737	1	3
367.908	1	21
368.078	1	4
368.249	1	13
368.420	1	11
368.591	1	7
368.762	1	6
368.933	1	7
369.104	1	12
369.274	1	9
369.445	1	14
369.616	1	-2
369.787	1	-4
369.958	1	11
370.129	1	11
370.300	1	8
370.471	1	7
370.641	1	7
370.812	1	4
370.983	1	7
371.154	1	6
371.325	1	5
371.496	1	9
371.667	1	4
371.837	1	17
372.008	1	20
372.179	1	2
372.350	1	9
372.521	1	15
372.692	1	6
372.863	1	16
373.033	1	0
373.204	1	2
373.375	1	-1
373.546	1	6
373.717	1	0
373.888	1	15
374.059	1	12
374.229	1	6
374.400	1	10
374.571	1	1
374.742	1	13
374.913	1	5
375.084	1	10
375.254	1	4
375.425	1	15
375.596	1	13
375.767	1	11
375.938	1	8
376.109	1	10
376.279	1	-3
376.450	1	19
376.621	1	10
376.792	1	11
376.963	1	-2
377.134	1	12
377.304	1	9
377.475	1	4
377.646	1	11
377.817	1	3
377.988	1	14
378.159	1	-2
378.329	1	-4
378.500	1	13
378.671	1	13
378.842	1	4
379.013	1	10
379.184	1	8
379.354	1	7
379.525	1	1
379.696	1	13
379.867	1	19
380.038	1	18
380.209	1	10
380.379	1	13
380.550	1	6
380.721	1	4
380.892	1	6
381.063	1	8
381.233	1	15
381.404	1	17
381.575	1	20
381.746	1	11
381.917	1	6
382.087	1	19
382.258	1	4
382.429	1	5
382.600	1	15
382.771	1	4
382.941	1	9
383.112	1	4
383.283	1	11
383.454	1	13
383.625	1	12
383.795	1	27
383.966	1	7
384.137	1	10
384.308	1	11
384.479	1	10
384.649	1	20
384.820	1	17
384.991	1	14
385.162	1	12
385.333	1	4
385.503	1	-2
385.674	1	14
385.845	1	13
386.016	1	1
386.187	1	6
386.357	1	14
386.528	1	22
386.699	1	13
386.870	1	-3
387.041	1	5
387.211	1	-1
387.382	1	8
387.553	1	11
387.724	1	14
387.894	1	21
388.065	1	9
388.236	1	10
388.407	1	14
388.578	1	10
388.748	1	6
388.919	1	20
389.090	1	14
389.261	1	5
389.431	1	11
389.602	1	14
389.773	1	8
389.944	1	11
390.114	1	13
390.285	1	17
390.456	1	6
390.627	1	18
390.798	1	9
390.968	1	1
391.139	1	14
391.310	1	14
391.481	1	22
391.651	1	10
391.822	1	14
391.993	1	18
392.164	1	11
392.334	1	5
392.505	1	9
392.676	1	11
392.847	1	17
393.017	1	19
393.188	1	18
393.359	1	6
393.530	1	16
393.700	1	10
393.871	1	16
394.042	1	9
394.213	1	13
394.383	1	13
394.554	1	22
394.725	1	9
394.896	1	11
395.066	1	18
395.237	1	3
395.408	1	11
395.579	1	3
395.749	1	9
395.920	1	8
396.091	1	11
396.262	1	18
396.432	1	11
396.603	1	17
396.774	1	-5
396.945	1	13
397.115	1	20
397.286	1	7
397.457	1	20
397.627	1	17
397.798	1	12
397.969	1	-2
398.140	1	3
398.310	1	14
398.481	1	19
398.652	1	21
398.823	1	13
398.993	1	10
399.164	1	11
399.335	1	16
399.505	1	8
399.676	1	24
399.847	1	13
400.018	1	21
400.188	1	7
400.359	1	16
400.530	1	19
400.700	1	12
400.871	1	22
401.042	1	13
401.213	1	14
401.383	1	9
401.554	1	7
401.725	1	5
401.895	1	13
402.066	1	11
402.237	1	5
402.408	1	16
402.578	1	9
402.749	1	14
402.920	1	21
403.090	1	19
403.261	1	13
403.432	1	18
403.603	1	17
403.773	1	16
403.944	1	16
404.115	1	15
404.285	1	7
404.456	1	8
404.627	1	21
404.797	1	15
404.968	1	24
405.139	1	8
405.310	1	14
405.480	1	7
405.651	1	8
405.822	1	7
405.992	1	15
406.163	1	15
406.334	1	8
406.504	1	7
406.675	1	15
406.846	1	10
407.016	1	22
407.187	1	15
407.358	1	17
407.528	1	6
407.699	1	7
407.870	1	17
408.041	1	23
408.211	1	2
408.382	1	31
408.553	1	6
408.723	1	7
408.894	1	11
409.065	1	15
409.235	1	7
409.406	1	14
409.577	1	19
409.747	1	22
409.918	1	23
410.089	1	11
410.259	1	15
410.430	1	13
410.601	1	13
410.771	1	16
410.942	1	11
411.113	1	27
411.283	1	14
411.454	1	12
411.625	1	12
411.795	1	17
411.966	1	19
412.137	1	18
412.307	1	7
412.478	1	2
412.649	1	15
412.819	1	23
412.990	1	7
413.161	1	20
413.331	1	19
413.502	1	19
413.672	1	6
413.843	1	2
414.014	1	19
414.184	1	14
414.355	1	7
414.526	1	7
414.696	1	13
414.867	1	13
415.038	1	10
415.208	1	6
415.379	1	14
415.550	1	7
415.720	1	16
415.891	1	8
416.062	1	4
416.232	1	5
416.403	1	17
416.573	1	21
416.744	1	6
416.915	1	9
417.085	1	15
417.256	1	19
417.427	1	11
417.597	1	10
417.768	1	14
417.939	1	15
418.109	1	9
418.280	1	11
418.450	1	5
418.621	1	8
418.792	1	22
418.962	1	12
419.133	1	8
419.304	1	16
419.474	1	12
419.645	1	10
419.815	1	-2
419.986	1	16
420.157	1	17
420.327	1	8
420.498	1	17
420.669	1	20
420.839	1	13
421.010	1	10
421.180	1	11
421.351	1	20
421.522	1	22
421.692	1	12
421.863	1	12
422.033	1	24
422.204	1	8
422.375	1	14
422.545	1	17
422.716	1	29
422.886	1	15
423.057	1	15
423.228	1	22
423.398	1	16
423.569	1	22
423.740	1	11
423.910	1	11
424.081	1	15
424.251	1	18
424.422	1	9
424.593	1	18
424.763	1	12
424.934	1	15
425.104	1	5
425.275	1	17
425.445	1	6
425.616	1	15
425.787	1	7
425.957	1	9
426.128	1	11
426.298	1	12
426.469	1	12
426.640	1	1
426.810	1	12
426.981	1	18
427.151	1	20
427.322	1	17
427.493	1	7
427.663	1	18
427.834	1	7
428.004	1	19
428.175	1	2
428.345	1	18
428.516	1	7
428.687	1	16
428.857	1	15
429.028	1	9
429.198	1	10
429.369	1	6
429.540	1	15
429.710	1	19
429.881	1	14
430.051	1	6
430.222	1	20
430.392	1	17
430.563	1	22
430.734	1	17
430.904	1	13
431.075	1	13
431.245	1	10
431.416	1	15
431.586	1	23
431.757	1	17
431.927	1	12
432.098	1	10
432.269	1	20
432.439	1	11
432.610	1	10
432.780	1	1
432.951	1	14
433.121	1	10
433.292	1	15
433.462	1	4
433.633	1	8
433.804	1	3
433.974	1	12
434.145	1	16
434.315	1	4
434.486	1	10
434.656	1	11
434.827	1	17
434.997	1	14
435.168	1	9
435.339	1	12
435.509	1	16
435.680	1	17
435.850	1	5
436.021	1	8
436.191	1	26
436.362	1	23
436.532	1	14
436.703	1	26
436.873	1	9
437.044	1	16
437.214	1	17
437.385	1	16
437.556	1	8
437.726	1	34
437.897	1	4
438.067	1	15
438.238	1	26
438.408	1	14
438.579	1	18
438.749	1	8
438.920	1	1
439.090	1	10
439.261	1	9
439.431	1	21
439.602	1	21
439.772	1	6
439.943	1	4
440.113	1	9
440.284	1	18
440.455	1	21
440.625	1	18
440.796	1	24
440.966	1	20
441.137	1	6
441.307	1	20
441.478	1	16
441.648	1	4
441.819	1	4
441.989	1	23
442.160	1	23
442.330	1	3
442.501	1	14
442.671	1	18
442.842	1	25
443.012	1	7
443.183	1	19
443.353	1	16
443.524	1	8
443.694	1	12
443.865	1	15
444.035	1	9
444.206	1	4
444.376	1	16
444.547	1	4
444.717	1	14
444.888	1	17
445.058	1	9
445.229	1	17
445.399	1	9
445.570	1	16
445.740	1	6
445.911	1	15
446.081	1	6
446.252	1	11
446.422	1	4
446.593	1	14
446.763	1	29
446.934	1	21
447.104	1	12
447.275	1	18
447.445	1	6
447.616	1	9
447.786	1	10
447.957	1	18
448.127	1	10
448.298	1	12
448.468	1	26
448.639	1	14
448.809	1	7
448.979	1	16
449.150	1	18
449.320	1	9
449.491	1	14
449.661	1	18
449.832	1	14
450.002	1	12
450.173	1	16
450.343	1	11
450.514	1	14
450.684	1	1
450.855	1	9
451.025	1	13
451.196	1	11
451.366	1	4
451.537	1	6
451.707	1	14
451.878	1	5
452.048	1	8
452.218	1	10
452.389	1	10
452.559	1	17
452.730	1	11
452.900	1	23
453.071	1	3
453.241	1	15
453.412	1	13
453.582	1	8
453.753	1	20
453.923	1	19
454.093	1	18
454.264	1	19
454.434	1	7
454.605	1	8
454.775	1	9
454.946	1	6
455.116	1	10
455.287	1	16
455.457	1	17
455.628	1	16
455.798	1	0
455.968	1	9
456.139	1	14
456.309	1	19
456.480	1	9
456.650	1	3
456.821	1	10
456.991	1	20
457.161	1	2
457.332	1	4
457.502	1	8
457.673	1	0
457.843	1	11
458.014	1	13
458.184	1	21
458.355	1	16
458.525	1	7
458.695	1	5
458.866	1	24
459.036	1	1
459.207	1	-4
459.377	1	10
459.548	1	4
459.718	1	13
459.888	1	22
460.059	1	15
460.229	1	10
460.400	1	2
460.570	1	11
460.740	1	7
460.911	1	6
461.081	1	12
461.252	1	11
461.422	1	20
461.593	1	18
461.763	1	6
461.933	1	13
462.104	1	9
462.274	1	11
462.445	1	17
462.615	1	5
462.785	1	17
462.956	1	8
463.126	1	14
463.297	1	4
463.467	1	21
463.638	1	20
463.808	1	12
463.978	1	6
464.149	1	12
464.319	1	-3
464.490	1	14
464.660	1	20
464.830	1	18
465.001	1	8
465.171	1	11
465.342	1	21
465.512	1	11
465.682	1	-8
465.853	1	12
466.023	1	14
466.194	1	8
466.364	1	11
466.534	1	14
466.705	1	19
466.875	1	18
467.045	1	10
467.216	1	15
467.386	1	16
467.557	1	7
467.727	1	5
467.897	1	3
468.068	1	23
468.238	1	13
468.409	1	12
468.579	1	16
468.749	1	7
468.920	1	13
469.090	1	15
469.260	1	14
469.431	1	10
469.601	1	11
469.772	1	15
469.942	1	17
470.112	1	20
470.283	1	7
470.453	1	11
470.623	1	3
470.794	1	-1
470.964	1	13
471.135	1	22
471.305	1	16
471.475	1	12
471.646	1	17
471.816	1	17
471.986	1	11
472.157	1	7
472.327	1	13
472.497	1	9
472.668	1	4
472.838	1	12
473.009	1	3
473.179	1	6
473.349	1	11
473.520	1	-2
473.690	1	18
473.860	1	4
474.031	1	9
474.201	1	3
474.371	1	14
474.542	1	-1
474.712	1	12
474.882	1	13
475.053	1	10
475.223	1	8
475.394	1	9
475.564	1	12
475.734	1	17
475.905	1	-5
476.075	1	15
476.245	1	7
476.416	1	11
476.586	1	1
476.756	1	4
476.927	1	10
477.097	1	18
477.267	1	25
477.438	1	3
477.608	1	4
477.778	1	10
477.949	1	11
478.119	1	6
478.289	1	7
478.460	1	7
478.630	1	7
478.800	1	12
478.971	1	4
479.141	1	8
479.311	1	5
479.482	1	9
479.652	1	10
479.822	1	1
479.993	1	15
480.163	1	8
480.333	1	12
480.504	1	4
480.674	1	10
480.844	1	8
481.015	1	11
481.185	1	-2
481.355	1	15
481.525	1	15
481.696	1	11
481.866	1	25
482.036	1	9
482.207	1	15
482.377	1	7
482.547	1	6
482.718	1	1
482.888	1	7
483.058	1	11
483.229	1	8
483.399	1	-1
483.569	1	7
483.740	1	11
483.910	1	15
484.080	1	12
484.250	1	15
484.421	1	-2
484.591	1	5
484.761	1	15
484.932	1	12
485.102	1	9
485.272	1	6
485.443	1	9
485.613	1	-1
485.783	1	-8
485.953	1	4
486.124	1	16
486.294	1	21
486.464	1	-1
486.635	1	4
486.805	1	7
486.975	1	2
487.146	1	0
487.316	1	8
487.486	1	14
487.656	1	9
487.827	1	-3
487.997	1	12
488.167	1	0
488.338	1	21
488.508	1	1
488.678	1	14
488.848	1	-6
489.019	1	2
489.189	1	4
489.359	1	14
489.529	1	9
489.700	1	3
489.870	1	20
490.040	1	20
490.211	1	12
490.381	1	3
490.551	1	4
490.721	1	4
490.892	1	12
491.062	1	8
491.232	1	-3
491.402	1	15
491.573	1	6
491.743	1	12
491.913	1	2
492.084	1	6
492.254	1	-3
492.424	1	6
492.594	1	8
492.765	1	2
492.935	1	-3
493.105	1	22
493.275	1	9
493.446	1	8
493.616	1	8
493.786	1	-1
493.956	1	6
494.127	1	1
494.297	1	12
494.467	1	4
494.637	1	9
494.808	1	9
494.978	1	2
495.148	1	17
495.318	1	-1
495.489	1	1
495.659	1	17
495.829	1	3
495.999	1	0
496.170	1	4
496.340	1	2
496.510	1	14
496.680	1	9
496.851	1	15
497.021	1	12
497.191	1	22
497.361	1	8
497.532	1	7
497.702	1	8
497.872	1	8
498.042	1	18
498.213	1	5
498.383	1	1
498.553	1	6
498.723	1	-3
498.894	1	3
499.064	1	12
499.234	1	23
499.404	1	-4
499.574	1	3
499.745	1	7
499.915	1	2
500.085	1	6
500.255	1	-1
500.426	1	3
500.596	1	9
500.766	1	15
500.936	1	4
501.106	1	4
501.277	1	10
501.447	1	5
501.617	1	7
501.787	1	7
501.958	1	16
502.128	1	14
502.298	1	7
502.468	1	15
502.638	1	7
502.809	1	5
502.979	1	8
503.149	1	6
503.319	1	-1
503.489	1	8
503.660	1	6
503.830	1	19
504.000	1	15
504.170	1	19
504.340	1	-4
504.511	1	10
504.681	1	6
504.851	1	-4
505.021	1	0
505.192	1	19
505.362	1	11
505.532	1	1
505.702	1	13
505.872	1	14
506.043	1	15
506.213	1	3
506.383	1	5
506.553	1	18
506.723	1	2
506.893	1	-4
507.064	1	10
507.234	1	-3
507.404	1	9
507.574	1	14
507.744	1	12
507.915	1	9
508.085	1	5
508.255	1	16
508.425	1	-5
508.595	1	8
508.766	1	1
508.936	1	0
509.106	1	16
509.276	1	15
509.446	1	11
509.616	1	13
509.787	1	-1
509.957	1	9
510.127	1	-4
510.297	1	4
510.467	1	-1
510.638	1	9
510.808	1	0
510.978	1	9
511.148	1	9
511.318	1	0
511.488	1	6
511.659	1	2
511.829	1	-1
511.999	1	14
512.169	1	7
512.339	1	10
512.509	1	11
512.680	1	8
512.850	1	11
513.020	1	0
513.190	1	-4
513.360	1	14
513.530	1	9
513.700	1	11
513.871	1	4
514.041	1	12
514.211	1	8
514.381	1	-8
514.551	1	5
514.721	1	8
514.892	1	6
515.062	1	3
515.232	1	-5
515.402	1	-7
515.572	1	18
515.742	1	1
515.912	1	12
516.083	1	11
516.253	1	12
516.423	1	9
516.593	1	2
516.763	1	-1
516.933	1	-5
517.104	1	0
517.274	1	3
517.444	1	12
517.614	1	11
517.784	1	3
517.954	1	4
518.124	1	-3
518.294	1	12
518.465	1	5
518.635	1	10
518.805	1	10
518.975	1	-1
519.145	1	-6
519.315	1	14
519.485	1	1
519.656	1	16
519.826	1	14
519.996	1	8
520.166	1	-2
520.336	1	-1
520.506	1	1
520.676	1	11
520.846	1	7
521.017	1	4
521.187	1	13
521.357	1	-12
521.527	1	20
521.697	1	-7
521.867	1	12
522.037	1	4
522.207	1	8
522.377	1	7
522.548	1	3
522.718	1	8
522.888	1	11
523.058	1	11
523.228	1	8
523.398	1	12
523.568	1	6
523.738	1	5
523.909	1	-11
524.079	1	-7
524.249	1	9
524.419	1	6
524.589	1	11
524.759	1	-2
524.929	1	1
525.099	1	-6
525.269	1	13
525.439	1	6
525.610	1	4
525.780	1	15
525.950	1	4
526.120	1	4
526.290	1	3
526.460	1	6
526.630	1	7
526.800	1	4
526.970	1	5
527.140	1	3
527.311	1	6
527.481	1	-10
527.651	1	8
527.821	1	7
527.991	1	8
528.161	1	2
528.331	1	13
528.501	1	-2
528.671	1	0
528.841	1	2
529.011	1	6
529.181	1	-9
529.352	1	10
529.522	1	0
529.692	1	-6
529.862	1	0
530.032	1	6
530.202	1	7
530.372	1	0
530.542	1	6
530.712	1	18
530.882	1	6
531.052	1	7
531.222	1	7
531.392	1	4
531.563	1	-2
531.733	1	-5
531.903	1	1
532.073	1	10
532.243	1	9
532.413	1	-3
532.583	1	-1
532.753	1	10
532.923	1	9
533.093	1	5
533.263	1	16
533.433	1	10
533.603	1	6
533.773	1	2
533.943	1	6
534.113	1	4
534.284	1	-4
534.454	1	-2
534.624	1	1
534.794	1	-1
534.964	1	11
535.134	1	3
535.304	1	4
535.474	1	7
535.644	1	12
535.814	1	-2
535.984	1	-2
536.154	1	7
536.324	1	-4
536.494	1	8
536.664	1	1
536.834	1	1
537.004	1	-2
537.174	1	9
537.344	1	14
537.514	1	9
537.685	1	3
537.855	1	13
538.025	1	-3
538.195	1	4
538.365	1	2
538.535	1	1
538.705	1	-3
538.875	1	5
539.045	1	10
539.215	1	2
539.385	1	-6
539.555	1	-2
539.725	1	9
539.895	1	0
540.065	1	3
540.235	1	8
540.405	1	0
540.575	1	-7
540.745	1	8
540.915	1	7
541.085	1	9
541.255	1	-7
541.425	1	-2
541.595	1	15
541.765	1	15
541.935	1	13
542.105	1	7
542.275	1	2
542.445	1	-2
542.615	1	2
542.785	1	0
542.955	1	5
543.125	1	3
543.295	1	4
543.465	1	9
543.635	1	0
543.805	1	7
543.975	1	5
544.145	1	-4
544.315	1	13
544.485	1	-1
544.655	1	-1
544.825	1	-2
544.995	1	-9
545.165	1	14
545.335	1	5
545.505	1	8
545.675	1	10
545.845	1	3
546.015	1	-3
546.185	1	11
546.355	1	11
546.525	1	5
546.695	1	8
546.865	1	-1
547.035	1	5
547.205	1	5
547.375	1	-6
547.545	1	2
547.715	1	6
547.885	1	1
548.055	1	11
548.225	1	-7
548.395	1	3
548.565	1	-4
548.735	1	4
548.905	1	-2
549.075	1	-1
549.245	1	3
549.415	1	4
549.585	1	0
549.755	1	8
549.925	1	14
550.095	1	10
550.265	1	-6
550.435	1	6
550.605	1	0
550.775	1	0
550.945	1	8
551.115	1	5
551.285	1	-2
551.455	1	7
551.625	1	15
551.795	1	1
551.965	1	10
552.135	1	15
552.305	1	4
552.475	1	5
552.645	1	9
552.815	1	5
552.985	1	10
553.155	1	-2
553.325	1	10
553.495	1	2
553.665	1	-5
553.835	1	9
554.004	1	2
554.174	1	-6
554.344	1	2
554.514	1	-11
554.684	1	9
554.854	1	10
555.024	1	9
555.194	1	6
555.364	1	7
555.534	1	12
555.704	1	7
555.874	1	9
556.044	1	3
556.214	1	-8
556.384	1	5
556.554	1	14
556.724	1	11
556.894	1	-4
557.064	1	8
557.234	1	7
557.404	1	6
557.573	1	0
557.743	1	1
557.913	1	10
558.083	1	6
558.253	1	4
558.423	1	16
558.593	1	15
558.763	1	8
558.933	1	9
559.103	1	-3
559.273	1	7
559.443	1	-6
559.613	1	4
559.783	1	14
559.953	1	8
560.122	1	3
560.292	1	1
560.462	1	6
560.632	1	11
560.802	1	5
560.972	1	1
561.142	1	-10
561.312	1	0
561.482	1	13
561.652	1	2
561.822	1	4
561.992	1	3
562.162	1	0
562.331	1	0
562.501	1	3
562.671	1	-4
562.841	1	-3
563.011	1	-6
563.181	1	4
563.351	1	13
563.521	1	11
563.691	1	-4
563.861	1	10
564.031	1	13
564.201	1	11
564.370	1	-5
564.540	1	13
564.710	1	-2
564.880	1	3
565.050	1	5
565.220	1	6
565.390	1	10
565.560	1	7
565.730	1	-1
565.900	1	9
566.069	1	3
566.239	1	4
566.409	1	4
566.579	1	16
566.749	1	6
566.919	1	4
567.089	1	11
567.259	1	0
567.429	1	5
567.599	1	-3
567.768	1	15
567.938	1	-3
568.108	1	7
568.278	1	-10
568.448	1	4
568.618	1	0
568.788	1	16
568.958	1	11
569.128	1	3
569.297	1	0
569.467	1	12
569.637	1	-8
569.807	1	13
569.977	1	7
570.147	1	2
570.317	1	-16
570.487	1	-6
570.656	1	2
570.826	1	6
570.996	1	3
571.166	1	8
571.336	1	11
571.506	1	5
571.676	1	3
571.846	1	8
572.015	1	-3
572.185	1	4
572.355	1	2
572.525	1	5
572.695	1	3
572.865	1	9
573.035	1	6
573.205	1	3
573.374	1	19
573.544	1	7
573.714	1	2
573.884	1	7
574.054	1	10
574.224	1	-4
574.394	1	8
574.563	1	4
574.733	1	-1
574.903	1	-6
575.073	1	3
575.243	1	1
575.413	1	7
575.583	1	14
575.752	1	1
575.922	1	-3
576.092	1	13
576.262	1	10
576.432	1	-7
576.602	1	-1
576.772	1	-7
576.941	1	6
577.111	1	4
577.281	1	6
577.451	1	8
577.621	1	2
577.791	1	11
577.960	1	-5
578.130	1	0
578.300	1	-12
578.470	1	12
578.640	1	5
578.810	1	1
578.979	1	4
579.149	1	-5
579.319	1	12
579.489	1	12
579.659	1	9
579.829	1	-9
579.998	1	3
580.168	1	4
580.338	1	6
580.508	1	14
580.678	1	5
580.848	1	4
581.017	1	2
581.187	1	5
581.357	1	2
581.527	1	0
581.697	1	0
581.867	1	0
582.036	1	3
582.206	1	0
582.376	1	4
582.546	1	2
582.716	1	3
582.885	1	0
583.055	1	6
583.225	1	-1
583.395	1	7
583.565	1	-2
583.735	1	13
583.904	1	4
584.074	1	10
584.244	1	11
584.414	1	7
584.584	1	7
584.753	1	5
584.923	1	-4
585.093	1	-3
585.263	1	8
585.433	1	-9
585.602	1	2
585.772	1	6
585.942	1	4
586.112	1	9
586.282	1	0
586.451	1	2
586.621	1	3
586.791	1	-2
586.961	1	8
587.131	1	-4
587.300	1	5
587.470	1	3
587.640	1	-2
587.810	1	10
587.980	1	-3
588.149	1	11
588.319	1	-9
588.489	1	-9
588.659	1	-4
588.829	1	-2
588.998	1	10
589.168	1	5
589.338	1	6
589.508	1	0
589.677	1	14
589.847	1	10
590.017	1	7
590.187	1	3
590.357	1	-2
590.526	1	2
590.696	1	0
590.866	1	11
591.036	1	6
591.205	1	3
591.375	1	-6
591.545	1	8
591.715	1	-1
591.885	1	7
592.054	1	8
592.224	1	6
592.394	1	8
592.564	1	-1
592.733	1	6
592.903	1	-6
593.073	1	5
593.243	1	-1
593.412	1	-2
593.582	1	6
593.752	1	16
593.922	1	9
594.091	1	0
594.261	1	4
594.431	1	0
594.601	1	0
594.771	1	2
594.940	1	1
595.110	1	6
595.280	1	3
595.450	1	-5
595.619	1	0
595.789	1	-2
595.959	1	6
596.129	1	-5
596.298	1	-2
596.468	1	5
596.638	1	-8
596.808	1	4
596.977	1	5
597.147	1	-3
597.317	1	8
597.487	1	2
597.656	1	14
597.826	1	14
597.996	1	3
598.166	1	13
598.335	1	3
598.505	1	-1
598.675	1	15
598.844	1	4
599.014	1	15
599.184	1	0
599.354	1	7
599.523	1	1
599.693	1	5
599.863	1	-2
600.033	1	5
600.202	1	-6
600.372	1	5
600.542	1	1
600.712	1	12
600.881	1	4
601.051	1	0
601.221	1	8
601.390	1	6
601.560	1	5
601.730	1	2
601.900	1	6
602.069	1	0
602.239	1	0
602.409	1	-2
602.578	1	4
602.748	1	-3
602.918	1	-11
603.088	1	-6
603.257	1	7
603.427	1	14
603.597	1	14
603.767	1	18
603.936	1	2
604.106	1	12
604.276	1	-2
604.445	1	8
604.615	1	0
604.785	1	1
604.954	1	7
605.124	1	5
605.294	1	9
605.464	1	4
605.633	1	1
605.803	1	4
605.973	1	-6
606.142	1	0
606.312	1	4
606.482	1	2
606.652	1	0
606.821	1	6
606.991	1	4
607.161	1	-1
607.330	1	7
607.500	1	16
607.670	1	16
607.839	1	2
608.009	1	8
608.179	1	6
608.348	1	3
608.518	1	-13
608.688	1	10
608.858	1	12
609.027	1	3
609.197	1	3
609.367	1	2
609.536	1	0
609.706	1	0
609.876	1	7
610.045	1	-2
610.215	1	8
610.385	1	4
610.554	1	-4
610.724	1	-6
610.894	1	15
611.063	1	3
611.233	1	1
611.403	1	5
611.572	1	5
611.742	1	-9
611.912	1	5
612.081	1	-2
612.251	1	13
612.421	1	-4
612.590	1	-1
612.760	1	1
612.930	1	-2
613.099	1	13
613.269	1	-1
613.439	1	5
613.608	1	11
613.778	1	8
613.948	1	13
614.117	1	-2
614.287	1	0
614.457	1	3
614.626	1	-6
614.796	1	7
614.966	1	-3
615.135	1	8
615.305	1	-1
615.475	1	-3
615.644	1	-3
615.814	1	-2
615.984	1	13
616.153	1	5
616.323	1	19
616.493	1	-4
616.662	1	8
616.832	1	18
617.002	1	-4
617.171	1	8
617.341	1	2
617.511	1	17
617.680	1	6
617.850	1	6
618.019	1	-4
618.189	1	-1
618.359	1	-1
618.528	1	0
618.698	1	7
618.868	1	-6
619.037	1	-3
619.207	1	5
619.377	1	-2
619.546	1	12
619.716	1	11
619.885	1	-8
620.055	1	-2
620.225	1	13
620.394	1	9
620.564	1	-1
620.734	1	1
620.903	1	11
621.073	1	9
621.242	1	-5
621.412	1	15
621.582	1	-2
621.751	1	8
621.921	1	6
622.091	1	2
622.260	1	8
622.430	1	6
622.599	1	4
622.769	1	9
622.939	1	-5
623.108	1	6
623.278	1	6
623.448	1	14
623.617	1	-4
623.787	1	-6
623.956	1	-1
624.126	1	6
624.296	1	7
624.465	1	11
624.635	1	9
624.804	1	6
624.974	1	1
625.144	1	-3
625.313	1	10
625.483	1	15
625.652	1	5
625.822	1	-14
625.992	1	9
626.161	1	8
626.331	1	4
626.501	1	5
626.670	1	9
626.840	1	4
627.009	1	3
627.179	1	2
627.348	1	9
627.518	1	3
627.688	1	17
627.857	1	14
628.027	1	-2
628.196	1	0
628.366	1	-6
628.536	1	4
628.705	1	3
628.875	1	3
629.044	1	6
629.214	1	-7
629.384	1	5
629.553	1	1
629.723	1	8
629.892	1	4
630.062	1	5
630.232	1	-3
630.401	1	2
630.571	1	6
630.740	1	-3
630.910	1	9
631.079	1	6
631.249	1	0
631.419	1	7
631.588	1	3
631.758	1	6
631.927	1	-3
632.097	1	-2
632.266	1	-2
632.436	1	8
632.606	1	-2
632.775	1	7
632.945	1	4
633.114	1	-10
633.284	1	13
633.453	1	6
633.623	1	2
633.793	1	16
633.962	1	7
634.132	1	15
634.301	1	0
634.471	1	-1
634.640	1	7
634.810	1	5
634.979	1	-7
635.149	1	4
635.319	1	13
635.488	1	4
635.658	1	15
635.827	1	12
635.997	1	6
636.166	1	-5
636.336	1	4
636.505	1	2
636.675	1	7
636.845	1	0
637.014	1	13
637.184	1	0
637.353	1	10
637.523	1	6
637.692	1	8
637.862	1	9
638.031	1	1
638.201	1	9
638.370	1	1
638.540	1	-2
638.710	1	7
638.879	1	4
639.049	1	4
639.218	1	-3
639.388	1	3
639.557	1	-4
639.727	1	4
639.896	1	-2
640.066	1	6
640.235	1	1
640.405	1	7
640.574	1	3
640.744	1	20
640.914	1	-10
641.083	1	13
641.253	1	-2
641.422	1	2
641.592	1	12
641.761	1	4
641.931	1	2
642.100	1	0
642.270	1	1
642.439	1	9
642.609	1	3
642.778	1	-5
642.948	1	-2
643.117	1	7
643.287	1	1
643.456	1	11
643.626	1	7
643.795	1	3
643.965	1	10
644.134	1	5
644.304	1	-1
644.473	1	-7
644.643	1	-5
644.812	1	-1
644.982	1	-1
645.151	1	12
645.321	1	0
645.490	1	5
645.660	1	-4
645.829	1	5
645.999	1	2
646.168	1	2
646.338	1	10
646.507	1	8
646.677	1	4
646.846	1	-3
647.016	1	6
647.185	1	0
647.355	1	4
647.524	1	-4
647.694	1	15
647.863	1	-6
648.033	1	3
648.202	1	22
648.372	1	14
648.541	1	-3
648.711	1	2
648.880	1	5
649.050	1	5
649.219	1	12
649.389	1	6
649.558	1	-2
649.728	1	4
649.897	1	-1
650.067	1	0
650.236	1	9
650.406	1	10
650.575	1	-9
650.745	1	14
650.914	1	-3
651.084	1	10
651.253	1	14
651.423	1	7
651.592	1	8
651.762	1	11
651.931	1	5
652.101	1	8
652.270	1	-6
652.440	1	3
652.609	1	0
652.778	1	9
652.948	1	-8
653.117	1	11
653.287	1	-8
653.456	1	5
653.626	1	3
653.795	1	7
653.965	1	12
654.134	1	9
654.304	1	1
654.473	1	7
654.643	1	-12
654.812	1	20
654.982	1	10
655.151	1	7
655.320	1	1
655.490	1	1
655.659	1	6
655.829	1	-3
655.998	1	1
656.168	1	9
656.337	1	8
656.507	1	8
656.676	1	0
656.846	1	2
657.015	1	13
657.184	1	7
657.354	1	3
657.523	1	0
657.693	1	-6
657.862	1	1
658.032	1	2
658.201	1	-5
658.371	1	7
658.540	1	-2
658.709	1	3
658.879	1	10
659.048	1	12
659.218	1	1
659.387	1	4
659.557	1	6
659.726	1	9
659.895	1	-4
660.065	1	-8
660.234	1	0
660.404	1	-3
660.573	1	0
660.743	1	-3
660.912	1	-1
661.081	1	3
661.251	1	-1
661.420	1	9
661.590	1	7
661.759	1	3
661.929	1	-3
662.098	1	-2
662.267	1	2
662.437	1	3
662.606	1	3
662.776	1	4
662.945	1	9
663.115	1	1
663.284	1	2
663.453	1	-6
663.623	1	-2
663.792	1	4
663.962	1	0
664.131	1	9
664.300	1	7
664.470	1	16
664.639	1	4
664.809	1	-4
664.978	1	-2
665.148	1	0
665.317	1	-3
665.486	1	12
665.656	1	-1
665.825	1	7
665.995	1	-3
666.164	1	12
666.333	1	11
666.503	1	5
666.672	1	-6
666.842	1	1
667.011	1	6
667.180	1	9
667.350	1	7
667.519	1	5
667.689	1	15
667.858	1	0
668.027	1	-3
668.197	1	11
668.366	1	9
668.536	1	6
668.705	1	3
668.874	1	-8
669.044	1	-2
669.213	1	2
669.382	1	2
669.552	1	14
669.721	1	9
669.891	1	-4
670.060	1	6
670.229	1	-10
670.399	1	1
670.568	1	1
670.738	1	14
670.907	1	6
671.076	1	14
671.246	1	-4
671.415	1	3
671.584	1	10
671.754	1	7
671.923	1	-1
672.093	1	7
672.262	1	1
672.431	1	7
672.601	1	7
672.770	1	5
672.939	1	6
673.109	1	5
673.278	1	-2
673.448	1	3
673.617	1	-3
673.786	1	1
