325.333	1	17
325.504	1	18
325.675	1	19
325.846	1	13
326.017	1	14
326.188	1	16
326.359	1	20
326.531	1	12
326.702	1	8
326.873	1	20
327.044	1	19
327.215	1	18
327.386	1	11
327.557	1	38
327.728	1	10
327.899	1	21
328.070	1	17
328.241	1	16
328.412	1	13
328.583	1	17
328.754	1	12
328.926	1	15
329.097	1	24
329.268	1	15
329.439	1	22
329.610	1	13
329.781	1	19
329.952	1	18
330.123	1	11
330.294	1	23
330.465	1	24
330.636	1	16
330.807	1	10
330.978	1	24
331.149	1	17
331.320	1	16
331.492	1	21
331.663	1	23
331.834	1	18
332.005	1	19
332.176	1	20
332.347	1	22
332.518	1	15
332.689	1	17
332.860	1	15
333.031	1	26
333.202	1	34
333.373	1	24
333.544	1	16
333.715	1	25
333.886	1	24
334.057	1	26
334.228	1	29
334.399	1	31
334.570	1	26
334.741	1	40
334.912	1	30
335.084	1	19
335.255	1	18
335.426	1	31
335.597	1	29
335.768	1	10
335.939	1	30
336.110	1	28
336.281	1	23
336.452	1	37
336.623	1	37
336.794	1	18
336.965	1	26
337.136	1	26
337.307	1	29
337.478	1	32
337.649	1	22
337.820	1	12
337.991	1	37
338.162	1	22
338.333	1	24
338.504	1	23
338.675	1	24
338.846	1	25
339.017	1	33
339.188	1	21
339.359	1	27
339.530	1	32
339.701	1	29
339.872	1	35
340.043	1	43
340.214	1	32
340.385	1	34
340.556	1	31
340.727	1	33
340.898	1	32
341.069	1	31
341.240	1	45
341.411	1	35
341.582	1	29
341.753	1	29
341.924	1	36
342.095	1	34
342.266	1	29
342.437	1	32
342.608	1	28
342.779	1	29
342.950	1	31
343.121	1	36
343.292	1	37
343.463	1	42
343.634	1	42
343.805	1	37
343.976	1	37
344.147	1	47
344.318	1	28
344.489	1	33
344.660	1	39
344.831	1	30
345.002	1	38
345.173	1	41
345.344	1	36
345.515	1	42
345.686	1	38
345.857	1	40
346.028	1	47
346.199	1	45
346.370	1	29
346.541	1	55
346.712	1	30
346.883	1	47
347.054	1	26
347.225	1	28
347.396	1	54
347.567	1	52
347.738	1	45
347.909	1	50
348.080	1	42
348.251	1	39
348.422	1	51
348.593	1	52
348.764	1	37
348.935	1	35
349.106	1	29
349.277	1	54
349.448	1	43
349.619	1	47
349.790	1	47
349.961	1	46
350.132	1	40
350.303	1	49
350.474	1	49
350.645	1	40
350.816	1	55
350.987	1	42
351.157	1	44
351.328	1	45
351.499	1	44
351.670	1	51
351.841	1	37
352.012	1	43
352.183	1	32
352.354	1	49
352.525	1	32
352.696	1	47
352.867	1	39
353.038	1	59
353.209	1	57
353.380	1	57
353.551	1	49
353.722	1	61
353.893	1	50
354.064	1	47
354.235	1	47
354.406	1	55
354.576	1	53
354.747	1	51
354.918	1	64
355.089	1	50
355.260	1	47
355.431	1	62
355.602	1	54
355.773	1	54
355.944	1	52
356.115	1	50
356.286	1	49
356.457	1	54
356.628	1	70
356.799	1	49
356.970	1	51
357.141	1	66
357.311	1	57
357.482	1	51
357.653	1	46
357.824	1	62
357.995	1	63
358.166	1	56
358.337	1	53
358.508	1	58
358.679	1	52
358.850	1	50
359.021	1	52
359.192	1	56
359.363	1	56
359.533	1	55
359.704	1	54
359.875	1	67
360.046	1	53
360.217	1	56
360.388	1	61
360.559	1	57
360.730	1	54
360.901	1	62
361.072	1	48
361.243	1	58
361.414	1	66
361.584	1	62
361.755	1	50
361.926	1	53
362.097	1	62
362.268	1	70
362.439	1	47
362.610	1	61
362.781	1	55
362.952	1	72
363.123	1	79
363.293	1	55
363.464	1	53
363.635	1	68
363.806	1	69
363.977	1	54
364.148	1	60
364.319	1	62
364.490	1	64
364.661	1	61
364.832	1	73
365.002	1	67
365.173	1	67
365.344	1	61
365.515	1	75
365.686	1	61
365.857	1	71
366.028	1	52
366.199	1	70
366.370	1	69
366.540	1	78
366.711	1	57
366.882	1	66
367.053	1	60
367.224	1	49
367.395	1	66
367.566	1	68
367.737	1	63
367.908	1	53
368.078	1	72
368.249	1	62
368.420	1	65
368.591	1	72
368.762	1	68
368.933	1	47
369.104	1	61
369.274	1	61
369.445	1	68
369.616	1	67
369.787	1	68
369.958	1	67
370.129	1	68
370.300	1	61
370.471	1	82
370.641	1	64
370.812	1	60
370.983	1	57
371.154	1	72
371.325	1	63
371.496	1	64
371.667	1	77
371.837	1	68
372.008	1	76
372.179	1	65
372.350	1	77
372.521	1	66
372.692	1	70
372.863	1	60
373.033	1	68
373.204	1	60
373.375	1	71
373.546	1	73
373.717	1	69
373.888	1	62
374.059	1	81
374.229	1	72
374.400	1	60
374.571	1	69
374.742	1	70
374.913	1	63
375.084	1	72
375.254	1	76
375.425	1	62
375.596	1	68
375.767	1	71
375.938	1	59
376.109	1	53
376.279	1	60
376.450	1	65
376.621	1	75
376.792	1	62
376.963	1	79
377.134	1	73
377.304	1	68
377.475	1	71
377.646	1	68
377.817	1	61
377.988	1	70
378.159	1	68
378.329	1	76
378.500	1	71
378.671	1	69
378.842	1	65
379.013	1	76
379.184	1	83
379.354	1	59
379.525	1	67
379.696	1	72
379.867	1	81
380.038	1	66
380.209	1	73
380.379	1	68
380.550	1	71
380.721	1	82
380.892	1	73
381.063	1	90
381.233	1	63
381.404	1	73
381.575	1	74
381.746	1	85
381.917	1	76
382.087	1	73
382.258	1	76
382.429	1	76
382.600	1	73
382.771	1	82
382.941	1	82
383.112	1	75
383.283	1	79
383.454	1	73
383.625	1	87
383.795	1	73
383.966	1	72
384.137	1	81
384.308	1	80
384.479	1	75
384.649	1	78
384.820	1	77
384.991	1	75
385.162	1	77
385.333	1	94
385.503	1	66
385.674	1	79
385.845	1	77
386.016	1	80
386.187	1	76
386.357	1	93
386.528	1	75
386.699	1	80
386.870	1	78
387.041	1	76
387.211	1	77
387.382	1	81
387.553	1	80
387.724	1	64
387.894	1	91
388.065	1	76
388.236	1	75
388.407	1	97
388.578	1	70
388.748	1	80
388.919	1	90
389.090	1	97
389.261	1	81
389.431	1	98
389.602	1	84
389.773	1	86
389.944	1	82
390.114	1	90
390.285	1	92
390.456	1	78
390.627	1	90
390.798	1	87
390.968	1	83
391.139	1	77
391.310	1	88
391.481	1	82
391.651	1	94
391.822	1	85
391.993	1	97
392.164	1	87
392.334	1	88
392.505	1	91
392.676	1	92
392.847	1	86
393.017	1	93
393.188	1	85
393.359	1	104
393.530	1	90
393.700	1	88
393.871	1	85
394.042	1	89
394.213	1	86
394.383	1	86
394.554	1	82
394.725	1	89
394.896	1	85
395.066	1	85
395.237	1	81
395.408	1	95
395.579	1	103
395.749	1	92
395.920	1	95
396.091	1	77
396.262	1	84
396.432	1	83
396.603	1	85
396.774	1	94
396.945	1	89
397.115	1	89
397.286	1	93
397.457	1	89
397.627	1	91
397.798	1	89
397.969	1	83
398.140	1	88
398.310	1	94
398.481	1	88
398.652	1	97
398.823	1	97
398.993	1	91
399.164	1	88
399.335	1	101
399.505	1	89
399.676	1	95
399.847	1	99
400.018	1	87
400.188	1	94
400.359	1	94
400.530	1	82
400.700	1	94
400.871	1	98
401.042	1	91
401.213	1	81
401.383	1	93
401.554	1	103
401.725	1	96
401.895	1	106
402.066	1	102
402.237	1	105
402.408	1	100
402.578	1	101
402.749	1	88
402.920	1	91
403.090	1	97
403.261	1	104
403.432	1	97
403.603	1	91
403.773	1	101
403.944	1	86
404.115	1	97
404.285	1	96
404.456	1	100
404.627	1	103
404.797	1	91
404.968	1	109
405.139	1	91
405.310	1	85
405.480	1	96
405.651	1	98
405.822	1	95
405.992	1	98
406.163	1	99
406.334	1	83
406.504	1	95
406.675	1	88
406.846	1	83
407.016	1	78
407.187	1	93
407.358	1	103
407.528	1	84
407.699	1	98
407.870	1	89
408.041	1	93
408.211	1	90
408.382	1	97
408.553	1	95
408.723	1	108
408.894	1	92
409.065	1	87
409.235	1	97
409.406	1	91
409.577	1	92
409.747	1	90
409.918	1	98
410.089	1	100
410.259	1	107
410.430	1	92
410.601	1	98
410.771	1	85
410.942	1	105
411.113	1	86
411.283	1	93
411.454	1	98
411.625	1	95
411.795	1	102
411.966	1	105
412.137	1	92
412.307	1	102
412.478	1	101
412.649	1	95
412.819	1	95
412.990	1	97
413.161	1	101
413.331	1	101
413.502	1	102
413.672	1	100
413.843	1	90
414.014	1	96
414.184	1	111
414.355	1	97
414.526	1	98
414.696	1	108
414.867	1	100
415.038	1	95
415.208	1	98
415.379	1	107
415.550	1	105
415.720	1	99
415.891	1	91
416.062	1	105
416.232	1	89
416.403	1	98
416.573	1	100
416.744	1	98
416.915	1	98
417.085	1	103
417.256	1	93
417.427	1	106
417.597	1	94
417.768	1	81
417.939	1	104
418.109	1	97
418.280	1	91
418.450	1	92
418.621	1	91
418.792	1	89
418.962	1	87
419.133	1	96
419.304	1	94
419.474	1	82
419.645	1	84
419.815	1	96
419.986	1	85
420.157	1	85
420.327	1	83
420.498	1	79
420.669	1	101
420.839	1	91
421.010	1	87
421.180	1	103
421.351	1	89
421.522	1	75
421.692	1	96
421.863	1	85
422.033	1	104
422.204	1	86
422.375	1	89
422.545	1	92
422.716	1	86
422.886	1	88
423.057	1	93
423.228	1	76
423.398	1	91
423.569	1	94
423.740	1	89
423.910	1	84
424.081	1	98
424.251	1	89
424.422	1	89
424.593	1	93
424.763	1	95
424.934	1	78
425.104	1	93
425.275	1	103
425.445	1	91
425.616	1	83
425.787	1	84
425.957	1	87
426.128	1	75
426.298	1	85
426.469	1	70
426.640	1	104
426.810	1	92
426.981	1	93
427.151	1	96
427.322	1	96
427.493	1	87
427.663	1	91
427.834	1	98
428.004	1	88
428.175	1	96
428.345	1	88
428.516	1	88
428.687	1	81
428.857	1	86
429.028	1	98
429.198	1	79
429.369	1	81
429.540	1	79
429.710	1	85
429.881	1	81
430.051	1	84
430.222	1	87
430.392	1	98
430.563	1	97
430.734	1	78
430.904	1	81
431.075	1	92
431.245	1	84
431.416	1	79
431.586	1	82
431.757	1	84
431.927	1	86
432.098	1	81
432.269	1	86
432.439	1	87
432.610	1	93
432.780	1	83
432.951	1	79
433.121	1	84
433.292	1	76
433.462	1	77
433.633	1	79
433.804	1	90
433.974	1	73
434.145	1	91
434.315	1	86
434.486	1	80
434.656	1	85
434.827	1	74
434.997	1	82
435.168	1	75
435.339	1	84
435.509	1	82
435.680	1	76
435.850	1	74
436.021	1	85
436.191	1	73
436.362	1	82
436.532	1	91
436.703	1	87
436.873	1	91
437.044	1	85
437.214	1	91
437.385	1	82
437.556	1	73
437.726	1	64
437.897	1	84
438.067	1	73
438.238	1	74
438.408	1	84
438.579	1	90
438.749	1	82
438.920	1	84
439.090	1	85
439.261	1	81
439.431	1	87
439.602	1	81
439.772	1	90
439.943	1	84
440.113	1	71
440.284	1	67
440.455	1	87
440.625	1	94
440.796	1	83
440.966	1	74
441.137	1	89
441.307	1	82
441.478	1	70
441.648	1	72
441.819	1	86
441.989	1	84
442.160	1	73
442.330	1	76
442.501	1	80
442.671	1	83
442.842	1	72
443.012	1	79
443.183	1	66
443.353	1	85
443.524	1	59
443.694	1	78
443.865	1	71
444.035	1	65
444.206	1	74
444.376	1	76
444.547	1	82
444.717	1	77
444.888	1	67
445.058	1	84
445.229	1	74
445.399	1	84
445.570	1	87
445.740	1	75
445.911	1	60
446.081	1	78
446.252	1	76
446.422	1	78
446.593	1	66
446.763	1	82
446.934	1	68
447.104	1	68
447.275	1	68
447.445	1	63
447.616	1	66
447.786	1	75
447.957	1	72
448.127	1	71
448.298	1	64
448.468	1	63
448.639	1	69
448.809	1	80
448.979	1	69
449.150	1	59
449.320	1	57
449.491	1	66
449.661	1	69
449.832	1	57
450.002	1	59
450.173	1	70
450.343	1	73
450.514	1	75
450.684	1	73
450.855	1	70
451.025	1	74
451.196	1	55
451.366	1	69
451.537	1	67
451.707	1	83
451.878	1	60
452.048	1	69
452.218	1	63
452.389	1	83
452.559	1	74
452.730	1	61
452.900	1	81
453.071	1	69
453.241	1	61
453.412	1	77
453.582	1	70
453.753	1	69
453.923	1	72
454.093	1	71
454.264	1	72
454.434	1	75
454.605	1	66
454.775	1	59
454.946	1	57
455.116	1	58
455.287	1	69
455.457	1	63
455.628	1	58
455.798	1	66
455.968	1	65
456.139	1	70
456.309	1	76
456.480	1	69
456.650	1	54
456.821	1	71
456.991	1	62
457.161	1	52
457.332	1	62
457.502	1	66
457.673	1	66
457.843	1	56
458.014	1	65
458.184	1	62
458.355	1	59
458.525	1	62
458.695	1	64
458.866	1	60
459.036	1	68
459.207	1	65
459.377	1	58
459.548	1	77
459.718	1	56
459.888	1	57
460.059	1	55
460.229	1	59
460.400	1	56
460.570	1	69
460.740	1	59
460.911	1	66
461.081	1	57
461.252	1	48
461.422	1	55
461.593	1	72
461.763	1	59
461.933	1	69
462.104	1	62
462.274	1	62
462.445	1	47
462.615	1	58
462.785	1	57
462.956	1	57
463.126	1	60
463.297	1	64
463.467	1	47
463.638	1	52
463.808	1	57
463.978	1	65
464.149	1	53
464.319	1	43
464.490	1	51
464.660	1	70
464.830	1	46
465.001	1	52
465.171	1	48
465.342	1	57
465.512	1	55
465.682	1	58
465.853	1	53
466.023	1	71
466.194	1	51
466.364	1	50
466.534	1	43
466.705	1	60
466.875	1	56
467.045	1	66
467.216	1	52
467.386	1	64
467.557	1	62
467.727	1	47
467.897	1	68
468.068	1	55
468.238	1	53
468.409	1	46
468.579	1	57
468.749	1	59
468.920	1	59
469.090	1	55
469.260	1	59
469.431	1	44
469.601	1	48
469.772	1	46
469.942	1	57
470.112	1	55
470.283	1	53
470.453	1	63
470.623	1	63
470.794	1	55
470.964	1	49
471.135	1	57
471.305	1	52
471.475	1	52
471.646	1	54
471.816	1	49
471.986	1	45
472.157	1	49
472.327	1	47
472.497	1	47
472.668	1	45
472.838	1	50
473.009	1	40
473.179	1	65
473.349	1	43
473.520	1	48
473.690	1	49
473.860	1	48
474.031	1	41
474.201	1	49
474.371	1	57
474.542	1	49
474.712	1	40
474.882	1	52
475.053	1	49
475.223	1	44
475.394	1	49
475.564	1	48
475.734	1	41
475.905	1	47
476.075	1	37
476.245	1	47
476.416	1	47
476.586	1	40
476.756	1	42
476.927	1	49
477.097	1	54
477.267	1	59
477.438	1	42
477.608	1	46
477.778	1	51
477.949	1	53
478.119	1	26
478.289	1	37
478.460	1	42
478.630	1	52
478.800	1	48
478.971	1	41
479.141	1	44
479.311	1	41
479.482	1	29
479.652	1	58
479.822	1	42
479.993	1	53
480.163	1	52
480.333	1	48
480.504	1	33
480.674	1	40
480.844	1	39
481.015	1	51
481.185	1	53
481.355	1	43
481.525	1	31
481.696	1	46
481.866	1	50
482.036	1	39
482.207	1	43
482.377	1	48
482.547	1	45
482.718	1	32
482.888	1	33
483.058	1	55
483.229	1	47
483.399	1	37
483.569	1	42
483.740	1	40
483.910	1	55
484.080	1	54
484.250	1	37
484.421	1	51
484.591	1	52
484.761	1	46
484.932	1	48
485.102	1	34
485.272	1	45
485.443	1	39
485.613	1	31
485.783	1	48
485.953	1	42
486.124	1	41
486.294	1	38
486.464	1	34
486.635	1	33
486.805	1	49
486.975	1	37
487.146	1	34
487.316	1	25
487.486	1	31
487.656	1	51
487.827	1	44
487.997	1	35
488.167	1	50
488.338	1	34
488.508	1	43
488.678	1	39
488.848	1	41
489.019	1	37
489.189	1	34
489.359	1	41
489.529	1	40
489.700	1	29
489.870	1	41
490.040	1	32
490.211	1	45
490.381	1	43
490.551	1	35
490.721	1	42
490.892	1	64
491.062	1	28
491.232	1	38
491.402	1	30
491.573	1	40
491.743	1	33
491.913	1	30
492.084	1	40
492.254	1	51
492.424	1	31
492.594	1	34
492.765	1	43
492.935	1	30
493.105	1	26
493.275	1	30
493.446	1	36
493.616	1	31
493.786	1	25
493.956	1	42
494.127	1	39
494.297	1	32
494.467	1	43
494.637	1	48
494.808	1	27
494.978	1	25
495.148	1	41
495.318	1	23
495.489	1	36
495.659	1	34
495.829	1	34
495.999	1	36
496.170	1	32
496.340	1	37
496.510	1	44
496.680	1	43
496.851	1	32
497.021	1	37
497.191	1	31
497.361	1	36
497.532	1	23
497.702	1	32
497.872	1	37
498.042	1	35
498.213	1	29
498.383	1	44
498.553	1	34
498.723	1	26
498.894	1	40
499.064	1	17
499.234	1	25
499.404	1	40
499.574	1	38
499.745	1	25
499.915	1	31
500.085	1	35
500.255	1	29
500.426	1	26
500.596	1	38
500.766	1	31
500.936	1	35
501.106	1	36
501.277	1	42
501.447	1	28
501.617	1	30
501.787	1	37
501.958	1	33
502.128	1	37
502.298	1	34
502.468	1	37
502.638	1	42
502.809	1	32
502.979	1	40
503.149	1	33
503.319	1	26
503.489	1	27
503.660	1	40
503.830	1	28
504.000	1	24
504.170	1	28
504.340	1	35
504.511	1	34
504.681	1	32
504.851	1	27
505.021	1	37
505.192	1	30
505.362	1	34
505.532	1	34
505.702	1	23
505.872	1	37
506.043	1	21
506.213	1	22
506.383	1	24
506.553	1	33
506.723	1	26
506.893	1	21
507.064	1	35
507.234	1	30
507.404	1	28
507.574	1	29
507.744	1	26
507.915	1	28
508.085	1	36
508.255	1	31
508.425	1	19
508.595	1	25
508.766	1	31
508.936	1	28
509.106	1	31
509.276	1	25
509.446	1	22
509.616	1	40
509.787	1	21
509.957	1	31
510.127	1	32
510.297	1	22
510.467	1	37
510.638	1	28
510.808	1	22
510.978	1	33
511.148	1	23
511.318	1	36
511.488	1	24
511.659	1	7
511.829	1	23
511.999	1	28
512.169	1	21
512.339	1	25
512.509	1	39
512.680	1	23
512.850	1	24
513.020	1	33
513.190	1	20
513.360	1	22
513.530	1	27
513.700	1	14
513.871	1	33
514.041	1	29
514.211	1	36
514.381	1	25
514.551	1	19
514.721	1	15
514.892	1	24
515.062	1	19
515.232	1	19
515.402	1	31
515.572	1	27
515.742	1	25
515.912	1	31
516.083	1	18
516.253	1	16
516.423	1	20
516.593	1	16
516.763	1	18
516.933	1	18
517.104	1	17
517.274	1	29
517.444	1	20
517.614	1	28
517.784	1	21
517.954	1	23
518.124	1	24
518.294	1	24
518.465	1	28
518.635	1	25
518.805	1	14
518.975	1	21
519.145	1	29
519.315	1	14
519.485	1	18
519.656	1	38
519.826	1	24
519.996	1	5
520.166	1	23
520.336	1	18
520.506	1	22
520.676	1	19
520.846	1	20
521.017	1	7
521.187	1	18
521.357	1	17
521.527	1	24
521.697	1	22
521.867	1	15
522.037	1	26
522.207	1	18
522.377	1	18
522.548	1	24
522.718	1	17
522.888	1	8
523.058	1	14
523.228	1	23
523.398	1	18
523.568	1	12
523.738	1	15
523.909	1	24
524.079	1	21
524.249	1	11
524.419	1	15
524.589	1	21
524.759	1	21
524.929	1	19
525.099	1	28
525.269	1	28
525.439	1	13
525.610	1	23
525.780	1	20
525.950	1	17
526.120	1	16
526.290	1	21
526.460	1	23
526.630	1	27
526.800	1	22
526.970	1	17
527.140	1	16
527.311	1	9
527.481	1	21
527.651	1	15
527.821	1	12
527.991	1	18
528.161	1	26
528.331	1	16
528.501	1	28
528.671	1	19
528.841	1	18
529.011	1	12
529.181	1	15
529.352	1	11
529.522	1	8
529.692	1	17
529.862	1	23
530.032	1	8
530.202	1	15
530.372	1	23
530.542	1	26
530.712	1	2
530.882	1	14
531.052	1	13
531.222	1	13
531.392	1	13
531.563	1	10
531.733	1	26
531.903	1	19
532.073	1	18
532.243	1	23
532.413	1	20
532.583	1	7
532.753	1	19
532.923	1	22
533.093	1	9
533.263	1	10
533.433	1	21
533.603	1	19
533.773	1	16
533.943	1	19
534.113	1	15
534.284	1	16
534.454	1	7
534.624	1	14
534.794	1	13
534.964	1	19
535.134	1	7
535.304	1	25
535.474	1	11
535.644	1	29
535.814	1	6
535.984	1	3
536.154	1	19
536.324	1	5
536.494	1	19
536.664	1	6
536.834	1	11
537.004	1	11
537.174	1	23
537.344	1	19
537.514	1	16
537.685	1	16
537.855	1	15
538.025	1	11
538.195	1	18
538.365	1	23
538.535	1	18
538.705	1	1
538.875	1	14
539.045	1	21
539.215	1	32
539.385	1	4
539.555	1	17
539.725	1	19
539.895	1	19
540.065	1	10
540.235	1	7
540.405	1	21
540.575	1	12
540.745	1	17
540.915	1	24
541.085	1	13
541.255	1	10
541.425	1	14
541.595	1	14
541.765	1	8
541.935	1	14
542.105	1	14
542.275	1	10
542.445	1	17
542.615	1	16
542.785	1	23
542.955	1	10
543.125	1	7
543.295	1	24
543.465	1	6
543.635	1	0
543.805	1	9
543.975	1	0
544.145	1	8
544.315	1	8
544.485	1	12
544.655	1	28
544.825	1	22
544.995	1	16
545.165	1	15
545.335	1	9
545.505	1	9
545.675	1	13
545.845	1	14
546.015	1	14
546.185	1	5
546.355	1	15
546.525	1	-5
546.695	1	11
546.865	1	3
547.035	1	10
547.205	1	21
547.375	1	15
547.545	1	11
547.715	1	15
547.885	1	14
548.055	1	20
548.225	1	12
548.395	1	21
548.565	1	11
548.735	1	11
548.905	1	19
549.075	1	20
549.245	1	19
549.415	1	17
549.585	1	11
549.755	1	14
549.925	1	12
550.095	1	10
550.265	1	12
550.435	1	14
550.605	1	5
550.775	1	26
550.945	1	9
551.115	1	10
551.285	1	5
551.455	1	-2
551.625	1	16
551.795	1	14
551.965	1	18
552.135	1	6
552.305	1	10
552.475	1	26
552.645	1	20
552.815	1	10
552.985	1	6
553.155	1	5
553.325	1	4
553.495	1	11
553.665	1	11
553.835	1	7
554.004	1	0
554.174	1	4
554.344	1	1
554.514	1	14
554.684	1	9
554.854	1	7
555.024	1	24
555.194	1	23
555.364	1	5
555.534	1	20
555.704	1	6
555.874	1	13
556.044	1	10
556.214	1	-3
556.384	1	20
556.554	1	7
556.724	1	-1
556.894	1	16
557.064	1	9
557.234	1	6
557.404	1	16
557.573	1	8
557.743	1	4
557.913	1	6
558.083	1	5
558.253	1	2
558.423	1	12
558.593	1	16
558.763	1	21
558.933	1	14
559.103	1	6
559.273	1	7
559.443	1	10
559.613	1	7
559.783	1	10
559.953	1	8
560.122	1	12
560.292	1	12
560.462	1	13
560.632	1	19
560.802	1	7
560.972	1	9
561.142	1	9
561.312	1	6
561.482	1	5
561.652	1	14
561.822	1	10
561.992	1	18
562.162	1	16
562.331	1	8
562.501	1	12
562.671	1	7
562.841	1	22
563.011	1	20
563.181	1	17
563.351	1	7
563.521	1	18
563.691	1	10
563.861	1	15
564.031	1	7
564.201	1	5
564.370	1	17
564.540	1	20
564.710	1	14
564.880	1	13
565.050	1	7
565.220	1	6
565.390	1	8
565.560	1	8
565.730	1	14
565.900	1	10
566.069	1	13
566.239	1	-4
566.409	1	15
566.579	1	19
566.749	1	18
566.919	1	10
567.089	1	-3
567.259	1	12
567.429	1	6
567.599	1	12
567.768	1	14
567.938	1	2
568.108	1	13
568.278	1	11
568.448	1	10
568.618	1	17
568.788	1	7
568.958	1	17
569.128	1	14
569.297	1	5
569.467	1	19
569.637	1	1
569.807	1	8
569.977	1	10
570.147	1	-2
570.317	1	22
570.487	1	11
570.656	1	6
570.826	1	17
570.996	1	5
571.166	1	8
571.336	1	23
571.506	1	-2
571.676	1	5
571.846	1	3
572.015	1	9
572.185	1	11
572.355	1	7
572.525	1	8
572.695	1	8
572.865	1	9
573.035	1	12
573.205	1	8
573.374	1	13
573.544	1	14
573.714	1	16
573.884	1	9
574.054	1	17
574.224	1	5
574.394	1	6
574.563	1	3
574.733	1	5
574.903	1	11
575.073	1	5
575.243	1	4
575.413	1	12
575.583	1	12
575.752	1	4
575.922	1	6
576.092	1	9
576.262	1	10
576.432	1	11
576.602	1	0
576.772	1	0
576.941	1	15
577.111	1	13
577.281	1	11
577.451	1	14
577.621	1	5
577.791	1	-7
577.960	1	17
578.130	1	4
578.300	1	9
578.470	1	14
578.640	1	12
578.810	1	16
578.979	1	25
579.149	1	2
579.319	1	5
579.489	1	8
579.659	1	6
579.829	1	1
579.998	1	7
580.168	1	8
580.338	1	15
580.508	1	13
580.678	1	7
580.848	1	13
581.017	1	33
581.187	1	17
581.357	1	6
581.527	1	9
581.697	1	6
581.867	1	15
582.036	1	9
582.206	1	17
582.376	1	3
582.546	1	0
582.716	1	9
582.885	1	8
583.055	1	6
583.225	1	2
583.395	1	12
583.565	1	24
583.735	1	0
583.904	1	1
584.074	1	9
584.244	1	8
584.414	1	5
584.584	1	2
584.753	1	12
584.923	1	14
585.093	1	7
585.263	1	14
585.433	1	0
585.602	1	11
585.772	1	10
585.942	1	5
586.112	1	6
586.282	1	15
586.451	1	7
586.621	1	13
586.791	1	15
586.961	1	6
587.131	1	13
587.300	1	-10
587.470	1	13
587.640	1	9
587.810	1	0
587.980	1	13
588.149	1	22
588.319	1	8
588.489	1	14
588.659	1	0
588.829	1	4
588.998	1	19
589.168	1	3
589.338	1	15
589.508	1	15
589.677	1	14
589.847	1	6
590.017	1	13
590.187	1	9
590.357	1	4
590.526	1	17
590.696	1	14
590.866	1	14
591.036	1	8
591.205	1	0
591.375	1	5
591.545	1	6
591.715	1	11
591.885	1	11
592.054	1	14
592.224	1	6
592.394	1	8
592.564	1	2
592.733	1	10
592.903	1	6
593.073	1	9
593.243	1	14
593.412	1	0
593.582	1	17
593.752	1	21
593.922	1	7
594.091	1	10
594.261	1	6
594.431	1	8
594.601	1	8
594.771	1	0
594.940	1	14
595.110	1	10
595.280	1	13
595.450	1	7
595.619	1	11
595.789	1	4
595.959	1	9
596.129	1	11
596.298	1	8
596.468	1	9
596.638	1	12
596.808	1	19
596.977	1	21
597.147	1	10
597.317	1	9
597.487	1	2
597.656	1	19
597.826	1	6
597.996	1	13
598.166	1	8
598.335	1	13
598.505	1	21
598.675	1	-1
598.844	1	9
599.014	1	7
599.184	1	25
599.354	1	2
599.523	1	7
599.693	1	16
599.863	1	9
600.033	1	6
600.202	1	10
600.372	1	7
600.542	1	15
600.712	1	8
600.881	1	5
601.051	1	6
601.221	1	12
601.390	1	8
601.560	1	3
601.730	1	18
601.900	1	8
602.069	1	7
602.239	1	4
602.409	1	16
602.578	1	6
602.748	1	15
602.918	1	10
603.088	1	12
603.257	1	20
603.427	1	16
603.597	1	6
603.767	1	10
603.936	1	17
604.106	1	19
604.276	1	7
604.445	1	7
604.615	1	5
604.785	1	0
604.954	1	13
605.124	1	0
605.294	1	10
605.464	1	19
605.633	1	18
605.803	1	-1
605.973	1	11
606.142	1	12
606.312	1	6
606.482	1	11
606.652	1	16
606.821	1	15
606.991	1	13
607.161	1	19
607.330	1	6
607.500	1	11
607.670	1	4
607.839	1	20
608.009	1	-3
608.179	1	7
608.348	1	26
608.518	1	10
608.688	1	15
608.858	1	10
609.027	1	9
609.197	1	22
609.367	1	7
609.536	1	4
609.706	1	4
609.876	1	3
610.045	1	12
610.215	1	17
610.385	1	10
610.554	1	6
610.724	1	16
610.894	1	13
611.063	1	2
611.233	1	15
611.403	1	12
611.572	1	19
611.742	1	3
611.912	1	24
612.081	1	9
612.251	1	21
612.421	1	9
612.590	1	1
612.760	1	8
612.930	1	4
613.099	1	15
613.269	1	13
613.439	1	19
613.608	1	18
613.778	1	7
613.948	1	19
614.117	1	14
614.287	1	12
614.457	1	4
614.626	1	9
614.796	1	11
614.966	1	9
615.135	1	7
615.305	1	14
615.475	1	11
615.644	1	16
615.814	1	13
615.984	1	5
616.153	1	5
616.323	1	6
616.493	1	20
616.662	1	10
616.832	1	17
617.002	1	13
617.171	1	17
617.341	1	6
617.511	1	17
617.680	1	16
617.850	1	8
618.019	1	5
618.189	1	18
618.359	1	17
618.528	1	14
618.698	1	11
618.868	1	25
619.037	1	7
619.207	1	15
619.377	1	11
619.546	1	19
619.716	1	11
619.885	1	21
620.055	1	17
620.225	1	14
620.394	1	14
620.564	1	16
620.734	1	-8
620.903	1	8
621.073	1	7
621.242	1	10
621.412	1	12
621.582	1	8
621.751	1	-1
621.921	1	14
622.091	1	16
622.260	1	20
622.430	1	13
622.599	1	14
622.769	1	16
622.939	1	10
623.108	1	8
623.278	1	13
623.448	1	1
623.617	1	13
623.787	1	28
623.956	1	10
624.126	1	29
624.296	1	21
624.465	1	2
624.635	1	7
624.804	1	8
624.974	1	18
625.144	1	17
625.313	1	12
625.483	1	13
625.652	1	14
625.822	1	12
625.992	1	16
626.161	1	6
626.331	1	13
626.501	1	20
626.670	1	13
626.840	1	10
627.009	1	16
627.179	1	11
627.348	1	19
627.518	1	13
627.688	1	13
627.857	1	6
628.027	1	11
628.196	1	16
628.366	1	10
628.536	1	13
628.705	1	12
628.875	1	10
629.044	1	7
629.214	1	13
629.384	1	19
629.553	1	24
629.723	1	16
629.892	1	14
630.062	1	21
630.232	1	7
630.401	1	5
630.571	1	8
630.740	1	15
630.910	1	18
631.079	1	12
631.249	1	9
631.419	1	11
631.588	1	6
631.758	1	10
631.927	1	4
632.097	1	22
632.266	1	21
632.436	1	11
632.606	1	21
632.775	1	10
632.945	1	12
633.114	1	11
633.284	1	9
633.453	1	16
633.623	1	18
633.793	1	20
633.962	1	4
634.132	1	29
634.301	1	14
634.471	1	17
634.640	1	24
634.810	1	16
634.979	1	23
635.149	1	12
635.319	1	13
635.488	1	14
635.658	1	4
635.827	1	14
635.997	1	5
636.166	1	25
636.336	1	5
636.505	1	27
636.675	1	6
636.845	1	19
637.014	1	21
637.184	1	15
637.353	1	9
637.523	1	13
637.692	1	19
637.862	1	4
638.031	1	15
638.201	1	20
638.370	1	16
638.540	1	12
638.710	1	10
638.879	1	12
639.049	1	15
639.218	1	15
639.388	1	20
639.557	1	17
639.727	1	12
639.896	1	13
640.066	1	16
640.235	1	11
640.405	1	14
640.574	1	19
640.744	1	12
640.914	1	22
641.083	1	6
641.253	1	13
641.422	1	18
641.592	1	13
641.761	1	23
641.931	1	3
642.100	1	15
642.270	1	19
642.439	1	12
642.609	1	28
642.778	1	31
642.948	1	6
643.117	1	20
643.287	1	15
643.456	1	4
643.626	1	14
643.795	1	12
643.965	1	25
644.134	1	12
644.304	1	22
644.473	1	10
644.643	1	19
644.812	1	27
644.982	1	11
645.151	1	9
645.321	1	21
645.490	1	25
645.660	1	18
645.829	1	12
645.999	1	25
646.168	1	28
646.338	1	16
646.507	1	1
646.677	1	17
646.846	1	18
647.016	1	14
647.185	1	14
647.355	1	16
647.524	1	29
647.694	1	17
647.863	1	11
648.033	1	24
648.202	1	14
648.372	1	18
648.541	1	13
648.711	1	23
648.880	1	29
649.050	1	30
649.219	1	14
649.389	1	17
649.558	1	10
649.728	1	14
649.897	1	6
650.067	1	1
650.236	1	18
650.406	1	4
650.575	1	22
650.745	1	17
650.914	1	14
651.084	1	12
651.253	1	13
651.423	1	9
651.592	1	19
651.762	1	14
651.931	1	22
652.101	1	17
652.270	1	22
652.440	1	15
652.609	1	20
652.778	1	13
652.948	1	11
653.117	1	26
653.287	1	21
653.456	1	18
653.626	1	17
653.795	1	22
653.965	1	23
654.134	1	17
654.304	1	23
654.473	1	22
654.643	1	19
654.812	1	19
654.982	1	22
655.151	1	27
655.320	1	6
655.490	1	13
655.659	1	23
655.829	1	15
655.998	1	17
656.168	1	9
656.337	1	27
656.507	1	16
656.676	1	22
656.846	1	2
657.015	1	29
657.184	1	15
657.354	1	10
657.523	1	24
657.693	1	19
657.862	1	19
658.032	1	11
658.201	1	28
658.371	1	13
658.540	1	25
658.709	1	26
658.879	1	6
659.048	1	13
659.218	1	18
659.387	1	25
659.557	1	22
659.726	1	24
659.895	1	14
660.065	1	23
660.234	1	19
660.404	1	34
660.573	1	18
660.743	1	21
660.912	1	21
661.081	1	9
661.251	1	12
661.420	1	20
661.590	1	14
661.759	1	14
661.929	1	22
662.098	1	20
662.267	1	24
662.437	1	17
662.606	1	16
662.776	1	19
662.945	1	37
663.115	1	15
663.284	1	13
663.453	1	20
663.623	1	10
663.792	1	16
663.962	1	25
664.131	1	18
664.300	1	13
664.470	1	8
664.639	1	15
664.809	1	19
664.978	1	21
665.148	1	32
665.317	1	12
665.486	1	17
665.656	1	16
665.825	1	15
665.995	1	20
666.164	1	20
666.333	1	18
666.503	1	32
666.672	1	23
666.842	1	3
667.011	1	20
667.180	1	21
667.350	1	25
667.519	1	21
667.689	1	31
667.858	1	32
668.027	1	12
668.197	1	21
668.366	1	27
668.536	1	14
668.705	1	30
668.874	1	33
669.044	1	21
669.213	1	14
669.382	1	41
669.552	1	12
669.721	1	17
669.891	1	7
670.060	1	20
670.229	1	17
670.399	1	21
670.568	1	32
670.738	1	10
670.907	1	15
671.076	1	19
671.246	1	11
671.415	1	19
671.584	1	17
671.754	1	22
671.923	1	20
672.093	1	37
672.262	1	27
672.431	1	31
672.601	1	18
672.770	1	8
672.939	1	19
673.109	1	23
673.278	1	15
673.448	1	13
673.617	1	18
673.786	1	12
