325.333	1	11
325.504	1	22
325.675	1	9
325.846	1	9
326.017	1	11
326.188	1	18
326.359	1	17
326.531	1	17
326.702	1	24
326.873	1	15
327.044	1	14
327.215	1	13
327.386	1	13
327.557	1	22
327.728	1	-9
327.899	1	18
328.070	1	26
328.241	1	19
328.412	1	10
328.583	1	26
328.754	1	12
328.926	1	12
329.097	1	24
329.268	1	24
329.439	1	16
329.610	1	10
329.781	1	22
329.952	1	15
330.123	1	9
330.294	1	9
330.465	1	24
330.636	1	12
330.807	1	19
330.978	1	20
331.149	1	19
331.320	1	17
331.492	1	20
331.663	1	18
331.834	1	25
332.005	1	13
332.176	1	17
332.347	1	15
332.518	1	12
332.689	1	16
332.860	1	9
333.031	1	20
333.202	1	30
333.373	1	13
333.544	1	10
333.715	1	19
333.886	1	23
334.057	1	13
334.228	1	22
334.399	1	13
334.570	1	24
334.741	1	13
334.912	1	23
335.084	1	18
335.255	1	18
335.426	1	23
335.597	1	26
335.768	1	17
335.939	1	29
336.110	1	20
336.281	1	18
336.452	1	32
336.623	1	20
336.794	1	15
336.965	1	22
337.136	1	26
337.307	1	29
337.478	1	21
337.649	1	21
337.820	1	13
337.991	1	24
338.162	1	21
338.333	1	25
338.504	1	17
338.675	1	22
338.846	1	19
339.017	1	24
339.188	1	24
339.359	1	19
339.530	1	23
339.701	1	25
339.872	1	22
340.043	1	20
340.214	1	16
340.385	1	31
340.556	1	26
340.727	1	32
340.898	1	24
341.069	1	30
341.240	1	33
341.411	1	34
341.582	1	27
341.753	1	17
341.924	1	24
342.095	1	26
342.266	1	23
342.437	1	19
342.608	1	28
342.779	1	31
342.950	1	27
343.121	1	33
343.292	1	37
343.463	1	21
343.634	1	38
343.805	1	32
343.976	1	22
344.147	1	40
344.318	1	38
344.489	1	23
344.660	1	42
344.831	1	34
345.002	1	23
345.173	1	31
345.344	1	33
345.515	1	28
345.686	1	31
345.857	1	41
346.028	1	31
346.199	1	45
346.370	1	31
346.541	1	37
346.712	1	31
346.883	1	34
347.054	1	20
347.225	1	23
347.396	1	43
347.567	1	29
347.738	1	38
347.909	1	36
348.080	1	21
348.251	1	36
348.422	1	37
348.593	1	27
348.764	1	32
348.935	1	35
349.106	1	23
349.277	1	48
349.448	1	45
349.619	1	36
349.790	1	40
349.961	1	38
350.132	1	37
350.303	1	45
350.474	1	40
350.645	1	24
350.816	1	49
350.987	1	34
351.157	1	34
351.328	1	35
351.499	1	35
351.670	1	44
351.841	1	33
352.012	1	42
352.183	1	25
352.354	1	44
352.525	1	34
352.696	1	32
352.867	1	33
353.038	1	37
353.209	1	46
353.380	1	50
353.551	1	50
353.722	1	47
353.893	1	39
354.064	1	38
354.235	1	44
354.406	1	33
354.576	1	44
354.747	1	54
354.918	1	48
355.089	1	44
355.260	1	39
355.431	1	52
355.602	1	43
355.773	1	48
355.944	1	44
356.115	1	36
356.286	1	50
356.457	1	42
356.628	1	49
356.799	1	36
356.970	1	40
357.141	1	63
357.311	1	53
357.482	1	46
357.653	1	44
357.824	1	59
357.995	1	44
358.166	1	45
358.337	1	37
358.508	1	48
358.679	1	39
358.850	1	50
359.021	1	48
359.192	1	51
359.363	1	52
359.533	1	48
359.704	1	49
359.875	1	62
360.046	1	48
360.217	1	43
360.388	1	49
360.559	1	50
360.730	1	40
360.901	1	50
361.072	1	51
361.243	1	43
361.414	1	49
361.584	1	50
361.755	1	65
361.926	1	48
362.097	1	51
362.268	1	46
362.439	1	45
362.610	1	55
362.781	1	36
362.952	1	55
363.123	1	68
363.293	1	46
363.464	1	43
363.635	1	54
363.806	1	48
363.977	1	52
364.148	1	45
364.319	1	52
364.490	1	55
364.661	1	59
364.832	1	56
365.002	1	59
365.173	1	48
365.344	1	49
365.515	1	49
365.686	1	54
365.857	1	51
366.028	1	43
366.199	1	60
366.370	1	58
366.540	1	62
366.711	1	50
366.882	1	49
367.053	1	53
367.224	1	37
367.395	1	48
367.566	1	57
367.737	1	53
367.908	1	50
368.078	1	66
368.249	1	55
368.420	1	49
368.591	1	52
368.762	1	50
368.933	1	42
369.104	1	46
369.274	1	47
369.445	1	57
369.616	1	53
369.787	1	52
369.958	1	62
370.129	1	53
370.300	1	52
370.471	1	56
370.641	1	53
370.812	1	51
370.983	1	46
371.154	1	61
371.325	1	58
371.496	1	54
371.667	1	63
371.837	1	59
372.008	1	50
372.179	1	56
372.350	1	54
372.521	1	59
372.692	1	53
372.863	1	51
373.033	1	60
373.204	1	47
373.375	1	55
373.546	1	65
373.717	1	43
373.888	1	56
374.059	1	64
374.229	1	60
374.400	1	50
374.571	1	53
374.742	1	55
374.913	1	44
375.084	1	58
375.254	1	56
375.425	1	49
375.596	1	50
375.767	1	60
375.938	1	44
376.109	1	46
376.279	1	55
376.450	1	54
376.621	1	73
376.792	1	55
376.963	1	56
377.134	1	63
377.304	1	53
377.475	1	46
377.646	1	42
377.817	1	43
377.988	1	51
378.159	1	49
378.329	1	73
378.500	1	62
378.671	1	58
378.842	1	56
379.013	1	61
379.184	1	70
379.354	1	41
379.525	1	54
379.696	1	58
379.867	1	57
380.038	1	48
380.209	1	62
380.379	1	63
380.550	1	63
380.721	1	63
380.892	1	69
381.063	1	58
381.233	1	60
381.404	1	62
381.575	1	58
381.746	1	58
381.917	1	57
382.087	1	65
382.258	1	59
382.429	1	73
382.600	1	59
382.771	1	73
382.941	1	63
383.112	1	53
383.283	1	74
383.454	1	58
383.625	1	66
383.795	1	69
383.966	1	70
384.137	1	72
384.308	1	70
384.479	1	57
384.649	1	66
384.820	1	57
384.991	1	58
385.162	1	70
385.333	1	68
385.503	1	60
385.674	1	58
385.845	1	70
386.016	1	62
386.187	1	60
386.357	1	72
386.528	1	53
386.699	1	63
386.870	1	74
387.041	1	59
387.211	1	70
387.382	1	67
387.553	1	71
387.724	1	62
387.894	1	62
388.065	1	62
388.236	1	67
388.407	1	69
388.578	1	59
388.748	1	62
388.919	1	78
389.090	1	72
389.261	1	82
389.431	1	59
389.602	1	81
389.773	1	64
389.944	1	57
390.114	1	77
390.285	1	59
390.456	1	64
390.627	1	74
390.798	1	74
390.968	1	77
391.139	1	68
391.310	1	88
391.481	1	58
391.651	1	71
391.822	1	68
391.993	1	80
392.164	1	64
392.334	1	78
392.505	1	56
392.676	1	77
392.847	1	69
393.017	1	79
393.188	1	77
393.359	1	87
393.530	1	74
393.700	1	70
393.871	1	68
394.042	1	63
394.213	1	80
394.383	1	83
394.554	1	66
394.725	1	79
394.896	1	67
395.066	1	72
395.237	1	71
395.408	1	68
395.579	1	78
395.749	1	64
395.920	1	75
396.091	1	70
396.262	1	73
396.432	1	67
396.603	1	73
396.774	1	64
396.945	1	81
397.115	1	75
397.286	1	73
397.457	1	73
397.627	1	75
397.798	1	60
397.969	1	63
398.140	1	67
398.310	1	74
398.481	1	70
398.652	1	78
398.823	1	69
398.993	1	77
399.164	1	81
399.335	1	78
399.505	1	83
399.676	1	76
399.847	1	81
400.018	1	73
400.188	1	79
400.359	1	71
400.530	1	77
400.700	1	77
400.871	1	89
401.042	1	68
401.213	1	65
401.383	1	77
401.554	1	83
401.725	1	81
401.895	1	76
402.066	1	76
402.237	1	89
402.408	1	83
402.578	1	98
402.749	1	78
402.920	1	73
403.090	1	75
403.261	1	88
403.432	1	70
403.603	1	60
403.773	1	91
403.944	1	82
404.115	1	76
404.285	1	70
404.456	1	87
404.627	1	71
404.797	1	71
404.968	1	81
405.139	1	76
405.310	1	69
405.480	1	84
405.651	1	91
405.822	1	88
405.992	1	81
406.163	1	79
406.334	1	73
406.504	1	74
406.675	1	69
406.846	1	80
407.016	1	67
407.187	1	74
407.358	1	81
407.528	1	79
407.699	1	82
407.870	1	70
408.041	1	80
408.211	1	75
408.382	1	84
408.553	1	76
408.723	1	83
408.894	1	80
409.065	1	80
409.235	1	80
409.406	1	74
409.577	1	86
409.747	1	78
409.918	1	68
410.089	1	73
410.259	1	86
410.430	1	73
410.601	1	78
410.771	1	75
410.942	1	85
411.113	1	67
411.283	1	82
411.454	1	75
411.625	1	80
411.795	1	80
411.966	1	86
412.137	1	78
412.307	1	78
412.478	1	80
412.649	1	83
412.819	1	76
412.990	1	82
413.161	1	83
413.331	1	89
413.502	1	78
413.672	1	77
413.843	1	84
414.014	1	84
414.184	1	71
414.355	1	94
414.526	1	78
414.696	1	82
414.867	1	77
415.038	1	69
415.208	1	83
415.379	1	76
415.550	1	92
415.720	1	82
415.891	1	73
416.062	1	66
416.232	1	71
416.403	1	81
416.573	1	84
416.744	1	75
416.915	1	92
417.085	1	87
417.256	1	88
417.427	1	80
417.597	1	68
417.768	1	75
417.939	1	94
418.109	1	61
418.280	1	70
418.450	1	74
418.621	1	74
418.792	1	77
418.962	1	79
419.133	1	71
419.304	1	67
419.474	1	65
419.645	1	78
419.815	1	78
419.986	1	71
420.157	1	65
420.327	1	68
420.498	1	64
420.669	1	75
420.839	1	65
421.010	1	80
421.180	1	83
421.351	1	83
421.522	1	75
421.692	1	86
421.863	1	67
422.033	1	81
422.204	1	83
422.375	1	74
422.545	1	65
422.716	1	72
422.886	1	73
423.057	1	74
423.228	1	62
423.398	1	69
423.569	1	72
423.740	1	67
423.910	1	71
424.081	1	69
424.251	1	61
424.422	1	70
424.593	1	72
424.763	1	71
424.934	1	67
425.104	1	75
425.275	1	73
425.445	1	83
425.616	1	67
425.787	1	66
425.957	1	75
426.128	1	63
426.298	1	72
426.469	1	70
426.640	1	72
426.810	1	63
426.981	1	71
427.151	1	80
427.322	1	83
427.493	1	60
427.663	1	78
427.834	1	72
428.004	1	74
428.175	1	74
428.345	1	69
428.516	1	78
428.687	1	71
428.857	1	75
429.028	1	76
429.198	1	48
429.369	1	63
429.540	1	68
429.710	1	72
429.881	1	56
430.051	1	66
430.222	1	70
430.392	1	75
430.563	1	72
430.734	1	75
430.904	1	75
431.075	1	75
431.245	1	74
431.416	1	60
431.586	1	52
431.757	1	69
431.927	1	66
432.098	1	61
432.269	1	68
432.439	1	81
432.610	1	89
432.780	1	77
432.951	1	65
433.121	1	66
433.292	1	57
433.462	1	67
433.633	1	65
433.804	1	77
433.974	1	57
434.145	1	66
434.315	1	66
434.486	1	70
434.656	1	65
434.827	1	58
434.997	1	64
435.168	1	66
435.339	1	69
435.509	1	72
435.680	1	66
435.850	1	59
436.021	1	65
436.191	1	57
436.362	1	71
436.532	1	72
436.703	1	64
436.873	1	65
437.044	1	58
437.214	1	71
437.385	1	66
437.556	1	61
437.726	1	56
437.897	1	64
438.067	1	55
438.238	1	64
438.408	1	74
438.579	1	78
438.749	1	67
438.920	1	63
439.090	1	70
439.261	1	63
439.431	1	63
439.602	1	74
439.772	1	80
439.943	1	68
440.113	1	55
440.284	1	68
440.455	1	72
440.625	1	73
440.796	1	67
440.966	1	55
441.137	1	65
441.307	1	73
441.478	1	70
441.648	1	70
441.819	1	64
441.989	1	62
442.160	1	48
442.330	1	65
442.501	1	74
442.671	1	65
442.842	1	56
443.012	1	65
443.183	1	61
443.353	1	72
443.524	1	51
443.694	1	59
443.865	1	57
444.035	1	51
444.206	1	63
444.376	1	57
444.547	1	55
444.717	1	71
444.888	1	56
445.058	1	73
445.229	1	65
445.399	1	64
445.570	1	80
445.740	1	63
445.911	1	47
446.081	1	56
446.252	1	62
446.422	1	57
446.593	1	56
446.763	1	76
446.934	1	45
447.104	1	62
447.275	1	56
447.445	1	50
447.616	1	56
447.786	1	62
447.957	1	54
448.127	1	61
448.298	1	52
448.468	1	53
448.639	1	62
448.809	1	58
448.979	1	55
449.150	1	53
449.320	1	56
449.491	1	52
449.661	1	66
449.832	1	52
450.002	1	45
450.173	1	59
450.343	1	61
450.514	1	57
450.684	1	59
450.855	1	61
451.025	1	56
451.196	1	46
451.366	1	51
451.537	1	61
451.707	1	58
451.878	1	48
452.048	1	58
452.218	1	59
452.389	1	53
452.559	1	52
452.730	1	58
452.900	1	59
453.071	1	48
453.241	1	47
453.412	1	52
453.582	1	55
453.753	1	55
453.923	1	57
454.093	1	51
454.264	1	51
454.434	1	68
454.605	1	50
454.775	1	41
454.946	1	49
455.116	1	55
455.287	1	62
455.457	1	54
455.628	1	48
455.798	1	46
455.968	1	53
456.139	1	62
456.309	1	59
456.480	1	54
456.650	1	48
456.821	1	51
456.991	1	54
457.161	1	50
457.332	1	68
457.502	1	60
457.673	1	52
457.843	1	49
458.014	1	55
458.184	1	55
458.355	1	44
458.525	1	45
458.695	1	61
458.866	1	61
459.036	1	53
459.207	1	54
459.377	1	50
459.548	1	59
459.718	1	38
459.888	1	61
460.059	1	52
460.229	1	45
460.400	1	50
460.570	1	53
460.740	1	46
460.911	1	49
461.081	1	45
461.252	1	41
461.422	1	40
461.593	1	41
461.763	1	54
461.933	1	54
462.104	1	49
462.274	1	54
462.445	1	52
462.615	1	53
462.785	1	43
462.956	1	46
463.126	1	48
463.297	1	51
463.467	1	51
463.638	1	41
463.808	1	49
463.978	1	45
464.149	1	47
464.319	1	39
464.490	1	44
464.660	1	61
464.830	1	43
465.001	1	38
465.171	1	39
465.342	1	33
465.512	1	51
465.682	1	56
465.853	1	49
466.023	1	60
466.194	1	35
466.364	1	45
466.534	1	34
466.705	1	48
466.875	1	49
467.045	1	47
467.216	1	38
467.386	1	39
467.557	1	47
467.727	1	47
467.897	1	63
468.068	1	40
468.238	1	36
468.409	1	47
468.579	1	47
468.749	1	51
468.920	1	55
469.090	1	34
469.260	1	49
469.431	1	44
469.601	1	38
469.772	1	43
469.942	1	45
470.112	1	49
470.283	1	46
470.453	1	43
470.623	1	44
470.794	1	44
470.964	1	40
471.135	1	52
471.305	1	37
471.475	1	43
471.646	1	52
471.816	1	50
471.986	1	49
472.157	1	45
472.327	1	42
472.497	1	43
472.668	1	40
472.838	1	46
473.009	1	33
473.179	1	42
473.349	1	30
473.520	1	35
473.690	1	42
473.860	1	30
474.031	1	38
474.201	1	45
474.371	1	51
474.542	1	52
474.712	1	30
474.882	1	34
475.053	1	35
475.223	1	34
475.394	1	35
475.564	1	43
475.734	1	38
475.905	1	42
476.075	1	39
476.245	1	41
476.416	1	39
476.586	1	36
476.756	1	34
476.927	1	44
477.097	1	42
477.267	1	44
477.438	1	39
477.608	1	41
477.778	1	41
477.949	1	45
478.119	1	41
478.289	1	32
478.460	1	34
478.630	1	48
478.800	1	48
478.971	1	39
479.141	1	28
479.311	1	31
479.482	1	23
479.652	1	35
479.822	1	38
479.993	1	51
480.163	1	43
480.333	1	38
480.504	1	42
480.674	1	31
480.844	1	28
481.015	1	37
481.185	1	36
481.355	1	39
481.525	1	21
481.696	1	37
481.866	1	35
482.036	1	45
482.207	1	36
482.377	1	27
482.547	1	30
482.718	1	33
482.888	1	22
483.058	1	36
483.229	1	44
483.399	1	38
483.569	1	27
483.740	1	39
483.910	1	44
484.080	1	44
484.250	1	43
484.421	1	36
484.591	1	42
484.761	1	41
484.932	1	34
485.102	1	24
485.272	1	25
485.443	1	34
485.613	1	30
485.783	1	26
485.953	1	31
486.124	1	40
486.294	1	32
486.464	1	43
486.635	1	29
486.805	1	42
486.975	1	35
487.146	1	35
487.316	1	26
487.486	1	34
487.656	1	34
487.827	1	33
487.997	1	35
488.167	1	33
488.338	1	38
488.508	1	36
488.678	1	42
488.848	1	37
489.019	1	23
489.189	1	28
489.359	1	32
489.529	1	22
489.700	1	37
489.870	1	31
490.040	1	18
490.211	1	30
490.381	1	49
490.551	1	15
490.721	1	38
490.892	1	52
491.062	1	23
491.232	1	26
491.402	1	25
491.573	1	25
491.743	1	27
491.913	1	39
492.084	1	26
492.254	1	44
492.424	1	15
492.594	1	24
492.765	1	36
492.935	1	25
493.105	1	26
493.275	1	31
493.446	1	39
493.616	1	18
493.786	1	35
493.956	1	32
494.127	1	23
494.297	1	39
494.467	1	27
494.637	1	31
494.808	1	33
494.978	1	18
495.148	1	36
495.318	1	35
495.489	1	23
495.659	1	19
495.829	1	35
495.999	1	12
496.170	1	18
496.340	1	32
496.510	1	41
496.680	1	26
496.851	1	39
497.021	1	40
497.191	1	22
497.361	1	34
497.532	1	31
497.702	1	28
497.872	1	32
498.042	1	31
498.213	1	30
498.383	1	35
498.553	1	28
498.723	1	29
498.894	1	37
499.064	1	17
499.234	1	32
499.404	1	24
499.574	1	34
499.745	1	14
499.915	1	29
500.085	1	20
500.255	1	32
500.426	1	24
500.596	1	28
500.766	1	28
500.936	1	27
501.106	1	28
501.277	1	28
501.447	1	21
501.617	1	15
501.787	1	26
501.958	1	17
502.128	1	20
502.298	1	28
502.468	1	24
502.638	1	32
502.809	1	23
502.979	1	29
503.149	1	17
503.319	1	27
503.489	1	20
503.660	1	22
503.830	1	29
504.000	1	18
504.170	1	20
504.340	1	18
504.511	1	20
504.681	1	18
504.851	1	18
505.021	1	23
505.192	1	28
505.362	1	34
505.532	1	28
505.702	1	19
505.872	1	30
506.043	1	7
506.213	1	24
506.383	1	18
506.553	1	20
506.723	1	18
506.893	1	23
507.064	1	22
507.234	1	14
507.404	1	24
507.574	1	15
507.744	1	15
507.915	1	26
508.085	1	28
508.255	1	23
508.425	1	22
508.595	1	25
508.766	1	21
508.936	1	20
509.106	1	28
509.276	1	20
509.446	1	9
509.616	1	22
509.787	1	19
509.957	1	15
510.127	1	31
510.297	1	19
510.467	1	28
510.638	1	15
510.808	1	13
510.978	1	26
511.148	1	19
511.318	1	26
511.488	1	10
511.659	1	13
511.829	1	17
511.999	1	3
512.169	1	16
512.339	1	24
512.509	1	16
512.680	1	22
512.850	1	20
513.020	1	28
513.190	1	7
513.360	1	17
513.530	1	20
513.700	1	23
513.871	1	22
514.041	1	16
514.211	1	31
514.381	1	14
514.551	1	20
514.721	1	19
514.892	1	16
515.062	1	11
515.232	1	8
515.402	1	29
515.572	1	18
515.742	1	22
515.912	1	35
516.083	1	28
516.253	1	10
516.423	1	18
516.593	1	17
516.763	1	16
516.933	1	11
517.104	1	17
517.274	1	22
517.444	1	11
517.614	1	14
517.784	1	25
517.954	1	12
518.124	1	3
518.294	1	22
518.465	1	14
518.635	1	17
518.805	1	13
518.975	1	13
519.145	1	15
519.315	1	25
519.485	1	13
519.656	1	29
519.826	1	25
519.996	1	18
520.166	1	17
520.336	1	20
520.506	1	21
520.676	1	15
520.846	1	14
521.017	1	11
521.187	1	20
521.357	1	12
521.527	1	20
521.697	1	9
521.867	1	18
522.037	1	16
522.207	1	13
522.377	1	3
522.548	1	14
522.718	1	28
522.888	1	6
523.058	1	16
523.228	1	13
523.398	1	12
523.568	1	17
523.738	1	16
523.909	1	15
524.079	1	24
524.249	1	19
524.419	1	19
524.589	1	25
524.759	1	15
524.929	1	17
525.099	1	18
525.269	1	24
525.439	1	15
525.610	1	20
525.780	1	22
525.950	1	18
526.120	1	21
526.290	1	19
526.460	1	18
526.630	1	16
526.800	1	12
526.970	1	23
527.140	1	13
527.311	1	16
527.481	1	14
527.651	1	3
527.821	1	10
527.991	1	12
528.161	1	14
528.331	1	16
528.501	1	15
528.671	1	19
528.841	1	14
529.011	1	13
529.181	1	24
529.352	1	4
529.522	1	2
529.692	1	12
529.862	1	20
530.032	1	8
530.202	1	15
530.372	1	18
530.542	1	16
530.712	1	-4
530.882	1	11
531.052	1	15
531.222	1	11
531.392	1	8
531.563	1	8
531.733	1	23
531.903	1	14
532.073	1	15
532.243	1	12
532.413	1	25
532.583	1	21
532.753	1	16
532.923	1	22
533.093	1	8
533.263	1	8
533.433	1	14
533.603	1	6
533.773	1	21
533.943	1	8
534.113	1	13
534.284	1	22
534.454	1	13
534.624	1	1
534.794	1	16
534.964	1	17
535.134	1	17
535.304	1	22
535.474	1	1
535.644	1	21
535.814	1	12
535.984	1	5
536.154	1	21
536.324	1	5
536.494	1	11
536.664	1	10
536.834	1	11
537.004	1	4
537.174	1	15
537.344	1	21
537.514	1	12
537.685	1	9
537.855	1	19
538.025	1	6
538.195	1	10
538.365	1	17
538.535	1	19
538.705	1	9
538.875	1	13
539.045	1	4
539.215	1	28
539.385	1	7
539.555	1	3
539.725	1	11
539.895	1	22
540.065	1	13
540.235	1	5
540.405	1	22
540.575	1	18
540.745	1	13
540.915	1	14
541.085	1	10
541.255	1	18
541.425	1	9
541.595	1	-3
541.765	1	16
541.935	1	19
542.105	1	7
542.275	1	8
542.445	1	12
542.615	1	15
542.785	1	15
542.955	1	14
543.125	1	10
543.295	1	26
543.465	1	8
543.635	1	-3
543.805	1	15
543.975	1	12
544.145	1	16
544.315	1	6
544.485	1	9
544.655	1	15
544.825	1	9
544.995	1	12
545.165	1	14
545.335	1	5
545.505	1	13
545.675	1	11
545.845	1	-3
546.015	1	19
546.185	1	5
546.355	1	2
546.525	1	7
546.695	1	11
546.865	1	7
547.035	1	8
547.205	1	18
547.375	1	11
547.545	1	12
547.715	1	6
547.885	1	16
548.055	1	9
548.225	1	7
548.395	1	28
548.565	1	15
548.735	1	7
548.905	1	5
549.075	1	11
549.245	1	8
549.415	1	10
549.585	1	17
549.755	1	14
549.925	1	11
550.095	1	1
550.265	1	0
550.435	1	13
550.605	1	13
550.775	1	15
550.945	1	13
551.115	1	9
551.285	1	10
551.455	1	10
551.625	1	14
551.795	1	8
551.965	1	5
552.135	1	-2
552.305	1	17
552.475	1	22
552.645	1	16
552.815	1	10
552.985	1	3
553.155	1	11
553.325	1	11
553.495	1	6
553.665	1	13
553.835	1	3
554.004	1	7
554.174	1	-2
554.344	1	10
554.514	1	8
554.684	1	12
554.854	1	-1
555.024	1	18
555.194	1	22
555.364	1	14
555.534	1	16
555.704	1	10
555.874	1	25
556.044	1	-1
556.214	1	-8
556.384	1	14
556.554	1	5
556.724	1	0
556.894	1	8
557.064	1	8
557.234	1	16
557.404	1	16
557.573	1	10
557.743	1	11
557.913	1	12
558.083	1	1
558.253	1	13
558.423	1	11
558.593	1	7
558.763	1	20
558.933	1	10
559.103	1	1
559.273	1	20
559.443	1	4
559.613	1	0
559.783	1	10
559.953	1	9
560.122	1	7
560.292	1	6
560.462	1	6
560.632	1	11
560.802	1	6
560.972	1	9
561.142	1	4
561.312	1	6
561.482	1	4
561.652	1	4
561.822	1	4
561.992	1	14
562.162	1	5
562.331	1	0
562.501	1	8
562.671	1	18
562.841	1	15
563.011	1	17
563.181	1	19
563.351	1	9
563.521	1	10
563.691	1	10
563.861	1	18
564.031	1	5
564.201	1	6
564.370	1	14
564.540	1	15
564.710	1	18
564.880	1	7
565.050	1	-6
565.220	1	8
565.390	1	19
565.560	1	11
565.730	1	8
565.900	1	-8
566.069	1	14
566.239	1	-6
566.409	1	16
566.579	1	19
566.749	1	13
566.919	1	4
567.089	1	3
567.259	1	3
567.429	1	5
567.599	1	1
567.768	1	8
567.938	1	7
568.108	1	23
568.278	1	5
568.448	1	17
568.618	1	14
568.788	1	7
568.958	1	9
569.128	1	9
569.297	1	4
569.467	1	7
569.637	1	-1
569.807	1	11
569.977	1	13
570.147	1	0
570.317	1	28
570.487	1	9
570.656	1	11
570.826	1	15
570.996	1	3
571.166	1	10
571.336	1	14
571.506	1	13
571.676	1	17
571.846	1	2
572.015	1	7
572.185	1	3
572.355	1	6
572.525	1	1
572.695	1	7
572.865	1	1
573.035	1	10
573.205	1	0
573.374	1	7
573.544	1	2
573.714	1	11
573.884	1	14
574.054	1	26
574.224	1	4
574.394	1	-1
574.563	1	9
574.733	1	6
574.903	1	8
575.073	1	14
575.243	1	-1
575.413	1	9
575.583	1	6
575.752	1	16
575.922	1	10
576.092	1	4
576.262	1	12
576.432	1	9
576.602	1	1
576.772	1	0
576.941	1	13
577.111	1	7
577.281	1	7
577.451	1	12
577.621	1	13
577.791	1	8
577.960	1	13
578.130	1	-1
578.300	1	3
578.470	1	6
578.640	1	6
578.810	1	17
578.979	1	14
579.149	1	-2
579.319	1	5
579.489	1	4
579.659	1	10
579.829	1	5
579.998	1	1
580.168	1	5
580.338	1	12
580.508	1	5
580.678	1	-1
580.848	1	0
581.017	1	30
581.187	1	3
581.357	1	2
581.527	1	8
581.697	1	2
581.867	1	3
582.036	1	7
582.206	1	9
582.376	1	6
582.546	1	3
582.716	1	1
582.885	1	5
583.055	1	7
583.225	1	6
583.395	1	11
583.565	1	8
583.735	1	1
583.904	1	3
584.074	1	12
584.244	1	15
584.414	1	14
584.584	1	-1
584.753	1	11
584.923	1	16
585.093	1	9
585.263	1	15
585.433	1	0
585.602	1	-3
585.772	1	15
585.942	1	5
586.112	1	9
586.282	1	9
586.451	1	-1
586.621	1	10
586.791	1	10
586.961	1	12
587.131	1	18
587.300	1	-10
587.470	1	9
587.640	1	-10
587.810	1	7
587.980	1	6
588.149	1	3
588.319	1	13
588.489	1	17
588.659	1	-3
588.829	1	8
588.998	1	17
589.168	1	8
589.338	1	12
589.508	1	6
589.677	1	11
589.847	1	7
590.017	1	15
590.187	1	6
590.357	1	8
590.526	1	11
590.696	1	14
590.866	1	10
591.036	1	4
591.205	1	3
591.375	1	7
591.545	1	13
591.715	1	13
591.885	1	8
592.054	1	13
592.224	1	5
592.394	1	5
592.564	1	2
592.733	1	13
592.903	1	2
593.073	1	4
593.243	1	9
593.412	1	10
593.582	1	14
593.752	1	15
593.922	1	2
594.091	1	11
594.261	1	2
594.431	1	6
594.601	1	14
594.771	1	8
594.940	1	6
595.110	1	8
595.280	1	15
595.450	1	12
595.619	1	10
595.789	1	0
595.959	1	9
596.129	1	9
596.298	1	18
596.468	1	6
596.638	1	15
596.808	1	18
596.977	1	13
597.147	1	10
597.317	1	5
597.487	1	-1
597.656	1	8
597.826	1	5
597.996	1	7
598.166	1	9
598.335	1	7
598.505	1	10
598.675	1	3
598.844	1	7
599.014	1	9
599.184	1	21
599.354	1	9
599.523	1	2
599.693	1	11
599.863	1	4
600.033	1	14
600.202	1	-8
600.372	1	13
600.542	1	12
600.712	1	9
600.881	1	9
601.051	1	7
601.221	1	11
601.390	1	6
601.560	1	5
601.730	1	14
601.900	1	2
602.069	1	11
602.239	1	1
602.409	1	17
602.578	1	-1
602.748	1	11
602.918	1	7
603.088	1	12
603.257	1	17
603.427	1	9
603.597	1	5
603.767	1	5
603.936	1	14
604.106	1	16
604.276	1	1
604.445	1	3
604.615	1	1
604.785	1	0
604.954	1	27
605.124	1	-2
605.294	1	12
605.464	1	14
605.633	1	14
605.803	1	2
605.973	1	8
606.142	1	16
606.312	1	-3
606.482	1	10
606.652	1	10
606.821	1	12
606.991	1	16
607.161	1	25
607.330	1	-3
607.500	1	3
607.670	1	10
607.839	1	15
608.009	1	2
608.179	1	7
608.348	1	14
608.518	1	11
608.688	1	14
608.858	1	10
609.027	1	8
609.197	1	8
609.367	1	2
609.536	1	6
609.706	1	16
609.876	1	-1
610.045	1	8
610.215	1	8
610.385	1	13
610.554	1	6
610.724	1	13
610.894	1	15
611.063	1	6
611.233	1	11
611.403	1	5
611.572	1	16
611.742	1	0
611.912	1	12
612.081	1	10
612.251	1	17
612.421	1	17
612.590	1	6
612.760	1	11
612.930	1	3
613.099	1	5
613.269	1	10
613.439	1	12
613.608	1	20
613.778	1	11
613.948	1	11
614.117	1	10
614.287	1	14
614.457	1	8
614.626	1	5
614.796	1	10
614.966	1	7
615.135	1	6
615.305	1	7
615.475	1	15
615.644	1	16
615.814	1	10
615.984	1	-4
616.153	1	11
616.323	1	1
616.493	1	1
616.662	1	7
616.832	1	9
617.002	1	21
617.171	1	-4
617.341	1	15
617.511	1	14
617.680	1	7
617.850	1	3
618.019	1	11
618.189	1	2
618.359	1	4
618.528	1	23
618.698	1	16
618.868	1	21
619.037	1	8
619.207	1	12
619.377	1	25
619.546	1	7
619.716	1	12
619.885	1	20
620.055	1	16
620.225	1	10
620.394	1	14
620.564	1	8
620.734	1	7
620.903	1	9
621.073	1	10
621.242	1	3
621.412	1	8
621.582	1	5
621.751	1	11
621.921	1	9
622.091	1	4
622.260	1	12
622.430	1	12
622.599	1	17
622.769	1	10
622.939	1	19
623.108	1	17
623.278	1	8
623.448	1	6
623.617	1	8
623.787	1	20
623.956	1	6
624.126	1	18
624.296	1	16
624.465	1	-4
624.635	1	8
624.804	1	12
624.974	1	13
625.144	1	16
625.313	1	5
625.483	1	11
625.652	1	8
625.822	1	11
625.992	1	4
626.161	1	2
626.331	1	11
626.501	1	13
626.670	1	14
626.840	1	3
627.009	1	5
627.179	1	16
627.348	1	17
627.518	1	25
627.688	1	8
627.857	1	6
628.027	1	11
628.196	1	17
628.366	1	7
628.536	1	13
628.705	1	8
628.875	1	10
629.044	1	2
629.214	1	5
629.384	1	15
629.553	1	7
629.723	1	6
629.892	1	13
630.062	1	14
630.232	1	4
630.401	1	11
630.571	1	18
630.740	1	8
630.910	1	20
631.079	1	15
631.249	1	-1
631.419	1	12
631.588	1	7
631.758	1	7
631.927	1	15
632.097	1	14
632.266	1	14
632.436	1	5
632.606	1	11
632.775	1	14
632.945	1	7
633.114	1	14
633.284	1	5
633.453	1	10
633.623	1	15
633.793	1	9
633.962	1	12
634.132	1	22
634.301	1	15
634.471	1	15
634.640	1	26
634.810	1	22
634.979	1	24
635.149	1	8
635.319	1	15
635.488	1	9
635.658	1	2
635.827	1	24
635.997	1	6
636.166	1	16
636.336	1	9
636.505	1	17
636.675	1	17
636.845	1	8
637.014	1	12
637.184	1	13
637.353	1	8
637.523	1	11
637.692	1	15
637.862	1	1
638.031	1	18
638.201	1	17
638.370	1	21
638.540	1	2
638.710	1	19
638.879	1	9
639.049	1	17
639.218	1	6
639.388	1	30
639.557	1	8
639.727	1	8
639.896	1	15
640.066	1	18
640.235	1	18
640.405	1	7
640.574	1	13
640.744	1	16
640.914	1	15
641.083	1	2
641.253	1	14
641.422	1	15
641.592	1	7
641.761	1	23
641.931	1	6
642.100	1	21
642.270	1	20
642.439	1	0
642.609	1	10
642.778	1	19
642.948	1	6
643.117	1	8
643.287	1	6
643.456	1	8
643.626	1	17
643.795	1	7
643.965	1	18
644.134	1	14
644.304	1	13
644.473	1	6
644.643	1	8
644.812	1	14
644.982	1	12
645.151	1	19
645.321	1	8
645.490	1	12
645.660	1	12
645.829	1	1
645.999	1	22
646.168	1	14
646.338	1	5
646.507	1	9
646.677	1	15
646.846	1	19
647.016	1	18
647.185	1	14
647.355	1	16
647.524	1	-1
647.694	1	13
647.863	1	4
648.033	1	22
648.202	1	12
648.372	1	10
648.541	1	13
648.711	1	6
648.880	1	21
649.050	1	10
649.219	1	8
649.389	1	19
649.558	1	10
649.728	1	20
649.897	1	12
650.067	1	3
650.236	1	14
650.406	1	5
650.575	1	19
650.745	1	18
650.914	1	15
651.084	1	11
651.253	1	24
651.423	1	12
651.592	1	13
651.762	1	16
651.931	1	13
652.101	1	4
652.270	1	14
652.440	1	21
652.609	1	22
652.778	1	18
652.948	1	2
653.117	1	19
653.287	1	10
653.456	1	17
653.626	1	22
653.795	1	15
653.965	1	23
654.134	1	20
654.304	1	13
654.473	1	17
654.643	1	14
654.812	1	8
654.982	1	12
655.151	1	13
655.320	1	8
655.490	1	4
655.659	1	9
655.829	1	0
655.998	1	15
656.168	1	6
656.337	1	18
656.507	1	14
656.676	1	17
656.846	1	15
657.015	1	23
657.184	1	6
657.354	1	4
657.523	1	14
657.693	1	17
657.862	1	12
658.032	1	14
658.201	1	14
658.371	1	16
658.540	1	24
658.709	1	19
658.879	1	5
659.048	1	10
659.218	1	14
659.387	1	17
659.557	1	19
659.726	1	22
659.895	1	13
660.065	1	22
660.234	1	18
660.404	1	34
660.573	1	11
660.743	1	15
660.912	1	21
661.081	1	18
661.251	1	13
661.420	1	20
661.590	1	17
661.759	1	22
661.929	1	22
662.098	1	24
662.267	1	20
662.437	1	13
662.606	1	21
662.776	1	22
662.945	1	24
663.115	1	3
663.284	1	11
663.453	1	4
663.623	1	16
663.792	1	13
663.962	1	11
664.131	1	8
664.300	1	5
664.470	1	12
664.639	1	9
664.809	1	25
664.978	1	11
665.148	1	28
665.317	1	16
665.486	1	20
665.656	1	12
665.825	1	12
665.995	1	18
666.164	1	22
666.333	1	14
666.503	1	32
666.672	1	15
666.842	1	-1
667.011	1	15
667.180	1	12
667.350	1	22
667.519	1	9
667.689	1	24
667.858	1	27
668.027	1	20
668.197	1	28
668.366	1	23
668.536	1	19
668.705	1	20
668.874	1	24
669.044	1	12
669.213	1	19
669.382	1	20
669.552	1	18
669.721	1	13
669.891	1	9
670.060	1	6
670.229	1	16
670.399	1	20
670.568	1	21
670.738	1	12
670.907	1	23
671.076	1	19
671.246	1	4
671.415	1	21
671.584	1	14
671.754	1	15
671.923	1	15
672.093	1	22
672.262	1	9
672.431	1	29
672.601	1	18
672.770	1	21
672.939	1	10
673.109	1	14
673.278	1	24
673.448	1	17
673.617	1	21
673.786	1	9
