325.333	1	-3
325.504	1	5
325.675	1	-1
325.846	1	4
326.017	1	2
326.188	1	0
326.359	1	10
326.531	1	-1
326.702	1	0
326.873	1	6
327.044	1	2
327.215	1	-4
327.386	1	-7
327.557	1	12
327.728	1	-11
327.899	1	7
328.070	1	-3
328.241	1	1
328.412	1	-3
328.583	1	0
328.754	1	-2
328.926	1	-2
329.097	1	-3
329.268	1	4
329.439	1	-7
329.610	1	3
329.781	1	9
329.952	1	3
330.123	1	-1
330.294	1	-1
330.465	1	0
330.636	1	-6
330.807	1	-2
330.978	1	-3
331.149	1	-1
331.320	1	-3
331.492	1	5
331.663	1	0
331.834	1	11
332.005	1	-9
332.176	1	3
332.347	1	2
332.518	1	3
332.689	1	-8
332.860	1	-12
333.031	1	7
333.202	1	10
333.373	1	1
333.544	1	-11
333.715	1	3
333.886	1	0
334.057	1	-4
334.228	1	-2
334.399	1	0
334.570	1	2
334.741	1	8
334.912	1	8
335.084	1	-2
335.255	1	-2
335.426	1	-4
335.597	1	6
335.768	1	-6
335.939	1	2
336.110	1	-3
336.281	1	3
336.452	1	10
336.623	1	-2
336.794	1	-5
336.965	1	3
337.136	1	7
337.307	1	4
337.478	1	-3
337.649	1	5
337.820	1	-7
337.991	1	1
338.162	1	7
338.333	1	4
338.504	1	-6
338.675	1	-2
338.846	1	8
339.017	1	2
339.188	1	2
339.359	1	-1
339.530	1	1
339.701	1	-6
339.872	1	-1
340.043	1	1
340.214	1	9
340.385	1	0
340.556	1	1
340.727	1	2
340.898	1	-8
341.069	1	9
341.240	1	7
341.411	1	-2
341.582	1	-3
341.753	1	-3
341.924	1	3
342.095	1	6
342.266	1	-7
342.437	1	-1
342.608	1	-1
342.779	1	-3
342.950	1	4
343.121	1	-5
343.292	1	7
343.463	1	-7
343.634	1	-2
343.805	1	2
343.976	1	-3
344.147	1	2
344.318	1	-3
344.489	1	2
344.660	1	0
344.831	1	1
345.002	1	-5
345.173	1	4
345.344	1	-5
345.515	1	5
345.686	1	2
345.857	1	0
346.028	1	0
346.199	1	-1
346.370	1	1
346.541	1	5
346.712	1	-2
346.883	1	3
347.054	1	-11
347.225	1	3
347.396	1	0
347.567	1	-1
347.738	1	0
347.909	1	3
348.080	1	-8
348.251	1	2
348.422	1	8
348.593	1	2
348.764	1	5
348.935	1	-8
349.106	1	5
349.277	1	1
349.448	1	3
349.619	1	-2
349.790	1	1
349.961	1	-6
350.132	1	-6
350.303	1	11
350.474	1	8
350.645	1	3
350.816	1	11
350.987	1	-11
351.157	1	-4
351.328	1	4
351.499	1	-9
351.670	1	5
351.841	1	-7
352.012	1	8
352.183	1	-8
352.354	1	3
352.525	1	-1
352.696	1	-4
352.867	1	-9
353.038	1	0
353.209	1	1
353.380	1	5
353.551	1	2
353.722	1	-3
353.893	1	-5
354.064	1	5
354.235	1	9
354.406	1	3
354.576	1	-10
354.747	1	2
354.918	1	3
355.089	1	1
355.260	1	6
355.431	1	15
355.602	1	0
355.773	1	1
355.944	1	-5
356.115	1	-10
356.286	1	5
356.457	1	-8
356.628	1	4
356.799	1	-7
356.970	1	-6
357.141	1	7
357.311	1	13
357.482	1	1
357.653	1	2
357.824	1	14
357.995	1	0
358.166	1	-6
358.337	1	-7
358.508	1	7
358.679	1	-8
358.850	1	3
359.021	1	-1
359.192	1	-6
359.363	1	4
359.533	1	9
359.704	1	-4
359.875	1	15
360.046	1	-2
360.217	1	-4
360.388	1	-9
360.559	1	3
360.730	1	5
360.901	1	0
361.072	1	-4
361.243	1	0
361.414	1	4
361.584	1	11
361.755	1	8
361.926	1	-3
362.097	1	0
362.268	1	-4
362.439	1	-5
362.610	1	-5
362.781	1	-2
362.952	1	4
363.123	1	14
363.293	1	-2
363.464	1	1
363.635	1	2
363.806	1	-3
363.977	1	-1
364.148	1	-10
364.319	1	-4
364.490	1	-3
364.661	1	4
364.832	1	9
365.002	1	6
365.173	1	-7
365.344	1	-2
365.515	1	5
365.686	1	3
365.857	1	1
366.028	1	-5
366.199	1	11
366.370	1	14
366.540	1	11
366.711	1	1
366.882	1	1
367.053	1	0
367.224	1	-2
367.395	1	2
367.566	1	6
367.737	1	1
367.908	1	3
368.078	1	21
368.249	1	-2
368.420	1	2
368.591	1	7
368.762	1	0
368.933	1	-2
369.104	1	-3
369.274	1	-3
369.445	1	0
369.616	1	-3
369.787	1	3
369.958	1	4
370.129	1	7
370.300	1	3
370.471	1	17
370.641	1	5
370.812	1	5
370.983	1	2
371.154	1	11
371.325	1	0
371.496	1	-5
371.667	1	7
371.837	1	-1
372.008	1	9
372.179	1	-2
372.350	1	3
372.521	1	0
372.692	1	-1
372.863	1	2
373.033	1	10
373.204	1	0
373.375	1	0
373.546	1	8
373.717	1	-6
373.888	1	-3
374.059	1	12
374.229	1	5
374.400	1	-4
374.571	1	4
374.742	1	-4
374.913	1	-3
375.084	1	3
375.254	1	5
375.425	1	-8
375.596	1	-9
375.767	1	5
375.938	1	-3
376.109	1	-7
376.279	1	-9
376.450	1	-4
376.621	1	15
376.792	1	2
376.963	1	-2
377.134	1	10
377.304	1	0
377.475	1	0
377.646	1	0
377.817	1	-5
377.988	1	-2
378.159	1	-1
378.329	1	3
378.500	1	7
378.671	1	11
378.842	1	-5
379.013	1	5
379.184	1	4
379.354	1	-11
379.525	1	5
379.696	1	-7
379.867	1	7
380.038	1	-8
380.209	1	7
380.379	1	9
380.550	1	-5
380.721	1	0
380.892	1	3
381.063	1	3
381.233	1	-14
381.404	1	0
381.575	1	5
381.746	1	4
381.917	1	2
382.087	1	5
382.258	1	-2
382.429	1	-2
382.600	1	2
382.771	1	6
382.941	1	-9
383.112	1	-2
383.283	1	7
383.454	1	-4
383.625	1	10
383.795	1	2
383.966	1	-8
384.137	1	-7
384.308	1	0
384.479	1	-3
384.649	1	2
384.820	1	-1
384.991	1	0
385.162	1	-1
385.333	1	0
385.503	1	2
385.674	1	4
385.845	1	7
386.016	1	2
386.187	1	-11
386.357	1	5
386.528	1	-4
386.699	1	6
386.870	1	7
387.041	1	-4
387.211	1	-5
387.382	1	3
387.553	1	-5
387.724	1	-11
387.894	1	0
388.065	1	7
388.236	1	-12
388.407	1	-1
388.578	1	-1
388.748	1	2
388.919	1	4
389.090	1	4
389.261	1	6
389.431	1	14
389.602	1	3
389.773	1	11
389.944	1	0
390.114	1	4
390.285	1	-1
390.456	1	-9
390.627	1	7
390.798	1	-1
390.968	1	-8
391.139	1	-12
391.310	1	13
391.481	1	-9
391.651	1	3
391.822	1	4
391.993	1	1
392.164	1	-10
392.334	1	0
392.505	1	-6
392.676	1	11
392.847	1	0
393.017	1	9
393.188	1	-3
393.359	1	-2
393.530	1	9
393.700	1	-1
393.871	1	-2
394.042	1	-11
394.213	1	12
394.383	1	1
394.554	1	3
394.725	1	-3
394.896	1	-5
395.066	1	3
395.237	1	-8
395.408	1	0
395.579	1	4
395.749	1	5
395.920	1	2
396.091	1	-4
396.262	1	2
396.432	1	-2
396.603	1	-4
396.774	1	2
396.945	1	0
397.115	1	5
397.286	1	-7
397.457	1	11
397.627	1	-2
397.798	1	-8
397.969	1	-2
398.140	1	2
398.310	1	-2
398.481	1	-5
398.652	1	11
398.823	1	0
398.993	1	3
399.164	1	6
399.335	1	0
399.505	1	-5
399.676	1	2
399.847	1	-1
400.018	1	-4
400.188	1	-11
400.359	1	-11
400.530	1	5
400.700	1	-3
400.871	1	11
401.042	1	-4
401.213	1	-18
401.383	1	2
401.554	1	1
401.725	1	-3
401.895	1	-3
402.066	1	2
402.237	1	3
402.408	1	4
402.578	1	1
402.749	1	1
402.920	1	-9
403.090	1	2
403.261	1	5
403.432	1	-2
403.603	1	-8
403.773	1	11
403.944	1	3
404.115	1	4
404.285	1	3
404.456	1	3
404.627	1	-5
404.797	1	-8
404.968	1	12
405.139	1	-2
405.310	1	1
405.480	1	1
405.651	1	6
405.822	1	5
405.992	1	0
406.163	1	10
406.334	1	-7
406.504	1	-2
406.675	1	0
406.846	1	1
407.016	1	-1
407.187	1	8
407.358	1	6
407.528	1	-10
407.699	1	7
407.870	1	-4
408.041	1	6
408.211	1	-6
408.382	1	-3
408.553	1	-3
408.723	1	1
408.894	1	5
409.065	1	8
409.235	1	-5
409.406	1	1
409.577	1	4
409.747	1	-6
409.918	1	-1
410.089	1	4
410.259	1	1
410.430	1	-2
410.601	1	4
410.771	1	7
410.942	1	7
411.113	1	-8
411.283	1	2
411.454	1	7
411.625	1	4
411.795	1	2
411.966	1	4
412.137	1	-5
412.307	1	6
412.478	1	6
412.649	1	1
412.819	1	-5
412.990	1	3
413.161	1	-1
413.331	1	-2
413.502	1	-2
413.672	1	3
413.843	1	4
414.014	1	2
414.184	1	-1
414.355	1	15
414.526	1	0
414.696	1	0
414.867	1	8
415.038	1	-1
415.208	1	7
415.379	1	-1
415.550	1	8
415.720	1	-3
415.891	1	-2
416.062	1	1
416.232	1	-2
416.403	1	1
416.573	1	5
416.744	1	-7
416.915	1	7
417.085	1	8
417.256	1	4
417.427	1	6
417.597	1	-3
417.768	1	-5
417.939	1	1
418.109	1	-6
418.280	1	-7
418.450	1	5
418.621	1	-2
418.792	1	-5
418.962	1	4
419.133	1	8
419.304	1	13
419.474	1	1
419.645	1	-3
419.815	1	8
419.986	1	0
420.157	1	-1
420.327	1	-8
420.498	1	-2
420.669	1	0
420.839	1	-2
421.010	1	12
421.180	1	-2
421.351	1	8
421.522	1	2
421.692	1	0
421.863	1	-1
422.033	1	5
422.204	1	4
422.375	1	8
422.545	1	3
422.716	1	-1
422.886	1	4
423.057	1	-1
423.228	1	-7
423.398	1	6
423.569	1	3
423.740	1	-6
423.910	1	-2
424.081	1	-1
424.251	1	-3
424.422	1	12
424.593	1	1
424.763	1	2
424.934	1	-5
425.104	1	-2
425.275	1	4
425.445	1	-3
425.616	1	-2
425.787	1	-6
425.957	1	6
426.128	1	-8
426.298	1	-9
426.469	1	-1
426.640	1	5
426.810	1	-6
426.981	1	0
427.151	1	9
427.322	1	8
427.493	1	-2
427.663	1	-1
427.834	1	1
428.004	1	-4
428.175	1	4
428.345	1	-7
428.516	1	10
428.687	1	0
428.857	1	-6
429.028	1	-9
429.198	1	-8
429.369	1	2
429.540	1	-1
429.710	1	1
429.881	1	-3
430.051	1	1
430.222	1	2
430.392	1	2
430.563	1	11
430.734	1	7
430.904	1	-5
431.075	1	6
431.245	1	3
431.416	1	3
431.586	1	-10
431.757	1	-1
431.927	1	-6
432.098	1	-1
432.269	1	-8
432.439	1	14
432.610	1	11
432.780	1	1
432.951	1	-1
433.121	1	1
433.292	1	-8
433.462	1	-5
433.633	1	2
433.804	1	4
433.974	1	-6
434.145	1	-2
434.315	1	-8
434.486	1	-1
434.656	1	-3
434.827	1	-13
434.997	1	-4
435.168	1	7
435.339	1	-1
435.509	1	-1
435.680	1	-5
435.850	1	-7
436.021	1	6
436.191	1	8
436.362	1	-4
436.532	1	12
436.703	1	-4
436.873	1	9
437.044	1	-7
437.214	1	10
437.385	1	6
437.556	1	0
437.726	1	-1
437.897	1	2
438.067	1	-1
438.238	1	-16
438.408	1	0
438.579	1	3
438.749	1	4
438.920	1	1
439.090	1	6
439.261	1	-5
439.431	1	0
439.602	1	-8
439.772	1	7
439.943	1	-8
440.113	1	-17
440.284	1	-7
440.455	1	6
440.625	1	11
440.796	1	5
440.966	1	-5
441.137	1	-1
441.307	1	1
441.478	1	-3
441.648	1	-8
441.819	1	7
441.989	1	-9
442.160	1	2
442.330	1	-1
442.501	1	3
442.671	1	-4
442.842	1	1
443.012	1	10
443.183	1	-3
443.353	1	5
443.524	1	-3
443.694	1	-2
443.865	1	-8
444.035	1	-7
444.206	1	-4
444.376	1	-3
444.547	1	4
444.717	1	-4
444.888	1	-4
445.058	1	9
445.229	1	-3
445.399	1	12
445.570	1	18
445.740	1	1
445.911	1	-7
446.081	1	8
446.252	1	5
446.422	1	5
446.593	1	-6
446.763	1	10
446.934	1	-6
447.104	1	-7
447.275	1	-4
447.445	1	-1
447.616	1	-1
447.786	1	6
447.957	1	0
448.127	1	2
448.298	1	-8
448.468	1	-13
448.639	1	7
448.809	1	6
448.979	1	-2
449.150	1	-2
449.320	1	-5
449.491	1	-2
449.661	1	-3
449.832	1	-4
450.002	1	-3
450.173	1	4
450.343	1	9
450.514	1	0
450.684	1	-7
450.855	1	11
451.025	1	2
451.196	1	-12
451.366	1	3
451.537	1	1
451.707	1	-4
451.878	1	-11
452.048	1	2
452.218	1	0
452.389	1	1
452.559	1	10
452.730	1	0
452.900	1	4
453.071	1	-1
453.241	1	-13
453.412	1	-6
453.582	1	8
453.753	1	-3
453.923	1	13
454.093	1	0
454.264	1	0
454.434	1	3
454.605	1	-1
454.775	1	-9
454.946	1	1
455.116	1	2
455.287	1	4
455.457	1	6
455.628	1	-5
455.798	1	-4
455.968	1	4
456.139	1	6
456.309	1	12
456.480	1	-7
456.650	1	-2
456.821	1	1
456.991	1	-12
457.161	1	-6
457.332	1	16
457.502	1	9
457.673	1	1
457.843	1	-3
458.014	1	6
458.184	1	7
458.355	1	-5
458.525	1	-1
458.695	1	7
458.866	1	0
459.036	1	9
459.207	1	6
459.377	1	-1
459.548	1	9
459.718	1	-10
459.888	1	8
460.059	1	12
460.229	1	-4
460.400	1	5
460.570	1	7
460.740	1	8
460.911	1	-3
461.081	1	-8
461.252	1	2
461.422	1	-3
461.593	1	1
461.763	1	4
461.933	1	-9
462.104	1	13
462.274	1	7
462.445	1	7
462.615	1	6
462.785	1	-1
462.956	1	0
463.126	1	5
463.297	1	14
463.467	1	2
463.638	1	-2
463.808	1	1
463.978	1	5
464.149	1	7
464.319	1	-3
464.490	1	3
464.660	1	9
464.830	1	5
465.001	1	-7
465.171	1	-4
465.342	1	0
465.512	1	9
465.682	1	5
465.853	1	8
466.023	1	9
466.194	1	-7
466.364	1	-5
466.534	1	-7
466.705	1	-5
466.875	1	8
467.045	1	7
467.216	1	2
467.386	1	5
467.557	1	12
467.727	1	2
467.897	1	22
468.068	1	-13
468.238	1	-3
468.409	1	1
468.579	1	4
468.749	1	9
468.920	1	20
469.090	1	-6
469.260	1	13
469.431	1	-1
469.601	1	-3
469.772	1	-10
469.942	1	-4
470.112	1	1
470.283	1	-3
470.453	1	-4
470.623	1	5
470.794	1	-5
470.964	1	3
471.135	1	2
471.305	1	-2
471.475	1	1
471.646	1	-1
471.816	1	4
471.986	1	-5
472.157	1	1
472.327	1	-3
472.497	1	16
472.668	1	3
472.838	1	-1
473.009	1	-3
473.179	1	1
473.349	1	3
473.520	1	-7
473.690	1	-2
473.860	1	-1
474.031	1	-3
474.201	1	8
474.371	1	0
474.542	1	7
474.712	1	-4
474.882	1	-3
475.053	1	3
475.223	1	-3
475.394	1	2
475.564	1	1
475.734	1	1
475.905	1	3
476.075	1	2
476.245	1	-2
476.416	1	-3
476.586	1	5
476.756	1	0
476.927	1	2
477.097	1	2
477.267	1	4
477.438	1	-2
477.608	1	13
477.778	1	11
477.949	1	9
478.119	1	-17
478.289	1	-6
478.460	1	2
478.630	1	6
478.800	1	7
478.971	1	3
479.141	1	0
479.311	1	-1
479.482	1	-16
479.652	1	10
479.822	1	-4
479.993	1	8
480.163	1	-4
480.333	1	15
480.504	1	6
480.674	1	-9
480.844	1	-3
481.015	1	-1
481.185	1	10
481.355	1	8
481.525	1	-1
481.696	1	-4
481.866	1	-4
482.036	1	-5
482.207	1	-1
482.377	1	2
482.547	1	-2
482.718	1	-4
482.888	1	-2
483.058	1	10
483.229	1	2
483.399	1	4
483.569	1	-8
483.740	1	4
483.910	1	5
484.080	1	13
484.250	1	-1
484.421	1	7
484.591	1	1
484.761	1	2
484.932	1	5
485.102	1	-9
485.272	1	3
485.443	1	3
485.613	1	-9
485.783	1	-6
485.953	1	-4
486.124	1	5
486.294	1	3
486.464	1	-1
486.635	1	-9
486.805	1	10
486.975	1	1
487.146	1	-2
487.316	1	-1
487.486	1	-7
487.656	1	17
487.827	1	1
487.997	1	11
488.167	1	5
488.338	1	4
488.508	1	-3
488.678	1	4
488.848	1	3
489.019	1	2
489.189	1	-6
489.359	1	-5
489.529	1	-3
489.700	1	-9
489.870	1	-5
490.040	1	-5
490.211	1	-9
490.381	1	22
490.551	1	-12
490.721	1	5
490.892	1	23
491.062	1	0
491.232	1	4
491.402	1	-7
491.573	1	5
491.743	1	-10
491.913	1	-1
492.084	1	7
492.254	1	12
492.424	1	-20
492.594	1	-9
492.765	1	-5
492.935	1	-6
493.105	1	-13
493.275	1	9
493.446	1	7
493.616	1	-11
493.786	1	0
493.956	1	3
494.127	1	4
494.297	1	9
494.467	1	-1
494.637	1	5
494.808	1	-1
494.978	1	-6
495.148	1	5
495.318	1	10
495.489	1	2
495.659	1	2
495.829	1	6
495.999	1	-2
496.170	1	0
496.340	1	-2
496.510	1	13
496.680	1	5
496.851	1	6
497.021	1	11
497.191	1	-1
497.361	1	9
497.532	1	8
497.702	1	6
497.872	1	-2
498.042	1	6
498.213	1	-2
498.383	1	9
498.553	1	0
498.723	1	-4
498.894	1	4
499.064	1	0
499.234	1	-2
499.404	1	12
499.574	1	4
499.745	1	-2
499.915	1	-6
500.085	1	-7
500.255	1	-6
500.426	1	-1
500.596	1	-2
500.766	1	-5
500.936	1	-1
501.106	1	7
501.277	1	0
501.447	1	-2
501.617	1	-1
501.787	1	1
501.958	1	-2
502.128	1	4
502.298	1	0
502.468	1	3
502.638	1	14
502.809	1	8
502.979	1	15
503.149	1	-3
503.319	1	-1
503.489	1	-3
503.660	1	3
503.830	1	-2
504.000	1	4
504.170	1	3
504.340	1	-2
504.511	1	7
504.681	1	-7
504.851	1	-9
505.021	1	4
505.192	1	1
505.362	1	2
505.532	1	5
505.702	1	-2
505.872	1	2
506.043	1	-7
506.213	1	-3
506.383	1	-3
506.553	1	-4
506.723	1	-3
506.893	1	-7
507.064	1	4
507.234	1	-1
507.404	1	-1
507.574	1	-3
507.744	1	-5
507.915	1	3
508.085	1	0
508.255	1	-1
508.425	1	-7
508.595	1	-3
508.766	1	9
508.936	1	2
509.106	1	5
509.276	1	14
509.446	1	-3
509.616	1	13
509.787	1	-3
509.957	1	2
510.127	1	5
510.297	1	4
510.467	1	-2
510.638	1	-2
510.808	1	-10
510.978	1	-2
511.148	1	-3
511.318	1	14
511.488	1	1
511.659	1	-16
511.829	1	2
511.999	1	-1
512.169	1	-9
512.339	1	3
512.509	1	2
512.680	1	-5
512.850	1	3
513.020	1	8
513.190	1	-7
513.360	1	3
513.530	1	-2
513.700	1	7
513.871	1	4
514.041	1	8
514.211	1	2
514.381	1	-3
514.551	1	-4
514.721	1	10
514.892	1	1
515.062	1	1
515.232	1	-4
515.402	1	8
515.572	1	1
515.742	1	0
515.912	1	8
516.083	1	4
516.253	1	-3
516.423	1	2
516.593	1	2
516.763	1	-1
516.933	1	2
517.104	1	-5
517.274	1	6
517.444	1	0
517.614	1	-1
517.784	1	2
517.954	1	-6
518.124	1	-11
518.294	1	7
518.465	1	3
518.635	1	-7
518.805	1	-1
518.975	1	9
519.145	1	8
519.315	1	4
519.485	1	-5
519.656	1	-1
519.826	1	8
519.996	1	3
520.166	1	5
520.336	1	3
520.506	1	9
520.676	1	4
520.846	1	9
521.017	1	-1
521.187	1	9
521.357	1	4
521.527	1	3
521.697	1	0
521.867	1	-2
522.037	1	0
522.207	1	-7
522.377	1	-2
522.548	1	3
522.718	1	5
522.888	1	-9
523.058	1	-6
523.228	1	3
523.398	1	-1
523.568	1	-1
523.738	1	2
523.909	1	2
524.079	1	13
524.249	1	-2
524.419	1	8
524.589	1	4
524.759	1	1
524.929	1	2
525.099	1	9
525.269	1	11
525.439	1	3
525.610	1	-4
525.780	1	5
525.950	1	9
526.120	1	-9
526.290	1	-2
526.460	1	-5
526.630	1	2
526.800	1	2
526.970	1	-1
527.140	1	8
527.311	1	1
527.481	1	1
527.651	1	-10
527.821	1	-9
527.991	1	5
528.161	1	2
528.331	1	-10
528.501	1	5
528.671	1	5
528.841	1	2
529.011	1	-3
529.181	1	7
529.352	1	1
529.522	1	-15
529.692	1	1
529.862	1	3
530.032	1	5
530.202	1	2
530.372	1	-3
530.542	1	11
530.712	1	-7
530.882	1	-1
531.052	1	-2
531.222	1	0
531.392	1	1
531.563	1	-1
531.733	1	13
531.903	1	-2
532.073	1	4
532.243	1	0
532.413	1	1
532.583	1	-5
532.753	1	5
532.923	1	0
533.093	1	-8
533.263	1	-2
533.433	1	-3
533.603	1	8
533.773	1	4
533.943	1	2
534.113	1	-1
534.284	1	6
534.454	1	-3
534.624	1	-3
534.794	1	-2
534.964	1	6
535.134	1	-5
535.304	1	10
535.474	1	-4
535.644	1	11
535.814	1	-6
535.984	1	-6
536.154	1	4
536.324	1	-6
536.494	1	-4
536.664	1	-9
536.834	1	8
537.004	1	-9
537.174	1	7
537.344	1	8
537.514	1	0
537.685	1	-2
537.855	1	5
538.025	1	4
538.195	1	-3
538.365	1	2
538.535	1	1
538.705	1	-9
538.875	1	4
539.045	1	4
539.215	1	5
539.385	1	-3
539.555	1	-2
539.725	1	7
539.895	1	13
540.065	1	5
540.235	1	-5
540.405	1	10
540.575	1	3
540.745	1	-5
540.915	1	1
541.085	1	7
541.255	1	10
541.425	1	0
541.595	1	1
541.765	1	-4
541.935	1	8
542.105	1	-5
542.275	1	-6
542.445	1	3
542.615	1	4
542.785	1	3
542.955	1	-8
543.125	1	-5
543.295	1	9
543.465	1	-5
543.635	1	-4
543.805	1	-1
543.975	1	5
544.145	1	-1
544.315	1	-5
544.485	1	-2
544.655	1	7
544.825	1	4
544.995	1	-2
545.165	1	1
545.335	1	-8
545.505	1	1
545.675	1	-9
545.845	1	-2
546.015	1	-1
546.185	1	-9
546.355	1	-5
546.525	1	6
546.695	1	0
546.865	1	0
547.035	1	-9
547.205	1	-3
547.375	1	-4
547.545	1	-3
547.715	1	2
547.885	1	1
548.055	1	9
548.225	1	-9
548.395	1	17
548.565	1	-8
548.735	1	1
548.905	1	-2
549.075	1	4
549.245	1	2
549.415	1	-3
549.585	1	-9
549.755	1	7
549.925	1	-2
550.095	1	-1
550.265	1	-6
550.435	1	0
550.605	1	1
550.775	1	6
550.945	1	-1
551.115	1	5
551.285	1	-3
551.455	1	-1
551.625	1	3
551.795	1	9
551.965	1	3
552.135	1	-12
552.305	1	-1
552.475	1	-1
552.645	1	13
552.815	1	2
552.985	1	-12
553.155	1	-4
553.325	1	-5
553.495	1	2
553.665	1	7
553.835	1	1
554.004	1	-2
554.174	1	2
554.344	1	-1
554.514	1	5
554.684	1	-2
554.854	1	8
555.024	1	11
555.194	1	6
555.364	1	2
555.534	1	4
555.704	1	4
555.874	1	-1
556.044	1	6
556.214	1	0
556.384	1	3
556.554	1	-3
556.724	1	-6
556.894	1	5
557.064	1	-6
557.234	1	0
557.404	1	-5
557.573	1	-1
557.743	1	-1
557.913	1	1
558.083	1	-5
558.253	1	-1
558.423	1	-6
558.593	1	2
558.763	1	-2
558.933	1	2
559.103	1	-3
559.273	1	3
559.443	1	-1
559.613	1	-6
559.783	1	0
559.953	1	-4
560.122	1	5
560.292	1	5
560.462	1	-2
560.632	1	1
560.802	1	-1
560.972	1	0
561.142	1	6
561.312	1	8
561.482	1	1
561.652	1	7
561.822	1	-8
561.992	1	-2
562.162	1	-8
562.331	1	-17
562.501	1	3
562.671	1	7
562.841	1	11
563.011	1	4
563.181	1	19
563.351	1	-6
563.521	1	8
563.691	1	-10
563.861	1	8
564.031	1	-6
564.201	1	2
564.370	1	1
564.540	1	10
564.710	1	4
564.880	1	-4
565.050	1	-2
565.220	1	5
565.390	1	0
565.560	1	8
565.730	1	7
565.900	1	-1
566.069	1	3
566.239	1	-5
566.409	1	4
566.579	1	0
566.749	1	15
566.919	1	8
567.089	1	0
567.259	1	4
567.429	1	5
567.599	1	-2
567.768	1	-1
567.938	1	-4
568.108	1	6
568.278	1	-3
568.448	1	11
568.618	1	7
568.788	1	15
568.958	1	6
569.128	1	6
569.297	1	5
569.467	1	1
569.637	1	-6
569.807	1	2
569.977	1	3
570.147	1	-1
570.317	1	0
570.487	1	-2
570.656	1	-7
570.826	1	8
570.996	1	-1
571.166	1	-8
571.336	1	7
571.506	1	-5
571.676	1	5
571.846	1	-5
572.015	1	12
572.185	1	-4
572.355	1	-3
572.525	1	-2
572.695	1	0
572.865	1	-3
573.035	1	-16
573.205	1	1
573.374	1	-1
573.544	1	2
573.714	1	10
573.884	1	13
574.054	1	5
574.224	1	-1
574.394	1	-6
574.563	1	1
574.733	1	-3
574.903	1	0
575.073	1	0
575.243	1	-1
575.413	1	1
575.583	1	-9
575.752	1	-2
575.922	1	2
576.092	1	1
576.262	1	6
576.432	1	1
576.602	1	-1
576.772	1	-5
576.941	1	-3
577.111	1	-2
577.281	1	5
577.451	1	13
577.621	1	-5
577.791	1	-17
577.960	1	-1
578.130	1	-11
578.300	1	6
578.470	1	2
578.640	1	-2
578.810	1	1
578.979	1	5
579.149	1	-7
579.319	1	0
579.489	1	1
579.659	1	2
579.829	1	-1
579.998	1	-5
580.168	1	-1
580.338	1	-3
580.508	1	1
580.678	1	-10
580.848	1	3
581.017	1	8
581.187	1	2
581.357	1	-6
581.527	1	1
581.697	1	1
581.867	1	-6
582.036	1	-5
582.206	1	9
582.376	1	4
582.546	1	-8
582.716	1	-4
582.885	1	5
583.055	1	-1
583.225	1	-1
583.395	1	-4
583.565	1	7
583.735	1	-5
583.904	1	0
584.074	1	-2
584.244	1	2
584.414	1	2
584.584	1	-9
584.753	1	8
584.923	1	-8
585.093	1	5
585.263	1	15
585.433	1	-4
585.602	1	-1
585.772	1	7
585.942	1	1
586.112	1	2
586.282	1	-2
586.451	1	-10
586.621	1	9
586.791	1	1
586.961	1	5
587.131	1	9
587.300	1	-15
587.470	1	-1
587.640	1	-4
587.810	1	-1
587.980	1	6
588.149	1	8
588.319	1	3
588.489	1	3
588.659	1	-5
588.829	1	5
588.998	1	0
589.168	1	5
589.338	1	2
589.508	1	-7
589.677	1	-1
589.847	1	3
590.017	1	-10
590.187	1	2
590.357	1	2
590.526	1	14
590.696	1	-2
590.866	1	6
591.036	1	1
591.205	1	-11
591.375	1	-5
591.545	1	0
591.715	1	5
591.885	1	1
592.054	1	-1
592.224	1	8
592.394	1	-1
592.564	1	-5
592.733	1	-5
592.903	1	6
593.073	1	7
593.243	1	5
593.412	1	-3
593.582	1	8
593.752	1	-1
593.922	1	-1
594.091	1	0
594.261	1	-1
594.431	1	7
594.601	1	0
594.771	1	-5
594.940	1	2
595.110	1	-1
595.280	1	-6
595.450	1	1
595.619	1	3
595.789	1	-2
595.959	1	3
596.129	1	13
596.298	1	3
596.468	1	3
596.638	1	2
596.808	1	18
596.977	1	9
597.147	1	3
597.317	1	-3
597.487	1	-3
597.656	1	3
597.826	1	-2
597.996	1	6
598.166	1	1
598.335	1	11
598.505	1	-3
598.675	1	3
598.844	1	-4
599.014	1	-6
599.184	1	12
599.354	1	3
599.523	1	-3
599.693	1	3
599.863	1	0
600.033	1	3
600.202	1	-7
600.372	1	0
600.542	1	2
600.712	1	1
600.881	1	2
601.051	1	7
601.221	1	-3
601.390	1	-1
601.560	1	1
601.730	1	7
601.900	1	2
602.069	1	3
602.239	1	-13
602.409	1	9
602.578	1	-6
602.748	1	10
602.918	1	-6
603.088	1	2
603.257	1	6
603.427	1	-3
603.597	1	4
603.767	1	6
603.936	1	15
604.106	1	-4
604.276	1	1
604.445	1	7
604.615	1	-9
604.785	1	-3
604.954	1	15
605.124	1	-2
605.294	1	7
605.464	1	6
605.633	1	16
605.803	1	1
605.973	1	2
606.142	1	-4
606.312	1	1
606.482	1	-2
606.652	1	8
606.821	1	3
606.991	1	6
607.161	1	16
607.330	1	0
607.500	1	-12
607.670	1	1
607.839	1	9
608.009	1	-1
608.179	1	1
608.348	1	10
608.518	1	-3
608.688	1	10
608.858	1	1
609.027	1	-1
609.197	1	8
609.367	1	-2
609.536	1	-8
609.706	1	-3
609.876	1	-10
610.045	1	-2
610.215	1	0
610.385	1	12
610.554	1	-4
610.724	1	11
610.894	1	4
611.063	1	-9
611.233	1	-3
611.403	1	-1
611.572	1	-4
611.742	1	-16
611.912	1	-1
612.081	1	-3
612.251	1	16
612.421	1	-1
612.590	1	-4
612.760	1	1
612.930	1	3
613.099	1	4
613.269	1	2
613.439	1	4
613.608	1	11
613.778	1	-3
613.948	1	0
614.117	1	-5
614.287	1	1
614.457	1	-8
614.626	1	-7
614.796	1	-4
614.966	1	5
615.135	1	-4
615.305	1	-4
615.475	1	5
615.644	1	2
615.814	1	-3
615.984	1	-5
616.153	1	1
616.323	1	-7
616.493	1	-4
616.662	1	6
616.832	1	6
617.002	1	1
617.171	1	-1
617.341	1	-5
617.511	1	-3
617.680	1	1
617.850	1	-12
618.019	1	-2
618.189	1	10
618.359	1	5
618.528	1	5
618.698	1	-6
618.868	1	-7
619.037	1	1
619.207	1	-4
619.377	1	9
619.546	1	2
619.716	1	-15
619.885	1	14
620.055	1	8
620.225	1	4
620.394	1	-2
620.564	1	3
620.734	1	-5
620.903	1	-1
621.073	1	3
621.242	1	-7
621.412	1	-4
621.582	1	-3
621.751	1	-2
621.921	1	2
622.091	1	-5
622.260	1	8
622.430	1	-2
622.599	1	10
622.769	1	3
622.939	1	6
623.108	1	5
623.278	1	7
623.448	1	-1
623.617	1	-4
623.787	1	8
623.956	1	-5
624.126	1	11
624.296	1	6
624.465	1	5
624.635	1	-4
624.804	1	3
624.974	1	-2
625.144	1	11
625.313	1	-7
625.483	1	-2
625.652	1	3
625.822	1	3
625.992	1	2
626.161	1	-3
626.331	1	4
626.501	1	8
626.670	1	-6
626.840	1	0
627.009	1	3
627.179	1	-4
627.348	1	-1
627.518	1	5
627.688	1	1
627.857	1	-10
628.027	1	3
628.196	1	8
628.366	1	6
628.536	1	0
628.705	1	-2
628.875	1	2
629.044	1	-1
629.214	1	2
629.384	1	-11
629.553	1	4
629.723	1	-5
629.892	1	-1
630.062	1	5
630.232	1	-12
630.401	1	3
630.571	1	2
630.740	1	2
630.910	1	12
631.079	1	3
631.249	1	-6
631.419	1	0
631.588	1	-12
631.758	1	0
631.927	1	-1
632.097	1	9
632.266	1	2
632.436	1	-8
632.606	1	4
632.775	1	4
632.945	1	1
633.114	1	4
633.284	1	-2
633.453	1	-5
633.623	1	-1
633.793	1	9
633.962	1	-14
634.132	1	7
634.301	1	6
634.471	1	8
634.640	1	11
634.810	1	8
634.979	1	8
635.149	1	5
635.319	1	7
635.488	1	2
635.658	1	-9
635.827	1	-1
635.997	1	-3
636.166	1	8
636.336	1	15
636.505	1	9
636.675	1	2
636.845	1	6
637.014	1	5
637.184	1	2
637.353	1	-4
637.523	1	1
637.692	1	-2
637.862	1	-5
638.031	1	2
638.201	1	5
638.370	1	8
638.540	1	3
638.710	1	-2
638.879	1	-6
639.049	1	6
639.218	1	-2
639.388	1	6
639.557	1	-5
639.727	1	-1
639.896	1	4
640.066	1	-2
640.235	1	4
640.405	1	-4
640.574	1	8
640.744	1	5
640.914	1	11
641.083	1	-9
641.253	1	6
641.422	1	0
641.592	1	-4
641.761	1	11
641.931	1	3
642.100	1	9
642.270	1	4
642.439	1	-4
642.609	1	3
642.778	1	-2
642.948	1	-9
643.117	1	6
643.287	1	-1
643.456	1	-17
643.626	1	5
643.795	1	8
643.965	1	-9
644.134	1	-3
644.304	1	5
644.473	1	-3
644.643	1	-6
644.812	1	11
644.982	1	4
645.151	1	-8
645.321	1	-7
645.490	1	3
645.660	1	-2
645.829	1	-2
645.999	1	14
646.168	1	6
646.338	1	1
646.507	1	-8
646.677	1	5
646.846	1	2
647.016	1	1
647.185	1	-1
647.355	1	-1
647.524	1	-1
647.694	1	-6
647.863	1	-4
648.033	1	8
648.202	1	-6
648.372	1	-3
648.541	1	7
648.711	1	-4
648.880	1	7
649.050	1	3
649.219	1	-2
649.389	1	5
649.558	1	-2
649.728	1	-7
649.897	1	-7
650.067	1	-4
650.236	1	6
650.406	1	-8
650.575	1	5
650.745	1	-5
650.914	1	4
651.084	1	-8
651.253	1	-3
651.423	1	-9
651.592	1	5
651.762	1	-1
651.931	1	2
652.101	1	-3
652.270	1	-2
652.440	1	3
652.609	1	2
652.778	1	2
652.948	1	-9
653.117	1	4
653.287	1	-5
653.456	1	-2
653.626	1	-1
653.795	1	6
653.965	1	7
654.134	1	3
654.304	1	4
654.473	1	14
654.643	1	7
654.812	1	-7
654.982	1	-3
655.151	1	15
655.320	1	-4
655.490	1	-6
655.659	1	2
655.829	1	-12
655.998	1	2
656.168	1	5
656.337	1	6
656.507	1	-4
656.676	1	5
656.846	1	-6
657.015	1	10
657.184	1	-1
657.354	1	-4
657.523	1	6
657.693	1	0
657.862	1	-1
658.032	1	2
658.201	1	-5
658.371	1	7
658.540	1	9
658.709	1	9
658.879	1	-6
659.048	1	-9
659.218	1	2
659.387	1	1
659.557	1	-11
659.726	1	2
659.895	1	-4
660.065	1	-1
660.234	1	2
660.404	1	13
660.573	1	6
660.743	1	-3
660.912	1	9
661.081	1	1
661.251	1	-7
661.420	1	-3
661.590	1	6
661.759	1	3
661.929	1	6
662.098	1	-1
662.267	1	1
662.437	1	8
662.606	1	3
662.776	1	-3
662.945	1	7
663.115	1	-20
663.284	1	-11
663.453	1	4
663.623	1	-5
663.792	1	2
663.962	1	4
664.131	1	-9
664.300	1	-3
664.470	1	-6
664.639	1	-2
664.809	1	8
664.978	1	6
665.148	1	10
665.317	1	1
665.486	1	-4
665.656	1	1
665.825	1	9
665.995	1	-5
666.164	1	9
666.333	1	2
666.503	1	6
666.672	1	4
666.842	1	-4
667.011	1	0
667.180	1	0
667.350	1	2
667.519	1	-3
667.689	1	10
667.858	1	11
668.027	1	-7
668.197	1	5
668.366	1	9
668.536	1	-10
668.705	1	5
668.874	1	9
669.044	1	-5
669.213	1	2
669.382	1	11
669.552	1	1
669.721	1	0
669.891	1	-6
670.060	1	-6
670.229	1	9
670.399	1	8
670.568	1	18
670.738	1	-8
670.907	1	1
671.076	1	1
671.246	1	-7
671.415	1	3
671.584	1	1
671.754	1	0
671.923	1	-7
672.093	1	9
672.262	1	2
672.431	1	-3
672.601	1	-4
672.770	1	-11
672.939	1	2
673.109	1	6
673.278	1	7
673.448	1	2
673.617	1	-6
673.786	1	-5
