340.368	1	0
340.539	1	13
340.710	1	5
340.881	1	0
341.052	1	-7
341.223	1	4
341.394	1	-4
341.565	1	-1
341.737	1	1
341.908	1	4
342.079	1	-3
342.250	1	12
342.421	1	6
342.592	1	0
342.763	1	-3
342.934	1	1
343.105	1	3
343.276	1	0
343.447	1	3
343.618	1	-4
343.789	1	4
343.960	1	-6
344.131	1	5
344.302	1	14
344.473	1	3
344.644	1	0
344.815	1	-6
344.986	1	1
345.157	1	-7
345.328	1	4
345.499	1	5
345.670	1	-1
345.841	1	0
346.012	1	8
346.183	1	7
346.354	1	7
346.526	1	1
346.697	1	-1
346.868	1	8
347.039	1	1
347.210	1	13
347.381	1	0
347.552	1	-3
347.723	1	6
347.894	1	1
348.065	1	8
348.236	1	-1
348.407	1	-2
348.578	1	-3
348.749	1	7
348.920	1	3
349.091	1	2
349.262	1	12
349.433	1	10
349.604	1	7
349.775	1	-4
349.946	1	-2
350.117	1	10
350.288	1	-11
350.459	1	-1
350.630	1	-1
350.801	1	2
350.972	1	9
351.143	1	9
351.314	1	9
351.485	1	8
351.656	1	17
351.827	1	1
351.998	1	-5
352.169	1	5
352.340	1	9
352.511	1	8
352.682	1	0
352.853	1	10
353.024	1	-2
353.195	1	1
353.366	1	4
353.537	1	-12
353.708	1	-8
353.879	1	0
354.050	1	4
354.221	1	2
354.392	1	7
354.563	1	-2
354.734	1	1
354.905	1	6
355.076	1	-2
355.247	1	-2
355.418	1	5
355.589	1	6
355.760	1	2
355.931	1	3
356.102	1	-3
356.273	1	-2
356.444	1	-14
356.615	1	-4
356.785	1	11
356.956	1	10
357.127	1	0
357.298	1	-6
357.469	1	1
357.640	1	-6
357.811	1	1
357.982	1	-4
358.153	1	-8
358.324	1	4
358.495	1	2
358.666	1	1
358.837	1	1
359.008	1	7
359.179	1	7
359.350	1	-8
359.521	1	-4
359.692	1	2
359.863	1	-1
360.034	1	4
360.205	1	4
360.376	1	1
360.547	1	-3
360.718	1	5
360.889	1	0
361.060	1	-5
361.231	1	-8
361.401	1	-3
361.572	1	18
361.743	1	11
361.914	1	5
362.085	1	14
362.256	1	-3
362.427	1	3
362.598	1	-3
362.769	1	12
362.940	1	-6
363.111	1	6
363.282	1	9
363.453	1	-3
363.624	1	0
363.795	1	-2
363.966	1	9
364.137	1	2
364.308	1	10
364.478	1	5
364.649	1	12
364.820	1	8
364.991	1	1
365.162	1	9
365.333	1	-1
365.504	1	4
365.675	1	8
365.846	1	8
366.017	1	11
366.188	1	9
366.359	1	6
366.530	1	11
366.701	1	2
366.871	1	19
367.042	1	10
367.213	1	-2
367.384	1	16
367.555	1	9
367.726	1	4
367.897	1	3
368.068	1	6
368.239	1	11
368.410	1	4
368.581	1	17
368.752	1	16
368.923	1	14
369.093	1	11
369.264	1	6
369.435	1	3
369.606	1	19
369.777	1	0
369.948	1	5
370.119	1	10
370.290	1	9
370.461	1	10
370.632	1	-10
370.803	1	2
370.973	1	3
371.144	1	12
371.315	1	15
371.486	1	-1
371.657	1	-1
371.828	1	4
371.999	1	-2
372.170	1	7
372.341	1	6
372.512	1	8
372.682	1	-2
372.853	1	-6
373.024	1	4
373.195	1	4
373.366	1	-4
373.537	1	3
373.708	1	-1
373.879	1	10
374.050	1	5
374.220	1	5
374.391	1	4
374.562	1	-1
374.733	1	1
374.904	1	10
375.075	1	7
375.246	1	2
375.417	1	-5
375.588	1	-3
375.758	1	-2
375.929	1	-6
376.100	1	0
376.271	1	7
376.442	1	4
376.613	1	-1
376.784	1	6
376.955	1	2
377.125	1	9
377.296	1	-1
377.467	1	9
377.638	1	-5
377.809	1	1
377.980	1	-7
378.151	1	6
378.321	1	8
378.492	1	14
378.663	1	5
378.834	1	6
379.005	1	13
379.176	1	-6
379.347	1	-2
379.518	1	-2
379.688	1	-1
379.859	1	9
380.030	1	5
380.201	1	3
380.372	1	-9
380.543	1	2
380.714	1	13
380.884	1	-4
381.055	1	-2
381.226	1	7
381.397	1	6
381.568	1	5
381.739	1	9
381.910	1	4
382.080	1	-6
382.251	1	-5
382.422	1	10
382.593	1	3
382.764	1	-2
382.935	1	1
383.105	1	10
383.276	1	2
383.447	1	2
383.618	1	15
383.789	1	3
383.960	1	2
384.130	1	0
384.301	1	5
384.472	1	1
384.643	1	8
384.814	1	-2
384.985	1	15
385.156	1	2
385.326	1	8
385.497	1	-3
385.668	1	0
385.839	1	1
386.010	1	1
386.180	1	5
386.351	1	-6
386.522	1	3
386.693	1	-2
386.864	1	11
387.035	1	8
387.205	1	-1
387.376	1	1
387.547	1	6
387.718	1	-5
387.889	1	-13
388.060	1	3
388.230	1	-18
388.401	1	6
388.572	1	11
388.743	1	6
388.914	1	-1
389.084	1	11
389.255	1	-3
389.426	1	5
389.597	1	-18
389.768	1	-8
389.939	1	8
390.109	1	8
390.280	1	2
390.451	1	7
390.622	1	7
390.793	1	7
390.963	1	6
391.134	1	0
391.305	1	5
391.476	1	3
391.647	1	3
391.817	1	9
391.988	1	3
392.159	1	1
392.330	1	-2
392.501	1	2
392.671	1	-5
392.842	1	3
393.013	1	10
393.184	1	5
393.355	1	-5
393.525	1	-6
393.696	1	-7
393.867	1	15
394.038	1	2
394.208	1	-6
394.379	1	9
394.550	1	6
394.721	1	9
394.892	1	7
395.062	1	1
395.233	1	5
395.404	1	-18
395.575	1	4
395.746	1	2
395.916	1	11
396.087	1	7
396.258	1	6
396.429	1	4
396.599	1	8
396.770	1	2
396.941	1	6
397.112	1	4
397.283	1	5
397.453	1	15
397.624	1	-1
397.795	1	-7
397.966	1	1
398.136	1	0
398.307	1	7
398.478	1	4
398.649	1	-2
398.819	1	-10
398.990	1	-2
399.161	1	13
399.332	1	7
399.503	1	12
399.673	1	-2
399.844	1	-1
400.015	1	16
400.186	1	8
400.356	1	10
400.527	1	5
400.698	1	-2
400.869	1	9
401.039	1	9
401.210	1	-3
401.381	1	0
401.552	1	8
401.722	1	-6
401.893	1	-8
402.064	1	-8
402.235	1	9
402.405	1	7
402.576	1	3
402.747	1	8
402.918	1	7
403.088	1	6
403.259	1	-4
403.430	1	0
403.601	1	4
403.771	1	9
403.942	1	-1
404.113	1	-6
404.284	1	5
404.454	1	19
404.625	1	19
404.796	1	5
404.967	1	2
405.137	1	6
405.308	1	6
405.479	1	-4
405.649	1	1
405.820	1	6
405.991	1	11
406.162	1	-7
406.332	1	0
406.503	1	6
406.674	1	15
406.845	1	-3
407.015	1	1
407.186	1	2
407.357	1	0
407.527	1	1
407.698	1	11
407.869	1	16
408.040	1	2
408.210	1	9
408.381	1	14
408.552	1	-7
408.722	1	-3
408.893	1	1
409.064	1	-1
409.235	1	0
409.405	1	2
409.576	1	7
409.747	1	-4
409.917	1	-4
410.088	1	11
410.259	1	10
410.430	1	8
410.600	1	3
410.771	1	-7
410.942	1	0
411.112	1	14
411.283	1	-4
411.454	1	-3
411.625	1	3
411.795	1	10
411.966	1	3
412.137	1	1
412.307	1	-2
412.478	1	-6
412.649	1	10
412.819	1	3
412.990	1	-4
413.161	1	16
413.332	1	-2
413.502	1	9
413.673	1	4
413.844	1	4
414.014	1	2
414.185	1	11
414.356	1	7
414.526	1	2
414.697	1	0
414.868	1	1
415.038	1	7
415.209	1	-3
415.380	1	4
415.550	1	3
415.721	1	-2
415.892	1	0
416.063	1	1
416.233	1	15
416.404	1	4
416.575	1	5
416.745	1	12
416.916	1	-8
417.087	1	1
417.257	1	2
417.428	1	3
417.599	1	-1
417.769	1	11
417.940	1	10
418.111	1	8
418.281	1	-3
418.452	1	4
418.623	1	-2
418.793	1	-4
418.964	1	9
419.135	1	5
419.305	1	-1
419.476	1	4
419.647	1	5
419.817	1	0
419.988	1	4
420.159	1	9
420.329	1	16
420.500	1	-4
420.671	1	-6
420.841	1	-1
421.012	1	3
421.183	1	5
421.353	1	-2
421.524	1	8
421.695	1	1
421.865	1	9
422.036	1	-4
422.206	1	9
422.377	1	-2
422.548	1	9
422.718	1	9
422.889	1	10
423.060	1	6
423.230	1	-3
423.401	1	4
423.572	1	-5
423.742	1	10
423.913	1	4
424.084	1	5
424.254	1	2
424.425	1	12
424.595	1	10
424.766	1	4
424.937	1	1
425.107	1	16
425.278	1	-9
425.449	1	-6
425.619	1	0
425.790	1	18
425.961	1	3
426.131	1	12
426.302	1	11
426.472	1	4
426.643	1	0
426.814	1	5
426.984	1	1
427.155	1	0
427.326	1	-6
427.496	1	6
427.667	1	13
427.837	1	6
428.008	1	1
428.179	1	1
428.349	1	1
428.520	1	6
428.691	1	0
428.861	1	-6
429.032	1	0
429.202	1	11
429.373	1	12
429.544	1	12
429.714	1	-5
429.885	1	-2
430.055	1	-1
430.226	1	3
430.397	1	-5
430.567	1	1
430.738	1	-5
430.909	1	2
431.079	1	14
431.250	1	6
431.420	1	0
431.591	1	0
431.762	1	-4
431.932	1	0
432.103	1	-13
432.273	1	5
432.444	1	7
432.615	1	12
432.785	1	-7
432.956	1	-6
433.126	1	9
433.297	1	12
433.468	1	4
433.638	1	7
433.809	1	5
433.979	1	0
434.150	1	1
434.320	1	15
434.491	1	-1
434.662	1	5
434.832	1	3
435.003	1	6
435.173	1	8
435.344	1	-6
435.515	1	6
435.685	1	-15
435.856	1	1
436.026	1	12
436.197	1	10
436.368	1	-1
436.538	1	7
436.709	1	-5
436.879	1	-4
437.050	1	-1
437.220	1	-2
437.391	1	19
437.562	1	4
437.732	1	5
437.903	1	12
438.073	1	12
438.244	1	5
438.414	1	-6
438.585	1	1
438.756	1	3
438.926	1	7
439.097	1	9
439.267	1	4
439.438	1	10
439.608	1	8
439.779	1	14
439.949	1	14
440.120	1	-3
440.291	1	5
440.461	1	16
440.632	1	5
440.802	1	-6
440.973	1	5
441.143	1	2
441.314	1	0
441.485	1	8
441.655	1	11
441.826	1	2
441.996	1	5
442.167	1	3
442.337	1	0
442.508	1	-1
442.678	1	-1
442.849	1	0
443.019	1	4
443.190	1	7
443.361	1	2
443.531	1	3
443.702	1	2
443.872	1	13
444.043	1	-7
444.213	1	3
444.384	1	-2
444.554	1	0
444.725	1	5
444.895	1	1
445.066	1	9
445.237	1	4
445.407	1	-2
445.578	1	-12
445.748	1	9
445.919	1	-6
446.089	1	0
446.260	1	4
446.430	1	0
446.601	1	11
446.771	1	9
446.942	1	5
447.112	1	7
447.283	1	2
447.453	1	3
447.624	1	3
447.794	1	12
447.965	1	-4
448.135	1	13
448.306	1	2
448.477	1	2
448.647	1	6
448.818	1	-4
448.988	1	2
449.159	1	6
449.329	1	3
449.500	1	-3
449.670	1	2
449.841	1	-9
450.011	1	-4
450.182	1	8
450.352	1	6
450.523	1	8
450.693	1	-2
450.864	1	-6
451.034	1	-13
451.205	1	11
451.375	1	6
451.546	1	10
451.716	1	-5
451.887	1	-5
452.057	1	11
452.228	1	1
452.398	1	-9
452.569	1	1
452.739	1	9
452.910	1	10
453.080	1	-3
453.251	1	15
453.421	1	3
453.592	1	7
453.762	1	1
453.933	1	2
454.103	1	-6
454.274	1	0
454.444	1	-5
454.615	1	-1
454.785	1	11
454.956	1	-7
455.126	1	-2
455.297	1	7
455.467	1	1
455.638	1	0
455.808	1	13
455.979	1	4
456.149	1	3
456.320	1	-5
456.490	1	5
456.661	1	-1
456.831	1	5
457.001	1	-2
457.172	1	-2
457.342	1	4
457.513	1	-2
457.683	1	0
457.854	1	6
458.024	1	13
458.195	1	-4
458.365	1	2
458.536	1	1
458.706	1	8
458.877	1	17
459.047	1	-10
459.218	1	6
459.388	1	1
459.559	1	-2
459.729	1	-1
459.899	1	1
460.070	1	11
460.240	1	2
460.411	1	11
460.581	1	-4
460.752	1	0
460.922	1	-3
461.093	1	2
461.263	1	11
461.434	1	8
461.604	1	-13
461.775	1	2
461.945	1	3
462.115	1	4
462.286	1	4
462.456	1	6
462.627	1	-5
462.797	1	4
462.968	1	1
463.138	1	9
463.309	1	0
463.479	1	10
463.649	1	-4
463.820	1	6
463.990	1	7
464.161	1	-7
464.331	1	14
464.502	1	2
464.672	1	-2
464.843	1	1
465.013	1	-3
465.183	1	10
465.354	1	0
465.524	1	-5
465.695	1	9
465.865	1	-7
466.036	1	1
466.206	1	5
466.376	1	3
466.547	1	1
466.717	1	10
466.888	1	1
467.058	1	3
467.229	1	-9
467.399	1	-11
467.569	1	1
467.740	1	11
467.910	1	-3
468.081	1	11
468.251	1	7
468.422	1	2
468.592	1	4
468.762	1	7
468.933	1	8
469.103	1	11
469.274	1	4
469.444	1	4
469.614	1	-1
469.785	1	15
469.955	1	-7
470.126	1	-15
470.296	1	-5
470.467	1	0
470.637	1	-4
470.807	1	3
470.978	1	1
471.148	1	3
471.319	1	-6
471.489	1	-8
471.659	1	-2
471.830	1	5
472.000	1	3
472.171	1	2
472.341	1	-1
472.511	1	6
472.682	1	4
472.852	1	9
473.023	1	-2
473.193	1	1
473.363	1	14
473.534	1	-4
473.704	1	0
473.875	1	15
474.045	1	-2
474.215	1	5
474.386	1	-1
474.556	1	4
474.727	1	8
474.897	1	-5
475.067	1	4
475.238	1	14
475.408	1	4
475.578	1	8
475.749	1	2
475.919	1	-1
476.090	1	-2
476.260	1	3
476.430	1	2
476.601	1	-1
476.771	1	-2
476.942	1	6
477.112	1	7
477.282	1	12
477.453	1	6
477.623	1	-2
477.793	1	-2
477.964	1	-5
478.134	1	12
478.305	1	15
478.475	1	-4
478.645	1	0
478.816	1	2
478.986	1	-4
479.156	1	3
479.327	1	-5
479.497	1	6
479.667	1	3
479.838	1	1
480.008	1	2
480.179	1	-4
480.349	1	-4
480.519	1	0
480.690	1	5
480.860	1	9
481.030	1	2
481.201	1	9
481.371	1	6
481.541	1	-3
481.712	1	5
481.882	1	-2
482.053	1	5
482.223	1	-7
482.393	1	13
482.564	1	4
482.734	1	4
482.904	1	7
483.075	1	19
483.245	1	-2
483.415	1	-8
483.586	1	1
483.756	1	0
483.926	1	6
484.097	1	-2
484.267	1	9
484.437	1	-5
484.608	1	12
484.778	1	8
484.948	1	-3
485.119	1	6
485.289	1	-3
485.459	1	-10
485.630	1	-2
485.800	1	11
485.970	1	4
486.141	1	-1
486.311	1	10
486.481	1	3
486.652	1	5
486.822	1	9
486.992	1	4
487.163	1	0
487.333	1	-3
487.503	1	-4
487.674	1	2
487.844	1	-3
488.014	1	0
488.185	1	2
488.355	1	12
488.525	1	-4
488.696	1	-2
488.866	1	3
489.036	1	2
489.207	1	-3
489.377	1	0
489.547	1	-1
489.718	1	6
489.888	1	9
490.058	1	4
490.228	1	7
490.399	1	-1
490.569	1	9
490.739	1	5
490.910	1	-7
491.080	1	-1
491.250	1	3
491.421	1	3
491.591	1	-7
491.761	1	-1
491.932	1	-4
492.102	1	5
492.272	1	-9
492.442	1	3
492.613	1	0
492.783	1	-13
492.953	1	-1
493.124	1	4
493.294	1	7
493.464	1	-3
493.635	1	8
493.805	1	2
493.975	1	12
494.145	1	-5
494.316	1	3
494.486	1	6
494.656	1	7
494.827	1	11
494.997	1	-1
495.167	1	3
495.337	1	2
495.508	1	-10
495.678	1	4
495.848	1	6
496.019	1	3
496.189	1	8
496.359	1	9
496.529	1	7
496.700	1	-6
496.870	1	-1
497.040	1	9
497.211	1	-8
497.381	1	-1
497.551	1	12
497.721	1	1
497.892	1	0
498.062	1	-4
498.232	1	9
498.403	1	-7
498.573	1	6
498.743	1	13
498.913	1	6
499.084	1	9
499.254	1	5
499.424	1	-10
499.594	1	-4
499.765	1	-3
499.935	1	1
500.105	1	10
500.275	1	10
500.446	1	2
500.616	1	-4
500.786	1	2
500.956	1	3
501.127	1	5
501.297	1	-6
501.467	1	6
501.638	1	2
501.808	1	5
501.978	1	-4
502.148	1	-9
502.319	1	1
502.489	1	5
502.659	1	1
502.829	1	-1
503.000	1	4
503.170	1	-2
503.340	1	-9
503.510	1	4
503.681	1	1
503.851	1	4
504.021	1	-6
504.191	1	2
504.362	1	-2
504.532	1	-3
504.702	1	7
504.872	1	7
505.042	1	9
505.213	1	2
505.383	1	-1
505.553	1	1
505.723	1	11
505.894	1	5
506.064	1	3
506.234	1	5
506.404	1	-3
506.575	1	-6
506.745	1	-6
506.915	1	-2
507.085	1	4
507.256	1	7
507.426	1	5
507.596	1	3
507.766	1	1
507.936	1	0
508.107	1	2
508.277	1	-10
508.447	1	7
508.617	1	-4
508.788	1	1
508.958	1	8
509.128	1	0
509.298	1	1
509.468	1	-4
509.639	1	4
509.809	1	-2
509.979	1	-2
510.149	1	1
510.319	1	10
510.490	1	2
510.660	1	2
510.830	1	12
511.000	1	0
511.171	1	4
511.341	1	-9
511.511	1	-5
511.681	1	1
511.851	1	12
512.022	1	2
512.192	1	-4
512.362	1	1
512.532	1	4
512.702	1	6
512.873	1	-8
513.043	1	3
513.213	1	2
513.383	1	6
513.553	1	9
513.724	1	-6
513.894	1	1
514.064	1	1
514.234	1	21
514.404	1	9
514.575	1	1
514.745	1	9
514.915	1	-6
515.085	1	7
515.255	1	4
515.425	1	-1
515.596	1	1
515.766	1	4
515.936	1	10
516.106	1	-6
516.276	1	-7
516.447	1	3
516.617	1	11
516.787	1	7
516.957	1	2
517.127	1	8
517.297	1	1
517.468	1	5
517.638	1	10
517.808	1	-6
517.978	1	0
518.148	1	5
518.319	1	-1
518.489	1	0
518.659	1	-3
518.829	1	5
518.999	1	5
519.169	1	10
519.340	1	-6
519.510	1	-5
519.680	1	0
519.850	1	20
520.020	1	7
520.190	1	20
520.361	1	3
520.531	1	5
520.701	1	2
520.871	1	1
521.041	1	11
521.211	1	5
521.382	1	5
521.552	1	4
521.722	1	4
521.892	1	0
522.062	1	0
522.232	1	-8
522.402	1	-3
522.573	1	0
522.743	1	7
522.913	1	7
523.083	1	6
523.253	1	1
523.423	1	12
523.593	1	1
523.764	1	2
523.934	1	-1
524.104	1	-9
524.274	1	-7
524.444	1	1
524.614	1	-2
524.784	1	18
524.955	1	9
525.125	1	8
525.295	1	5
525.465	1	8
525.635	1	-3
525.805	1	3
525.975	1	7
526.146	1	-2
526.316	1	0
526.486	1	1
526.656	1	8
526.826	1	12
526.996	1	4
527.166	1	11
527.337	1	8
527.507	1	10
527.677	1	-6
527.847	1	6
528.017	1	-2
528.187	1	7
528.357	1	15
528.527	1	4
528.698	1	-4
528.868	1	-4
529.038	1	-8
529.208	1	-3
529.378	1	9
529.548	1	1
529.718	1	3
529.888	1	7
530.058	1	-5
530.229	1	6
530.399	1	2
530.569	1	8
530.739	1	2
530.909	1	7
531.079	1	-6
531.249	1	9
531.419	1	13
531.589	1	5
531.760	1	-7
531.930	1	0
532.100	1	14
532.270	1	5
532.440	1	3
532.610	1	-5
532.780	1	2
532.950	1	11
533.120	1	8
533.290	1	3
533.461	1	-5
533.631	1	2
533.801	1	12
533.971	1	11
534.141	1	3
534.311	1	12
534.481	1	7
534.651	1	-1
534.821	1	5
534.991	1	-6
535.162	1	7
535.332	1	8
535.502	1	11
535.672	1	5
535.842	1	14
536.012	1	-2
536.182	1	8
536.352	1	6
536.522	1	-2
536.692	1	-2
536.862	1	4
537.032	1	-1
537.203	1	-4
537.373	1	4
537.543	1	13
537.713	1	4
537.883	1	1
538.053	1	-7
538.223	1	4
538.393	1	6
538.563	1	8
538.733	1	0
538.903	1	10
539.073	1	2
539.243	1	3
539.413	1	6
539.584	1	3
539.754	1	3
539.924	1	-3
540.094	1	3
540.264	1	-2
540.434	1	5
540.604	1	5
540.774	1	3
540.944	1	10
541.114	1	-14
541.284	1	7
541.454	1	1
541.624	1	10
541.794	1	1
541.964	1	3
542.134	1	4
542.305	1	0
542.475	1	-8
542.645	1	-3
542.815	1	1
542.985	1	0
543.155	1	6
543.325	1	0
543.495	1	0
543.665	1	8
543.835	1	6
544.005	1	6
544.175	1	0
544.345	1	7
544.515	1	7
544.685	1	13
544.855	1	3
545.025	1	-2
545.195	1	-1
545.365	1	5
545.535	1	17
545.705	1	9
545.875	1	11
546.045	1	0
546.216	1	14
546.386	1	12
546.556	1	-5
546.726	1	-6
546.896	1	5
547.066	1	10
547.236	1	2
547.406	1	-8
547.576	1	3
547.746	1	4
547.916	1	1
548.086	1	-2
548.256	1	-8
548.426	1	7
548.596	1	0
548.766	1	5
548.936	1	15
549.106	1	0
549.276	1	-7
549.446	1	0
549.616	1	3
549.786	1	8
549.956	1	-11
550.126	1	7
550.296	1	-2
550.466	1	9
550.636	1	-4
550.806	1	10
550.976	1	-9
551.146	1	-2
551.316	1	8
551.486	1	7
551.656	1	2
551.826	1	-4
551.996	1	4
552.166	1	2
552.336	1	0
552.506	1	6
552.676	1	8
552.846	1	6
553.016	1	1
553.186	1	-3
553.356	1	4
553.526	1	-2
553.696	1	1
553.866	1	-14
554.036	1	6
554.206	1	6
554.376	1	10
554.546	1	-4
554.716	1	1
554.886	1	-5
555.056	1	5
555.226	1	4
555.396	1	-10
555.566	1	-1
555.736	1	6
555.906	1	-2
556.076	1	1
556.246	1	0
556.416	1	8
556.586	1	5
556.756	1	4
556.926	1	-3
557.096	1	2
557.266	1	2
557.436	1	4
557.606	1	-1
557.776	1	-3
557.946	1	7
558.116	1	-7
558.286	1	3
558.456	1	3
558.626	1	-6
558.796	1	8
558.966	1	-5
559.136	1	1
559.306	1	6
559.476	1	-1
559.646	1	5
559.816	1	-1
559.986	1	3
560.155	1	-5
560.325	1	-5
560.495	1	-5
560.665	1	7
560.835	1	6
561.005	1	-1
561.175	1	8
561.345	1	10
561.515	1	-5
561.685	1	7
561.855	1	-2
562.025	1	6
562.195	1	-1
562.365	1	7
562.535	1	3
562.705	1	7
562.875	1	3
563.045	1	-7
563.215	1	3
563.385	1	11
563.555	1	10
563.725	1	-9
563.895	1	-3
564.064	1	7
564.234	1	4
564.404	1	3
564.574	1	12
564.744	1	5
564.914	1	4
565.084	1	2
565.254	1	-4
565.424	1	0
565.594	1	8
565.764	1	13
565.934	1	-2
566.104	1	0
566.274	1	-2
566.444	1	18
566.614	1	1
566.783	1	7
566.953	1	-5
567.123	1	9
567.293	1	9
567.463	1	3
567.633	1	-14
567.803	1	9
567.973	1	5
568.143	1	8
568.313	1	-14
568.483	1	8
568.653	1	1
568.823	1	-8
568.993	1	-2
569.162	1	6
569.332	1	3
569.502	1	0
569.672	1	-5
569.842	1	-3
570.012	1	-6
570.182	1	-3
570.352	1	-9
570.522	1	-11
570.692	1	7
570.862	1	11
571.031	1	7
571.201	1	9
571.371	1	1
571.541	1	-4
571.711	1	7
571.881	1	1
572.051	1	15
572.221	1	7
572.391	1	4
572.561	1	3
572.731	1	3
572.900	1	-4
573.070	1	-2
573.240	1	-8
573.410	1	-2
573.580	1	6
573.750	1	6
573.920	1	5
574.090	1	-3
574.260	1	0
574.430	1	4
574.599	1	7
574.769	1	-4
574.939	1	9
575.109	1	9
575.279	1	-1
575.449	1	6
575.619	1	1
575.789	1	-2
575.959	1	0
576.128	1	-4
576.298	1	-2
576.468	1	2
576.638	1	0
576.808	1	-5
576.978	1	-7
577.148	1	7
577.318	1	4
577.487	1	1
577.657	1	15
577.827	1	-9
577.997	1	8
578.167	1	-1
578.337	1	4
578.507	1	0
578.677	1	4
578.846	1	1
579.016	1	-7
579.186	1	-4
579.356	1	3
579.526	1	5
579.696	1	-4
579.866	1	9
580.036	1	-4
580.205	1	-3
580.375	1	0
580.545	1	-3
580.715	1	6
580.885	1	8
581.055	1	1
581.225	1	-8
581.394	1	5
581.564	1	-7
581.734	1	5
581.904	1	2
582.074	1	7
582.244	1	-5
582.414	1	-4
582.583	1	11
582.753	1	8
582.923	1	4
583.093	1	4
583.263	1	-4
583.433	1	5
583.603	1	13
583.772	1	8
583.942	1	-5
584.112	1	13
584.282	1	1
584.452	1	4
584.622	1	-10
584.791	1	-7
584.961	1	4
585.131	1	3
585.301	1	1
585.471	1	-4
585.641	1	13
585.811	1	-5
585.980	1	4
586.150	1	9
586.320	1	3
586.490	1	1
586.660	1	-10
586.830	1	-9
586.999	1	-12
587.169	1	4
587.339	1	2
587.509	1	-1
587.679	1	-1
587.849	1	3
588.018	1	13
588.188	1	12
588.358	1	-9
588.528	1	14
588.698	1	1
588.867	1	-1
589.037	1	-2
589.207	1	-2
589.377	1	5
589.547	1	-2
589.717	1	-6
589.886	1	-5
590.056	1	0
590.226	1	3
590.396	1	4
590.566	1	-2
590.735	1	2
590.905	1	5
591.075	1	7
591.245	1	1
591.415	1	16
591.585	1	5
591.754	1	-7
591.924	1	-5
592.094	1	-1
592.264	1	1
592.434	1	1
592.603	1	5
592.773	1	20
592.943	1	9
593.113	1	0
593.283	1	-10
593.452	1	2
593.622	1	-7
593.792	1	-14
593.962	1	6
594.132	1	1
594.301	1	-8
594.471	1	6
594.641	1	2
594.811	1	1
594.981	1	-7
595.150	1	-3
595.320	1	6
595.490	1	-4
595.660	1	-4
595.829	1	2
595.999	1	2
596.169	1	10
596.339	1	8
596.509	1	1
596.678	1	-8
596.848	1	0
597.018	1	0
597.188	1	-7
597.358	1	0
597.527	1	-4
597.697	1	-6
597.867	1	-4
598.037	1	11
598.206	1	6
598.376	1	-2
598.546	1	-5
598.716	1	5
598.885	1	6
599.055	1	-1
599.225	1	10
599.395	1	-1
599.565	1	-2
599.734	1	3
599.904	1	-3
600.074	1	4
600.244	1	-1
600.413	1	5
600.583	1	5
600.753	1	-1
600.923	1	-1
601.092	1	-3
601.262	1	-7
601.432	1	1
601.602	1	3
601.771	1	9
601.941	1	-1
602.111	1	-7
602.281	1	6
602.451	1	5
602.620	1	-5
602.790	1	-4
602.960	1	-2
603.130	1	3
603.299	1	6
603.469	1	0
603.639	1	-10
603.809	1	7
603.978	1	3
604.148	1	9
604.318	1	-4
604.487	1	10
604.657	1	-7
604.827	1	2
604.997	1	6
605.166	1	6
605.336	1	11
605.506	1	7
605.676	1	1
605.845	1	2
606.015	1	-5
606.185	1	9
606.355	1	3
606.524	1	3
606.694	1	-11
606.864	1	18
607.034	1	11
607.203	1	-3
607.373	1	0
607.543	1	-2
607.712	1	9
607.882	1	6
608.052	1	4
608.222	1	-9
608.391	1	11
608.561	1	-2
608.731	1	-1
608.901	1	8
609.070	1	10
609.240	1	-1
609.410	1	13
609.579	1	6
609.749	1	2
609.919	1	15
610.089	1	-3
610.258	1	-5
610.428	1	-2
610.598	1	2
610.767	1	2
610.937	1	8
611.107	1	0
611.277	1	2
611.446	1	3
611.616	1	-4
611.786	1	-1
611.955	1	-5
612.125	1	1
612.295	1	0
612.465	1	-3
612.634	1	-5
612.804	1	13
612.974	1	14
613.143	1	-2
613.313	1	1
613.483	1	-3
613.652	1	-6
613.822	1	6
613.992	1	-3
614.162	1	11
614.331	1	6
614.501	1	9
614.671	1	0
614.840	1	-7
615.010	1	-7
615.180	1	5
615.349	1	-1
615.519	1	-1
615.689	1	3
615.858	1	-7
616.028	1	8
616.198	1	-2
616.368	1	0
616.537	1	2
616.707	1	9
616.877	1	-3
617.046	1	9
617.216	1	13
617.386	1	-12
617.555	1	3
617.725	1	-6
617.895	1	4
618.064	1	-6
618.234	1	-1
618.404	1	-4
618.573	1	-7
618.743	1	13
618.913	1	4
619.082	1	4
619.252	1	-7
619.422	1	4
619.591	1	2
619.761	1	2
619.931	1	-9
620.100	1	-9
620.270	1	-4
620.440	1	8
620.609	1	-11
620.779	1	4
620.949	1	0
621.118	1	-2
621.288	1	-1
621.458	1	5
621.627	1	3
621.797	1	-1
621.967	1	3
622.136	1	10
622.306	1	0
622.476	1	16
622.645	1	12
622.815	1	8
622.985	1	-6
623.154	1	-5
623.324	1	-9
623.494	1	7
623.663	1	10
623.833	1	8
624.002	1	8
624.172	1	-5
624.342	1	9
624.511	1	-4
624.681	1	3
624.851	1	-3
625.020	1	1
625.190	1	-2
625.360	1	7
625.529	1	-1
625.699	1	1
625.869	1	5
626.038	1	9
626.208	1	1
626.377	1	1
626.547	1	4
626.717	1	10
626.886	1	5
627.056	1	4
627.226	1	-6
627.395	1	-7
627.565	1	10
627.735	1	12
627.904	1	4
628.074	1	5
628.243	1	2
628.413	1	0
628.583	1	-13
628.752	1	4
628.922	1	0
629.091	1	-2
629.261	1	-14
629.431	1	4
629.600	1	-3
629.770	1	3
629.940	1	7
630.109	1	12
630.279	1	1
630.448	1	7
630.618	1	-8
630.788	1	-9
630.957	1	6
631.127	1	3
631.297	1	3
631.466	1	9
631.636	1	8
631.805	1	12
631.975	1	1
632.145	1	5
632.314	1	-5
632.484	1	-6
632.653	1	-6
632.823	1	3
632.993	1	0
633.162	1	-1
633.332	1	0
633.501	1	7
633.671	1	0
633.841	1	6
634.010	1	-1
634.180	1	14
634.349	1	5
634.519	1	5
634.689	1	-2
634.858	1	7
635.028	1	2
635.197	1	-2
635.367	1	7
635.537	1	-8
635.706	1	12
635.876	1	4
636.045	1	9
636.215	1	6
636.384	1	-4
636.554	1	5
636.724	1	11
636.893	1	-4
637.063	1	7
637.232	1	6
637.402	1	-1
637.572	1	5
637.741	1	12
637.911	1	-1
638.080	1	2
638.250	1	0
638.419	1	5
638.589	1	4
638.759	1	-3
638.928	1	-7
639.098	1	-5
639.267	1	0
639.437	1	14
639.606	1	3
639.776	1	0
639.946	1	0
640.115	1	8
640.285	1	1
640.454	1	13
640.624	1	-11
640.793	1	-14
640.963	1	-10
641.132	1	18
641.302	1	15
641.472	1	-2
641.641	1	5
641.811	1	-1
641.980	1	-2
642.150	1	-13
642.319	1	14
642.489	1	-7
642.659	1	-7
642.828	1	0
642.998	1	11
643.167	1	7
643.337	1	0
643.506	1	10
643.676	1	5
643.845	1	-7
644.015	1	4
644.184	1	-14
644.354	1	-6
644.524	1	-4
644.693	1	-2
644.863	1	-4
645.032	1	4
645.202	1	6
645.371	1	4
645.541	1	-7
645.710	1	6
645.880	1	11
646.049	1	-14
646.219	1	11
646.388	1	3
646.558	1	1
646.728	1	-2
646.897	1	6
647.067	1	10
647.236	1	-1
647.406	1	-3
647.575	1	-15
647.745	1	5
647.914	1	-15
648.084	1	6
648.253	1	5
648.423	1	7
648.592	1	-10
648.762	1	1
648.931	1	-4
649.101	1	2
649.270	1	3
649.440	1	4
649.610	1	-2
649.779	1	9
649.949	1	3
650.118	1	-3
650.288	1	13
650.457	1	0
650.627	1	4
650.796	1	-6
650.966	1	4
651.135	1	7
651.305	1	4
651.474	1	-1
651.644	1	-1
651.813	1	10
651.983	1	-11
652.152	1	0
652.322	1	7
652.491	1	4
652.661	1	-2
652.830	1	-2
653.000	1	0
653.169	1	-5
653.339	1	-5
653.508	1	8
653.678	1	7
653.847	1	2
654.017	1	-7
654.186	1	-12
654.356	1	10
654.525	1	1
654.695	1	2
654.864	1	-5
655.034	1	-4
655.203	1	4
655.373	1	4
655.542	1	-2
655.712	1	5
655.881	1	10
656.051	1	-1
656.220	1	-5
656.390	1	-3
656.559	1	-5
656.729	1	5
656.898	1	-5
657.068	1	-3
657.237	1	6
657.406	1	0
657.576	1	6
657.745	1	1
657.915	1	16
658.084	1	-3
658.254	1	1
658.423	1	-5
658.593	1	-2
658.762	1	15
658.932	1	8
659.101	1	9
659.271	1	9
659.440	1	-5
659.610	1	-3
659.779	1	-2
659.949	1	-2
660.118	1	-6
660.288	1	1
660.457	1	-2
660.626	1	5
660.796	1	4
660.965	1	-2
661.135	1	9
661.304	1	9
661.474	1	10
661.643	1	0
661.813	1	0
661.982	1	-11
662.152	1	-7
662.321	1	-3
662.491	1	20
662.660	1	-1
662.829	1	5
662.999	1	4
663.168	1	-3
663.338	1	-3
663.507	1	1
663.677	1	-1
663.846	1	-8
664.016	1	3
664.185	1	0
664.354	1	1
664.524	1	3
664.693	1	8
664.863	1	-2
665.032	1	8
665.202	1	-3
665.371	1	-3
665.541	1	2
665.710	1	4
665.879	1	13
666.049	1	6
666.218	1	-2
666.388	1	1
666.557	1	4
666.727	1	-13
666.896	1	-1
667.065	1	3
667.235	1	9
667.404	1	1
667.574	1	11
667.743	1	-1
667.913	1	4
668.082	1	3
668.251	1	1
668.421	1	0
668.590	1	3
668.760	1	-4
668.929	1	4
669.099	1	-4
669.268	1	2
669.437	1	-2
669.607	1	-7
669.776	1	5
669.946	1	9
670.115	1	7
670.285	1	13
670.454	1	-4
670.623	1	14
670.793	1	-7
670.962	1	-3
671.132	1	6
671.301	1	-6
671.470	1	9
671.640	1	0
671.809	1	-8
671.979	1	5
672.148	1	0
672.317	1	-6
672.487	1	-8
672.656	1	2
672.826	1	5
672.995	1	6
673.164	1	5
673.334	1	-8
673.503	1	-1
673.673	1	5
673.842	1	-1
674.011	1	-3
674.181	1	14
674.350	1	0
674.520	1	3
674.689	1	9
674.858	1	-1
675.028	1	-2
675.197	1	-2
675.367	1	-8
675.536	1	-1
675.705	1	14
675.875	1	-1
676.044	1	-1
676.214	1	13
676.383	1	6
676.552	1	1
676.722	1	-8
676.891	1	-3
677.060	1	6
677.230	1	3
677.399	1	10
677.569	1	-1
677.738	1	-3
677.907	1	-3
678.077	1	6
678.246	1	6
678.416	1	1
678.585	1	-5
678.754	1	1
678.924	1	6
679.093	1	-3
679.262	1	4
679.432	1	1
679.601	1	5
679.771	1	11
679.940	1	-3
680.109	1	0
680.279	1	4
680.448	1	-1
680.617	1	-5
680.787	1	0
680.956	1	-3
681.125	1	10
681.295	1	-1
681.464	1	-7
681.634	1	3
681.803	1	-4
681.972	1	8
682.142	1	-15
682.311	1	-11
682.480	1	4
682.650	1	-2
682.819	1	8
682.988	1	3
683.158	1	3
683.327	1	-10
683.496	1	-6
683.666	1	-2
683.835	1	-10
684.004	1	-2
684.174	1	2
684.343	1	-1
684.512	1	6
684.682	1	3
684.851	1	-3
685.021	1	5
685.190	1	1
685.359	1	-12
685.529	1	-9
685.698	1	1
685.867	1	-2
686.037	1	-2
686.206	1	2
686.375	1	-3
686.545	1	-3
686.714	1	-9
686.883	1	-4
687.053	1	3
687.222	1	-5
687.391	1	3
687.561	1	7
687.730	1	2
687.899	1	5
688.069	1	7
688.238	1	7
688.407	1	4
688.577	1	1
688.746	1	15
