340.368	1	4
340.539	1	13
340.710	1	6
340.881	1	9
341.052	1	3
341.223	1	-10
341.394	1	6
341.565	1	1
341.737	1	10
341.908	1	13
342.079	1	0
342.250	1	9
342.421	1	8
342.592	1	0
342.763	1	7
342.934	1	2
343.105	1	6
343.276	1	10
343.447	1	9
343.618	1	7
343.789	1	-1
343.960	1	-8
344.131	1	5
344.302	1	10
344.473	1	3
344.644	1	11
344.815	1	-3
344.986	1	7
345.157	1	-2
345.328	1	2
345.499	1	1
345.670	1	5
345.841	1	2
346.012	1	2
346.183	1	9
346.354	1	2
346.526	1	5
346.697	1	6
346.868	1	1
347.039	1	5
347.210	1	8
347.381	1	2
347.552	1	4
347.723	1	12
347.894	1	1
348.065	1	7
348.236	1	3
348.407	1	4
348.578	1	-1
348.749	1	13
348.920	1	5
349.091	1	13
349.262	1	13
349.433	1	11
349.604	1	4
349.775	1	17
349.946	1	3
350.117	1	9
350.288	1	-2
350.459	1	-4
350.630	1	14
350.801	1	5
350.972	1	13
351.143	1	2
351.314	1	4
351.485	1	10
351.656	1	10
351.827	1	17
351.998	1	15
352.169	1	7
352.340	1	7
352.511	1	3
352.682	1	6
352.853	1	12
353.024	1	4
353.195	1	9
353.366	1	11
353.537	1	4
353.708	1	12
353.879	1	-2
354.050	1	6
354.221	1	6
354.392	1	16
354.563	1	11
354.734	1	7
354.905	1	19
355.076	1	13
355.247	1	7
355.418	1	13
355.589	1	15
355.760	1	16
355.931	1	6
356.102	1	7
356.273	1	13
356.444	1	2
356.615	1	12
356.785	1	15
356.956	1	15
357.127	1	20
357.298	1	17
357.469	1	13
357.640	1	14
357.811	1	15
357.982	1	20
358.153	1	10
358.324	1	17
358.495	1	20
358.666	1	16
358.837	1	18
359.008	1	20
359.179	1	20
359.350	1	10
359.521	1	8
359.692	1	24
359.863	1	27
360.034	1	31
360.205	1	23
360.376	1	26
360.547	1	23
360.718	1	30
360.889	1	24
361.060	1	39
361.231	1	28
361.401	1	29
361.572	1	42
361.743	1	48
361.914	1	40
362.085	1	46
362.256	1	43
362.427	1	56
362.598	1	49
362.769	1	54
362.940	1	45
363.111	1	64
363.282	1	60
363.453	1	39
363.624	1	58
363.795	1	57
363.966	1	74
364.137	1	66
364.308	1	85
364.478	1	77
364.649	1	66
364.820	1	80
364.991	1	85
365.162	1	86
365.333	1	77
365.504	1	86
365.675	1	90
365.846	1	93
366.017	1	103
366.188	1	103
366.359	1	107
366.530	1	101
366.701	1	101
366.871	1	122
367.042	1	111
367.213	1	121
367.384	1	121
367.555	1	127
367.726	1	120
367.897	1	120
368.068	1	105
368.239	1	115
368.410	1	112
368.581	1	114
368.752	1	135
368.923	1	123
369.093	1	112
369.264	1	104
369.435	1	105
369.606	1	122
369.777	1	108
369.948	1	96
370.119	1	108
370.290	1	103
370.461	1	108
370.632	1	84
370.803	1	87
370.973	1	72
371.144	1	90
371.315	1	87
371.486	1	81
371.657	1	81
371.828	1	87
371.999	1	73
372.170	1	70
372.341	1	84
372.512	1	71
372.682	1	66
372.853	1	54
373.024	1	71
373.195	1	61
373.366	1	63
373.537	1	65
373.708	1	66
373.879	1	68
374.050	1	65
374.220	1	51
374.391	1	66
374.562	1	66
374.733	1	52
374.904	1	51
375.075	1	62
375.246	1	54
375.417	1	52
375.588	1	61
375.758	1	40
375.929	1	51
376.100	1	47
376.271	1	53
376.442	1	44
376.613	1	36
376.784	1	50
376.955	1	52
377.125	1	45
377.296	1	45
377.467	1	49
377.638	1	25
377.809	1	30
377.980	1	23
378.151	1	47
378.321	1	41
378.492	1	34
378.663	1	37
378.834	1	25
379.005	1	51
379.176	1	33
379.347	1	25
379.518	1	34
379.688	1	30
379.859	1	31
380.030	1	30
380.201	1	42
380.372	1	32
380.543	1	27
380.714	1	44
380.884	1	25
381.055	1	23
381.226	1	42
381.397	1	34
381.568	1	20
381.739	1	31
381.910	1	37
382.080	1	17
382.251	1	28
382.422	1	39
382.593	1	34
382.764	1	38
382.935	1	40
383.105	1	29
383.276	1	27
383.447	1	29
383.618	1	40
383.789	1	31
383.960	1	32
384.130	1	33
384.301	1	39
384.472	1	32
384.643	1	42
384.814	1	30
384.985	1	32
385.156	1	26
385.326	1	30
385.497	1	27
385.668	1	35
385.839	1	35
386.010	1	41
386.180	1	34
386.351	1	25
386.522	1	33
386.693	1	32
386.864	1	33
387.035	1	47
387.205	1	21
387.376	1	33
387.547	1	29
387.718	1	21
387.889	1	23
388.060	1	23
388.230	1	25
388.401	1	23
388.572	1	31
388.743	1	36
388.914	1	13
389.084	1	42
389.255	1	24
389.426	1	19
389.597	1	13
389.768	1	9
389.939	1	33
390.109	1	15
390.280	1	27
390.451	1	32
390.622	1	28
390.793	1	19
390.963	1	31
391.134	1	27
391.305	1	22
391.476	1	26
391.647	1	28
391.817	1	27
391.988	1	28
392.159	1	31
392.330	1	12
392.501	1	14
392.671	1	9
392.842	1	26
393.013	1	22
393.184	1	19
393.355	1	12
393.525	1	13
393.696	1	7
393.867	1	19
394.038	1	22
394.208	1	6
394.379	1	20
394.550	1	25
394.721	1	27
394.892	1	13
395.062	1	9
395.233	1	16
395.404	1	5
395.575	1	15
395.746	1	15
395.916	1	27
396.087	1	31
396.258	1	9
396.429	1	28
396.599	1	22
396.770	1	20
396.941	1	19
397.112	1	18
397.283	1	16
397.453	1	21
397.624	1	10
397.795	1	5
397.966	1	19
398.136	1	20
398.307	1	21
398.478	1	19
398.649	1	21
398.819	1	-8
398.990	1	18
399.161	1	21
399.332	1	25
399.503	1	16
399.673	1	15
399.844	1	9
400.015	1	18
400.186	1	16
400.356	1	16
400.527	1	19
400.698	1	13
400.869	1	15
401.039	1	21
401.210	1	13
401.381	1	7
401.552	1	13
401.722	1	13
401.893	1	1
402.064	1	4
402.235	1	17
402.405	1	23
402.576	1	13
402.747	1	10
402.918	1	7
403.088	1	11
403.259	1	4
403.430	1	19
403.601	1	16
403.771	1	18
403.942	1	19
404.113	1	16
404.284	1	7
404.454	1	21
404.625	1	26
404.796	1	9
404.967	1	13
405.137	1	21
405.308	1	9
405.479	1	9
405.649	1	22
405.820	1	28
405.991	1	15
406.162	1	6
406.332	1	23
406.503	1	14
406.674	1	13
406.845	1	12
407.015	1	14
407.186	1	18
407.357	1	10
407.527	1	2
407.698	1	11
407.869	1	12
408.040	1	12
408.210	1	15
408.381	1	25
408.552	1	9
408.722	1	18
408.893	1	14
409.064	1	11
409.235	1	-3
409.405	1	16
409.576	1	15
409.747	1	6
409.917	1	10
410.088	1	22
410.259	1	9
410.430	1	26
410.600	1	12
410.771	1	-1
410.942	1	5
411.112	1	15
411.283	1	3
411.454	1	0
411.625	1	12
411.795	1	15
411.966	1	13
412.137	1	16
412.307	1	14
412.478	1	7
412.649	1	13
412.819	1	21
412.990	1	16
413.161	1	18
413.332	1	-3
413.502	1	16
413.673	1	13
413.844	1	17
414.014	1	17
414.185	1	7
414.356	1	11
414.526	1	11
414.697	1	10
414.868	1	10
415.038	1	14
415.209	1	6
415.380	1	15
415.550	1	10
415.721	1	9
415.892	1	20
416.063	1	2
416.233	1	22
416.404	1	11
416.575	1	6
416.745	1	5
416.916	1	12
417.087	1	5
417.257	1	14
417.428	1	6
417.599	1	9
417.769	1	21
417.940	1	14
418.111	1	16
418.281	1	4
418.452	1	18
418.623	1	5
418.793	1	4
418.964	1	-2
419.135	1	17
419.305	1	15
419.476	1	5
419.647	1	9
419.817	1	-1
419.988	1	17
420.159	1	8
420.329	1	15
420.500	1	7
420.671	1	0
420.841	1	11
421.012	1	12
421.183	1	23
421.353	1	-2
421.524	1	10
421.695	1	3
421.865	1	12
422.036	1	8
422.206	1	9
422.377	1	16
422.548	1	12
422.718	1	18
422.889	1	10
423.060	1	6
423.230	1	18
423.401	1	12
423.572	1	-9
423.742	1	15
423.913	1	14
424.084	1	13
424.254	1	17
424.425	1	9
424.595	1	8
424.766	1	15
424.937	1	6
425.107	1	10
425.278	1	1
425.449	1	10
425.619	1	9
425.790	1	11
425.961	1	2
426.131	1	26
426.302	1	10
426.472	1	11
426.643	1	1
426.814	1	5
426.984	1	7
427.155	1	2
427.326	1	7
427.496	1	11
427.667	1	15
427.837	1	6
428.008	1	10
428.179	1	14
428.349	1	9
428.520	1	15
428.691	1	12
428.861	1	-2
429.032	1	8
429.202	1	15
429.373	1	13
429.544	1	16
429.714	1	-4
429.885	1	19
430.055	1	5
430.226	1	3
430.397	1	6
430.567	1	9
430.738	1	2
430.909	1	7
431.079	1	21
431.250	1	11
431.420	1	8
431.591	1	9
431.762	1	9
431.932	1	2
432.103	1	5
432.273	1	16
432.444	1	11
432.615	1	17
432.785	1	9
432.956	1	4
433.126	1	4
433.297	1	15
433.468	1	3
433.638	1	6
433.809	1	8
433.979	1	10
434.150	1	2
434.320	1	0
434.491	1	11
434.662	1	9
434.832	1	1
435.003	1	14
435.173	1	12
435.344	1	6
435.515	1	5
435.685	1	1
435.856	1	7
436.026	1	12
436.197	1	14
436.368	1	7
436.538	1	9
436.709	1	6
436.879	1	1
437.050	1	8
437.220	1	1
437.391	1	18
437.562	1	9
437.732	1	7
437.903	1	6
438.073	1	13
438.244	1	6
438.414	1	-4
438.585	1	12
438.756	1	4
438.926	1	13
439.097	1	11
439.267	1	5
439.438	1	8
439.608	1	13
439.779	1	8
439.949	1	15
440.120	1	2
440.291	1	11
440.461	1	19
440.632	1	13
440.802	1	-3
440.973	1	7
441.143	1	1
441.314	1	6
441.485	1	8
441.655	1	13
441.826	1	8
441.996	1	11
442.167	1	10
442.337	1	9
442.508	1	7
442.678	1	-5
442.849	1	7
443.019	1	10
443.190	1	7
443.361	1	2
443.531	1	6
443.702	1	16
443.872	1	14
444.043	1	0
444.213	1	0
444.384	1	3
444.554	1	4
444.725	1	11
444.895	1	0
445.066	1	6
445.237	1	-3
445.407	1	5
445.578	1	1
445.748	1	15
445.919	1	1
446.089	1	10
446.260	1	6
446.430	1	6
446.601	1	5
446.771	1	2
446.942	1	9
447.112	1	2
447.283	1	17
447.453	1	-3
447.624	1	12
447.794	1	15
447.965	1	-2
448.135	1	18
448.306	1	5
448.477	1	8
448.647	1	16
448.818	1	-3
448.988	1	6
449.159	1	11
449.329	1	1
449.500	1	9
449.670	1	7
449.841	1	-9
450.011	1	0
450.182	1	9
450.352	1	11
450.523	1	5
450.693	1	11
450.864	1	7
451.034	1	2
451.205	1	2
451.375	1	9
451.546	1	12
451.716	1	-4
451.887	1	3
452.057	1	13
452.228	1	11
452.398	1	9
452.569	1	13
452.739	1	6
452.910	1	9
453.080	1	8
453.251	1	19
453.421	1	0
453.592	1	7
453.762	1	3
453.933	1	13
454.103	1	2
454.274	1	5
454.444	1	8
454.615	1	2
454.785	1	12
454.956	1	3
455.126	1	4
455.297	1	16
455.467	1	4
455.638	1	14
455.808	1	17
455.979	1	5
456.149	1	-6
456.320	1	6
456.490	1	17
456.661	1	3
456.831	1	11
457.001	1	9
457.172	1	5
457.342	1	5
457.513	1	6
457.683	1	-1
457.854	1	6
458.024	1	19
458.195	1	-6
458.365	1	17
458.536	1	12
458.706	1	1
458.877	1	29
459.047	1	-6
459.218	1	13
459.388	1	0
459.559	1	5
459.729	1	-3
459.899	1	4
460.070	1	3
460.240	1	13
460.411	1	16
460.581	1	9
460.752	1	5
460.922	1	1
461.093	1	12
461.263	1	10
461.434	1	16
461.604	1	-5
461.775	1	1
461.945	1	8
462.115	1	5
462.286	1	0
462.456	1	9
462.627	1	1
462.797	1	7
462.968	1	2
463.138	1	4
463.309	1	6
463.479	1	10
463.649	1	0
463.820	1	7
463.990	1	1
464.161	1	-7
464.331	1	16
464.502	1	1
464.672	1	3
464.843	1	-10
465.013	1	-2
465.183	1	18
465.354	1	9
465.524	1	8
465.695	1	13
465.865	1	-5
466.036	1	1
466.206	1	4
466.376	1	2
466.547	1	0
466.717	1	-1
466.888	1	3
467.058	1	1
467.229	1	-9
467.399	1	8
467.569	1	9
467.740	1	16
467.910	1	-1
468.081	1	14
468.251	1	10
468.422	1	11
468.592	1	3
468.762	1	2
468.933	1	13
469.103	1	16
469.274	1	19
469.444	1	8
469.614	1	3
469.785	1	12
469.955	1	2
470.126	1	-7
470.296	1	0
470.467	1	5
470.637	1	15
470.807	1	0
470.978	1	3
471.148	1	4
471.319	1	12
471.489	1	-2
471.659	1	-1
471.830	1	6
472.000	1	5
472.171	1	10
472.341	1	1
472.511	1	8
472.682	1	12
472.852	1	3
473.023	1	9
473.193	1	3
473.363	1	18
473.534	1	11
473.704	1	7
473.875	1	9
474.045	1	-6
474.215	1	13
474.386	1	12
474.556	1	7
474.727	1	9
474.897	1	-2
475.067	1	13
475.238	1	18
475.408	1	14
475.578	1	7
475.749	1	7
475.919	1	3
476.090	1	10
476.260	1	10
476.430	1	15
476.601	1	4
476.771	1	-2
476.942	1	15
477.112	1	9
477.282	1	10
477.453	1	10
477.623	1	5
477.793	1	-2
477.964	1	5
478.134	1	20
478.305	1	22
478.475	1	2
478.645	1	9
478.816	1	19
478.986	1	3
479.156	1	-1
479.327	1	0
479.497	1	12
479.667	1	6
479.838	1	5
480.008	1	2
480.179	1	7
480.349	1	1
480.519	1	9
480.690	1	5
480.860	1	14
481.030	1	0
481.201	1	14
481.371	1	17
481.541	1	6
481.712	1	14
481.882	1	12
482.053	1	12
482.223	1	6
482.393	1	17
482.564	1	0
482.734	1	5
482.904	1	12
483.075	1	12
483.245	1	-2
483.415	1	6
483.586	1	8
483.756	1	14
483.926	1	16
484.097	1	2
484.267	1	16
484.437	1	11
484.608	1	22
484.778	1	13
484.948	1	12
485.119	1	12
485.289	1	0
485.459	1	3
485.630	1	11
485.800	1	17
485.970	1	9
486.141	1	9
486.311	1	19
486.481	1	6
486.652	1	7
486.822	1	10
486.992	1	6
487.163	1	9
487.333	1	-3
487.503	1	9
487.674	1	14
487.844	1	6
488.014	1	13
488.185	1	11
488.355	1	15
488.525	1	15
488.696	1	4
488.866	1	18
489.036	1	20
489.207	1	11
489.377	1	13
489.547	1	14
489.718	1	17
489.888	1	16
490.058	1	23
490.228	1	15
490.399	1	18
490.569	1	6
490.739	1	13
490.910	1	11
491.080	1	11
491.250	1	19
491.421	1	7
491.591	1	7
491.761	1	8
491.932	1	11
492.102	1	19
492.272	1	13
492.442	1	13
492.613	1	11
492.783	1	5
492.953	1	19
493.124	1	22
493.294	1	14
493.464	1	17
493.635	1	15
493.805	1	7
493.975	1	27
494.145	1	15
494.316	1	12
494.486	1	28
494.656	1	13
494.827	1	15
494.997	1	13
495.167	1	18
495.337	1	6
495.508	1	14
495.678	1	22
495.848	1	18
496.019	1	15
496.189	1	22
496.359	1	28
496.529	1	28
496.700	1	12
496.870	1	23
497.040	1	33
497.211	1	16
497.381	1	16
497.551	1	43
497.721	1	16
497.892	1	14
498.062	1	13
498.232	1	16
498.403	1	12
498.573	1	30
498.743	1	26
498.913	1	25
499.084	1	25
499.254	1	30
499.424	1	23
499.594	1	22
499.765	1	6
499.935	1	24
500.105	1	20
500.275	1	25
500.446	1	24
500.616	1	20
500.786	1	29
500.956	1	17
501.127	1	18
501.297	1	24
501.467	1	22
501.638	1	16
501.808	1	35
501.978	1	31
502.148	1	18
502.319	1	30
502.489	1	30
502.659	1	27
502.829	1	21
503.000	1	34
503.170	1	23
503.340	1	22
503.510	1	36
503.681	1	30
503.851	1	16
504.021	1	23
504.191	1	24
504.362	1	27
504.532	1	22
504.702	1	26
504.872	1	31
505.042	1	27
505.213	1	16
505.383	1	49
505.553	1	31
505.723	1	38
505.894	1	32
506.064	1	38
506.234	1	33
506.404	1	36
506.575	1	32
506.745	1	37
506.915	1	24
507.085	1	40
507.256	1	41
507.426	1	27
507.596	1	31
507.766	1	36
507.936	1	30
508.107	1	38
508.277	1	37
508.447	1	46
508.617	1	23
508.788	1	37
508.958	1	36
509.128	1	41
509.298	1	33
509.468	1	32
509.639	1	43
509.809	1	37
509.979	1	28
510.149	1	36
510.319	1	47
510.490	1	37
510.660	1	28
510.830	1	43
511.000	1	34
511.171	1	51
511.341	1	30
511.511	1	31
511.681	1	35
511.851	1	42
512.022	1	45
512.192	1	28
512.362	1	29
512.532	1	34
512.702	1	24
512.873	1	32
513.043	1	39
513.213	1	35
513.383	1	42
513.553	1	41
513.724	1	36
513.894	1	36
514.064	1	33
514.234	1	44
514.404	1	38
514.575	1	30
514.745	1	34
514.915	1	34
515.085	1	38
515.255	1	36
515.425	1	27
515.596	1	35
515.766	1	50
515.936	1	57
516.106	1	36
516.276	1	43
516.447	1	33
516.617	1	38
516.787	1	48
516.957	1	30
517.127	1	44
517.297	1	32
517.468	1	43
517.638	1	44
517.808	1	33
517.978	1	40
518.148	1	45
518.319	1	39
518.489	1	33
518.659	1	33
518.829	1	51
518.999	1	48
519.169	1	43
519.340	1	29
519.510	1	37
519.680	1	49
519.850	1	53
520.020	1	49
520.190	1	48
520.361	1	45
520.531	1	50
520.701	1	42
520.871	1	34
521.041	1	49
521.211	1	50
521.382	1	45
521.552	1	52
521.722	1	45
521.892	1	44
522.062	1	37
522.232	1	54
522.402	1	36
522.573	1	46
522.743	1	44
522.913	1	48
523.083	1	49
523.253	1	43
523.423	1	47
523.593	1	47
523.764	1	43
523.934	1	41
524.104	1	41
524.274	1	33
524.444	1	38
524.614	1	47
524.784	1	60
524.955	1	46
525.125	1	52
525.295	1	45
525.465	1	46
525.635	1	48
525.805	1	48
525.975	1	51
526.146	1	42
526.316	1	40
526.486	1	39
526.656	1	42
526.826	1	45
526.996	1	36
527.166	1	48
527.337	1	49
527.507	1	54
527.677	1	45
527.847	1	36
528.017	1	56
528.187	1	50
528.357	1	52
528.527	1	48
528.698	1	36
528.868	1	36
529.038	1	31
529.208	1	41
529.378	1	53
529.548	1	39
529.718	1	52
529.888	1	41
530.058	1	44
530.229	1	47
530.399	1	42
530.569	1	41
530.739	1	47
530.909	1	52
531.079	1	58
531.249	1	53
531.419	1	48
531.589	1	41
531.760	1	38
531.930	1	52
532.100	1	51
532.270	1	48
532.440	1	46
532.610	1	47
532.780	1	49
532.950	1	53
533.120	1	53
533.290	1	51
533.461	1	41
533.631	1	42
533.801	1	51
533.971	1	53
534.141	1	48
534.311	1	59
534.481	1	46
534.651	1	57
534.821	1	51
534.991	1	44
535.162	1	41
535.332	1	47
535.502	1	47
535.672	1	47
535.842	1	52
536.012	1	51
536.182	1	43
536.352	1	44
536.522	1	44
536.692	1	47
536.862	1	39
537.032	1	50
537.203	1	42
537.373	1	36
537.543	1	52
537.713	1	41
537.883	1	40
538.053	1	33
538.223	1	55
538.393	1	50
538.563	1	51
538.733	1	45
538.903	1	48
539.073	1	40
539.243	1	41
539.413	1	45
539.584	1	50
539.754	1	47
539.924	1	37
540.094	1	48
540.264	1	32
540.434	1	45
540.604	1	46
540.774	1	44
540.944	1	49
541.114	1	32
541.284	1	44
541.454	1	43
541.624	1	41
541.794	1	39
541.964	1	39
542.134	1	40
542.305	1	41
542.475	1	40
542.645	1	32
542.815	1	32
542.985	1	33
543.155	1	39
543.325	1	46
543.495	1	37
543.665	1	41
543.835	1	48
544.005	1	46
544.175	1	46
544.345	1	34
544.515	1	30
544.685	1	46
544.855	1	35
545.025	1	41
545.195	1	33
545.365	1	45
545.535	1	54
545.705	1	34
545.875	1	45
546.045	1	43
546.216	1	48
546.386	1	35
546.556	1	29
546.726	1	31
546.896	1	38
547.066	1	35
547.236	1	37
547.406	1	27
547.576	1	50
547.746	1	50
547.916	1	38
548.086	1	34
548.256	1	37
548.426	1	27
548.596	1	30
548.766	1	48
548.936	1	40
549.106	1	26
549.276	1	31
549.446	1	34
549.616	1	36
549.786	1	34
549.956	1	35
550.126	1	46
550.296	1	38
550.466	1	40
550.636	1	34
550.806	1	43
550.976	1	30
551.146	1	37
551.316	1	38
551.486	1	35
551.656	1	33
551.826	1	39
551.996	1	37
552.166	1	37
552.336	1	35
552.506	1	44
552.676	1	33
552.846	1	27
553.016	1	39
553.186	1	42
553.356	1	47
553.526	1	36
553.696	1	37
553.866	1	30
554.036	1	38
554.206	1	31
554.376	1	43
554.546	1	39
554.716	1	29
554.886	1	37
555.056	1	38
555.226	1	38
555.396	1	21
555.566	1	36
555.736	1	41
555.906	1	39
556.076	1	33
556.246	1	34
556.416	1	35
556.586	1	29
556.756	1	39
556.926	1	36
557.096	1	38
557.266	1	36
557.436	1	25
557.606	1	28
557.776	1	31
557.946	1	27
558.116	1	33
558.286	1	46
558.456	1	28
558.626	1	29
558.796	1	43
558.966	1	27
559.136	1	27
559.306	1	32
559.476	1	31
559.646	1	34
559.816	1	38
559.986	1	35
560.155	1	25
560.325	1	24
560.495	1	20
560.665	1	40
560.835	1	36
561.005	1	20
561.175	1	37
561.345	1	27
561.515	1	24
561.685	1	28
561.855	1	19
562.025	1	28
562.195	1	21
562.365	1	21
562.535	1	41
562.705	1	28
562.875	1	21
563.045	1	25
563.215	1	33
563.385	1	23
563.555	1	37
563.725	1	22
563.895	1	24
564.064	1	27
564.234	1	19
564.404	1	28
564.574	1	29
564.744	1	21
564.914	1	30
565.084	1	22
565.254	1	20
565.424	1	24
565.594	1	32
565.764	1	20
565.934	1	27
566.104	1	25
566.274	1	20
566.444	1	31
566.614	1	17
566.783	1	24
566.953	1	18
567.123	1	31
567.293	1	21
567.463	1	20
567.633	1	12
567.803	1	26
567.973	1	21
568.143	1	23
568.313	1	12
568.483	1	12
568.653	1	19
568.823	1	14
568.993	1	18
569.162	1	36
569.332	1	22
569.502	1	22
569.672	1	27
569.842	1	11
570.012	1	14
570.182	1	24
570.352	1	3
570.522	1	6
570.692	1	15
570.862	1	37
571.031	1	22
571.201	1	20
571.371	1	14
571.541	1	18
571.711	1	13
571.881	1	24
572.051	1	16
572.221	1	27
572.391	1	27
572.561	1	23
572.731	1	13
572.900	1	18
573.070	1	24
573.240	1	13
573.410	1	22
573.580	1	10
573.750	1	12
573.920	1	22
574.090	1	20
574.260	1	16
574.430	1	21
574.599	1	24
574.769	1	9
574.939	1	30
575.109	1	19
575.279	1	11
575.449	1	12
575.619	1	23
575.789	1	13
575.959	1	15
576.128	1	11
576.298	1	14
576.468	1	18
576.638	1	13
576.808	1	16
576.978	1	9
577.148	1	18
577.318	1	20
577.487	1	14
577.657	1	29
577.827	1	6
577.997	1	17
578.167	1	17
578.337	1	14
578.507	1	7
578.677	1	22
578.846	1	13
579.016	1	18
579.186	1	8
579.356	1	20
579.526	1	18
579.696	1	11
579.866	1	16
580.036	1	14
580.205	1	6
580.375	1	9
580.545	1	14
580.715	1	17
580.885	1	21
581.055	1	10
581.225	1	16
581.394	1	11
581.564	1	9
581.734	1	17
581.904	1	26
582.074	1	12
582.244	1	0
582.414	1	8
582.583	1	25
582.753	1	15
582.923	1	15
583.093	1	14
583.263	1	13
583.433	1	18
583.603	1	15
583.772	1	17
583.942	1	8
584.112	1	2
584.282	1	8
584.452	1	24
584.622	1	10
584.791	1	15
584.961	1	6
585.131	1	22
585.301	1	23
585.471	1	6
585.641	1	20
585.811	1	16
585.980	1	10
586.150	1	10
586.320	1	5
586.490	1	12
586.660	1	0
586.830	1	5
586.999	1	4
587.169	1	19
587.339	1	20
587.509	1	8
587.679	1	16
587.849	1	18
588.018	1	14
588.188	1	11
588.358	1	11
588.528	1	20
588.698	1	16
588.867	1	11
589.037	1	2
589.207	1	9
589.377	1	11
589.547	1	9
589.717	1	12
589.886	1	8
590.056	1	3
590.226	1	17
590.396	1	11
590.566	1	17
590.735	1	1
590.905	1	18
591.075	1	12
591.245	1	4
591.415	1	19
591.585	1	8
591.754	1	9
591.924	1	2
592.094	1	11
592.264	1	12
592.434	1	13
592.603	1	11
592.773	1	26
592.943	1	12
593.113	1	5
593.283	1	-2
593.452	1	16
593.622	1	19
593.792	1	-7
593.962	1	22
594.132	1	7
594.301	1	0
594.471	1	7
594.641	1	3
594.811	1	9
594.981	1	-1
595.150	1	3
595.320	1	11
595.490	1	12
595.660	1	15
595.829	1	11
595.999	1	9
596.169	1	12
596.339	1	27
596.509	1	10
596.678	1	-5
596.848	1	11
597.018	1	13
597.188	1	10
597.358	1	-1
597.527	1	15
597.697	1	8
597.867	1	20
598.037	1	4
598.206	1	12
598.376	1	11
598.546	1	7
598.716	1	15
598.885	1	25
599.055	1	12
599.225	1	11
599.395	1	2
599.565	1	9
599.734	1	6
599.904	1	3
600.074	1	7
600.244	1	13
600.413	1	10
600.583	1	6
600.753	1	9
600.923	1	5
601.092	1	5
601.262	1	3
601.432	1	-2
601.602	1	7
601.771	1	12
601.941	1	11
602.111	1	2
602.281	1	10
602.451	1	13
602.620	1	6
602.790	1	6
602.960	1	-8
603.130	1	9
603.299	1	14
603.469	1	7
603.639	1	-4
603.809	1	17
603.978	1	14
604.148	1	11
604.318	1	4
604.487	1	18
604.657	1	4
604.827	1	6
604.997	1	19
605.166	1	7
605.336	1	5
605.506	1	12
605.676	1	4
605.845	1	3
606.015	1	4
606.185	1	14
606.355	1	5
606.524	1	5
606.694	1	-4
606.864	1	22
607.034	1	19
607.203	1	9
607.373	1	7
607.543	1	13
607.712	1	15
607.882	1	11
608.052	1	6
608.222	1	1
608.391	1	10
608.561	1	5
608.731	1	10
608.901	1	12
609.070	1	12
609.240	1	-8
609.410	1	3
609.579	1	13
609.749	1	1
609.919	1	18
610.089	1	13
610.258	1	2
610.428	1	12
610.598	1	7
610.767	1	16
610.937	1	1
611.107	1	16
611.277	1	17
611.446	1	19
611.616	1	6
611.786	1	8
611.955	1	5
612.125	1	11
612.295	1	6
612.465	1	6
612.634	1	4
612.804	1	14
612.974	1	3
613.143	1	5
613.313	1	4
613.483	1	0
613.652	1	-3
613.822	1	8
613.992	1	9
614.162	1	14
614.331	1	1
614.501	1	9
614.671	1	5
614.840	1	3
615.010	1	0
615.180	1	8
615.349	1	2
615.519	1	14
615.689	1	10
615.858	1	6
616.028	1	7
616.198	1	11
616.368	1	14
616.537	1	15
616.707	1	13
616.877	1	5
617.046	1	10
617.216	1	16
617.386	1	-4
617.555	1	1
617.725	1	-5
617.895	1	13
618.064	1	12
618.234	1	-4
618.404	1	11
618.573	1	11
618.743	1	12
618.913	1	9
619.082	1	7
619.252	1	-3
619.422	1	8
619.591	1	5
619.761	1	12
619.931	1	3
620.100	1	8
620.270	1	8
620.440	1	3
620.609	1	6
620.779	1	4
620.949	1	8
621.118	1	17
621.288	1	3
621.458	1	7
621.627	1	13
621.797	1	10
621.967	1	7
622.136	1	2
622.306	1	12
622.476	1	8
622.645	1	17
622.815	1	5
622.985	1	1
623.154	1	2
623.324	1	-8
623.494	1	13
623.663	1	-6
623.833	1	8
624.002	1	8
624.172	1	6
624.342	1	8
624.511	1	8
624.681	1	-1
624.851	1	1
625.020	1	10
625.190	1	-5
625.360	1	3
625.529	1	6
625.699	1	-1
625.869	1	1
626.038	1	9
626.208	1	12
626.377	1	1
626.547	1	11
626.717	1	9
626.886	1	5
627.056	1	9
627.226	1	2
627.395	1	-4
627.565	1	12
627.735	1	13
627.904	1	7
628.074	1	11
628.243	1	12
628.413	1	9
628.583	1	-7
628.752	1	10
628.922	1	1
629.091	1	2
629.261	1	-3
629.431	1	7
629.600	1	-3
629.770	1	3
629.940	1	17
630.109	1	5
630.279	1	14
630.448	1	8
630.618	1	0
630.788	1	-6
630.957	1	7
631.127	1	12
631.297	1	3
631.466	1	13
631.636	1	9
631.805	1	12
631.975	1	2
632.145	1	-3
632.314	1	3
632.484	1	4
632.653	1	-1
632.823	1	-4
632.993	1	17
633.162	1	7
633.332	1	1
633.501	1	17
633.671	1	-1
633.841	1	13
634.010	1	-4
634.180	1	15
634.349	1	5
634.519	1	12
634.689	1	14
634.858	1	10
635.028	1	6
635.197	1	7
635.367	1	9
635.537	1	5
635.706	1	-2
635.876	1	7
636.045	1	18
636.215	1	-3
636.384	1	11
636.554	1	10
636.724	1	7
636.893	1	2
637.063	1	11
637.232	1	-7
637.402	1	13
637.572	1	5
637.741	1	11
637.911	1	2
638.080	1	16
638.250	1	14
638.419	1	3
638.589	1	0
638.759	1	2
638.928	1	3
639.098	1	3
639.267	1	0
639.437	1	17
639.606	1	1
639.776	1	2
639.946	1	8
640.115	1	8
640.285	1	8
640.454	1	4
640.624	1	3
640.793	1	1
640.963	1	2
641.132	1	15
641.302	1	19
641.472	1	8
641.641	1	3
641.811	1	-4
641.980	1	-2
642.150	1	-9
642.319	1	13
642.489	1	-4
642.659	1	-3
642.828	1	8
642.998	1	8
643.167	1	10
643.337	1	4
643.506	1	21
643.676	1	10
643.845	1	-4
644.015	1	4
644.184	1	-6
644.354	1	2
644.524	1	1
644.693	1	3
644.863	1	0
645.032	1	16
645.202	1	16
645.371	1	4
645.541	1	3
645.710	1	6
645.880	1	15
646.049	1	2
646.219	1	6
646.388	1	5
646.558	1	0
646.728	1	12
646.897	1	0
647.067	1	2
647.236	1	3
647.406	1	13
647.575	1	2
647.745	1	4
647.914	1	-2
648.084	1	0
648.253	1	6
648.423	1	8
648.592	1	-6
648.762	1	1
648.931	1	-10
649.101	1	4
649.270	1	-3
649.440	1	16
649.610	1	-2
649.779	1	5
649.949	1	6
650.118	1	3
650.288	1	7
650.457	1	-2
650.627	1	4
650.796	1	-6
650.966	1	0
651.135	1	8
651.305	1	-1
651.474	1	10
651.644	1	7
651.813	1	6
651.983	1	-6
652.152	1	7
652.322	1	2
652.491	1	1
652.661	1	9
652.830	1	18
653.000	1	1
653.169	1	4
653.339	1	10
653.508	1	-1
653.678	1	2
653.847	1	-1
654.017	1	0
654.186	1	0
654.356	1	14
654.525	1	8
654.695	1	4
654.864	1	10
655.034	1	-1
655.203	1	-2
655.373	1	5
655.542	1	-3
655.712	1	8
655.881	1	11
656.051	1	6
656.220	1	-9
656.390	1	0
656.559	1	1
656.729	1	8
656.898	1	-3
657.068	1	1
657.237	1	4
657.406	1	5
657.576	1	-1
657.745	1	-3
657.915	1	9
658.084	1	-8
658.254	1	-3
658.423	1	13
658.593	1	-3
658.762	1	12
658.932	1	14
659.101	1	5
659.271	1	-1
659.440	1	-6
659.610	1	-1
659.779	1	17
659.949	1	1
660.118	1	-1
660.288	1	10
660.457	1	1
660.626	1	1
660.796	1	8
660.965	1	6
661.135	1	5
661.304	1	6
661.474	1	11
661.643	1	17
661.813	1	1
661.982	1	-3
662.152	1	1
662.321	1	-5
662.491	1	19
662.660	1	9
662.829	1	11
662.999	1	1
663.168	1	-8
663.338	1	5
663.507	1	3
663.677	1	13
663.846	1	8
664.016	1	9
664.185	1	-2
664.354	1	10
664.524	1	10
664.693	1	7
664.863	1	5
665.032	1	13
665.202	1	3
665.371	1	6
665.541	1	5
665.710	1	10
665.879	1	6
666.049	1	8
666.218	1	8
666.388	1	17
666.557	1	10
666.727	1	0
666.896	1	8
667.065	1	6
667.235	1	10
667.404	1	6
667.574	1	16
667.743	1	4
667.913	1	8
668.082	1	4
668.251	1	2
668.421	1	-4
668.590	1	11
668.760	1	4
668.929	1	8
669.099	1	-9
669.268	1	5
669.437	1	5
669.607	1	7
669.776	1	6
669.946	1	9
670.115	1	11
670.285	1	-1
670.454	1	6
670.623	1	12
670.793	1	-9
670.962	1	3
671.132	1	0
671.301	1	10
671.470	1	7
671.640	1	-2
671.809	1	-2
671.979	1	-2
672.148	1	4
672.317	1	7
672.487	1	1
672.656	1	2
672.826	1	8
672.995	1	9
673.164	1	12
673.334	1	-11
673.503	1	3
673.673	1	6
673.842	1	-10
674.011	1	5
674.181	1	17
674.350	1	4
674.520	1	-3
674.689	1	5
674.858	1	-7
675.028	1	8
675.197	1	0
675.367	1	-2
675.536	1	12
675.705	1	15
675.875	1	-1
676.044	1	6
676.214	1	17
676.383	1	8
676.552	1	6
676.722	1	-2
676.891	1	2
677.060	1	10
677.230	1	18
677.399	1	11
677.569	1	1
677.738	1	0
677.907	1	4
678.077	1	7
678.246	1	17
678.416	1	13
678.585	1	4
678.754	1	7
678.924	1	1
679.093	1	4
679.262	1	-5
679.432	1	14
679.601	1	13
679.771	1	5
679.940	1	8
680.109	1	3
680.279	1	15
680.448	1	9
680.617	1	-9
680.787	1	11
680.956	1	7
681.125	1	14
681.295	1	7
681.464	1	4
681.634	1	10
681.803	1	5
681.972	1	3
682.142	1	-1
682.311	1	-8
682.480	1	8
682.650	1	-3
682.819	1	-9
682.988	1	3
683.158	1	7
683.327	1	7
683.496	1	7
683.666	1	13
683.835	1	-4
684.004	1	0
684.174	1	7
684.343	1	6
684.512	1	16
684.682	1	0
684.851	1	-2
685.021	1	4
685.190	1	1
685.359	1	1
685.529	1	-3
685.698	1	2
685.867	1	4
686.037	1	4
686.206	1	18
686.375	1	4
686.545	1	-1
686.714	1	-3
686.883	1	10
687.053	1	5
687.222	1	-5
687.391	1	10
687.561	1	14
687.730	1	5
687.899	1	9
688.069	1	-3
688.238	1	8
688.407	1	9
688.577	1	1
688.746	1	14
