340.368	1	3
340.539	1	-10
340.710	1	-3
340.881	1	-13
341.052	1	15
341.223	1	6
341.394	1	2
341.565	1	1
341.737	1	1
341.908	1	2
342.079	1	-5
342.250	1	-8
342.421	1	1
342.592	1	13
342.763	1	7
342.934	1	1
343.105	1	10
343.276	1	10
343.447	1	1
343.618	1	1
343.789	1	6
343.960	1	6
344.131	1	-4
344.302	1	1
344.473	1	3
344.644	1	12
344.815	1	3
344.986	1	5
345.157	1	1
345.328	1	7
345.499	1	-1
345.670	1	-7
345.841	1	9
346.012	1	6
346.183	1	1
346.354	1	5
346.526	1	1
346.697	1	10
346.868	1	17
347.039	1	12
347.210	1	6
347.381	1	10
347.552	1	4
347.723	1	0
347.894	1	5
348.065	1	8
348.236	1	10
348.407	1	11
348.578	1	11
348.749	1	-9
348.920	1	-1
349.091	1	-8
349.262	1	5
349.433	1	5
349.604	1	11
349.775	1	13
349.946	1	9
350.117	1	12
350.288	1	12
350.459	1	-5
350.630	1	2
350.801	1	9
350.972	1	13
351.143	1	2
351.314	1	24
351.485	1	19
351.656	1	10
351.827	1	13
351.998	1	8
352.169	1	3
352.340	1	15
352.511	1	-9
352.682	1	11
352.853	1	8
353.024	1	12
353.195	1	7
353.366	1	24
353.537	1	13
353.708	1	14
353.879	1	12
354.050	1	3
354.221	1	4
354.392	1	7
354.563	1	13
354.734	1	15
354.905	1	16
355.076	1	16
355.247	1	10
355.418	1	5
355.589	1	2
355.760	1	8
355.931	1	12
356.102	1	27
356.273	1	10
356.444	1	18
356.615	1	5
356.785	1	17
356.956	1	21
357.127	1	16
357.298	1	12
357.469	1	20
357.640	1	22
357.811	1	15
357.982	1	12
358.153	1	24
358.324	1	29
358.495	1	20
358.666	1	20
358.837	1	21
359.008	1	13
359.179	1	21
359.350	1	18
359.521	1	32
359.692	1	37
359.863	1	35
360.034	1	31
360.205	1	32
360.376	1	35
360.547	1	43
360.718	1	36
360.889	1	29
361.060	1	40
361.231	1	40
361.401	1	39
361.572	1	54
361.743	1	36
361.914	1	41
362.085	1	56
362.256	1	37
362.427	1	65
362.598	1	49
362.769	1	45
362.940	1	58
363.111	1	53
363.282	1	66
363.453	1	65
363.624	1	78
363.795	1	59
363.966	1	64
364.137	1	77
364.308	1	82
364.478	1	82
364.649	1	87
364.820	1	80
364.991	1	98
365.162	1	102
365.333	1	99
365.504	1	97
365.675	1	99
365.846	1	120
366.017	1	114
366.188	1	121
366.359	1	132
366.530	1	135
366.701	1	141
366.871	1	147
367.042	1	157
367.213	1	153
367.384	1	144
367.555	1	165
367.726	1	167
367.897	1	175
368.068	1	163
368.239	1	183
368.410	1	191
368.581	1	182
368.752	1	175
368.923	1	182
369.093	1	170
369.264	1	175
369.435	1	181
369.606	1	200
369.777	1	184
369.948	1	195
370.119	1	194
370.290	1	198
370.461	1	206
370.632	1	196
370.803	1	189
370.973	1	187
371.144	1	178
371.315	1	165
371.486	1	178
371.657	1	186
371.828	1	171
371.999	1	163
372.170	1	159
372.341	1	156
372.512	1	152
372.682	1	150
372.853	1	152
373.024	1	142
373.195	1	133
373.366	1	147
373.537	1	128
373.708	1	131
373.879	1	119
374.050	1	113
374.220	1	117
374.391	1	126
374.562	1	119
374.733	1	126
374.904	1	116
375.075	1	96
375.246	1	112
375.417	1	105
375.588	1	108
375.758	1	103
375.929	1	104
376.100	1	115
376.271	1	91
376.442	1	84
376.613	1	88
376.784	1	87
376.955	1	62
377.125	1	84
377.296	1	75
377.467	1	83
377.638	1	78
377.809	1	79
377.980	1	80
378.151	1	75
378.321	1	63
378.492	1	61
378.663	1	63
378.834	1	67
379.005	1	72
379.176	1	57
379.347	1	60
379.518	1	52
379.688	1	65
379.859	1	61
380.030	1	57
380.201	1	50
380.372	1	54
380.543	1	67
380.714	1	50
380.884	1	52
381.055	1	59
381.226	1	41
381.397	1	42
381.568	1	51
381.739	1	62
381.910	1	45
382.080	1	51
382.251	1	40
382.422	1	42
382.593	1	44
382.764	1	45
382.935	1	30
383.105	1	43
383.276	1	41
383.447	1	36
383.618	1	44
383.789	1	34
383.960	1	46
384.130	1	33
384.301	1	33
384.472	1	40
384.643	1	45
384.814	1	27
384.985	1	35
385.156	1	34
385.326	1	38
385.497	1	31
385.668	1	29
385.839	1	27
386.010	1	26
386.180	1	34
386.351	1	25
386.522	1	34
386.693	1	17
386.864	1	27
387.035	1	35
387.205	1	25
387.376	1	34
387.547	1	20
387.718	1	33
387.889	1	22
388.060	1	30
388.230	1	28
388.401	1	26
388.572	1	13
388.743	1	22
388.914	1	32
389.084	1	21
389.255	1	13
389.426	1	17
389.597	1	27
389.768	1	18
389.939	1	12
390.109	1	23
390.280	1	20
390.451	1	12
390.622	1	26
390.793	1	12
390.963	1	28
391.134	1	25
391.305	1	23
391.476	1	8
391.647	1	16
391.817	1	13
391.988	1	22
392.159	1	10
392.330	1	22
392.501	1	14
392.671	1	7
392.842	1	15
393.013	1	17
393.184	1	17
393.355	1	16
393.525	1	12
393.696	1	16
393.867	1	18
394.038	1	9
394.208	1	12
394.379	1	11
394.550	1	32
394.721	1	11
394.892	1	21
395.062	1	20
395.233	1	13
395.404	1	-8
395.575	1	16
395.746	1	18
395.916	1	13
396.087	1	11
396.258	1	19
396.429	1	9
396.599	1	5
396.770	1	16
396.941	1	11
397.112	1	10
397.283	1	15
397.453	1	18
397.624	1	9
397.795	1	9
397.966	1	20
398.136	1	7
398.307	1	8
398.478	1	14
398.649	1	2
398.819	1	11
398.990	1	14
399.161	1	23
399.332	1	3
399.503	1	8
399.673	1	6
399.844	1	9
400.015	1	13
400.186	1	5
400.356	1	-5
400.527	1	4
400.698	1	6
400.869	1	8
401.039	1	9
401.210	1	10
401.381	1	12
401.552	1	-2
401.722	1	14
401.893	1	2
402.064	1	0
402.235	1	16
402.405	1	19
402.576	1	6
402.747	1	-1
402.918	1	16
403.088	1	12
403.259	1	13
403.430	1	-5
403.601	1	5
403.771	1	9
403.942	1	18
404.113	1	8
404.284	1	13
404.454	1	7
404.625	1	6
404.796	1	13
404.967	1	9
405.137	1	10
405.308	1	11
405.479	1	11
405.649	1	-1
405.820	1	2
405.991	1	9
406.162	1	13
406.332	1	1
406.503	1	9
406.674	1	8
406.845	1	12
407.015	1	13
407.186	1	9
407.357	1	8
407.527	1	-4
407.698	1	16
407.869	1	1
408.040	1	-3
408.210	1	7
408.381	1	4
408.552	1	7
408.722	1	-3
408.893	1	11
409.064	1	4
409.235	1	1
409.405	1	20
409.576	1	6
409.747	1	-6
409.917	1	3
410.088	1	4
410.259	1	6
410.430	1	14
410.600	1	3
410.771	1	7
410.942	1	14
411.112	1	7
411.283	1	10
411.454	1	3
411.625	1	-6
411.795	1	0
411.966	1	14
412.137	1	13
412.307	1	1
412.478	1	15
412.649	1	3
412.819	1	3
412.990	1	3
413.161	1	0
413.332	1	0
413.502	1	8
413.673	1	6
413.844	1	8
414.014	1	16
414.185	1	17
414.356	1	5
414.526	1	2
414.697	1	8
414.868	1	2
415.038	1	10
415.209	1	5
415.380	1	2
415.550	1	-1
415.721	1	10
415.892	1	5
416.063	1	3
416.233	1	8
416.404	1	4
416.575	1	16
416.745	1	-2
416.916	1	-1
417.087	1	4
417.257	1	-1
417.428	1	1
417.599	1	2
417.769	1	11
417.940	1	18
418.111	1	11
418.281	1	3
418.452	1	-1
418.623	1	8
418.793	1	-6
418.964	1	-8
419.135	1	-1
419.305	1	2
419.476	1	1
419.647	1	4
419.817	1	13
419.988	1	5
420.159	1	10
420.329	1	0
420.500	1	1
420.671	1	8
420.841	1	17
421.012	1	6
421.183	1	1
421.353	1	-7
421.524	1	-3
421.695	1	-1
421.865	1	7
422.036	1	4
422.206	1	0
422.377	1	-2
422.548	1	-2
422.718	1	9
422.889	1	-3
423.060	1	-9
423.230	1	13
423.401	1	4
423.572	1	1
423.742	1	11
423.913	1	-2
424.084	1	4
424.254	1	10
424.425	1	9
424.595	1	4
424.766	1	1
424.937	1	4
425.107	1	-9
425.278	1	15
425.449	1	9
425.619	1	3
425.790	1	-11
425.961	1	0
426.131	1	2
426.302	1	7
426.472	1	-3
426.643	1	13
426.814	1	17
426.984	1	12
427.155	1	-1
427.326	1	9
427.496	1	-2
427.667	1	10
427.837	1	-8
428.008	1	2
428.179	1	-6
428.349	1	-8
428.520	1	-7
428.691	1	18
428.861	1	4
429.032	1	16
429.202	1	2
429.373	1	12
429.544	1	5
429.714	1	5
429.885	1	10
430.055	1	4
430.226	1	1
430.397	1	5
430.567	1	9
430.738	1	8
430.909	1	1
431.079	1	-1
431.250	1	-4
431.420	1	-3
431.591	1	20
431.762	1	8
431.932	1	2
432.103	1	3
432.273	1	-2
432.444	1	3
432.615	1	4
432.785	1	10
432.956	1	-1
433.126	1	0
433.297	1	7
433.468	1	-3
433.638	1	-1
433.809	1	4
433.979	1	9
434.150	1	11
434.320	1	12
434.491	1	1
434.662	1	6
434.832	1	3
435.003	1	3
435.173	1	-5
435.344	1	3
435.515	1	12
435.685	1	-3
435.856	1	8
436.026	1	5
436.197	1	0
436.368	1	5
436.538	1	-5
436.709	1	0
436.879	1	0
437.050	1	-7
437.220	1	6
437.391	1	3
437.562	1	2
437.732	1	-4
437.903	1	7
438.073	1	7
438.244	1	11
438.414	1	4
438.585	1	5
438.756	1	-4
438.926	1	2
439.097	1	-2
439.267	1	12
439.438	1	3
439.608	1	-5
439.779	1	-2
439.949	1	9
440.120	1	-1
440.291	1	3
440.461	1	-2
440.632	1	-2
440.802	1	-5
440.973	1	-7
441.143	1	7
441.314	1	-4
441.485	1	6
441.655	1	7
441.826	1	11
441.996	1	8
442.167	1	-3
442.337	1	5
442.508	1	3
442.678	1	-4
442.849	1	14
443.019	1	14
443.190	1	6
443.361	1	0
443.531	1	17
443.702	1	-3
443.872	1	9
444.043	1	2
444.213	1	-2
444.384	1	-3
444.554	1	14
444.725	1	-5
444.895	1	-1
445.066	1	-1
445.237	1	1
445.407	1	8
445.578	1	-9
445.748	1	8
445.919	1	5
446.089	1	10
446.260	1	1
446.430	1	-2
446.601	1	6
446.771	1	9
446.942	1	5
447.112	1	-7
447.283	1	-2
447.453	1	-13
447.624	1	0
447.794	1	4
447.965	1	-4
448.135	1	3
448.306	1	3
448.477	1	9
448.647	1	-6
448.818	1	10
448.988	1	-5
449.159	1	-6
449.329	1	3
449.500	1	-2
449.670	1	15
449.841	1	6
450.011	1	7
450.182	1	4
450.352	1	-4
450.523	1	-4
450.693	1	6
450.864	1	6
451.034	1	-3
451.205	1	11
451.375	1	-2
451.546	1	0
451.716	1	-3
451.887	1	-7
452.057	1	15
452.228	1	1
452.398	1	4
452.569	1	3
452.739	1	6
452.910	1	-5
453.080	1	1
453.251	1	5
453.421	1	1
453.592	1	8
453.762	1	4
453.933	1	-2
454.103	1	10
454.274	1	-4
454.444	1	-7
454.615	1	12
454.785	1	1
454.956	1	6
455.126	1	-9
455.297	1	5
455.467	1	4
455.638	1	7
455.808	1	1
455.979	1	3
456.149	1	2
456.320	1	0
456.490	1	10
456.661	1	10
456.831	1	13
457.001	1	-1
457.172	1	5
457.342	1	5
457.513	1	13
457.683	1	7
457.854	1	7
458.024	1	6
458.195	1	-5
458.365	1	-4
458.536	1	2
458.706	1	3
458.877	1	2
459.047	1	6
459.218	1	-8
459.388	1	5
459.559	1	11
459.729	1	6
459.899	1	4
460.070	1	12
460.240	1	7
460.411	1	-3
460.581	1	14
460.752	1	6
460.922	1	3
461.093	1	0
461.263	1	-1
461.434	1	2
461.604	1	2
461.775	1	3
461.945	1	3
462.115	1	10
462.286	1	-2
462.456	1	1
462.627	1	7
462.797	1	-2
462.968	1	9
463.138	1	-1
463.309	1	-4
463.479	1	-2
463.649	1	4
463.820	1	-5
463.990	1	4
464.161	1	4
464.331	1	-2
464.502	1	0
464.672	1	6
464.843	1	4
465.013	1	2
465.183	1	-6
465.354	1	3
465.524	1	-1
465.695	1	2
465.865	1	6
466.036	1	0
466.206	1	10
466.376	1	3
466.547	1	5
466.717	1	5
466.888	1	11
467.058	1	7
467.229	1	2
467.399	1	14
467.569	1	16
467.740	1	-6
467.910	1	1
468.081	1	13
468.251	1	-2
468.422	1	-1
468.592	1	5
468.762	1	-7
468.933	1	1
469.103	1	4
469.274	1	8
469.444	1	-8
469.614	1	5
469.785	1	-11
469.955	1	1
470.126	1	-12
470.296	1	5
470.467	1	4
470.637	1	8
470.807	1	6
470.978	1	5
471.148	1	5
471.319	1	-2
471.489	1	3
471.659	1	4
471.830	1	-2
472.000	1	2
472.171	1	2
472.341	1	4
472.511	1	1
472.682	1	2
472.852	1	1
473.023	1	6
473.193	1	7
473.363	1	2
473.534	1	11
473.704	1	-8
473.875	1	23
474.045	1	-5
474.215	1	9
474.386	1	15
474.556	1	12
474.727	1	1
474.897	1	8
475.067	1	2
475.238	1	0
475.408	1	3
475.578	1	-4
475.749	1	2
475.919	1	9
476.090	1	-2
476.260	1	-2
476.430	1	1
476.601	1	-4
476.771	1	2
476.942	1	12
477.112	1	5
477.282	1	-1
477.453	1	-3
477.623	1	0
477.793	1	3
477.964	1	1
478.134	1	-5
478.305	1	9
478.475	1	1
478.645	1	4
478.816	1	-2
478.986	1	0
479.156	1	0
479.327	1	-3
479.497	1	-3
479.667	1	10
479.838	1	-1
480.008	1	3
480.179	1	6
480.349	1	2
480.519	1	3
480.690	1	3
480.860	1	-6
481.030	1	-4
481.201	1	-2
481.371	1	7
481.541	1	-6
481.712	1	7
481.882	1	8
482.053	1	8
482.223	1	5
482.393	1	7
482.564	1	3
482.734	1	-3
482.904	1	2
483.075	1	1
483.245	1	6
483.415	1	4
483.586	1	11
483.756	1	7
483.926	1	11
484.097	1	0
484.267	1	0
484.437	1	4
484.608	1	10
484.778	1	6
484.948	1	-6
485.119	1	-11
485.289	1	3
485.459	1	17
485.630	1	6
485.800	1	-5
485.970	1	2
486.141	1	1
486.311	1	8
486.481	1	3
486.652	1	10
486.822	1	4
486.992	1	12
487.163	1	-6
487.333	1	7
487.503	1	0
487.674	1	16
487.844	1	1
488.014	1	10
488.185	1	2
488.355	1	3
488.525	1	7
488.696	1	5
488.866	1	5
489.036	1	14
489.207	1	6
489.377	1	-4
489.547	1	-1
489.718	1	10
489.888	1	0
490.058	1	1
490.228	1	7
490.399	1	2
490.569	1	16
490.739	1	9
490.910	1	9
491.080	1	12
491.250	1	6
491.421	1	0
491.591	1	-3
491.761	1	1
491.932	1	-2
492.102	1	4
492.272	1	18
492.442	1	10
492.613	1	-3
492.783	1	13
492.953	1	-3
493.124	1	8
493.294	1	2
493.464	1	15
493.635	1	1
493.805	1	0
493.975	1	-1
494.145	1	3
494.316	1	14
494.486	1	12
494.656	1	7
494.827	1	11
494.997	1	2
495.167	1	9
495.337	1	15
495.508	1	4
495.678	1	8
495.848	1	14
496.019	1	6
496.189	1	3
496.359	1	7
496.529	1	8
496.700	1	1
496.870	1	15
497.040	1	1
497.211	1	-3
497.381	1	7
497.551	1	7
497.721	1	9
497.892	1	-1
498.062	1	1
498.232	1	13
498.403	1	3
498.573	1	3
498.743	1	8
498.913	1	14
499.084	1	10
499.254	1	2
499.424	1	11
499.594	1	9
499.765	1	0
499.935	1	4
500.105	1	10
500.275	1	7
500.446	1	5
500.616	1	-3
500.786	1	5
500.956	1	9
501.127	1	16
501.297	1	3
501.467	1	4
501.638	1	14
501.808	1	8
501.978	1	6
502.148	1	11
502.319	1	14
502.489	1	4
502.659	1	14
502.829	1	-1
503.000	1	15
503.170	1	15
503.340	1	13
503.510	1	12
503.681	1	4
503.851	1	2
504.021	1	9
504.191	1	19
504.362	1	3
504.532	1	13
504.702	1	1
504.872	1	9
505.042	1	8
505.213	1	12
505.383	1	2
505.553	1	1
505.723	1	4
505.894	1	10
506.064	1	14
506.234	1	24
506.404	1	17
506.575	1	17
506.745	1	12
506.915	1	10
507.085	1	-10
507.256	1	20
507.426	1	7
507.596	1	12
507.766	1	14
507.936	1	6
508.107	1	20
508.277	1	9
508.447	1	21
508.617	1	7
508.788	1	30
508.958	1	5
509.128	1	17
509.298	1	5
509.468	1	13
509.639	1	8
509.809	1	13
509.979	1	6
510.149	1	7
510.319	1	11
510.490	1	20
510.660	1	6
510.830	1	16
511.000	1	5
511.171	1	12
511.341	1	12
511.511	1	13
511.681	1	8
511.851	1	13
512.022	1	0
512.192	1	15
512.362	1	4
512.532	1	6
512.702	1	6
512.873	1	24
513.043	1	22
513.213	1	10
513.383	1	9
513.553	1	-2
513.724	1	12
513.894	1	4
514.064	1	19
514.234	1	14
514.404	1	12
514.575	1	17
514.745	1	13
514.915	1	10
515.085	1	10
515.255	1	-1
515.425	1	6
515.596	1	17
515.766	1	11
515.936	1	11
516.106	1	5
516.276	1	5
516.447	1	16
516.617	1	20
516.787	1	9
516.957	1	15
517.127	1	6
517.297	1	4
517.468	1	19
517.638	1	16
517.808	1	9
517.978	1	11
518.148	1	9
518.319	1	22
518.489	1	7
518.659	1	11
518.829	1	27
518.999	1	16
519.169	1	9
519.340	1	35
519.510	1	8
519.680	1	14
519.850	1	25
520.020	1	14
520.190	1	10
520.361	1	14
520.531	1	7
520.701	1	13
520.871	1	7
521.041	1	21
521.211	1	2
521.382	1	7
521.552	1	25
521.722	1	19
521.892	1	14
522.062	1	21
522.232	1	20
522.402	1	13
522.573	1	21
522.743	1	15
522.913	1	22
523.083	1	15
523.253	1	23
523.423	1	12
523.593	1	9
523.764	1	21
523.934	1	18
524.104	1	14
524.274	1	13
524.444	1	14
524.614	1	14
524.784	1	15
524.955	1	5
525.125	1	12
525.295	1	17
525.465	1	25
525.635	1	11
525.805	1	13
525.975	1	17
526.146	1	9
526.316	1	22
526.486	1	19
526.656	1	16
526.826	1	20
526.996	1	13
527.166	1	14
527.337	1	10
527.507	1	21
527.677	1	21
527.847	1	18
528.017	1	12
528.187	1	12
528.357	1	10
528.527	1	15
528.698	1	17
528.868	1	11
529.038	1	18
529.208	1	15
529.378	1	20
529.548	1	21
529.718	1	11
529.888	1	19
530.058	1	13
530.229	1	18
530.399	1	24
530.569	1	-2
530.739	1	20
530.909	1	21
531.079	1	24
531.249	1	10
531.419	1	23
531.589	1	18
531.760	1	22
531.930	1	18
532.100	1	19
532.270	1	14
532.440	1	17
532.610	1	10
532.780	1	13
532.950	1	18
533.120	1	28
533.290	1	28
533.461	1	10
533.631	1	22
533.801	1	39
533.971	1	15
534.141	1	13
534.311	1	27
534.481	1	7
534.651	1	26
534.821	1	26
534.991	1	17
535.162	1	12
535.332	1	15
535.502	1	7
535.672	1	22
535.842	1	19
536.012	1	17
536.182	1	15
536.352	1	27
536.522	1	12
536.692	1	19
536.862	1	29
537.032	1	18
537.203	1	17
537.373	1	22
537.543	1	18
537.713	1	20
537.883	1	14
538.053	1	20
538.223	1	19
538.393	1	23
538.563	1	26
538.733	1	20
538.903	1	7
539.073	1	17
539.243	1	25
539.413	1	13
539.584	1	7
539.754	1	27
539.924	1	19
540.094	1	8
540.264	1	20
540.434	1	17
540.604	1	19
540.774	1	32
540.944	1	14
541.114	1	10
541.284	1	34
541.454	1	7
541.624	1	24
541.794	1	27
541.964	1	20
542.134	1	18
542.305	1	22
542.475	1	25
542.645	1	14
542.815	1	25
542.985	1	24
543.155	1	22
543.325	1	20
543.495	1	7
543.665	1	15
543.835	1	24
544.005	1	27
544.175	1	8
544.345	1	25
544.515	1	10
544.685	1	16
544.855	1	14
545.025	1	16
545.195	1	19
545.365	1	8
545.535	1	27
545.705	1	17
545.875	1	4
546.045	1	11
546.216	1	30
546.386	1	21
546.556	1	13
546.726	1	19
546.896	1	14
547.066	1	23
547.236	1	22
547.406	1	18
547.576	1	22
547.746	1	10
547.916	1	12
548.086	1	16
548.256	1	10
548.426	1	21
548.596	1	18
548.766	1	14
548.936	1	29
549.106	1	20
549.276	1	14
549.446	1	26
549.616	1	13
549.786	1	11
549.956	1	31
550.126	1	31
550.296	1	26
550.466	1	25
550.636	1	23
550.806	1	26
550.976	1	27
551.146	1	23
551.316	1	35
551.486	1	23
551.656	1	22
551.826	1	26
551.996	1	38
552.166	1	21
552.336	1	24
552.506	1	32
552.676	1	35
552.846	1	19
553.016	1	33
553.186	1	31
553.356	1	24
553.526	1	16
553.696	1	34
553.866	1	29
554.036	1	20
554.206	1	19
554.376	1	23
554.546	1	26
554.716	1	16
554.886	1	21
555.056	1	27
555.226	1	11
555.396	1	14
555.566	1	30
555.736	1	18
555.906	1	24
556.076	1	36
556.246	1	13
556.416	1	11
556.586	1	30
556.756	1	16
556.926	1	23
557.096	1	24
557.266	1	9
557.436	1	22
557.606	1	25
557.776	1	10
557.946	1	34
558.116	1	26
558.286	1	21
558.456	1	17
558.626	1	23
558.796	1	19
558.966	1	17
559.136	1	28
559.306	1	11
559.476	1	5
559.646	1	18
559.816	1	12
559.986	1	15
560.155	1	37
560.325	1	10
560.495	1	10
560.665	1	26
560.835	1	19
561.005	1	15
561.175	1	26
561.345	1	20
561.515	1	9
561.685	1	24
561.855	1	9
562.025	1	24
562.195	1	26
562.365	1	21
562.535	1	21
562.705	1	7
562.875	1	23
563.045	1	18
563.215	1	29
563.385	1	12
563.555	1	21
563.725	1	25
563.895	1	14
564.064	1	20
564.234	1	24
564.404	1	16
564.574	1	22
564.744	1	21
564.914	1	19
565.084	1	20
565.254	1	28
565.424	1	24
565.594	1	20
565.764	1	17
565.934	1	34
566.104	1	20
566.274	1	18
566.444	1	18
566.614	1	17
566.783	1	13
566.953	1	36
567.123	1	22
567.293	1	31
567.463	1	24
567.633	1	18
567.803	1	8
567.973	1	10
568.143	1	19
568.313	1	16
568.483	1	24
568.653	1	17
568.823	1	22
568.993	1	25
569.162	1	19
569.332	1	15
569.502	1	16
569.672	1	23
569.842	1	21
570.012	1	19
570.182	1	17
570.352	1	20
570.522	1	8
570.692	1	22
570.862	1	33
571.031	1	29
571.201	1	24
571.371	1	19
571.541	1	24
571.711	1	20
571.881	1	36
572.051	1	12
572.221	1	16
572.391	1	14
572.561	1	19
572.731	1	26
572.900	1	22
573.070	1	20
573.240	1	14
573.410	1	32
573.580	1	13
573.750	1	19
573.920	1	16
574.090	1	19
574.260	1	36
574.430	1	12
574.599	1	16
574.769	1	28
574.939	1	26
575.109	1	26
575.279	1	29
575.449	1	23
575.619	1	28
575.789	1	7
575.959	1	12
576.128	1	12
576.298	1	26
576.468	1	15
576.638	1	7
576.808	1	18
576.978	1	23
577.148	1	23
577.318	1	16
577.487	1	16
577.657	1	11
577.827	1	11
577.997	1	20
578.167	1	11
578.337	1	31
578.507	1	29
578.677	1	13
578.846	1	18
579.016	1	30
579.186	1	13
579.356	1	17
579.526	1	18
579.696	1	13
579.866	1	17
580.036	1	9
580.205	1	13
580.375	1	19
580.545	1	22
580.715	1	23
580.885	1	9
581.055	1	27
581.225	1	19
581.394	1	16
581.564	1	20
581.734	1	16
581.904	1	26
582.074	1	18
582.244	1	24
582.414	1	30
582.583	1	33
582.753	1	15
582.923	1	20
583.093	1	28
583.263	1	21
583.433	1	20
583.603	1	27
583.772	1	27
583.942	1	20
584.112	1	17
584.282	1	11
584.452	1	13
584.622	1	14
584.791	1	13
584.961	1	19
585.131	1	19
585.301	1	8
585.471	1	29
585.641	1	12
585.811	1	19
585.980	1	31
586.150	1	14
586.320	1	12
586.490	1	28
586.660	1	26
586.830	1	13
586.999	1	20
587.169	1	35
587.339	1	26
587.509	1	27
587.679	1	19
587.849	1	25
588.018	1	21
588.188	1	21
588.358	1	11
588.528	1	12
588.698	1	18
588.867	1	26
589.037	1	17
589.207	1	21
589.377	1	25
589.547	1	17
589.717	1	16
589.886	1	11
590.056	1	2
590.226	1	23
590.396	1	22
590.566	1	10
590.735	1	14
590.905	1	15
591.075	1	12
591.245	1	10
591.415	1	19
591.585	1	32
591.754	1	16
591.924	1	15
592.094	1	16
592.264	1	14
592.434	1	20
592.603	1	15
592.773	1	12
592.943	1	8
593.113	1	5
593.283	1	12
593.452	1	14
593.622	1	18
593.792	1	22
593.962	1	19
594.132	1	8
594.301	1	22
594.471	1	29
594.641	1	18
594.811	1	10
594.981	1	3
595.150	1	8
595.320	1	26
595.490	1	22
595.660	1	17
595.829	1	11
595.999	1	-1
596.169	1	20
596.339	1	12
596.509	1	12
596.678	1	12
596.848	1	12
597.018	1	12
597.188	1	13
597.358	1	9
597.527	1	11
597.697	1	10
597.867	1	14
598.037	1	13
598.206	1	14
598.376	1	13
598.546	1	16
598.716	1	21
598.885	1	4
599.055	1	16
599.225	1	7
599.395	1	11
599.565	1	9
599.734	1	16
599.904	1	7
600.074	1	18
600.244	1	17
600.413	1	21
600.583	1	26
600.753	1	16
600.923	1	14
601.092	1	23
601.262	1	11
601.432	1	4
601.602	1	26
601.771	1	17
601.941	1	15
602.111	1	16
602.281	1	31
602.451	1	15
602.620	1	9
602.790	1	18
602.960	1	10
603.130	1	15
603.299	1	9
603.469	1	8
603.639	1	5
603.809	1	17
603.978	1	14
604.148	1	17
604.318	1	17
604.487	1	14
604.657	1	19
604.827	1	22
604.997	1	12
605.166	1	14
605.336	1	13
605.506	1	16
605.676	1	4
605.845	1	13
606.015	1	11
606.185	1	18
606.355	1	20
606.524	1	11
606.694	1	11
606.864	1	11
607.034	1	9
607.203	1	7
607.373	1	9
607.543	1	1
607.712	1	16
607.882	1	21
608.052	1	12
608.222	1	15
608.391	1	21
608.561	1	19
608.731	1	17
608.901	1	12
609.070	1	22
609.240	1	13
609.410	1	23
609.579	1	20
609.749	1	19
609.919	1	23
610.089	1	11
610.258	1	29
610.428	1	13
610.598	1	4
610.767	1	22
610.937	1	6
611.107	1	18
611.277	1	21
611.446	1	12
611.616	1	13
611.786	1	31
611.955	1	15
612.125	1	20
612.295	1	22
612.465	1	17
612.634	1	8
612.804	1	34
612.974	1	-1
613.143	1	18
613.313	1	20
613.483	1	21
613.652	1	18
613.822	1	11
613.992	1	2
614.162	1	28
614.331	1	12
614.501	1	9
614.671	1	20
614.840	1	12
615.010	1	1
615.180	1	8
615.349	1	12
615.519	1	1
615.689	1	20
615.858	1	8
616.028	1	14
616.198	1	12
616.368	1	12
616.537	1	19
616.707	1	10
616.877	1	9
617.046	1	9
617.216	1	4
617.386	1	23
617.555	1	15
617.725	1	14
617.895	1	21
618.064	1	3
618.234	1	3
618.404	1	9
618.573	1	6
618.743	1	20
618.913	1	15
619.082	1	8
619.252	1	13
619.422	1	6
619.591	1	10
619.761	1	17
619.931	1	23
620.100	1	18
620.270	1	-2
620.440	1	7
620.609	1	13
620.779	1	6
620.949	1	8
621.118	1	6
621.288	1	9
621.458	1	7
621.627	1	19
621.797	1	11
621.967	1	7
622.136	1	20
622.306	1	9
622.476	1	18
622.645	1	16
622.815	1	10
622.985	1	9
623.154	1	15
623.324	1	16
623.494	1	15
623.663	1	7
623.833	1	17
624.002	1	-2
624.172	1	15
624.342	1	17
624.511	1	7
624.681	1	6
624.851	1	5
625.020	1	2
625.190	1	20
625.360	1	9
625.529	1	17
625.699	1	7
625.869	1	28
626.038	1	6
626.208	1	2
626.377	1	20
626.547	1	14
626.717	1	7
626.886	1	15
627.056	1	9
627.226	1	14
627.395	1	16
627.565	1	12
627.735	1	20
627.904	1	5
628.074	1	11
628.243	1	7
628.413	1	9
628.583	1	5
628.752	1	16
628.922	1	17
629.091	1	4
629.261	1	14
629.431	1	9
629.600	1	27
629.770	1	2
629.940	1	12
630.109	1	1
630.279	1	5
630.448	1	9
630.618	1	1
630.788	1	13
630.957	1	3
631.127	1	19
631.297	1	5
631.466	1	13
631.636	1	4
631.805	1	9
631.975	1	22
632.145	1	7
632.314	1	15
632.484	1	4
632.653	1	9
632.823	1	21
632.993	1	8
633.162	1	14
633.332	1	2
633.501	1	8
633.671	1	5
633.841	1	0
634.010	1	2
634.180	1	19
634.349	1	18
634.519	1	0
634.689	1	7
634.858	1	7
635.028	1	13
635.197	1	18
635.367	1	9
635.537	1	7
635.706	1	15
635.876	1	11
636.045	1	18
636.215	1	11
636.384	1	16
636.554	1	19
636.724	1	3
636.893	1	4
637.063	1	2
637.232	1	-2
637.402	1	10
637.572	1	9
637.741	1	4
637.911	1	16
638.080	1	11
638.250	1	10
638.419	1	7
638.589	1	7
638.759	1	6
638.928	1	10
639.098	1	6
639.267	1	12
639.437	1	10
639.606	1	7
639.776	1	3
639.946	1	22
640.115	1	9
640.285	1	9
640.454	1	-1
640.624	1	9
640.793	1	16
640.963	1	5
641.132	1	12
641.302	1	7
641.472	1	12
641.641	1	1
641.811	1	6
641.980	1	5
642.150	1	-4
642.319	1	10
642.489	1	11
642.659	1	5
642.828	1	1
642.998	1	12
643.167	1	4
643.337	1	8
643.506	1	5
643.676	1	10
643.845	1	0
644.015	1	8
644.184	1	9
644.354	1	11
644.524	1	10
644.693	1	16
644.863	1	-1
645.032	1	9
645.202	1	1
645.371	1	8
645.541	1	12
645.710	1	12
645.880	1	20
646.049	1	-3
646.219	1	11
646.388	1	7
646.558	1	8
646.728	1	6
646.897	1	7
647.067	1	11
647.236	1	14
647.406	1	0
647.575	1	11
647.745	1	6
647.914	1	7
648.084	1	1
648.253	1	9
648.423	1	10
648.592	1	5
648.762	1	8
648.931	1	8
649.101	1	7
649.270	1	17
649.440	1	13
649.610	1	13
649.779	1	12
649.949	1	6
650.118	1	20
650.288	1	21
650.457	1	15
650.627	1	14
650.796	1	9
650.966	1	4
651.135	1	1
651.305	1	8
651.474	1	10
651.644	1	17
651.813	1	7
651.983	1	13
652.152	1	13
652.322	1	2
652.491	1	8
652.661	1	7
652.830	1	13
653.000	1	7
653.169	1	3
653.339	1	10
653.508	1	15
653.678	1	3
653.847	1	5
654.017	1	3
654.186	1	7
654.356	1	3
654.525	1	-3
654.695	1	7
654.864	1	10
655.034	1	10
655.203	1	2
655.373	1	18
655.542	1	8
655.712	1	2
655.881	1	2
656.051	1	4
656.220	1	7
656.390	1	-1
656.559	1	15
656.729	1	15
656.898	1	-1
657.068	1	7
657.237	1	-3
657.406	1	8
657.576	1	6
657.745	1	1
657.915	1	-4
658.084	1	13
658.254	1	-5
658.423	1	18
658.593	1	13
658.762	1	2
658.932	1	10
659.101	1	19
659.271	1	14
659.440	1	4
659.610	1	7
659.779	1	7
659.949	1	5
660.118	1	12
660.288	1	10
660.457	1	12
660.626	1	13
660.796	1	-1
660.965	1	14
661.135	1	1
661.304	1	7
661.474	1	10
661.643	1	16
661.813	1	16
661.982	1	17
662.152	1	7
662.321	1	6
662.491	1	6
662.660	1	3
662.829	1	-2
662.999	1	9
663.168	1	8
663.338	1	18
663.507	1	23
663.677	1	3
663.846	1	0
664.016	1	0
664.185	1	11
664.354	1	16
664.524	1	10
664.693	1	15
664.863	1	-5
665.032	1	2
665.202	1	10
665.371	1	6
665.541	1	3
665.710	1	4
665.879	1	-2
666.049	1	4
666.218	1	5
666.388	1	5
666.557	1	0
666.727	1	8
666.896	1	-1
667.065	1	12
667.235	1	9
667.404	1	8
667.574	1	-4
667.743	1	-3
667.913	1	13
668.082	1	11
668.251	1	7
668.421	1	1
668.590	1	11
668.760	1	-3
668.929	1	-6
669.099	1	6
669.268	1	-1
669.437	1	4
669.607	1	7
669.776	1	0
669.946	1	9
670.115	1	15
670.285	1	7
670.454	1	2
670.623	1	7
670.793	1	2
670.962	1	10
671.132	1	16
671.301	1	3
671.470	1	7
671.640	1	10
671.809	1	4
671.979	1	14
672.148	1	16
672.317	1	6
672.487	1	8
672.656	1	4
672.826	1	2
672.995	1	13
673.164	1	3
673.334	1	6
673.503	1	16
673.673	1	13
673.842	1	5
674.011	1	9
674.181	1	12
674.350	1	13
674.520	1	2
674.689	1	3
674.858	1	13
675.028	1	0
675.197	1	-2
675.367	1	10
675.536	1	18
675.705	1	16
675.875	1	1
676.044	1	7
676.214	1	8
676.383	1	16
676.552	1	15
676.722	1	11
676.891	1	19
677.060	1	3
677.230	1	4
677.399	1	6
677.569	1	10
677.738	1	11
677.907	1	11
678.077	1	12
678.246	1	7
678.416	1	10
678.585	1	8
678.754	1	9
678.924	1	0
679.093	1	8
679.262	1	-1
679.432	1	7
679.601	1	5
679.771	1	1
679.940	1	7
680.109	1	9
680.279	1	-5
680.448	1	12
680.617	1	4
680.787	1	11
680.956	1	16
681.125	1	9
681.295	1	2
681.464	1	12
681.634	1	13
681.803	1	3
681.972	1	-3
682.142	1	23
682.311	1	16
682.480	1	20
682.650	1	11
682.819	1	6
682.988	1	11
683.158	1	1
683.327	1	2
683.496	1	16
683.666	1	-1
683.835	1	6
684.004	1	17
684.174	1	10
684.343	1	5
684.512	1	14
684.682	1	6
684.851	1	9
685.021	1	-3
685.190	1	4
685.359	1	12
685.529	1	14
685.698	1	11
685.867	1	6
686.037	1	8
686.206	1	-3
686.375	1	11
686.545	1	-2
686.714	1	0
686.883	1	5
687.053	1	11
687.222	1	13
687.391	1	5
687.561	1	5
687.730	1	8
687.899	1	7
688.069	1	17
688.238	1	13
688.407	1	-4
688.577	1	8
688.746	1	9
