340.368	1	-1
340.539	1	-7
340.710	1	-13
340.881	1	-25
341.052	1	3
341.223	1	-11
341.394	1	-2
341.565	1	-11
341.737	1	8
341.908	1	13
342.079	1	-1
342.250	1	-4
342.421	1	7
342.592	1	8
342.763	1	-1
342.934	1	-2
343.105	1	-5
343.276	1	0
343.447	1	-12
343.618	1	1
343.789	1	1
343.960	1	0
344.131	1	1
344.302	1	2
344.473	1	-9
344.644	1	7
344.815	1	1
344.986	1	0
345.157	1	-14
345.328	1	5
345.499	1	7
345.670	1	-7
345.841	1	6
346.012	1	1
346.183	1	-1
346.354	1	-3
346.526	1	-7
346.697	1	0
346.868	1	4
347.039	1	4
347.210	1	-1
347.381	1	2
347.552	1	2
347.723	1	2
347.894	1	-3
348.065	1	4
348.236	1	11
348.407	1	2
348.578	1	-4
348.749	1	-4
348.920	1	-8
349.091	1	-8
349.262	1	-1
349.433	1	3
349.604	1	5
349.775	1	15
349.946	1	-7
350.117	1	-2
350.288	1	6
350.459	1	-4
350.630	1	8
350.801	1	1
350.972	1	4
351.143	1	3
351.314	1	5
351.485	1	6
351.656	1	2
351.827	1	-1
351.998	1	10
352.169	1	5
352.340	1	2
352.511	1	-2
352.682	1	11
352.853	1	-5
353.024	1	-5
353.195	1	7
353.366	1	11
353.537	1	5
353.708	1	-6
353.879	1	3
354.050	1	-9
354.221	1	-4
354.392	1	-2
354.563	1	-10
354.734	1	2
354.905	1	7
355.076	1	17
355.247	1	7
355.418	1	-4
355.589	1	-6
355.760	1	2
355.931	1	5
356.102	1	10
356.273	1	0
356.444	1	-1
356.615	1	-2
356.785	1	8
356.956	1	5
357.127	1	2
357.298	1	4
357.469	1	6
357.640	1	7
357.811	1	-4
357.982	1	4
358.153	1	6
358.324	1	-5
358.495	1	7
358.666	1	2
358.837	1	-5
359.008	1	-5
359.179	1	7
359.350	1	-3
359.521	1	12
359.692	1	10
359.863	1	8
360.034	1	4
360.205	1	-3
360.376	1	9
360.547	1	2
360.718	1	5
360.889	1	3
361.060	1	4
361.231	1	3
361.401	1	4
361.572	1	2
361.743	1	3
361.914	1	6
362.085	1	14
362.256	1	16
362.427	1	14
362.598	1	2
362.769	1	4
362.940	1	8
363.111	1	0
363.282	1	7
363.453	1	-1
363.624	1	14
363.795	1	5
363.966	1	5
364.137	1	8
364.308	1	10
364.478	1	10
364.649	1	4
364.820	1	14
364.991	1	4
365.162	1	15
365.333	1	3
365.504	1	19
365.675	1	6
365.846	1	17
366.017	1	19
366.188	1	15
366.359	1	11
366.530	1	19
366.701	1	15
366.871	1	10
367.042	1	13
367.213	1	26
367.384	1	21
367.555	1	13
367.726	1	7
367.897	1	16
368.068	1	22
368.239	1	23
368.410	1	31
368.581	1	10
368.752	1	9
368.923	1	26
369.093	1	19
369.264	1	23
369.435	1	24
369.606	1	24
369.777	1	25
369.948	1	6
370.119	1	17
370.290	1	20
370.461	1	26
370.632	1	28
370.803	1	32
370.973	1	14
371.144	1	24
371.315	1	22
371.486	1	21
371.657	1	26
371.828	1	11
371.999	1	13
372.170	1	15
372.341	1	23
372.512	1	1
372.682	1	32
372.853	1	30
373.024	1	21
373.195	1	14
373.366	1	22
373.537	1	14
373.708	1	12
373.879	1	12
374.050	1	17
374.220	1	24
374.391	1	12
374.562	1	20
374.733	1	9
374.904	1	10
375.075	1	4
375.246	1	18
375.417	1	12
375.588	1	11
375.758	1	9
375.929	1	13
376.100	1	15
376.271	1	25
376.442	1	11
376.613	1	0
376.784	1	9
376.955	1	4
377.125	1	23
377.296	1	6
377.467	1	3
377.638	1	7
377.809	1	10
377.980	1	11
378.151	1	19
378.321	1	6
378.492	1	11
378.663	1	0
378.834	1	0
379.005	1	11
379.176	1	4
379.347	1	3
379.518	1	-2
379.688	1	14
379.859	1	1
380.030	1	1
380.201	1	0
380.372	1	6
380.543	1	12
380.714	1	8
380.884	1	5
381.055	1	19
381.226	1	-6
381.397	1	-2
381.568	1	5
381.739	1	10
381.910	1	6
382.080	1	4
382.251	1	5
382.422	1	0
382.593	1	0
382.764	1	0
382.935	1	4
383.105	1	0
383.276	1	11
383.447	1	4
383.618	1	5
383.789	1	9
383.960	1	8
384.130	1	6
384.301	1	6
384.472	1	5
384.643	1	12
384.814	1	4
384.985	1	12
385.156	1	-8
385.326	1	8
385.497	1	8
385.668	1	3
385.839	1	7
386.010	1	8
386.180	1	8
386.351	1	7
386.522	1	15
386.693	1	-2
386.864	1	2
387.035	1	3
387.205	1	-1
387.376	1	1
387.547	1	2
387.718	1	4
387.889	1	1
388.060	1	4
388.230	1	13
388.401	1	-5
388.572	1	3
388.743	1	1
388.914	1	3
389.084	1	0
389.255	1	-3
389.426	1	4
389.597	1	3
389.768	1	-1
389.939	1	5
390.109	1	-2
390.280	1	5
390.451	1	5
390.622	1	-5
390.793	1	-5
390.963	1	7
391.134	1	6
391.305	1	-3
391.476	1	-1
391.647	1	-2
391.817	1	10
391.988	1	5
392.159	1	-5
392.330	1	7
392.501	1	-2
392.671	1	-2
392.842	1	-9
393.013	1	-1
393.184	1	1
393.355	1	5
393.525	1	-1
393.696	1	11
393.867	1	8
394.038	1	7
394.208	1	5
394.379	1	-6
394.550	1	-1
394.721	1	5
394.892	1	2
395.062	1	7
395.233	1	-2
395.404	1	6
395.575	1	5
395.746	1	1
395.916	1	-4
396.087	1	-3
396.258	1	1
396.429	1	-3
396.599	1	-6
396.770	1	5
396.941	1	7
397.112	1	7
397.283	1	4
397.453	1	10
397.624	1	-1
397.795	1	2
397.966	1	0
398.136	1	-9
398.307	1	-2
398.478	1	6
398.649	1	-8
398.819	1	9
398.990	1	0
399.161	1	9
399.332	1	5
399.503	1	10
399.673	1	10
399.844	1	2
400.015	1	-8
400.186	1	-1
400.356	1	-10
400.527	1	-2
400.698	1	6
400.869	1	1
401.039	1	9
401.210	1	9
401.381	1	-9
401.552	1	-9
401.722	1	5
401.893	1	-2
402.064	1	-3
402.235	1	3
402.405	1	6
402.576	1	-6
402.747	1	-11
402.918	1	9
403.088	1	8
403.259	1	7
403.430	1	-4
403.601	1	3
403.771	1	4
403.942	1	8
404.113	1	-8
404.284	1	4
404.454	1	4
404.625	1	10
404.796	1	7
404.967	1	5
405.137	1	6
405.308	1	1
405.479	1	3
405.649	1	-2
405.820	1	-11
405.991	1	-5
406.162	1	-2
406.332	1	4
406.503	1	5
406.674	1	0
406.845	1	2
407.015	1	1
407.186	1	4
407.357	1	-4
407.527	1	-10
407.698	1	8
407.869	1	-3
408.040	1	3
408.210	1	1
408.381	1	4
408.552	1	2
408.722	1	-17
408.893	1	0
409.064	1	-1
409.235	1	2
409.405	1	6
409.576	1	-6
409.747	1	-2
409.917	1	-4
410.088	1	4
410.259	1	4
410.430	1	10
410.600	1	-1
410.771	1	7
410.942	1	-3
411.112	1	-10
411.283	1	2
411.454	1	0
411.625	1	-1
411.795	1	0
411.966	1	-1
412.137	1	10
412.307	1	-1
412.478	1	12
412.649	1	0
412.819	1	2
412.990	1	0
413.161	1	-2
413.332	1	8
413.502	1	-3
413.673	1	0
413.844	1	2
414.014	1	0
414.185	1	-2
414.356	1	10
414.526	1	-3
414.697	1	8
414.868	1	8
415.038	1	3
415.209	1	4
415.380	1	2
415.550	1	-5
415.721	1	-3
415.892	1	-9
416.063	1	0
416.233	1	3
416.404	1	2
416.575	1	6
416.745	1	-8
416.916	1	2
417.087	1	10
417.257	1	-4
417.428	1	-3
417.599	1	3
417.769	1	12
417.940	1	-3
418.111	1	-3
418.281	1	2
418.452	1	-10
418.623	1	1
418.793	1	-4
418.964	1	-4
419.135	1	-13
419.305	1	7
419.476	1	-7
419.647	1	-4
419.817	1	-1
419.988	1	-6
420.159	1	1
420.329	1	-10
420.500	1	-3
420.671	1	0
420.841	1	15
421.012	1	6
421.183	1	4
421.353	1	-14
421.524	1	-12
421.695	1	2
421.865	1	6
422.036	1	1
422.206	1	-6
422.377	1	-1
422.548	1	-14
422.718	1	6
422.889	1	-15
423.060	1	-3
423.230	1	-1
423.401	1	5
423.572	1	-8
423.742	1	2
423.913	1	2
424.084	1	1
424.254	1	4
424.425	1	3
424.595	1	-3
424.766	1	-4
424.937	1	-2
425.107	1	-9
425.278	1	5
425.449	1	10
425.619	1	5
425.790	1	-9
425.961	1	0
426.131	1	1
426.302	1	-3
426.472	1	1
426.643	1	3
426.814	1	7
426.984	1	3
427.155	1	-2
427.326	1	0
427.496	1	-5
427.667	1	-4
427.837	1	-1
428.008	1	5
428.179	1	-5
428.349	1	-16
428.520	1	0
428.691	1	0
428.861	1	-2
429.032	1	9
429.202	1	0
429.373	1	5
429.544	1	0
429.714	1	5
429.885	1	-2
430.055	1	-2
430.226	1	-2
430.397	1	3
430.567	1	-1
430.738	1	-5
430.909	1	4
431.079	1	-8
431.250	1	0
431.420	1	-6
431.591	1	10
431.762	1	1
431.932	1	-7
432.103	1	-3
432.273	1	-8
432.444	1	13
432.615	1	-8
432.785	1	1
432.956	1	3
433.126	1	-6
433.297	1	4
433.468	1	-5
433.638	1	-6
433.809	1	7
433.979	1	4
434.150	1	2
434.320	1	-3
434.491	1	0
434.662	1	2
434.832	1	10
435.003	1	0
435.173	1	-7
435.344	1	5
435.515	1	8
435.685	1	-7
435.856	1	5
436.026	1	8
436.197	1	-3
436.368	1	9
436.538	1	-7
436.709	1	0
436.879	1	-6
437.050	1	-12
437.220	1	2
437.391	1	12
437.562	1	-8
437.732	1	4
437.903	1	1
438.073	1	0
438.244	1	-10
438.414	1	-4
438.585	1	-5
438.756	1	-8
438.926	1	-1
439.097	1	-5
439.267	1	0
439.438	1	-4
439.608	1	-8
439.779	1	-8
439.949	1	8
440.120	1	2
440.291	1	3
440.461	1	3
440.632	1	3
440.802	1	-10
440.973	1	-8
441.143	1	-1
441.314	1	-8
441.485	1	4
441.655	1	-1
441.826	1	-1
441.996	1	-1
442.167	1	5
442.337	1	0
442.508	1	-5
442.678	1	-22
442.849	1	12
443.019	1	3
443.190	1	3
443.361	1	-2
443.531	1	12
443.702	1	-3
443.872	1	8
444.043	1	-1
444.213	1	-4
444.384	1	-7
444.554	1	16
444.725	1	-7
444.895	1	-5
445.066	1	-4
445.237	1	-6
445.407	1	5
445.578	1	-10
445.748	1	-2
445.919	1	-4
446.089	1	2
446.260	1	2
446.430	1	4
446.601	1	-4
446.771	1	13
446.942	1	-8
447.112	1	-5
447.283	1	-3
447.453	1	-8
447.624	1	4
447.794	1	-4
447.965	1	10
448.135	1	1
448.306	1	2
448.477	1	3
448.647	1	-11
448.818	1	-5
448.988	1	-1
449.159	1	-4
449.329	1	3
449.500	1	-5
449.670	1	12
449.841	1	10
450.011	1	7
450.182	1	-4
450.352	1	0
450.523	1	-1
450.693	1	1
450.864	1	-2
451.034	1	-7
451.205	1	10
451.375	1	-1
451.546	1	-7
451.716	1	-8
451.887	1	-7
452.057	1	14
452.228	1	0
452.398	1	4
452.569	1	-4
452.739	1	5
452.910	1	-4
453.080	1	-9
453.251	1	5
453.421	1	-3
453.592	1	11
453.762	1	4
453.933	1	-6
454.103	1	2
454.274	1	-11
454.444	1	-9
454.615	1	5
454.785	1	-3
454.956	1	-2
455.126	1	-10
455.297	1	10
455.467	1	-5
455.638	1	0
455.808	1	1
455.979	1	1
456.149	1	3
456.320	1	-6
456.490	1	-4
456.661	1	9
456.831	1	7
457.001	1	-7
457.172	1	-3
457.342	1	-12
457.513	1	12
457.683	1	1
457.854	1	-11
458.024	1	-6
458.195	1	-5
458.365	1	2
458.536	1	1
458.706	1	-3
458.877	1	4
459.047	1	1
459.218	1	0
459.388	1	0
459.559	1	11
459.729	1	5
459.899	1	2
460.070	1	3
460.240	1	5
460.411	1	-10
460.581	1	14
460.752	1	-2
460.922	1	2
461.093	1	6
461.263	1	-3
461.434	1	-1
461.604	1	-4
461.775	1	9
461.945	1	0
462.115	1	2
462.286	1	-6
462.456	1	-6
462.627	1	5
462.797	1	-1
462.968	1	5
463.138	1	0
463.309	1	-2
463.479	1	-2
463.649	1	0
463.820	1	7
463.990	1	-9
464.161	1	-1
464.331	1	-3
464.502	1	-3
464.672	1	-1
464.843	1	4
465.013	1	-5
465.183	1	-5
465.354	1	-11
465.524	1	-1
465.695	1	-8
465.865	1	-3
466.036	1	-7
466.206	1	10
466.376	1	-1
466.547	1	0
466.717	1	-4
466.888	1	4
467.058	1	1
467.229	1	-3
467.399	1	10
467.569	1	6
467.740	1	2
467.910	1	-6
468.081	1	8
468.251	1	-3
468.422	1	-4
468.592	1	-1
468.762	1	-6
468.933	1	-2
469.103	1	-12
469.274	1	3
469.444	1	-9
469.614	1	-3
469.785	1	-18
469.955	1	-13
470.126	1	-10
470.296	1	0
470.467	1	-4
470.637	1	3
470.807	1	-8
470.978	1	-4
471.148	1	-9
471.319	1	-2
471.489	1	1
471.659	1	-7
471.830	1	-6
472.000	1	-4
472.171	1	4
472.341	1	-5
472.511	1	-2
472.682	1	2
472.852	1	-5
473.023	1	1
473.193	1	7
473.363	1	8
473.534	1	9
473.704	1	-15
473.875	1	13
474.045	1	-7
474.215	1	11
474.386	1	7
474.556	1	2
474.727	1	0
474.897	1	5
475.067	1	0
475.238	1	4
475.408	1	7
475.578	1	-9
475.749	1	-9
475.919	1	3
476.090	1	0
476.260	1	-4
476.430	1	-1
476.601	1	6
476.771	1	-4
476.942	1	3
477.112	1	-4
477.282	1	4
477.453	1	-3
477.623	1	-5
477.793	1	5
477.964	1	-10
478.134	1	-14
478.305	1	2
478.475	1	2
478.645	1	6
478.816	1	2
478.986	1	-2
479.156	1	-1
479.327	1	-4
479.497	1	1
479.667	1	-2
479.838	1	-4
480.008	1	-6
480.179	1	9
480.349	1	-5
480.519	1	6
480.690	1	3
480.860	1	4
481.030	1	-13
481.201	1	-4
481.371	1	1
481.541	1	-6
481.712	1	3
481.882	1	11
482.053	1	0
482.223	1	6
482.393	1	-6
482.564	1	3
482.734	1	-4
482.904	1	-3
483.075	1	-4
483.245	1	1
483.415	1	3
483.586	1	2
483.756	1	5
483.926	1	2
484.097	1	-4
484.267	1	-11
484.437	1	-9
484.608	1	1
484.778	1	5
484.948	1	-4
485.119	1	-3
485.289	1	0
485.459	1	5
485.630	1	-3
485.800	1	2
485.970	1	-8
486.141	1	-6
486.311	1	-4
486.481	1	-1
486.652	1	12
486.822	1	6
486.992	1	9
487.163	1	-2
487.333	1	8
487.503	1	3
487.674	1	6
487.844	1	3
488.014	1	-8
488.185	1	-1
488.355	1	-2
488.525	1	-1
488.696	1	-7
488.866	1	4
489.036	1	9
489.207	1	6
489.377	1	3
489.547	1	-3
489.718	1	-9
489.888	1	-3
490.058	1	-7
490.228	1	8
490.399	1	-4
490.569	1	12
490.739	1	-3
490.910	1	3
491.080	1	2
491.250	1	-4
491.421	1	-7
491.591	1	-5
491.761	1	-3
491.932	1	-3
492.102	1	-8
492.272	1	5
492.442	1	4
492.613	1	-6
492.783	1	4
492.953	1	-5
493.124	1	1
493.294	1	-3
493.464	1	5
493.635	1	-1
493.805	1	-1
493.975	1	2
494.145	1	5
494.316	1	-5
494.486	1	1
494.656	1	-3
494.827	1	14
494.997	1	-3
495.167	1	4
495.337	1	4
495.508	1	1
495.678	1	-6
495.848	1	5
496.019	1	2
496.189	1	0
496.359	1	-2
496.529	1	-3
496.700	1	1
496.870	1	4
497.040	1	-2
497.211	1	0
497.381	1	0
497.551	1	3
497.721	1	4
497.892	1	-6
498.062	1	-5
498.232	1	-4
498.403	1	-1
498.573	1	-7
498.743	1	-7
498.913	1	5
499.084	1	6
499.254	1	2
499.424	1	-12
499.594	1	9
499.765	1	1
499.935	1	3
500.105	1	0
500.275	1	-4
500.446	1	-7
500.616	1	-2
500.786	1	-9
500.956	1	1
501.127	1	-1
501.297	1	-7
501.467	1	-7
501.638	1	2
501.808	1	3
501.978	1	4
502.148	1	2
502.319	1	0
502.489	1	7
502.659	1	-3
502.829	1	-5
503.000	1	-1
503.170	1	8
503.340	1	3
503.510	1	4
503.681	1	-13
503.851	1	9
504.021	1	-3
504.191	1	0
504.362	1	-3
504.532	1	5
504.702	1	1
504.872	1	0
505.042	1	-2
505.213	1	6
505.383	1	-5
505.553	1	-2
505.723	1	-4
505.894	1	-12
506.064	1	4
506.234	1	12
506.404	1	-1
506.575	1	-1
506.745	1	4
506.915	1	5
507.085	1	-5
507.256	1	-3
507.426	1	1
507.596	1	3
507.766	1	5
507.936	1	7
508.107	1	-4
508.277	1	-3
508.447	1	5
508.617	1	-2
508.788	1	19
508.958	1	-6
509.128	1	-7
509.298	1	6
509.468	1	-1
509.639	1	-2
509.809	1	-1
509.979	1	-5
510.149	1	-5
510.319	1	11
510.490	1	7
510.660	1	0
510.830	1	9
511.000	1	-6
511.171	1	-7
511.341	1	-9
511.511	1	5
511.681	1	2
511.851	1	-2
512.022	1	-4
512.192	1	7
512.362	1	-12
512.532	1	-1
512.702	1	-11
512.873	1	13
513.043	1	3
513.213	1	1
513.383	1	-7
513.553	1	-17
513.724	1	4
513.894	1	-6
514.064	1	5
514.234	1	-7
514.404	1	2
514.575	1	3
514.745	1	8
514.915	1	1
515.085	1	4
515.255	1	1
515.425	1	0
515.596	1	0
515.766	1	-6
515.936	1	0
516.106	1	2
516.276	1	-12
516.447	1	7
516.617	1	14
516.787	1	12
516.957	1	-3
517.127	1	-2
517.297	1	2
517.468	1	-2
517.638	1	1
517.808	1	-9
517.978	1	10
518.148	1	7
518.319	1	-3
518.489	1	0
518.659	1	-10
518.829	1	5
518.999	1	2
519.169	1	6
519.340	1	8
519.510	1	-2
519.680	1	8
519.850	1	9
520.020	1	-3
520.190	1	4
520.361	1	3
520.531	1	6
520.701	1	4
520.871	1	3
521.041	1	9
521.211	1	-5
521.382	1	-4
521.552	1	7
521.722	1	6
521.892	1	0
522.062	1	10
522.232	1	4
522.402	1	3
522.573	1	1
522.743	1	7
522.913	1	5
523.083	1	-1
523.253	1	6
523.423	1	11
523.593	1	-4
523.764	1	-3
523.934	1	3
524.104	1	3
524.274	1	4
524.444	1	4
524.614	1	6
524.784	1	-1
524.955	1	2
525.125	1	3
525.295	1	10
525.465	1	12
525.635	1	-4
525.805	1	-4
525.975	1	6
526.146	1	-10
526.316	1	7
526.486	1	1
526.656	1	7
526.826	1	2
526.996	1	3
527.166	1	4
527.337	1	-13
527.507	1	3
527.677	1	-5
527.847	1	7
528.017	1	-3
528.187	1	3
528.357	1	0
528.527	1	4
528.698	1	4
528.868	1	6
529.038	1	11
529.208	1	0
529.378	1	9
529.548	1	0
529.718	1	4
529.888	1	-1
530.058	1	4
530.229	1	8
530.399	1	9
530.569	1	-14
530.739	1	10
530.909	1	-5
531.079	1	4
531.249	1	-1
531.419	1	10
531.589	1	10
531.760	1	1
531.930	1	5
532.100	1	-8
532.270	1	1
532.440	1	-2
532.610	1	3
532.780	1	-6
532.950	1	11
533.120	1	4
533.290	1	-1
533.461	1	5
533.631	1	8
533.801	1	8
533.971	1	-3
534.141	1	-8
534.311	1	10
534.481	1	-8
534.651	1	-2
534.821	1	7
534.991	1	4
535.162	1	9
535.332	1	-6
535.502	1	-6
535.672	1	5
535.842	1	6
536.012	1	-1
536.182	1	1
536.352	1	-3
536.522	1	-9
536.692	1	4
536.862	1	4
537.032	1	9
537.203	1	-4
537.373	1	0
537.543	1	-4
537.713	1	1
537.883	1	-1
538.053	1	-3
538.223	1	-7
538.393	1	1
538.563	1	8
538.733	1	9
538.903	1	-7
539.073	1	-4
539.243	1	-1
539.413	1	4
539.584	1	3
539.754	1	5
539.924	1	10
540.094	1	-4
540.264	1	-8
540.434	1	-1
540.604	1	2
540.774	1	5
540.944	1	1
541.114	1	-10
541.284	1	11
541.454	1	4
541.624	1	1
541.794	1	-5
541.964	1	-2
542.134	1	8
542.305	1	9
542.475	1	9
542.645	1	2
542.815	1	0
542.985	1	-2
543.155	1	-9
543.325	1	-2
543.495	1	-4
543.665	1	17
543.835	1	10
544.005	1	8
544.175	1	-7
544.345	1	8
544.515	1	5
544.685	1	2
544.855	1	6
545.025	1	-2
545.195	1	-10
545.365	1	0
545.535	1	8
545.705	1	-1
545.875	1	-13
546.045	1	-10
546.216	1	5
546.386	1	5
546.556	1	-6
546.726	1	-12
546.896	1	-1
547.066	1	4
547.236	1	-1
547.406	1	5
547.576	1	5
547.746	1	-5
547.916	1	-1
548.086	1	7
548.256	1	-4
548.426	1	0
548.596	1	7
548.766	1	2
548.936	1	4
549.106	1	12
549.276	1	-9
549.446	1	7
549.616	1	-7
549.786	1	-4
549.956	1	5
550.126	1	11
550.296	1	3
550.466	1	-1
550.636	1	5
550.806	1	0
550.976	1	4
551.146	1	0
551.316	1	3
551.486	1	-5
551.656	1	9
551.826	1	1
551.996	1	8
552.166	1	0
552.336	1	0
552.506	1	13
552.676	1	11
552.846	1	0
553.016	1	11
553.186	1	7
553.356	1	4
553.526	1	-2
553.696	1	10
553.866	1	2
554.036	1	-5
554.206	1	8
554.376	1	7
554.546	1	3
554.716	1	-2
554.886	1	8
555.056	1	2
555.226	1	-4
555.396	1	-11
555.566	1	1
555.736	1	-2
555.906	1	9
556.076	1	7
556.246	1	-2
556.416	1	-7
556.586	1	4
556.756	1	-1
556.926	1	3
557.096	1	-6
557.266	1	-5
557.436	1	-3
557.606	1	12
557.776	1	6
557.946	1	4
558.116	1	-8
558.286	1	0
558.456	1	0
558.626	1	9
558.796	1	-6
558.966	1	3
559.136	1	6
559.306	1	-2
559.476	1	-11
559.646	1	2
559.816	1	-6
559.986	1	2
560.155	1	3
560.325	1	-2
560.495	1	4
560.665	1	2
560.835	1	-1
561.005	1	-6
561.175	1	2
561.345	1	1
561.515	1	6
561.685	1	4
561.855	1	-12
562.025	1	5
562.195	1	2
562.365	1	12
562.535	1	-2
562.705	1	-4
562.875	1	-1
563.045	1	-2
563.215	1	13
563.385	1	0
563.555	1	4
563.725	1	7
563.895	1	5
564.064	1	2
564.234	1	-4
564.404	1	12
564.574	1	2
564.744	1	3
564.914	1	-6
565.084	1	-6
565.254	1	10
565.424	1	5
565.594	1	9
565.764	1	-10
565.934	1	5
566.104	1	-1
566.274	1	-4
566.444	1	-4
566.614	1	-3
566.783	1	-4
566.953	1	5
567.123	1	7
567.293	1	12
567.463	1	-7
567.633	1	4
567.803	1	-3
567.973	1	-9
568.143	1	-6
568.313	1	8
568.483	1	-2
568.653	1	4
568.823	1	-2
568.993	1	8
569.162	1	-4
569.332	1	-5
569.502	1	0
569.672	1	4
569.842	1	8
570.012	1	-3
570.182	1	4
570.352	1	-4
570.522	1	-7
570.692	1	9
570.862	1	5
571.031	1	0
571.201	1	3
571.371	1	1
571.541	1	9
571.711	1	7
571.881	1	4
572.051	1	-2
572.221	1	-2
572.391	1	-5
572.561	1	0
572.731	1	8
572.900	1	-4
573.070	1	9
573.240	1	-6
573.410	1	9
573.580	1	0
573.750	1	-4
573.920	1	14
574.090	1	13
574.260	1	4
574.430	1	2
574.599	1	-5
574.769	1	-6
574.939	1	2
575.109	1	10
575.279	1	15
575.449	1	-2
575.619	1	18
575.789	1	-7
575.959	1	-6
576.128	1	-9
576.298	1	6
576.468	1	-6
576.638	1	-1
576.808	1	1
576.978	1	9
577.148	1	4
577.318	1	5
577.487	1	-9
577.657	1	2
577.827	1	-4
577.997	1	2
578.167	1	2
578.337	1	16
578.507	1	-5
578.677	1	7
578.846	1	8
579.016	1	10
579.186	1	4
579.356	1	-5
579.526	1	6
579.696	1	4
579.866	1	3
580.036	1	4
580.205	1	-1
580.375	1	7
580.545	1	-3
580.715	1	2
580.885	1	3
581.055	1	1
581.225	1	8
581.394	1	2
581.564	1	10
581.734	1	-8
581.904	1	8
582.074	1	-5
582.244	1	4
582.414	1	15
582.583	1	7
582.753	1	0
582.923	1	-2
583.093	1	-12
583.263	1	1
583.433	1	-8
583.603	1	10
583.772	1	8
583.942	1	6
584.112	1	1
584.282	1	-9
584.452	1	10
584.622	1	3
584.791	1	-6
584.961	1	-5
585.131	1	7
585.301	1	-6
585.471	1	17
585.641	1	-1
585.811	1	3
585.980	1	9
586.150	1	-1
586.320	1	-7
586.490	1	5
586.660	1	6
586.830	1	2
586.999	1	-5
587.169	1	10
587.339	1	3
587.509	1	-3
587.679	1	9
587.849	1	4
588.018	1	9
588.188	1	0
588.358	1	-7
588.528	1	-8
588.698	1	3
588.867	1	13
589.037	1	7
589.207	1	8
589.377	1	2
589.547	1	-4
589.717	1	9
589.886	1	-3
590.056	1	2
590.226	1	8
590.396	1	4
590.566	1	-3
590.735	1	4
590.905	1	2
591.075	1	-1
591.245	1	0
591.415	1	13
591.585	1	2
591.754	1	-1
591.924	1	-1
592.094	1	3
592.264	1	5
592.434	1	-8
592.603	1	4
592.773	1	-3
592.943	1	4
593.113	1	2
593.283	1	1
593.452	1	-1
593.622	1	2
593.792	1	8
593.962	1	-2
594.132	1	-4
594.301	1	0
594.471	1	5
594.641	1	-5
594.811	1	2
594.981	1	-6
595.150	1	-3
595.320	1	3
595.490	1	8
595.660	1	-3
595.829	1	-4
595.999	1	-3
596.169	1	3
596.339	1	10
596.509	1	-7
596.678	1	-7
596.848	1	1
597.018	1	-4
597.188	1	4
597.358	1	8
597.527	1	-7
597.697	1	-4
597.867	1	3
598.037	1	7
598.206	1	2
598.376	1	3
598.546	1	6
598.716	1	2
598.885	1	-5
599.055	1	3
599.225	1	-8
599.395	1	-6
599.565	1	-9
599.734	1	3
599.904	1	8
600.074	1	-2
600.244	1	-7
600.413	1	10
600.583	1	10
600.753	1	5
600.923	1	9
601.092	1	11
601.262	1	3
601.432	1	-6
601.602	1	16
601.771	1	2
601.941	1	-2
602.111	1	3
602.281	1	13
602.451	1	10
602.620	1	4
602.790	1	5
602.960	1	0
603.130	1	-1
603.299	1	1
603.469	1	-8
603.639	1	0
603.809	1	3
603.978	1	3
604.148	1	4
604.318	1	-11
604.487	1	-6
604.657	1	3
604.827	1	12
604.997	1	8
605.166	1	4
605.336	1	-1
605.506	1	9
605.676	1	-14
605.845	1	0
606.015	1	1
606.185	1	8
606.355	1	10
606.524	1	-4
606.694	1	1
606.864	1	2
607.034	1	-2
607.203	1	-12
607.373	1	4
607.543	1	-2
607.712	1	-11
607.882	1	2
608.052	1	-1
608.222	1	8
608.391	1	-3
608.561	1	5
608.731	1	-6
608.901	1	5
609.070	1	2
609.240	1	-2
609.410	1	0
609.579	1	12
609.749	1	0
609.919	1	17
610.089	1	1
610.258	1	9
610.428	1	-3
610.598	1	0
610.767	1	-1
610.937	1	3
611.107	1	-3
611.277	1	-9
611.446	1	9
611.616	1	-3
611.786	1	11
611.955	1	-5
612.125	1	10
612.295	1	-10
612.465	1	8
612.634	1	-6
612.804	1	7
612.974	1	-5
613.143	1	4
613.313	1	13
613.483	1	9
613.652	1	2
613.822	1	0
613.992	1	4
614.162	1	7
614.331	1	-1
614.501	1	-2
614.671	1	4
614.840	1	0
615.010	1	-5
615.180	1	1
615.349	1	9
615.519	1	-1
615.689	1	7
615.858	1	5
616.028	1	7
616.198	1	-3
616.368	1	-1
616.537	1	0
616.707	1	1
616.877	1	3
617.046	1	-4
617.216	1	-8
617.386	1	3
617.555	1	0
617.725	1	4
617.895	1	1
618.064	1	-7
618.234	1	-4
618.404	1	-8
618.573	1	-2
618.743	1	6
618.913	1	6
619.082	1	0
619.252	1	3
619.422	1	-1
619.591	1	1
619.761	1	-1
619.931	1	4
620.100	1	13
620.270	1	-10
620.440	1	-2
620.609	1	7
620.779	1	-5
620.949	1	2
621.118	1	-8
621.288	1	3
621.458	1	2
621.627	1	6
621.797	1	-2
621.967	1	-4
622.136	1	0
622.306	1	-3
622.476	1	2
622.645	1	3
622.815	1	8
622.985	1	0
623.154	1	2
623.324	1	0
623.494	1	12
623.663	1	-7
623.833	1	4
624.002	1	-7
624.172	1	-3
624.342	1	1
624.511	1	-4
624.681	1	10
624.851	1	-10
625.020	1	-5
625.190	1	1
625.360	1	3
625.529	1	0
625.699	1	-4
625.869	1	2
626.038	1	6
626.208	1	-4
626.377	1	6
626.547	1	1
626.717	1	-5
626.886	1	0
627.056	1	-12
627.226	1	6
627.395	1	0
627.565	1	2
627.735	1	7
627.904	1	-5
628.074	1	3
628.243	1	-1
628.413	1	3
628.583	1	-7
628.752	1	5
628.922	1	2
629.091	1	-5
629.261	1	9
629.431	1	5
629.600	1	4
629.770	1	-13
629.940	1	11
630.109	1	-5
630.279	1	-15
630.448	1	-1
630.618	1	-1
630.788	1	9
630.957	1	2
631.127	1	11
631.297	1	7
631.466	1	-4
631.636	1	-12
631.805	1	-4
631.975	1	12
632.145	1	5
632.314	1	6
632.484	1	-6
632.653	1	4
632.823	1	2
632.993	1	-8
633.162	1	2
633.332	1	-6
633.501	1	5
633.671	1	-8
633.841	1	-9
634.010	1	-1
634.180	1	4
634.349	1	8
634.519	1	-4
634.689	1	-8
634.858	1	-5
635.028	1	4
635.197	1	8
635.367	1	0
635.537	1	-5
635.706	1	0
635.876	1	-4
636.045	1	15
636.215	1	13
636.384	1	-3
636.554	1	1
636.724	1	-1
636.893	1	-7
637.063	1	7
637.232	1	-7
637.402	1	3
637.572	1	-6
637.741	1	-3
637.911	1	-6
638.080	1	-1
638.250	1	0
638.419	1	-6
638.589	1	0
638.759	1	-12
638.928	1	-12
639.098	1	8
639.267	1	3
639.437	1	3
639.606	1	5
639.776	1	-8
639.946	1	-2
640.115	1	-7
640.285	1	-1
640.454	1	1
640.624	1	5
640.793	1	7
640.963	1	1
641.132	1	0
641.302	1	5
641.472	1	5
641.641	1	-8
641.811	1	8
641.980	1	5
642.150	1	0
642.319	1	-3
642.489	1	16
642.659	1	5
642.828	1	-10
642.998	1	12
643.167	1	4
643.337	1	-4
643.506	1	-3
643.676	1	5
643.845	1	4
644.015	1	4
644.184	1	3
644.354	1	-3
644.524	1	-2
644.693	1	3
644.863	1	-8
645.032	1	2
645.202	1	2
645.371	1	-6
645.541	1	-13
645.710	1	-2
645.880	1	2
646.049	1	-9
646.219	1	0
646.388	1	-6
646.558	1	-8
646.728	1	-3
646.897	1	4
647.067	1	5
647.236	1	-2
647.406	1	-4
647.575	1	1
647.745	1	-6
647.914	1	-4
648.084	1	-1
648.253	1	3
648.423	1	2
648.592	1	2
648.762	1	10
648.931	1	-1
649.101	1	0
649.270	1	-2
649.440	1	0
649.610	1	-4
649.779	1	2
649.949	1	-3
650.118	1	3
650.288	1	7
650.457	1	9
650.627	1	1
650.796	1	-2
650.966	1	11
651.135	1	-11
651.305	1	-1
651.474	1	-5
651.644	1	15
651.813	1	4
651.983	1	5
652.152	1	6
652.322	1	3
652.491	1	7
652.661	1	3
652.830	1	3
653.000	1	-8
653.169	1	-3
653.339	1	4
653.508	1	8
653.678	1	0
653.847	1	9
654.017	1	2
654.186	1	-10
654.356	1	-2
654.525	1	3
654.695	1	9
654.864	1	-1
655.034	1	6
655.203	1	-5
655.373	1	2
655.542	1	-3
655.712	1	2
655.881	1	1
656.051	1	1
656.220	1	-2
656.390	1	-2
656.559	1	1
656.729	1	6
656.898	1	0
657.068	1	9
657.237	1	-10
657.406	1	-4
657.576	1	2
657.745	1	-4
657.915	1	-6
658.084	1	0
658.254	1	-7
658.423	1	12
658.593	1	3
658.762	1	1
658.932	1	-1
659.101	1	1
659.271	1	8
659.440	1	2
659.610	1	0
659.779	1	-5
659.949	1	-1
660.118	1	-2
660.288	1	7
660.457	1	-2
660.626	1	4
660.796	1	-8
660.965	1	15
661.135	1	-1
661.304	1	1
661.474	1	2
661.643	1	15
661.813	1	3
661.982	1	9
662.152	1	7
662.321	1	4
662.491	1	-8
662.660	1	3
662.829	1	3
662.999	1	0
663.168	1	10
663.338	1	1
663.507	1	5
663.677	1	9
663.846	1	-4
664.016	1	-2
664.185	1	-5
664.354	1	12
664.524	1	-1
664.693	1	9
664.863	1	-7
665.032	1	1
665.202	1	2
665.371	1	-1
665.541	1	-6
665.710	1	8
665.879	1	-8
666.049	1	-4
666.218	1	1
666.388	1	-5
666.557	1	-2
666.727	1	6
666.896	1	-6
667.065	1	10
667.235	1	2
667.404	1	0
667.574	1	2
667.743	1	-1
667.913	1	0
668.082	1	5
668.251	1	-3
668.421	1	-1
668.590	1	-8
668.760	1	-2
668.929	1	-6
669.099	1	-8
669.268	1	-3
669.437	1	4
669.607	1	-5
669.776	1	-10
669.946	1	2
670.115	1	-5
670.285	1	8
670.454	1	2
670.623	1	0
670.793	1	2
670.962	1	1
671.132	1	11
671.301	1	-2
671.470	1	4
671.640	1	3
671.809	1	4
671.979	1	-2
672.148	1	7
672.317	1	-3
672.487	1	3
672.656	1	1
672.826	1	-1
672.995	1	7
673.164	1	7
673.334	1	-2
673.503	1	6
673.673	1	-1
673.842	1	8
674.011	1	-6
674.181	1	9
674.350	1	9
674.520	1	-7
674.689	1	0
674.858	1	-6
675.028	1	-4
675.197	1	-8
675.367	1	16
675.536	1	-10
675.705	1	6
675.875	1	-2
676.044	1	-4
676.214	1	-3
676.383	1	4
676.552	1	5
676.722	1	-1
676.891	1	1
677.060	1	-5
677.230	1	0
677.399	1	-1
677.569	1	-1
677.738	1	2
677.907	1	3
678.077	1	5
678.246	1	7
678.416	1	0
678.585	1	2
678.754	1	-2
678.924	1	0
679.093	1	0
679.262	1	2
679.432	1	1
679.601	1	1
679.771	1	2
679.940	1	-3
680.109	1	7
680.279	1	-6
680.448	1	-10
680.617	1	-5
680.787	1	-2
680.956	1	2
681.125	1	3
681.295	1	-2
681.464	1	-3
681.634	1	12
681.803	1	-5
681.972	1	0
682.142	1	7
682.311	1	10
682.480	1	3
682.650	1	6
682.819	1	-3
682.988	1	6
683.158	1	5
683.327	1	-3
683.496	1	4
683.666	1	-8
683.835	1	1
684.004	1	11
684.174	1	7
684.343	1	10
684.512	1	0
684.682	1	-6
684.851	1	9
685.021	1	-5
685.190	1	3
685.359	1	5
685.529	1	3
685.698	1	5
685.867	1	1
686.037	1	-1
686.206	1	-2
686.375	1	5
686.545	1	-4
686.714	1	-9
686.883	1	2
687.053	1	0
687.222	1	-2
687.391	1	0
687.561	1	10
687.730	1	-1
687.899	1	-10
688.069	1	-5
688.238	1	8
688.407	1	-13
688.577	1	-2
688.746	1	1
