340.368	1	18
340.539	1	-15
340.710	1	3
340.881	1	-10
341.052	1	7
341.223	1	-2
341.394	1	11
341.565	1	-1
341.737	1	1
341.908	1	9
342.079	1	0
342.250	1	-6
342.421	1	1
342.592	1	5
342.763	1	9
342.934	1	6
343.105	1	6
343.276	1	6
343.447	1	-5
343.618	1	1
343.789	1	1
343.960	1	-6
344.131	1	-3
344.302	1	3
344.473	1	0
344.644	1	9
344.815	1	3
344.986	1	2
345.157	1	4
345.328	1	12
345.499	1	3
345.670	1	-3
345.841	1	10
346.012	1	5
346.183	1	-1
346.354	1	2
346.526	1	2
346.697	1	1
346.868	1	1
347.039	1	14
347.210	1	-2
347.381	1	3
347.552	1	-5
347.723	1	-7
347.894	1	-2
348.065	1	2
348.236	1	9
348.407	1	0
348.578	1	1
348.749	1	-7
348.920	1	-2
349.091	1	-9
349.262	1	-2
349.433	1	4
349.604	1	9
349.775	1	16
349.946	1	-3
350.117	1	4
350.288	1	9
350.459	1	-7
350.630	1	7
350.801	1	-7
350.972	1	0
351.143	1	1
351.314	1	8
351.485	1	-4
351.656	1	8
351.827	1	-1
351.998	1	6
352.169	1	-2
352.340	1	-1
352.511	1	-4
352.682	1	4
352.853	1	1
353.024	1	7
353.195	1	5
353.366	1	13
353.537	1	4
353.708	1	0
353.879	1	0
354.050	1	-12
354.221	1	-14
354.392	1	-4
354.563	1	6
354.734	1	1
354.905	1	2
355.076	1	4
355.247	1	18
355.418	1	-11
355.589	1	-1
355.760	1	-3
355.931	1	3
356.102	1	15
356.273	1	-12
356.444	1	9
356.615	1	-4
356.785	1	6
356.956	1	0
357.127	1	1
357.298	1	8
357.469	1	9
357.640	1	6
357.811	1	-6
357.982	1	2
358.153	1	5
358.324	1	1
358.495	1	-6
358.666	1	0
358.837	1	-9
359.008	1	-10
359.179	1	-1
359.350	1	0
359.521	1	9
359.692	1	1
359.863	1	-1
360.034	1	2
360.205	1	-2
360.376	1	1
360.547	1	11
360.718	1	10
360.889	1	0
361.060	1	2
361.231	1	0
361.401	1	-2
361.572	1	0
361.743	1	-4
361.914	1	2
362.085	1	4
362.256	1	6
362.427	1	6
362.598	1	-8
362.769	1	-12
362.940	1	0
363.111	1	0
363.282	1	7
363.453	1	-3
363.624	1	4
363.795	1	-6
363.966	1	3
364.137	1	6
364.308	1	-1
364.478	1	2
364.649	1	8
364.820	1	2
364.991	1	-3
365.162	1	9
365.333	1	-2
365.504	1	3
365.675	1	-5
365.846	1	3
366.017	1	-2
366.188	1	-3
366.359	1	-5
366.530	1	12
366.701	1	6
366.871	1	-3
367.042	1	-4
367.213	1	17
367.384	1	9
367.555	1	-6
367.726	1	1
367.897	1	0
368.068	1	7
368.239	1	4
368.410	1	13
368.581	1	-20
368.752	1	-8
368.923	1	-5
369.093	1	-3
369.264	1	-1
369.435	1	3
369.606	1	1
369.777	1	-8
369.948	1	4
370.119	1	-7
370.290	1	2
370.461	1	13
370.632	1	1
370.803	1	2
370.973	1	2
371.144	1	3
371.315	1	-8
371.486	1	2
371.657	1	9
371.828	1	8
371.999	1	-7
372.170	1	9
372.341	1	-5
372.512	1	-1
372.682	1	0
372.853	1	2
373.024	1	1
373.195	1	0
373.366	1	-2
373.537	1	11
373.708	1	-4
373.879	1	1
374.050	1	-2
374.220	1	14
374.391	1	-7
374.562	1	1
374.733	1	10
374.904	1	4
375.075	1	6
375.246	1	1
375.417	1	-8
375.588	1	2
375.758	1	6
375.929	1	7
376.100	1	10
376.271	1	16
376.442	1	-4
376.613	1	-3
376.784	1	3
376.955	1	-9
377.125	1	-2
377.296	1	-6
377.467	1	-5
377.638	1	1
377.809	1	2
377.980	1	3
378.151	1	5
378.321	1	-2
378.492	1	-9
378.663	1	0
378.834	1	0
379.005	1	10
379.176	1	0
379.347	1	-2
379.518	1	-4
379.688	1	6
379.859	1	-2
380.030	1	1
380.201	1	1
380.372	1	1
380.543	1	7
380.714	1	0
380.884	1	1
381.055	1	10
381.226	1	-2
381.397	1	1
381.568	1	3
381.739	1	6
381.910	1	3
382.080	1	0
382.251	1	-4
382.422	1	-1
382.593	1	3
382.764	1	-5
382.935	1	-1
383.105	1	-6
383.276	1	7
383.447	1	-10
383.618	1	6
383.789	1	5
383.960	1	1
384.130	1	1
384.301	1	0
384.472	1	3
384.643	1	10
384.814	1	-4
384.985	1	-3
385.156	1	1
385.326	1	9
385.497	1	2
385.668	1	12
385.839	1	5
386.010	1	1
386.180	1	3
386.351	1	-3
386.522	1	6
386.693	1	-9
386.864	1	2
387.035	1	-2
387.205	1	-1
387.376	1	-7
387.547	1	-8
387.718	1	2
387.889	1	-3
388.060	1	11
388.230	1	4
388.401	1	-3
388.572	1	-5
388.743	1	3
388.914	1	4
389.084	1	0
389.255	1	-1
389.426	1	1
389.597	1	4
389.768	1	-3
389.939	1	-2
390.109	1	0
390.280	1	1
390.451	1	-7
390.622	1	2
390.793	1	2
390.963	1	5
391.134	1	5
391.305	1	3
391.476	1	-12
391.647	1	2
391.817	1	3
391.988	1	0
392.159	1	-1
392.330	1	3
392.501	1	-8
392.671	1	1
392.842	1	-4
393.013	1	2
393.184	1	0
393.355	1	11
393.525	1	-8
393.696	1	-4
393.867	1	-1
394.038	1	5
394.208	1	4
394.379	1	1
394.550	1	5
394.721	1	-3
394.892	1	7
395.062	1	-3
395.233	1	-4
395.404	1	-10
395.575	1	5
395.746	1	3
395.916	1	4
396.087	1	-4
396.258	1	9
396.429	1	4
396.599	1	0
396.770	1	-3
396.941	1	5
397.112	1	7
397.283	1	0
397.453	1	6
397.624	1	6
397.795	1	4
397.966	1	0
398.136	1	-9
398.307	1	4
398.478	1	1
398.649	1	-10
398.819	1	2
398.990	1	3
399.161	1	6
399.332	1	1
399.503	1	-3
399.673	1	6
399.844	1	-1
400.015	1	0
400.186	1	5
400.356	1	-9
400.527	1	-2
400.698	1	8
400.869	1	2
401.039	1	6
401.210	1	0
401.381	1	1
401.552	1	-6
401.722	1	3
401.893	1	4
402.064	1	-1
402.235	1	-3
402.405	1	5
402.576	1	4
402.747	1	-6
402.918	1	4
403.088	1	11
403.259	1	8
403.430	1	-8
403.601	1	-4
403.771	1	1
403.942	1	6
404.113	1	-2
404.284	1	7
404.454	1	9
404.625	1	2
404.796	1	6
404.967	1	2
405.137	1	13
405.308	1	-1
405.479	1	2
405.649	1	2
405.820	1	-14
405.991	1	-7
406.162	1	8
406.332	1	2
406.503	1	8
406.674	1	2
406.845	1	17
407.015	1	0
407.186	1	-1
407.357	1	6
407.527	1	-9
407.698	1	8
407.869	1	-2
408.040	1	-4
408.210	1	2
408.381	1	5
408.552	1	-4
408.722	1	-9
408.893	1	-1
409.064	1	5
409.235	1	-2
409.405	1	5
409.576	1	-3
409.747	1	-4
409.917	1	9
410.088	1	3
410.259	1	3
410.430	1	7
410.600	1	-5
410.771	1	7
410.942	1	4
411.112	1	0
411.283	1	10
411.454	1	0
411.625	1	0
411.795	1	-4
411.966	1	6
412.137	1	7
412.307	1	3
412.478	1	9
412.649	1	4
412.819	1	-11
412.990	1	-1
413.161	1	-6
413.332	1	4
413.502	1	0
413.673	1	11
413.844	1	6
414.014	1	1
414.185	1	5
414.356	1	5
414.526	1	5
414.697	1	0
414.868	1	-7
415.038	1	10
415.209	1	2
415.380	1	0
415.550	1	-9
415.721	1	5
415.892	1	-3
416.063	1	-4
416.233	1	6
416.404	1	-2
416.575	1	11
416.745	1	-2
416.916	1	0
417.087	1	6
417.257	1	-5
417.428	1	2
417.599	1	2
417.769	1	11
417.940	1	4
418.111	1	2
418.281	1	-3
418.452	1	-4
418.623	1	-2
418.793	1	13
418.964	1	-8
419.135	1	-3
419.305	1	1
419.476	1	7
419.647	1	-2
419.817	1	6
419.988	1	-5
420.159	1	7
420.329	1	-8
420.500	1	0
420.671	1	12
420.841	1	10
421.012	1	4
421.183	1	3
421.353	1	-8
421.524	1	-7
421.695	1	-1
421.865	1	1
422.036	1	-1
422.206	1	-1
422.377	1	5
422.548	1	-9
422.718	1	1
422.889	1	-8
423.060	1	-2
423.230	1	-4
423.401	1	3
423.572	1	-1
423.742	1	1
423.913	1	-3
424.084	1	3
424.254	1	5
424.425	1	9
424.595	1	-1
424.766	1	7
424.937	1	-2
425.107	1	0
425.278	1	11
425.449	1	10
425.619	1	-1
425.790	1	-10
425.961	1	2
426.131	1	-3
426.302	1	6
426.472	1	0
426.643	1	7
426.814	1	1
426.984	1	0
427.155	1	1
427.326	1	5
427.496	1	6
427.667	1	0
427.837	1	-2
428.008	1	-4
428.179	1	4
428.349	1	-16
428.520	1	10
428.691	1	4
428.861	1	10
429.032	1	-6
429.202	1	0
429.373	1	8
429.544	1	-8
429.714	1	4
429.885	1	4
430.055	1	2
430.226	1	-5
430.397	1	-3
430.567	1	3
430.738	1	2
430.909	1	-2
431.079	1	-2
431.250	1	-1
431.420	1	-6
431.591	1	4
431.762	1	8
431.932	1	-12
432.103	1	-1
432.273	1	-7
432.444	1	7
432.615	1	-7
432.785	1	-1
432.956	1	2
433.126	1	-5
433.297	1	12
433.468	1	-5
433.638	1	-3
433.809	1	-2
433.979	1	1
434.150	1	6
434.320	1	2
434.491	1	-5
434.662	1	5
434.832	1	3
435.003	1	15
435.173	1	1
435.344	1	-1
435.515	1	5
435.685	1	-4
435.856	1	8
436.026	1	11
436.197	1	0
436.368	1	-5
436.538	1	-3
436.709	1	-3
436.879	1	1
437.050	1	1
437.220	1	2
437.391	1	6
437.562	1	4
437.732	1	-3
437.903	1	0
438.073	1	4
438.244	1	6
438.414	1	-8
438.585	1	-11
438.756	1	-7
438.926	1	-1
439.097	1	-1
439.267	1	6
439.438	1	-2
439.608	1	-4
439.779	1	1
439.949	1	3
440.120	1	3
440.291	1	1
440.461	1	6
440.632	1	-3
440.802	1	-4
440.973	1	3
441.143	1	7
441.314	1	-7
441.485	1	12
441.655	1	-3
441.826	1	1
441.996	1	6
442.167	1	-4
442.337	1	-2
442.508	1	-3
442.678	1	-6
442.849	1	11
443.019	1	21
443.190	1	-1
443.361	1	2
443.531	1	16
443.702	1	-5
443.872	1	8
444.043	1	1
444.213	1	-4
444.384	1	-11
444.554	1	15
444.725	1	3
444.895	1	-1
445.066	1	-10
445.237	1	0
445.407	1	11
445.578	1	-2
445.748	1	-1
445.919	1	-3
446.089	1	3
446.260	1	-5
446.430	1	0
446.601	1	-1
446.771	1	12
446.942	1	2
447.112	1	-7
447.283	1	1
447.453	1	-10
447.624	1	-4
447.794	1	7
447.965	1	-3
448.135	1	4
448.306	1	-3
448.477	1	0
448.647	1	-15
448.818	1	6
448.988	1	-5
449.159	1	4
449.329	1	0
449.500	1	0
449.670	1	6
449.841	1	8
450.011	1	10
450.182	1	-1
450.352	1	-7
450.523	1	-4
450.693	1	3
450.864	1	5
451.034	1	-2
451.205	1	13
451.375	1	-1
451.546	1	2
451.716	1	6
451.887	1	-12
452.057	1	5
452.228	1	1
452.398	1	1
452.569	1	0
452.739	1	7
452.910	1	0
453.080	1	3
453.251	1	0
453.421	1	-9
453.592	1	10
453.762	1	1
453.933	1	0
454.103	1	2
454.274	1	-5
454.444	1	-7
454.615	1	6
454.785	1	3
454.956	1	8
455.126	1	-3
455.297	1	9
455.467	1	7
455.638	1	5
455.808	1	0
455.979	1	0
456.149	1	11
456.320	1	1
456.490	1	6
456.661	1	12
456.831	1	11
457.001	1	0
457.172	1	-5
457.342	1	0
457.513	1	-1
457.683	1	-2
457.854	1	0
458.024	1	4
458.195	1	5
458.365	1	2
458.536	1	3
458.706	1	6
458.877	1	10
459.047	1	3
459.218	1	-2
459.388	1	9
459.559	1	10
459.729	1	8
459.899	1	-1
460.070	1	0
460.240	1	2
460.411	1	-6
460.581	1	15
460.752	1	-1
460.922	1	7
461.093	1	-1
461.263	1	-8
461.434	1	0
461.604	1	0
461.775	1	6
461.945	1	-3
462.115	1	9
462.286	1	-3
462.456	1	4
462.627	1	10
462.797	1	-3
462.968	1	6
463.138	1	-16
463.309	1	-12
463.479	1	1
463.649	1	3
463.820	1	-2
463.990	1	-2
464.161	1	0
464.331	1	-5
464.502	1	5
464.672	1	-1
464.843	1	2
465.013	1	-6
465.183	1	-4
465.354	1	4
465.524	1	1
465.695	1	-1
465.865	1	12
466.036	1	-6
466.206	1	16
466.376	1	-2
466.547	1	-4
466.717	1	2
466.888	1	6
467.058	1	-4
467.229	1	-4
467.399	1	10
467.569	1	6
467.740	1	0
467.910	1	-3
468.081	1	0
468.251	1	-2
468.422	1	-3
468.592	1	9
468.762	1	-13
468.933	1	6
469.103	1	-3
469.274	1	2
469.444	1	4
469.614	1	1
469.785	1	-13
469.955	1	-4
470.126	1	-8
470.296	1	-2
470.467	1	1
470.637	1	4
470.807	1	1
470.978	1	-4
471.148	1	8
471.319	1	2
471.489	1	2
471.659	1	-12
471.830	1	3
472.000	1	-2
472.171	1	11
472.341	1	-2
472.511	1	7
472.682	1	1
472.852	1	-1
473.023	1	10
473.193	1	4
473.363	1	8
473.534	1	15
473.704	1	3
473.875	1	12
474.045	1	-2
474.215	1	8
474.386	1	17
474.556	1	-4
474.727	1	-3
474.897	1	1
475.067	1	11
475.238	1	3
475.408	1	6
475.578	1	-4
475.749	1	-5
475.919	1	-2
476.090	1	3
476.260	1	-1
476.430	1	6
476.601	1	-5
476.771	1	-4
476.942	1	13
477.112	1	3
477.282	1	-2
477.453	1	3
477.623	1	-11
477.793	1	2
477.964	1	-9
478.134	1	-11
478.305	1	-2
478.475	1	-1
478.645	1	7
478.816	1	0
478.986	1	-5
479.156	1	11
479.327	1	-7
479.497	1	2
479.667	1	-3
479.838	1	-1
480.008	1	-1
480.179	1	9
480.349	1	5
480.519	1	3
480.690	1	-4
480.860	1	10
481.030	1	-6
481.201	1	-5
481.371	1	4
481.541	1	-3
481.712	1	7
481.882	1	7
482.053	1	10
482.223	1	-8
482.393	1	4
482.564	1	-2
482.734	1	-3
482.904	1	-5
483.075	1	-9
483.245	1	5
483.415	1	8
483.586	1	2
483.756	1	11
483.926	1	2
484.097	1	4
484.267	1	-6
484.437	1	-10
484.608	1	1
484.778	1	2
484.948	1	-6
485.119	1	2
485.289	1	-1
485.459	1	14
485.630	1	-5
485.800	1	-6
485.970	1	-1
486.141	1	-5
486.311	1	5
486.481	1	-3
486.652	1	1
486.822	1	-1
486.992	1	8
487.163	1	7
487.333	1	2
487.503	1	1
487.674	1	7
487.844	1	2
488.014	1	6
488.185	1	7
488.355	1	-2
488.525	1	11
488.696	1	-12
488.866	1	-5
489.036	1	10
489.207	1	1
489.377	1	-3
489.547	1	0
489.718	1	0
489.888	1	1
490.058	1	-2
490.228	1	13
490.399	1	-3
490.569	1	6
490.739	1	-5
490.910	1	2
491.080	1	8
491.250	1	-4
491.421	1	-3
491.591	1	2
491.761	1	10
491.932	1	5
492.102	1	-1
492.272	1	-1
492.442	1	-1
492.613	1	3
492.783	1	2
492.953	1	-9
493.124	1	-4
493.294	1	2
493.464	1	12
493.635	1	2
493.805	1	2
493.975	1	-8
494.145	1	-1
494.316	1	2
494.486	1	1
494.656	1	3
494.827	1	15
494.997	1	-5
495.167	1	2
495.337	1	11
495.508	1	3
495.678	1	0
495.848	1	2
496.019	1	3
496.189	1	2
496.359	1	-1
496.529	1	-4
496.700	1	13
496.870	1	4
497.040	1	7
497.211	1	3
497.381	1	-2
497.551	1	5
497.721	1	5
497.892	1	1
498.062	1	3
498.232	1	1
498.403	1	0
498.573	1	-2
498.743	1	0
498.913	1	2
499.084	1	0
499.254	1	0
499.424	1	-1
499.594	1	3
499.765	1	-1
499.935	1	5
500.105	1	-2
500.275	1	3
500.446	1	-9
500.616	1	-3
500.786	1	-9
500.956	1	5
501.127	1	-9
501.297	1	-10
501.467	1	-8
501.638	1	-8
501.808	1	8
501.978	1	3
502.148	1	2
502.319	1	-7
502.489	1	9
502.659	1	-3
502.829	1	-5
503.000	1	-6
503.170	1	10
503.340	1	4
503.510	1	10
503.681	1	1
503.851	1	0
504.021	1	0
504.191	1	4
504.362	1	-13
504.532	1	3
504.702	1	4
504.872	1	-1
505.042	1	-3
505.213	1	5
505.383	1	-2
505.553	1	-9
505.723	1	-4
505.894	1	-4
506.064	1	7
506.234	1	12
506.404	1	2
506.575	1	5
506.745	1	5
506.915	1	5
507.085	1	-6
507.256	1	9
507.426	1	5
507.596	1	4
507.766	1	-1
507.936	1	3
508.107	1	8
508.277	1	3
508.447	1	8
508.617	1	-4
508.788	1	8
508.958	1	-4
509.128	1	4
509.298	1	3
509.468	1	-1
509.639	1	-1
509.809	1	8
509.979	1	3
510.149	1	7
510.319	1	5
510.490	1	3
510.660	1	4
510.830	1	1
511.000	1	1
511.171	1	-3
511.341	1	-2
511.511	1	2
511.681	1	1
511.851	1	3
512.022	1	-4
512.192	1	-3
512.362	1	0
512.532	1	-2
512.702	1	-2
512.873	1	8
513.043	1	11
513.213	1	-4
513.383	1	-3
513.553	1	-15
513.724	1	-2
513.894	1	-10
514.064	1	17
514.234	1	-3
514.404	1	0
514.575	1	5
514.745	1	2
514.915	1	5
515.085	1	4
515.255	1	4
515.425	1	-5
515.596	1	2
515.766	1	-6
515.936	1	4
516.106	1	14
516.276	1	-7
516.447	1	11
516.617	1	13
516.787	1	3
516.957	1	7
517.127	1	-6
517.297	1	0
517.468	1	6
517.638	1	4
517.808	1	-2
517.978	1	9
518.148	1	0
518.319	1	5
518.489	1	-6
518.659	1	-5
518.829	1	-5
518.999	1	1
519.169	1	-8
519.340	1	9
519.510	1	3
519.680	1	6
519.850	1	2
520.020	1	12
520.190	1	-7
520.361	1	13
520.531	1	-1
520.701	1	1
520.871	1	6
521.041	1	11
521.211	1	-8
521.382	1	-13
521.552	1	5
521.722	1	-4
521.892	1	3
522.062	1	8
522.232	1	5
522.402	1	7
522.573	1	-1
522.743	1	0
522.913	1	7
523.083	1	-4
523.253	1	-2
523.423	1	4
523.593	1	-5
523.764	1	1
523.934	1	4
524.104	1	10
524.274	1	2
524.444	1	-2
524.614	1	0
524.784	1	-2
524.955	1	-6
525.125	1	9
525.295	1	2
525.465	1	10
525.635	1	3
525.805	1	-10
525.975	1	0
526.146	1	7
526.316	1	6
526.486	1	0
526.656	1	-9
526.826	1	7
526.996	1	7
527.166	1	-2
527.337	1	4
527.507	1	3
527.677	1	1
527.847	1	-2
528.017	1	-8
528.187	1	2
528.357	1	-2
528.527	1	5
528.698	1	2
528.868	1	-4
529.038	1	3
529.208	1	4
529.378	1	4
529.548	1	-3
529.718	1	9
529.888	1	2
530.058	1	-1
530.229	1	8
530.399	1	10
530.569	1	-11
530.739	1	-4
530.909	1	-3
531.079	1	16
531.249	1	-1
531.419	1	-5
531.589	1	2
531.760	1	0
531.930	1	3
532.100	1	5
532.270	1	-1
532.440	1	-2
532.610	1	-8
532.780	1	1
532.950	1	7
533.120	1	2
533.290	1	-2
533.461	1	0
533.631	1	6
533.801	1	15
533.971	1	0
534.141	1	-8
534.311	1	17
534.481	1	-4
534.651	1	-3
534.821	1	9
534.991	1	5
535.162	1	-3
535.332	1	7
535.502	1	-6
535.672	1	7
535.842	1	11
536.012	1	-2
536.182	1	2
536.352	1	9
536.522	1	-9
536.692	1	-2
536.862	1	1
537.032	1	12
537.203	1	1
537.373	1	3
537.543	1	-5
537.713	1	10
537.883	1	2
538.053	1	-3
538.223	1	1
538.393	1	6
538.563	1	0
538.733	1	-6
538.903	1	-7
539.073	1	2
539.243	1	1
539.413	1	-4
539.584	1	0
539.754	1	2
539.924	1	11
540.094	1	-13
540.264	1	-8
540.434	1	1
540.604	1	1
540.774	1	17
540.944	1	3
541.114	1	-8
541.284	1	2
541.454	1	-2
541.624	1	-2
541.794	1	0
541.964	1	5
542.134	1	11
542.305	1	3
542.475	1	8
542.645	1	5
542.815	1	-1
542.985	1	5
543.155	1	1
543.325	1	-4
543.495	1	4
543.665	1	8
543.835	1	9
544.005	1	1
544.175	1	-9
544.345	1	7
544.515	1	1
544.685	1	13
544.855	1	3
545.025	1	5
545.195	1	-7
545.365	1	-4
545.535	1	3
545.705	1	-5
545.875	1	-10
546.045	1	-6
546.216	1	5
546.386	1	2
546.556	1	2
546.726	1	-8
546.896	1	-5
547.066	1	4
547.236	1	2
547.406	1	-3
547.576	1	-1
547.746	1	-13
547.916	1	-4
548.086	1	3
548.256	1	-7
548.426	1	-3
548.596	1	-3
548.766	1	7
548.936	1	2
549.106	1	3
549.276	1	-6
549.446	1	-2
549.616	1	-1
549.786	1	-8
549.956	1	7
550.126	1	17
550.296	1	0
550.466	1	4
550.636	1	16
550.806	1	-6
550.976	1	2
551.146	1	-2
551.316	1	4
551.486	1	-1
551.656	1	3
551.826	1	-1
551.996	1	12
552.166	1	3
552.336	1	1
552.506	1	6
552.676	1	15
552.846	1	10
553.016	1	5
553.186	1	3
553.356	1	6
553.526	1	0
553.696	1	14
553.866	1	2
554.036	1	0
554.206	1	4
554.376	1	4
554.546	1	2
554.716	1	3
554.886	1	-2
555.056	1	-1
555.226	1	-15
555.396	1	4
555.566	1	8
555.736	1	-4
555.906	1	2
556.076	1	-4
556.246	1	-1
556.416	1	-4
556.586	1	-3
556.756	1	3
556.926	1	-4
557.096	1	-1
557.266	1	-6
557.436	1	4
557.606	1	-4
557.776	1	-2
557.946	1	8
558.116	1	6
558.286	1	1
558.456	1	1
558.626	1	-3
558.796	1	0
558.966	1	1
559.136	1	10
559.306	1	-9
559.476	1	-5
559.646	1	0
559.816	1	-5
559.986	1	-5
560.155	1	6
560.325	1	-3
560.495	1	0
560.665	1	0
560.835	1	-2
561.005	1	5
561.175	1	8
561.345	1	-1
561.515	1	-4
561.685	1	-7
561.855	1	-6
562.025	1	0
562.195	1	9
562.365	1	6
562.535	1	-3
562.705	1	-7
562.875	1	1
563.045	1	4
563.215	1	8
563.385	1	-11
563.555	1	-6
563.725	1	-3
563.895	1	7
564.064	1	-3
564.234	1	-4
564.404	1	5
564.574	1	-2
564.744	1	2
564.914	1	4
565.084	1	0
565.254	1	3
565.424	1	5
565.594	1	2
565.764	1	-1
565.934	1	5
566.104	1	-1
566.274	1	-4
566.444	1	-9
566.614	1	-4
566.783	1	-6
566.953	1	5
567.123	1	8
567.293	1	13
567.463	1	8
567.633	1	0
567.803	1	-2
567.973	1	-7
568.143	1	-1
568.313	1	13
568.483	1	3
568.653	1	-2
568.823	1	0
568.993	1	5
569.162	1	6
569.332	1	-9
569.502	1	-3
569.672	1	7
569.842	1	6
570.012	1	1
570.182	1	7
570.352	1	0
570.522	1	-9
570.692	1	11
570.862	1	4
571.031	1	-2
571.201	1	8
571.371	1	8
571.541	1	6
571.711	1	6
571.881	1	8
572.051	1	3
572.221	1	-1
572.391	1	-3
572.561	1	-1
572.731	1	11
572.900	1	-7
573.070	1	4
573.240	1	4
573.410	1	15
573.580	1	0
573.750	1	-4
573.920	1	10
574.090	1	2
574.260	1	0
574.430	1	9
574.599	1	-1
574.769	1	10
574.939	1	6
575.109	1	10
575.279	1	8
575.449	1	-2
575.619	1	15
575.789	1	-3
575.959	1	-2
576.128	1	-12
576.298	1	14
576.468	1	-5
576.638	1	-12
576.808	1	-9
576.978	1	15
577.148	1	7
577.318	1	3
577.487	1	-6
577.657	1	-3
577.827	1	-4
577.997	1	-11
578.167	1	-2
578.337	1	16
578.507	1	8
578.677	1	6
578.846	1	8
579.016	1	6
579.186	1	2
579.356	1	1
579.526	1	1
579.696	1	9
579.866	1	2
580.036	1	5
580.205	1	-2
580.375	1	-2
580.545	1	2
580.715	1	0
580.885	1	-3
581.055	1	-4
581.225	1	10
581.394	1	5
581.564	1	3
581.734	1	-13
581.904	1	14
582.074	1	-2
582.244	1	-5
582.414	1	5
582.583	1	8
582.753	1	-5
582.923	1	-1
583.093	1	1
583.263	1	2
583.433	1	4
583.603	1	6
583.772	1	6
583.942	1	4
584.112	1	-6
584.282	1	-7
584.452	1	7
584.622	1	-3
584.791	1	-2
584.961	1	3
585.131	1	5
585.301	1	-9
585.471	1	6
585.641	1	-7
585.811	1	8
585.980	1	4
586.150	1	2
586.320	1	1
586.490	1	11
586.660	1	6
586.830	1	-5
586.999	1	-1
587.169	1	6
587.339	1	8
587.509	1	-7
587.679	1	2
587.849	1	-1
588.018	1	5
588.188	1	8
588.358	1	1
588.528	1	1
588.698	1	1
588.867	1	0
589.037	1	13
589.207	1	-1
589.377	1	0
589.547	1	3
589.717	1	1
589.886	1	-6
590.056	1	-7
590.226	1	9
590.396	1	4
590.566	1	-4
590.735	1	-2
590.905	1	-1
591.075	1	8
591.245	1	-10
591.415	1	0
591.585	1	7
591.754	1	4
591.924	1	3
592.094	1	-13
592.264	1	7
592.434	1	-3
592.603	1	-2
592.773	1	-1
592.943	1	5
593.113	1	1
593.283	1	4
593.452	1	7
593.622	1	-1
593.792	1	5
593.962	1	1
594.132	1	-2
594.301	1	7
594.471	1	16
594.641	1	-5
594.811	1	5
594.981	1	0
595.150	1	-10
595.320	1	5
595.490	1	4
595.660	1	2
595.829	1	-4
595.999	1	-2
596.169	1	9
596.339	1	16
596.509	1	6
596.678	1	2
596.848	1	1
597.018	1	-5
597.188	1	-3
597.358	1	-6
597.527	1	-9
597.697	1	-5
597.867	1	2
598.037	1	1
598.206	1	6
598.376	1	4
598.546	1	-2
598.716	1	-1
598.885	1	-11
599.055	1	4
599.225	1	-6
599.395	1	1
599.565	1	-8
599.734	1	6
599.904	1	2
600.074	1	0
600.244	1	-3
600.413	1	6
600.583	1	17
600.753	1	-7
600.923	1	11
601.092	1	11
601.262	1	-2
601.432	1	0
601.602	1	12
601.771	1	0
601.941	1	-5
602.111	1	7
602.281	1	12
602.451	1	13
602.620	1	0
602.790	1	4
602.960	1	7
603.130	1	4
603.299	1	3
603.469	1	-4
603.639	1	-8
603.809	1	9
603.978	1	3
604.148	1	7
604.318	1	5
604.487	1	-4
604.657	1	-4
604.827	1	6
604.997	1	-3
605.166	1	7
605.336	1	3
605.506	1	0
605.676	1	-9
605.845	1	7
606.015	1	0
606.185	1	9
606.355	1	-3
606.524	1	6
606.694	1	-6
606.864	1	-4
607.034	1	1
607.203	1	2
607.373	1	-3
607.543	1	-1
607.712	1	-3
607.882	1	6
608.052	1	-10
608.222	1	9
608.391	1	-2
608.561	1	2
608.731	1	0
608.901	1	8
609.070	1	2
609.240	1	0
609.410	1	0
609.579	1	4
609.749	1	-1
609.919	1	5
610.089	1	1
610.258	1	8
610.428	1	2
610.598	1	1
610.767	1	4
610.937	1	-1
611.107	1	1
611.277	1	-4
611.446	1	12
611.616	1	1
611.786	1	13
611.955	1	7
612.125	1	-7
612.295	1	-5
612.465	1	5
612.634	1	-2
612.804	1	8
612.974	1	-5
613.143	1	1
613.313	1	6
613.483	1	1
613.652	1	15
613.822	1	-11
613.992	1	-4
614.162	1	18
614.331	1	4
614.501	1	-4
614.671	1	9
614.840	1	-6
615.010	1	-8
615.180	1	-11
615.349	1	8
615.519	1	-11
615.689	1	14
615.858	1	0
616.028	1	-4
616.198	1	9
616.368	1	2
616.537	1	-2
616.707	1	1
616.877	1	-3
617.046	1	3
617.216	1	-2
617.386	1	8
617.555	1	2
617.725	1	1
617.895	1	1
618.064	1	0
618.234	1	-11
618.404	1	-10
618.573	1	-5
618.743	1	5
618.913	1	-3
619.082	1	-1
619.252	1	-6
619.422	1	1
619.591	1	-8
619.761	1	8
619.931	1	6
620.100	1	6
620.270	1	-11
620.440	1	6
620.609	1	-1
620.779	1	-4
620.949	1	7
621.118	1	1
621.288	1	10
621.458	1	3
621.627	1	4
621.797	1	13
621.967	1	2
622.136	1	8
622.306	1	3
622.476	1	4
622.645	1	8
622.815	1	0
622.985	1	3
623.154	1	4
623.324	1	3
623.494	1	7
623.663	1	-5
623.833	1	3
624.002	1	-5
624.172	1	3
624.342	1	4
624.511	1	-5
624.681	1	5
624.851	1	-6
625.020	1	-2
625.190	1	6
625.360	1	11
625.529	1	8
625.699	1	-9
625.869	1	3
626.038	1	5
626.208	1	5
626.377	1	3
626.547	1	-9
626.717	1	-2
626.886	1	6
627.056	1	-19
627.226	1	8
627.395	1	6
627.565	1	7
627.735	1	6
627.904	1	8
628.074	1	-2
628.243	1	-2
628.413	1	0
628.583	1	-7
628.752	1	2
628.922	1	1
629.091	1	-7
629.261	1	7
629.431	1	3
629.600	1	9
629.770	1	-14
629.940	1	0
630.109	1	-11
630.279	1	0
630.448	1	6
630.618	1	-4
630.788	1	8
630.957	1	-5
631.127	1	6
631.297	1	-4
631.466	1	8
631.636	1	-12
631.805	1	-1
631.975	1	3
632.145	1	2
632.314	1	2
632.484	1	5
632.653	1	-2
632.823	1	2
632.993	1	-7
633.162	1	3
633.332	1	0
633.501	1	-6
633.671	1	-5
633.841	1	-3
634.010	1	-7
634.180	1	6
634.349	1	9
634.519	1	5
634.689	1	3
634.858	1	-3
635.028	1	4
635.197	1	15
635.367	1	6
635.537	1	-7
635.706	1	-9
635.876	1	-9
636.045	1	14
636.215	1	1
636.384	1	-5
636.554	1	11
636.724	1	5
636.893	1	-5
637.063	1	-5
637.232	1	-2
637.402	1	0
637.572	1	1
637.741	1	8
637.911	1	0
638.080	1	-3
638.250	1	7
638.419	1	-4
638.589	1	6
638.759	1	-3
638.928	1	0
639.098	1	5
639.267	1	0
639.437	1	6
639.606	1	2
639.776	1	0
639.946	1	5
640.115	1	-5
640.285	1	5
640.454	1	-6
640.624	1	7
640.793	1	16
640.963	1	4
641.132	1	-5
641.302	1	3
641.472	1	6
641.641	1	-13
641.811	1	1
641.980	1	4
642.150	1	-6
642.319	1	3
642.489	1	9
642.659	1	5
642.828	1	-2
642.998	1	1
643.167	1	-3
643.337	1	-3
643.506	1	-6
643.676	1	9
643.845	1	2
644.015	1	0
644.184	1	8
644.354	1	6
644.524	1	3
644.693	1	6
644.863	1	-2
645.032	1	3
645.202	1	-4
645.371	1	-3
645.541	1	3
645.710	1	7
645.880	1	3
646.049	1	-10
646.219	1	2
646.388	1	1
646.558	1	-3
646.728	1	3
646.897	1	-3
647.067	1	4
647.236	1	-7
647.406	1	-1
647.575	1	3
647.745	1	4
647.914	1	1
648.084	1	-2
648.253	1	4
648.423	1	-6
648.592	1	-4
648.762	1	9
648.931	1	10
649.101	1	-4
649.270	1	-4
649.440	1	-6
649.610	1	-1
649.779	1	3
649.949	1	-3
650.118	1	13
650.288	1	4
650.457	1	9
650.627	1	1
650.796	1	5
650.966	1	3
651.135	1	-5
651.305	1	-4
651.474	1	-2
651.644	1	12
651.813	1	1
651.983	1	8
652.152	1	1
652.322	1	1
652.491	1	3
652.661	1	-3
652.830	1	1
653.000	1	-4
653.169	1	10
653.339	1	14
653.508	1	5
653.678	1	11
653.847	1	12
654.017	1	-2
654.186	1	-6
654.356	1	-5
654.525	1	4
654.695	1	-1
654.864	1	6
655.034	1	5
655.203	1	-5
655.373	1	-7
655.542	1	10
655.712	1	2
655.881	1	-3
656.051	1	2
656.220	1	-7
656.390	1	-3
656.559	1	1
656.729	1	13
656.898	1	-2
657.068	1	7
657.237	1	-6
657.406	1	11
657.576	1	-1
657.745	1	-2
657.915	1	-3
658.084	1	7
658.254	1	-1
658.423	1	10
658.593	1	2
658.762	1	-8
658.932	1	0
659.101	1	10
659.271	1	1
659.440	1	3
659.610	1	-6
659.779	1	3
659.949	1	-3
660.118	1	4
660.288	1	13
660.457	1	2
660.626	1	15
660.796	1	-19
660.965	1	3
661.135	1	-7
661.304	1	-5
661.474	1	4
661.643	1	8
661.813	1	8
661.982	1	-3
662.152	1	7
662.321	1	8
662.491	1	-7
662.660	1	4
662.829	1	-11
662.999	1	-4
663.168	1	6
663.338	1	4
663.507	1	11
663.677	1	8
663.846	1	-2
664.016	1	-3
664.185	1	5
664.354	1	8
664.524	1	7
664.693	1	4
664.863	1	3
665.032	1	0
665.202	1	5
665.371	1	5
665.541	1	-1
665.710	1	10
665.879	1	-14
666.049	1	0
666.218	1	-11
666.388	1	12
666.557	1	2
666.727	1	-5
666.896	1	-5
667.065	1	14
667.235	1	8
667.404	1	2
667.574	1	5
667.743	1	2
667.913	1	8
668.082	1	0
668.251	1	1
668.421	1	-8
668.590	1	0
668.760	1	2
668.929	1	-5
669.099	1	-1
669.268	1	2
669.437	1	6
669.607	1	10
669.776	1	-10
669.946	1	-5
670.115	1	8
670.285	1	14
670.454	1	1
670.623	1	-2
670.793	1	7
670.962	1	1
671.132	1	7
671.301	1	3
671.470	1	1
671.640	1	-2
671.809	1	-1
671.979	1	1
672.148	1	3
672.317	1	7
672.487	1	6
672.656	1	11
672.826	1	4
672.995	1	3
673.164	1	4
673.334	1	-1
673.503	1	1
673.673	1	2
673.842	1	0
674.011	1	2
674.181	1	14
674.350	1	7
674.520	1	1
674.689	1	1
674.858	1	-5
675.028	1	2
675.197	1	-2
675.367	1	9
675.536	1	2
675.705	1	-2
675.875	1	-4
676.044	1	0
676.214	1	-5
676.383	1	8
676.552	1	-1
676.722	1	0
676.891	1	8
677.060	1	5
677.230	1	-4
677.399	1	-5
677.569	1	-7
677.738	1	11
677.907	1	-1
678.077	1	7
678.246	1	-1
678.416	1	2
678.585	1	10
678.754	1	2
678.924	1	0
679.093	1	9
679.262	1	4
679.432	1	2
679.601	1	-8
679.771	1	-3
679.940	1	1
680.109	1	12
680.279	1	-2
680.448	1	-2
680.617	1	-2
680.787	1	2
680.956	1	15
681.125	1	1
681.295	1	10
681.464	1	-2
681.634	1	5
681.803	1	-3
681.972	1	-5
682.142	1	3
682.311	1	5
682.480	1	11
682.650	1	5
682.819	1	8
682.988	1	5
683.158	1	2
683.327	1	-1
683.496	1	10
683.666	1	-5
683.835	1	-7
684.004	1	7
684.174	1	-3
684.343	1	5
684.512	1	7
684.682	1	-3
684.851	1	11
685.021	1	0
685.190	1	1
685.359	1	9
685.529	1	-5
685.698	1	10
685.867	1	-3
686.037	1	5
686.206	1	1
686.375	1	16
686.545	1	-3
686.714	1	-8
686.883	1	-1
687.053	1	-4
687.222	1	8
687.391	1	2
687.561	1	5
687.730	1	8
687.899	1	-5
688.069	1	4
688.238	1	6
688.407	1	-9
688.577	1	-4
688.746	1	-3
