340.368	1	7
340.539	1	-13
340.710	1	-8
340.881	1	-11
341.052	1	9
341.223	1	-5
341.394	1	5
341.565	1	-11
341.737	1	6
341.908	1	1
342.079	1	3
342.250	1	-13
342.421	1	1
342.592	1	10
342.763	1	5
342.934	1	-3
343.105	1	10
343.276	1	-5
343.447	1	-1
343.618	1	3
343.789	1	-6
343.960	1	4
344.131	1	6
344.302	1	3
344.473	1	-2
344.644	1	-1
344.815	1	4
344.986	1	1
345.157	1	-1
345.328	1	3
345.499	1	-1
345.670	1	-10
345.841	1	6
346.012	1	14
346.183	1	-2
346.354	1	4
346.526	1	-8
346.697	1	-1
346.868	1	7
347.039	1	11
347.210	1	-12
347.381	1	-6
347.552	1	-1
347.723	1	-6
347.894	1	6
348.065	1	-6
348.236	1	7
348.407	1	-1
348.578	1	-5
348.749	1	-6
348.920	1	4
349.091	1	-11
349.262	1	5
349.433	1	5
349.604	1	9
349.775	1	11
349.946	1	0
350.117	1	4
350.288	1	2
350.459	1	-5
350.630	1	7
350.801	1	-2
350.972	1	11
351.143	1	8
351.314	1	6
351.485	1	7
351.656	1	5
351.827	1	0
351.998	1	-3
352.169	1	3
352.340	1	7
352.511	1	5
352.682	1	2
352.853	1	-1
353.024	1	15
353.195	1	12
353.366	1	9
353.537	1	6
353.708	1	-3
353.879	1	2
354.050	1	-3
354.221	1	-6
354.392	1	-2
354.563	1	4
354.734	1	12
354.905	1	6
355.076	1	5
355.247	1	15
355.418	1	-3
355.589	1	-4
355.760	1	-2
355.931	1	11
356.102	1	12
356.273	1	2
356.444	1	7
356.615	1	-1
356.785	1	11
356.956	1	1
357.127	1	-1
357.298	1	-1
357.469	1	10
357.640	1	14
357.811	1	4
357.982	1	3
358.153	1	18
358.324	1	4
358.495	1	7
358.666	1	4
358.837	1	7
359.008	1	-7
359.179	1	1
359.350	1	3
359.521	1	12
359.692	1	7
359.863	1	9
360.034	1	13
360.205	1	6
360.376	1	-2
360.547	1	1
360.718	1	3
360.889	1	9
361.060	1	5
361.231	1	10
361.401	1	15
361.572	1	9
361.743	1	0
361.914	1	10
362.085	1	17
362.256	1	1
362.427	1	18
362.598	1	9
362.769	1	10
362.940	1	5
363.111	1	9
363.282	1	14
363.453	1	8
363.624	1	20
363.795	1	22
363.966	1	15
364.137	1	18
364.308	1	6
364.478	1	17
364.649	1	12
364.820	1	9
364.991	1	27
365.162	1	27
365.333	1	13
365.504	1	27
365.675	1	13
365.846	1	24
366.017	1	11
366.188	1	28
366.359	1	16
366.530	1	28
366.701	1	26
366.871	1	22
367.042	1	21
367.213	1	35
367.384	1	40
367.555	1	26
367.726	1	32
367.897	1	30
368.068	1	35
368.239	1	33
368.410	1	40
368.581	1	29
368.752	1	32
368.923	1	30
369.093	1	30
369.264	1	40
369.435	1	39
369.606	1	26
369.777	1	29
369.948	1	36
370.119	1	36
370.290	1	33
370.461	1	45
370.632	1	36
370.803	1	38
370.973	1	43
371.144	1	30
371.315	1	30
371.486	1	36
371.657	1	37
371.828	1	45
371.999	1	37
372.170	1	38
372.341	1	34
372.512	1	19
372.682	1	29
372.853	1	19
373.024	1	34
373.195	1	23
373.366	1	30
373.537	1	28
373.708	1	31
373.879	1	18
374.050	1	24
374.220	1	33
374.391	1	23
374.562	1	36
374.733	1	28
374.904	1	22
375.075	1	11
375.246	1	22
375.417	1	37
375.588	1	25
375.758	1	19
375.929	1	25
376.100	1	25
376.271	1	29
376.442	1	11
376.613	1	10
376.784	1	23
376.955	1	13
377.125	1	17
377.296	1	19
377.467	1	22
377.638	1	3
377.809	1	23
377.980	1	23
378.151	1	27
378.321	1	2
378.492	1	9
378.663	1	0
378.834	1	11
379.005	1	25
379.176	1	12
379.347	1	15
379.518	1	17
379.688	1	16
379.859	1	1
380.030	1	6
380.201	1	2
380.372	1	12
380.543	1	12
380.714	1	20
380.884	1	4
381.055	1	20
381.226	1	0
381.397	1	8
381.568	1	13
381.739	1	16
381.910	1	7
382.080	1	4
382.251	1	1
382.422	1	2
382.593	1	10
382.764	1	4
382.935	1	-4
383.105	1	5
383.276	1	19
383.447	1	9
383.618	1	12
383.789	1	1
383.960	1	3
384.130	1	7
384.301	1	4
384.472	1	10
384.643	1	21
384.814	1	-1
384.985	1	-3
385.156	1	-6
385.326	1	17
385.497	1	17
385.668	1	17
385.839	1	15
386.010	1	-1
386.180	1	5
386.351	1	4
386.522	1	16
386.693	1	-8
386.864	1	6
387.035	1	-1
387.205	1	3
387.376	1	8
387.547	1	2
387.718	1	9
387.889	1	-2
388.060	1	11
388.230	1	18
388.401	1	2
388.572	1	7
388.743	1	6
388.914	1	3
389.084	1	7
389.255	1	4
389.426	1	1
389.597	1	9
389.768	1	6
389.939	1	12
390.109	1	-7
390.280	1	-8
390.451	1	-2
390.622	1	1
390.793	1	5
390.963	1	9
391.134	1	2
391.305	1	14
391.476	1	-3
391.647	1	7
391.817	1	10
391.988	1	8
392.159	1	0
392.330	1	6
392.501	1	-7
392.671	1	5
392.842	1	-3
393.013	1	0
393.184	1	17
393.355	1	-1
393.525	1	2
393.696	1	1
393.867	1	4
394.038	1	2
394.208	1	7
394.379	1	8
394.550	1	4
394.721	1	-2
394.892	1	6
395.062	1	5
395.233	1	2
395.404	1	-6
395.575	1	3
395.746	1	5
395.916	1	-3
396.087	1	-5
396.258	1	11
396.429	1	8
396.599	1	-3
396.770	1	0
396.941	1	11
397.112	1	5
397.283	1	6
397.453	1	8
397.624	1	-2
397.795	1	-4
397.966	1	-2
398.136	1	4
398.307	1	0
398.478	1	0
398.649	1	-4
398.819	1	5
398.990	1	4
399.161	1	4
399.332	1	8
399.503	1	4
399.673	1	-3
399.844	1	3
400.015	1	1
400.186	1	-2
400.356	1	-4
400.527	1	1
400.698	1	-4
400.869	1	5
401.039	1	11
401.210	1	8
401.381	1	2
401.552	1	-18
401.722	1	-2
401.893	1	-4
402.064	1	1
402.235	1	9
402.405	1	-11
402.576	1	0
402.747	1	-3
402.918	1	9
403.088	1	0
403.259	1	12
403.430	1	-8
403.601	1	5
403.771	1	-1
403.942	1	10
404.113	1	-3
404.284	1	11
404.454	1	10
404.625	1	11
404.796	1	-3
404.967	1	12
405.137	1	8
405.308	1	18
405.479	1	4
405.649	1	0
405.820	1	-13
405.991	1	1
406.162	1	8
406.332	1	5
406.503	1	0
406.674	1	2
406.845	1	9
407.015	1	0
407.186	1	-4
407.357	1	-6
407.527	1	2
407.698	1	11
407.869	1	-3
408.040	1	-2
408.210	1	1
408.381	1	13
408.552	1	6
408.722	1	-13
408.893	1	9
409.064	1	1
409.235	1	-1
409.405	1	8
409.576	1	0
409.747	1	6
409.917	1	6
410.088	1	-2
410.259	1	12
410.430	1	6
410.600	1	-1
410.771	1	-1
410.942	1	5
411.112	1	-1
411.283	1	15
411.454	1	3
411.625	1	1
411.795	1	2
411.966	1	10
412.137	1	7
412.307	1	-3
412.478	1	5
412.649	1	4
412.819	1	1
412.990	1	1
413.161	1	-5
413.332	1	2
413.502	1	3
413.673	1	3
413.844	1	1
414.014	1	-3
414.185	1	-3
414.356	1	2
414.526	1	3
414.697	1	7
414.868	1	2
415.038	1	4
415.209	1	7
415.380	1	-1
415.550	1	-6
415.721	1	-4
415.892	1	9
416.063	1	-8
416.233	1	7
416.404	1	-2
416.575	1	18
416.745	1	-4
416.916	1	1
417.087	1	4
417.257	1	-2
417.428	1	5
417.599	1	-8
417.769	1	11
417.940	1	1
418.111	1	-6
418.281	1	6
418.452	1	-4
418.623	1	4
418.793	1	4
418.964	1	-15
419.135	1	-1
419.305	1	1
419.476	1	4
419.647	1	-5
419.817	1	2
419.988	1	3
420.159	1	6
420.329	1	1
420.500	1	-4
420.671	1	17
420.841	1	15
421.012	1	0
421.183	1	7
421.353	1	-4
421.524	1	-8
421.695	1	-4
421.865	1	-2
422.036	1	-4
422.206	1	1
422.377	1	0
422.548	1	-2
422.718	1	1
422.889	1	-9
423.060	1	-11
423.230	1	-2
423.401	1	-3
423.572	1	1
423.742	1	7
423.913	1	-2
424.084	1	9
424.254	1	7
424.425	1	14
424.595	1	1
424.766	1	-1
424.937	1	5
425.107	1	-9
425.278	1	12
425.449	1	-7
425.619	1	10
425.790	1	-9
425.961	1	-1
426.131	1	3
426.302	1	2
426.472	1	1
426.643	1	11
426.814	1	6
426.984	1	3
427.155	1	-4
427.326	1	0
427.496	1	3
427.667	1	13
427.837	1	0
428.008	1	0
428.179	1	-7
428.349	1	-12
428.520	1	9
428.691	1	8
428.861	1	-1
429.032	1	8
429.202	1	0
429.373	1	9
429.544	1	2
429.714	1	1
429.885	1	-2
430.055	1	3
430.226	1	-7
430.397	1	-1
430.567	1	-1
430.738	1	-2
430.909	1	11
431.079	1	-6
431.250	1	-3
431.420	1	4
431.591	1	6
431.762	1	4
431.932	1	-1
432.103	1	0
432.273	1	2
432.444	1	8
432.615	1	-14
432.785	1	-3
432.956	1	-5
433.126	1	2
433.297	1	3
433.468	1	-17
433.638	1	-7
433.809	1	5
433.979	1	9
434.150	1	3
434.320	1	7
434.491	1	-7
434.662	1	1
434.832	1	3
435.003	1	2
435.173	1	-4
435.344	1	6
435.515	1	4
435.685	1	-2
435.856	1	4
436.026	1	-1
436.197	1	6
436.368	1	-6
436.538	1	-2
436.709	1	-3
436.879	1	1
437.050	1	-1
437.220	1	8
437.391	1	7
437.562	1	0
437.732	1	-4
437.903	1	4
438.073	1	1
438.244	1	-4
438.414	1	-5
438.585	1	-6
438.756	1	-4
438.926	1	1
439.097	1	-4
439.267	1	5
439.438	1	-4
439.608	1	-7
439.779	1	2
439.949	1	8
440.120	1	-6
440.291	1	7
440.461	1	7
440.632	1	4
440.802	1	3
440.973	1	-12
441.143	1	13
441.314	1	-7
441.485	1	0
441.655	1	0
441.826	1	-6
441.996	1	1
442.167	1	7
442.337	1	6
442.508	1	-7
442.678	1	-5
442.849	1	3
443.019	1	11
443.190	1	-1
443.361	1	5
443.531	1	7
443.702	1	3
443.872	1	9
444.043	1	2
444.213	1	-4
444.384	1	-3
444.554	1	3
444.725	1	-13
444.895	1	-12
445.066	1	-12
445.237	1	-7
445.407	1	8
445.578	1	-9
445.748	1	4
445.919	1	-11
446.089	1	7
446.260	1	0
446.430	1	1
446.601	1	-3
446.771	1	12
446.942	1	-12
447.112	1	-4
447.283	1	-2
447.453	1	-9
447.624	1	2
447.794	1	-7
447.965	1	3
448.135	1	-9
448.306	1	4
448.477	1	5
448.647	1	-14
448.818	1	1
448.988	1	-2
449.159	1	-5
449.329	1	2
449.500	1	-2
449.670	1	13
449.841	1	4
450.011	1	0
450.182	1	-12
450.352	1	-5
450.523	1	-3
450.693	1	-6
450.864	1	-4
451.034	1	-6
451.205	1	12
451.375	1	-5
451.546	1	1
451.716	1	-3
451.887	1	-12
452.057	1	2
452.228	1	1
452.398	1	-3
452.569	1	4
452.739	1	4
452.910	1	-9
453.080	1	-2
453.251	1	-1
453.421	1	-2
453.592	1	-3
453.762	1	2
453.933	1	2
454.103	1	-8
454.274	1	-7
454.444	1	0
454.615	1	12
454.785	1	3
454.956	1	4
455.126	1	-7
455.297	1	12
455.467	1	3
455.638	1	6
455.808	1	0
455.979	1	-5
456.149	1	0
456.320	1	-1
456.490	1	8
456.661	1	5
456.831	1	6
457.001	1	-1
457.172	1	6
457.342	1	0
457.513	1	5
457.683	1	0
457.854	1	5
458.024	1	-8
458.195	1	-10
458.365	1	-5
458.536	1	1
458.706	1	-4
458.877	1	-2
459.047	1	10
459.218	1	7
459.388	1	11
459.559	1	3
459.729	1	12
459.899	1	-5
460.070	1	3
460.240	1	-2
460.411	1	-7
460.581	1	14
460.752	1	6
460.922	1	-1
461.093	1	2
461.263	1	-11
461.434	1	-16
461.604	1	2
461.775	1	0
461.945	1	4
462.115	1	2
462.286	1	4
462.456	1	-5
462.627	1	5
462.797	1	-2
462.968	1	5
463.138	1	-4
463.309	1	-3
463.479	1	-5
463.649	1	0
463.820	1	4
463.990	1	4
464.161	1	2
464.331	1	0
464.502	1	10
464.672	1	2
464.843	1	1
465.013	1	-3
465.183	1	-8
465.354	1	3
465.524	1	1
465.695	1	-2
465.865	1	-2
466.036	1	2
466.206	1	14
466.376	1	6
466.547	1	-5
466.717	1	1
466.888	1	10
467.058	1	4
467.229	1	1
467.399	1	10
467.569	1	10
467.740	1	9
467.910	1	-4
468.081	1	2
468.251	1	-4
468.422	1	-2
468.592	1	0
468.762	1	-6
468.933	1	-1
469.103	1	-3
469.274	1	10
469.444	1	-6
469.614	1	1
469.785	1	-16
469.955	1	-6
470.126	1	-3
470.296	1	-5
470.467	1	-1
470.637	1	2
470.807	1	4
470.978	1	-9
471.148	1	2
471.319	1	-2
471.489	1	-1
471.659	1	-14
471.830	1	0
472.000	1	2
472.171	1	4
472.341	1	7
472.511	1	-2
472.682	1	0
472.852	1	4
473.023	1	-2
473.193	1	6
473.363	1	-3
473.534	1	11
473.704	1	0
473.875	1	6
474.045	1	-2
474.215	1	7
474.386	1	13
474.556	1	3
474.727	1	-7
474.897	1	9
475.067	1	-3
475.238	1	5
475.408	1	-7
475.578	1	-3
475.749	1	-11
475.919	1	3
476.090	1	-3
476.260	1	3
476.430	1	-5
476.601	1	0
476.771	1	0
476.942	1	7
477.112	1	3
477.282	1	-1
477.453	1	-7
477.623	1	-5
477.793	1	-1
477.964	1	-3
478.134	1	-6
478.305	1	-4
478.475	1	-5
478.645	1	5
478.816	1	10
478.986	1	-5
479.156	1	8
479.327	1	-7
479.497	1	2
479.667	1	-3
479.838	1	-1
480.008	1	-3
480.179	1	-1
480.349	1	-2
480.519	1	3
480.690	1	-2
480.860	1	-7
481.030	1	-10
481.201	1	-11
481.371	1	2
481.541	1	-4
481.712	1	2
481.882	1	15
482.053	1	2
482.223	1	-1
482.393	1	4
482.564	1	-5
482.734	1	-8
482.904	1	-13
483.075	1	-1
483.245	1	2
483.415	1	6
483.586	1	2
483.756	1	15
483.926	1	3
484.097	1	3
484.267	1	-1
484.437	1	-4
484.608	1	6
484.778	1	1
484.948	1	-9
485.119	1	-5
485.289	1	-5
485.459	1	15
485.630	1	4
485.800	1	-7
485.970	1	2
486.141	1	3
486.311	1	-5
486.481	1	1
486.652	1	3
486.822	1	4
486.992	1	6
487.163	1	0
487.333	1	1
487.503	1	8
487.674	1	8
487.844	1	3
488.014	1	0
488.185	1	8
488.355	1	-3
488.525	1	4
488.696	1	-11
488.866	1	4
489.036	1	18
489.207	1	1
489.377	1	1
489.547	1	-5
489.718	1	5
489.888	1	-13
490.058	1	-5
490.228	1	9
490.399	1	3
490.569	1	5
490.739	1	-6
490.910	1	-1
491.080	1	13
491.250	1	7
491.421	1	-4
491.591	1	-5
491.761	1	-4
491.932	1	2
492.102	1	-6
492.272	1	-4
492.442	1	9
492.613	1	-2
492.783	1	7
492.953	1	7
493.124	1	9
493.294	1	0
493.464	1	7
493.635	1	-13
493.805	1	1
493.975	1	-1
494.145	1	-4
494.316	1	-2
494.486	1	12
494.656	1	3
494.827	1	6
494.997	1	5
495.167	1	-3
495.337	1	15
495.508	1	6
495.678	1	5
495.848	1	7
496.019	1	-7
496.189	1	7
496.359	1	-4
496.529	1	-2
496.700	1	4
496.870	1	11
497.040	1	-3
497.211	1	-2
497.381	1	1
497.551	1	2
497.721	1	-2
497.892	1	-1
498.062	1	-3
498.232	1	-2
498.403	1	5
498.573	1	-10
498.743	1	3
498.913	1	6
499.084	1	2
499.254	1	-6
499.424	1	3
499.594	1	16
499.765	1	3
499.935	1	-2
500.105	1	-9
500.275	1	-5
500.446	1	-9
500.616	1	0
500.786	1	-7
500.956	1	2
501.127	1	3
501.297	1	7
501.467	1	-11
501.638	1	-7
501.808	1	-7
501.978	1	11
502.148	1	1
502.319	1	-9
502.489	1	8
502.659	1	3
502.829	1	0
503.000	1	5
503.170	1	13
503.340	1	11
503.510	1	4
503.681	1	-2
503.851	1	0
504.021	1	3
504.191	1	1
504.362	1	-5
504.532	1	9
504.702	1	-5
504.872	1	-1
505.042	1	-13
505.213	1	-4
505.383	1	1
505.553	1	-3
505.723	1	1
505.894	1	-2
506.064	1	5
506.234	1	10
506.404	1	4
506.575	1	8
506.745	1	3
506.915	1	6
507.085	1	-2
507.256	1	5
507.426	1	6
507.596	1	4
507.766	1	1
507.936	1	0
508.107	1	-4
508.277	1	8
508.447	1	3
508.617	1	-1
508.788	1	10
508.958	1	-12
509.128	1	2
509.298	1	0
509.468	1	7
509.639	1	1
509.809	1	5
509.979	1	-4
510.149	1	3
510.319	1	5
510.490	1	2
510.660	1	-5
510.830	1	2
511.000	1	-2
511.171	1	7
511.341	1	11
511.511	1	2
511.681	1	6
511.851	1	3
512.022	1	-5
512.192	1	0
512.362	1	-1
512.532	1	2
512.702	1	3
512.873	1	-1
513.043	1	8
513.213	1	-1
513.383	1	-3
513.553	1	-2
513.724	1	14
513.894	1	-12
514.064	1	9
514.234	1	0
514.404	1	-6
514.575	1	8
514.745	1	3
514.915	1	6
515.085	1	4
515.255	1	-7
515.425	1	2
515.596	1	7
515.766	1	-10
515.936	1	-3
516.106	1	-1
516.276	1	-3
516.447	1	9
516.617	1	6
516.787	1	0
516.957	1	8
517.127	1	2
517.297	1	-4
517.468	1	-1
517.638	1	3
517.808	1	8
517.978	1	12
518.148	1	10
518.319	1	6
518.489	1	2
518.659	1	-1
518.829	1	11
518.999	1	1
519.169	1	-4
519.340	1	11
519.510	1	2
519.680	1	10
519.850	1	9
520.020	1	4
520.190	1	4
520.361	1	-2
520.531	1	8
520.701	1	14
520.871	1	8
521.041	1	7
521.211	1	-8
521.382	1	-1
521.552	1	5
521.722	1	-8
521.892	1	9
522.062	1	8
522.232	1	9
522.402	1	8
522.573	1	2
522.743	1	8
522.913	1	-1
523.083	1	-2
523.253	1	0
523.423	1	2
523.593	1	-3
523.764	1	1
523.934	1	4
524.104	1	4
524.274	1	5
524.444	1	5
524.614	1	-1
524.784	1	5
524.955	1	-2
525.125	1	8
525.295	1	-1
525.465	1	5
525.635	1	1
525.805	1	-5
525.975	1	6
526.146	1	6
526.316	1	16
526.486	1	-2
526.656	1	2
526.826	1	-1
526.996	1	6
527.166	1	3
527.337	1	6
527.507	1	6
527.677	1	4
527.847	1	2
528.017	1	-14
528.187	1	8
528.357	1	6
528.527	1	13
528.698	1	1
528.868	1	-1
529.038	1	8
529.208	1	1
529.378	1	9
529.548	1	-5
529.718	1	6
529.888	1	10
530.058	1	3
530.229	1	0
530.399	1	15
530.569	1	-7
530.739	1	10
530.909	1	1
531.079	1	11
531.249	1	6
531.419	1	0
531.589	1	10
531.760	1	4
531.930	1	0
532.100	1	0
532.270	1	0
532.440	1	2
532.610	1	4
532.780	1	-1
532.950	1	8
533.120	1	19
533.290	1	4
533.461	1	5
533.631	1	8
533.801	1	15
533.971	1	-1
534.141	1	-11
534.311	1	3
534.481	1	-8
534.651	1	1
534.821	1	7
534.991	1	6
535.162	1	2
535.332	1	9
535.502	1	-5
535.672	1	9
535.842	1	8
536.012	1	4
536.182	1	-2
536.352	1	2
536.522	1	-3
536.692	1	9
536.862	1	2
537.032	1	11
537.203	1	-5
537.373	1	-5
537.543	1	3
537.713	1	9
537.883	1	0
538.053	1	-3
538.223	1	5
538.393	1	11
538.563	1	7
538.733	1	4
538.903	1	1
539.073	1	-2
539.243	1	-5
539.413	1	10
539.584	1	2
539.754	1	1
539.924	1	7
540.094	1	-5
540.264	1	-6
540.434	1	7
540.604	1	5
540.774	1	3
540.944	1	5
541.114	1	0
541.284	1	1
541.454	1	-1
541.624	1	2
541.794	1	0
541.964	1	9
542.134	1	0
542.305	1	1
542.475	1	6
542.645	1	9
542.815	1	0
542.985	1	11
543.155	1	4
543.325	1	-4
543.495	1	1
543.665	1	5
543.835	1	21
544.005	1	6
544.175	1	-9
544.345	1	6
544.515	1	4
544.685	1	-4
544.855	1	1
545.025	1	7
545.195	1	2
545.365	1	7
545.535	1	10
545.705	1	2
545.875	1	-2
546.045	1	-9
546.216	1	10
546.386	1	16
546.556	1	-7
546.726	1	4
546.896	1	8
547.066	1	10
547.236	1	6
547.406	1	1
547.576	1	20
547.746	1	-7
547.916	1	-7
548.086	1	3
548.256	1	1
548.426	1	-4
548.596	1	1
548.766	1	14
548.936	1	8
549.106	1	-1
549.276	1	-4
549.446	1	0
549.616	1	2
549.786	1	-1
549.956	1	12
550.126	1	15
550.296	1	3
550.466	1	3
550.636	1	17
550.806	1	-1
550.976	1	6
551.146	1	7
551.316	1	13
551.486	1	1
551.656	1	1
551.826	1	11
551.996	1	19
552.166	1	7
552.336	1	9
552.506	1	8
552.676	1	12
552.846	1	4
553.016	1	14
553.186	1	4
553.356	1	6
553.526	1	5
553.696	1	11
553.866	1	9
554.036	1	5
554.206	1	6
554.376	1	8
554.546	1	9
554.716	1	-2
554.886	1	7
555.056	1	1
555.226	1	-1
555.396	1	0
555.566	1	19
555.736	1	9
555.906	1	13
556.076	1	8
556.246	1	11
556.416	1	3
556.586	1	8
556.756	1	3
556.926	1	9
557.096	1	-2
557.266	1	-2
557.436	1	7
557.606	1	7
557.776	1	5
557.946	1	15
558.116	1	4
558.286	1	0
558.456	1	-2
558.626	1	8
558.796	1	0
558.966	1	12
559.136	1	5
559.306	1	1
559.476	1	4
559.646	1	-2
559.816	1	-4
559.986	1	-6
560.155	1	15
560.325	1	6
560.495	1	7
560.665	1	1
560.835	1	7
561.005	1	-2
561.175	1	5
561.345	1	1
561.515	1	5
561.685	1	6
561.855	1	-5
562.025	1	6
562.195	1	8
562.365	1	4
562.535	1	4
562.705	1	6
562.875	1	-1
563.045	1	-2
563.215	1	8
563.385	1	-1
563.555	1	-5
563.725	1	5
563.895	1	8
564.064	1	7
564.234	1	0
564.404	1	13
564.574	1	7
564.744	1	13
564.914	1	1
565.084	1	-3
565.254	1	9
565.424	1	9
565.594	1	7
565.764	1	0
565.934	1	20
566.104	1	11
566.274	1	3
566.444	1	-5
566.614	1	0
566.783	1	-4
566.953	1	2
567.123	1	1
567.293	1	10
567.463	1	2
567.633	1	12
567.803	1	3
567.973	1	-2
568.143	1	1
568.313	1	16
568.483	1	12
568.653	1	7
568.823	1	4
568.993	1	8
569.162	1	14
569.332	1	6
569.502	1	1
569.672	1	8
569.842	1	0
570.012	1	8
570.182	1	-2
570.352	1	1
570.522	1	-12
570.692	1	11
570.862	1	1
571.031	1	3
571.201	1	6
571.371	1	-2
571.541	1	1
571.711	1	3
571.881	1	10
572.051	1	-3
572.221	1	-6
572.391	1	-4
572.561	1	6
572.731	1	19
572.900	1	-1
573.070	1	3
573.240	1	7
573.410	1	11
573.580	1	4
573.750	1	1
573.920	1	6
574.090	1	8
574.260	1	6
574.430	1	10
574.599	1	6
574.769	1	12
574.939	1	6
575.109	1	-4
575.279	1	14
575.449	1	3
575.619	1	13
575.789	1	-14
575.959	1	-4
576.128	1	-3
576.298	1	13
576.468	1	8
576.638	1	0
576.808	1	3
576.978	1	10
577.148	1	12
577.318	1	8
577.487	1	1
577.657	1	2
577.827	1	5
577.997	1	-4
578.167	1	6
578.337	1	13
578.507	1	4
578.677	1	12
578.846	1	4
579.016	1	18
579.186	1	3
579.356	1	-2
579.526	1	2
579.696	1	15
579.866	1	4
580.036	1	-6
580.205	1	-1
580.375	1	-1
580.545	1	-4
580.715	1	9
580.885	1	1
581.055	1	2
581.225	1	4
581.394	1	3
581.564	1	7
581.734	1	-5
581.904	1	16
582.074	1	-4
582.244	1	-3
582.414	1	13
582.583	1	11
582.753	1	-4
582.923	1	-4
583.093	1	-2
583.263	1	9
583.433	1	1
583.603	1	14
583.772	1	16
583.942	1	5
584.112	1	-3
584.282	1	1
584.452	1	13
584.622	1	1
584.791	1	1
584.961	1	1
585.131	1	1
585.301	1	-1
585.471	1	16
585.641	1	3
585.811	1	11
585.980	1	7
586.150	1	8
586.320	1	-1
586.490	1	3
586.660	1	8
586.830	1	0
586.999	1	6
587.169	1	7
587.339	1	4
587.509	1	1
587.679	1	12
587.849	1	5
588.018	1	6
588.188	1	17
588.358	1	-7
588.528	1	13
588.698	1	4
588.867	1	15
589.037	1	15
589.207	1	4
589.377	1	2
589.547	1	0
589.717	1	7
589.886	1	-6
590.056	1	-1
590.226	1	6
590.396	1	5
590.566	1	1
590.735	1	-6
590.905	1	0
591.075	1	0
591.245	1	0
591.415	1	0
591.585	1	16
591.754	1	12
591.924	1	9
592.094	1	0
592.264	1	8
592.434	1	-1
592.603	1	-1
592.773	1	-3
592.943	1	7
593.113	1	-6
593.283	1	2
593.452	1	-1
593.622	1	4
593.792	1	14
593.962	1	12
594.132	1	1
594.301	1	13
594.471	1	19
594.641	1	-9
594.811	1	5
594.981	1	-1
595.150	1	7
595.320	1	8
595.490	1	6
595.660	1	7
595.829	1	-1
595.999	1	-7
596.169	1	10
596.339	1	1
596.509	1	6
596.678	1	1
596.848	1	-2
597.018	1	14
597.188	1	1
597.358	1	3
597.527	1	-1
597.697	1	-5
597.867	1	-8
598.037	1	5
598.206	1	-2
598.376	1	9
598.546	1	15
598.716	1	9
598.885	1	-9
599.055	1	9
599.225	1	-11
599.395	1	5
599.565	1	-13
599.734	1	4
599.904	1	-4
600.074	1	-1
600.244	1	3
600.413	1	19
600.583	1	15
600.753	1	7
600.923	1	2
601.092	1	10
601.262	1	6
601.432	1	-8
601.602	1	16
601.771	1	3
601.941	1	6
602.111	1	6
602.281	1	9
602.451	1	13
602.620	1	3
602.790	1	7
602.960	1	1
603.130	1	1
603.299	1	5
603.469	1	-11
603.639	1	-5
603.809	1	0
603.978	1	4
604.148	1	5
604.318	1	1
604.487	1	8
604.657	1	8
604.827	1	5
604.997	1	1
605.166	1	9
605.336	1	7
605.506	1	3
605.676	1	-16
605.845	1	4
606.015	1	-4
606.185	1	12
606.355	1	10
606.524	1	-1
606.694	1	-2
606.864	1	4
607.034	1	-8
607.203	1	-2
607.373	1	-2
607.543	1	1
607.712	1	1
607.882	1	12
608.052	1	5
608.222	1	12
608.391	1	11
608.561	1	6
608.731	1	6
608.901	1	2
609.070	1	5
609.240	1	-4
609.410	1	8
609.579	1	12
609.749	1	8
609.919	1	8
610.089	1	-5
610.258	1	8
610.428	1	3
610.598	1	5
610.767	1	2
610.937	1	5
611.107	1	3
611.277	1	1
611.446	1	2
611.616	1	-5
611.786	1	2
611.955	1	4
612.125	1	8
612.295	1	2
612.465	1	13
612.634	1	-4
612.804	1	8
612.974	1	-5
613.143	1	5
613.313	1	13
613.483	1	7
613.652	1	4
613.822	1	4
613.992	1	2
614.162	1	8
614.331	1	2
614.501	1	-2
614.671	1	10
614.840	1	10
615.010	1	-1
615.180	1	-3
615.349	1	16
615.519	1	-3
615.689	1	11
615.858	1	10
616.028	1	2
616.198	1	0
616.368	1	8
616.537	1	10
616.707	1	-1
616.877	1	-2
617.046	1	6
617.216	1	-2
617.386	1	-4
617.555	1	-2
617.725	1	-2
617.895	1	-2
618.064	1	1
618.234	1	1
618.404	1	2
618.573	1	5
618.743	1	7
618.913	1	3
619.082	1	5
619.252	1	0
619.422	1	3
619.591	1	-6
619.761	1	11
619.931	1	3
620.100	1	10
620.270	1	-8
620.440	1	-5
620.609	1	6
620.779	1	-2
620.949	1	1
621.118	1	0
621.288	1	1
621.458	1	7
621.627	1	7
621.797	1	2
621.967	1	-1
622.136	1	12
622.306	1	-7
622.476	1	5
622.645	1	11
622.815	1	8
622.985	1	2
623.154	1	2
623.324	1	-2
623.494	1	7
623.663	1	-1
623.833	1	23
624.002	1	-8
624.172	1	-6
624.342	1	18
624.511	1	4
624.681	1	14
624.851	1	-10
625.020	1	-2
625.190	1	2
625.360	1	-1
625.529	1	2
625.699	1	1
625.869	1	7
626.038	1	-5
626.208	1	9
626.377	1	16
626.547	1	5
626.717	1	3
626.886	1	5
627.056	1	-18
627.226	1	3
627.395	1	0
627.565	1	10
627.735	1	6
627.904	1	2
628.074	1	0
628.243	1	10
628.413	1	2
628.583	1	6
628.752	1	-6
628.922	1	3
629.091	1	1
629.261	1	3
629.431	1	-3
629.600	1	3
629.770	1	1
629.940	1	4
630.109	1	-2
630.279	1	-10
630.448	1	-5
630.618	1	2
630.788	1	2
630.957	1	6
631.127	1	5
631.297	1	3
631.466	1	2
631.636	1	-2
631.805	1	5
631.975	1	11
632.145	1	3
632.314	1	-7
632.484	1	-1
632.653	1	2
632.823	1	5
632.993	1	7
633.162	1	0
633.332	1	8
633.501	1	-1
633.671	1	-8
633.841	1	-3
634.010	1	3
634.180	1	11
634.349	1	11
634.519	1	0
634.689	1	4
634.858	1	-13
635.028	1	-2
635.197	1	18
635.367	1	1
635.537	1	0
635.706	1	-3
635.876	1	9
636.045	1	9
636.215	1	-5
636.384	1	3
636.554	1	5
636.724	1	-2
636.893	1	-15
637.063	1	3
637.232	1	-2
637.402	1	0
637.572	1	4
637.741	1	3
637.911	1	8
638.080	1	4
638.250	1	4
638.419	1	1
638.589	1	-2
638.759	1	-3
638.928	1	-4
639.098	1	4
639.267	1	-4
639.437	1	6
639.606	1	3
639.776	1	2
639.946	1	-2
640.115	1	6
640.285	1	8
640.454	1	1
640.624	1	4
640.793	1	6
640.963	1	-4
641.132	1	4
641.302	1	-8
641.472	1	1
641.641	1	-6
641.811	1	3
641.980	1	6
642.150	1	-6
642.319	1	6
642.489	1	12
642.659	1	5
642.828	1	-6
642.998	1	-2
643.167	1	-4
643.337	1	9
643.506	1	-5
643.676	1	2
643.845	1	1
644.015	1	15
644.184	1	8
644.354	1	6
644.524	1	-7
644.693	1	5
644.863	1	-5
645.032	1	4
645.202	1	8
645.371	1	-3
645.541	1	2
645.710	1	3
645.880	1	5
646.049	1	-3
646.219	1	5
646.388	1	-4
646.558	1	-2
646.728	1	-5
646.897	1	2
647.067	1	11
647.236	1	12
647.406	1	0
647.575	1	1
647.745	1	5
647.914	1	-3
648.084	1	4
648.253	1	9
648.423	1	-3
648.592	1	-3
648.762	1	6
648.931	1	19
649.101	1	4
649.270	1	-2
649.440	1	0
649.610	1	-4
649.779	1	-2
649.949	1	2
650.118	1	9
650.288	1	5
650.457	1	13
650.627	1	-5
650.796	1	0
650.966	1	-1
651.135	1	-9
651.305	1	-5
651.474	1	1
651.644	1	12
651.813	1	8
651.983	1	-2
652.152	1	0
652.322	1	1
652.491	1	3
652.661	1	3
652.830	1	2
653.000	1	1
653.169	1	-4
653.339	1	8
653.508	1	1
653.678	1	4
653.847	1	8
654.017	1	-8
654.186	1	1
654.356	1	-11
654.525	1	-6
654.695	1	2
654.864	1	3
655.034	1	10
655.203	1	-3
655.373	1	5
655.542	1	3
655.712	1	-1
655.881	1	-3
656.051	1	-11
656.220	1	-4
656.390	1	2
656.559	1	1
656.729	1	0
656.898	1	-9
657.068	1	3
657.237	1	-8
657.406	1	6
657.576	1	4
657.745	1	3
657.915	1	-5
658.084	1	2
658.254	1	-9
658.423	1	7
658.593	1	-1
658.762	1	0
658.932	1	3
659.101	1	14
659.271	1	4
659.440	1	3
659.610	1	-1
659.779	1	3
659.949	1	-6
660.118	1	0
660.288	1	12
660.457	1	4
660.626	1	6
660.796	1	-8
660.965	1	9
661.135	1	5
661.304	1	1
661.474	1	-4
661.643	1	13
661.813	1	12
661.982	1	4
662.152	1	7
662.321	1	9
662.491	1	-1
662.660	1	-2
662.829	1	-3
662.999	1	0
663.168	1	0
663.338	1	0
663.507	1	6
663.677	1	4
663.846	1	-5
664.016	1	-2
664.185	1	6
664.354	1	12
664.524	1	2
664.693	1	7
664.863	1	1
665.032	1	5
665.202	1	-4
665.371	1	-1
665.541	1	-12
665.710	1	6
665.879	1	-5
666.049	1	-2
666.218	1	-9
666.388	1	8
666.557	1	6
666.727	1	5
666.896	1	-10
667.065	1	10
667.235	1	4
667.404	1	0
667.574	1	-2
667.743	1	3
667.913	1	6
668.082	1	9
668.251	1	-8
668.421	1	-3
668.590	1	-7
668.760	1	2
668.929	1	-2
669.099	1	2
669.268	1	-10
669.437	1	1
669.607	1	-4
669.776	1	-8
669.946	1	1
670.115	1	4
670.285	1	7
670.454	1	7
670.623	1	3
670.793	1	-3
670.962	1	2
671.132	1	10
671.301	1	0
671.470	1	-8
671.640	1	3
671.809	1	3
671.979	1	4
672.148	1	4
672.317	1	4
672.487	1	15
672.656	1	-1
672.826	1	0
672.995	1	5
673.164	1	6
673.334	1	-3
673.503	1	3
673.673	1	0
673.842	1	0
674.011	1	-9
674.181	1	7
674.350	1	5
674.520	1	1
674.689	1	-2
674.858	1	-1
675.028	1	-2
675.197	1	-6
675.367	1	2
675.536	1	2
675.705	1	16
675.875	1	-3
676.044	1	5
676.214	1	2
676.383	1	10
676.552	1	6
676.722	1	-3
676.891	1	10
677.060	1	1
677.230	1	5
677.399	1	-1
677.569	1	-5
677.738	1	3
677.907	1	7
678.077	1	7
678.246	1	0
678.416	1	2
678.585	1	-1
678.754	1	0
678.924	1	-3
679.093	1	-1
679.262	1	-1
679.432	1	10
679.601	1	-8
679.771	1	-1
679.940	1	-6
680.109	1	14
680.279	1	-8
680.448	1	4
680.617	1	1
680.787	1	2
680.956	1	8
681.125	1	6
681.295	1	-4
681.464	1	1
681.634	1	3
681.803	1	-7
681.972	1	-9
682.142	1	10
682.311	1	13
682.480	1	10
682.650	1	2
682.819	1	9
682.988	1	-9
683.158	1	0
683.327	1	-6
683.496	1	5
683.666	1	-4
683.835	1	7
684.004	1	6
684.174	1	3
684.343	1	-4
684.512	1	1
684.682	1	-7
684.851	1	8
685.021	1	-9
685.190	1	1
685.359	1	10
685.529	1	5
685.698	1	10
685.867	1	6
686.037	1	-2
686.206	1	0
686.375	1	2
686.545	1	1
686.714	1	-7
686.883	1	10
687.053	1	-4
687.222	1	4
687.391	1	-1
687.561	1	5
687.730	1	-1
687.899	1	-4
688.069	1	2
688.238	1	2
688.407	1	-9
688.577	1	7
688.746	1	-11
