340.368	1	1
340.539	1	-13
340.710	1	-10
340.881	1	-7
341.052	1	2
341.223	1	-11
341.394	1	-8
341.565	1	-9
341.737	1	4
341.908	1	0
342.079	1	-6
342.250	1	-6
342.421	1	-1
342.592	1	-2
342.763	1	7
342.934	1	-4
343.105	1	-1
343.276	1	7
343.447	1	-7
343.618	1	-6
343.789	1	-7
343.960	1	-1
344.131	1	1
344.302	1	-5
344.473	1	-1
344.644	1	1
344.815	1	-1
344.986	1	1
345.157	1	-2
345.328	1	1
345.499	1	2
345.670	1	-13
345.841	1	5
346.012	1	3
346.183	1	-1
346.354	1	-6
346.526	1	-15
346.697	1	-4
346.868	1	2
347.039	1	14
347.210	1	-7
347.381	1	5
347.552	1	-1
347.723	1	-10
347.894	1	4
348.065	1	3
348.236	1	8
348.407	1	-11
348.578	1	-6
348.749	1	-7
348.920	1	-5
349.091	1	-16
349.262	1	-9
349.433	1	-6
349.604	1	-4
349.775	1	10
349.946	1	-3
350.117	1	-6
350.288	1	12
350.459	1	-5
350.630	1	1
350.801	1	0
350.972	1	-2
351.143	1	-5
351.314	1	-7
351.485	1	2
351.656	1	4
351.827	1	0
351.998	1	0
352.169	1	2
352.340	1	9
352.511	1	-10
352.682	1	6
352.853	1	4
353.024	1	2
353.195	1	5
353.366	1	18
353.537	1	-1
353.708	1	3
353.879	1	-8
354.050	1	-14
354.221	1	-11
354.392	1	-1
354.563	1	0
354.734	1	-4
354.905	1	1
355.076	1	-2
355.247	1	7
355.418	1	-14
355.589	1	-16
355.760	1	-5
355.931	1	-12
356.102	1	5
356.273	1	-7
356.444	1	3
356.615	1	7
356.785	1	10
356.956	1	4
357.127	1	-2
357.298	1	4
357.469	1	-1
357.640	1	0
357.811	1	2
357.982	1	3
358.153	1	6
358.324	1	4
358.495	1	-6
358.666	1	-6
358.837	1	-3
359.008	1	-1
359.179	1	1
359.350	1	-6
359.521	1	2
359.692	1	11
359.863	1	5
360.034	1	1
360.205	1	1
360.376	1	2
360.547	1	4
360.718	1	1
360.889	1	1
361.060	1	-2
361.231	1	-5
361.401	1	1
361.572	1	-2
361.743	1	4
361.914	1	4
362.085	1	9
362.256	1	6
362.427	1	5
362.598	1	-3
362.769	1	-5
362.940	1	0
363.111	1	-5
363.282	1	10
363.453	1	-3
363.624	1	10
363.795	1	1
363.966	1	2
364.137	1	9
364.308	1	-1
364.478	1	5
364.649	1	-2
364.820	1	0
364.991	1	2
365.162	1	12
365.333	1	7
365.504	1	8
365.675	1	-5
365.846	1	15
366.017	1	13
366.188	1	4
366.359	1	11
366.530	1	11
366.701	1	5
366.871	1	0
367.042	1	7
367.213	1	8
367.384	1	11
367.555	1	11
367.726	1	4
367.897	1	11
368.068	1	13
368.239	1	15
368.410	1	19
368.581	1	5
368.752	1	13
368.923	1	8
369.093	1	7
369.264	1	14
369.435	1	8
369.606	1	21
369.777	1	10
369.948	1	12
370.119	1	13
370.290	1	16
370.461	1	32
370.632	1	19
370.803	1	14
370.973	1	1
371.144	1	5
371.315	1	2
371.486	1	16
371.657	1	15
371.828	1	14
371.999	1	18
372.170	1	11
372.341	1	6
372.512	1	8
372.682	1	11
372.853	1	6
373.024	1	3
373.195	1	8
373.366	1	4
373.537	1	7
373.708	1	6
373.879	1	5
374.050	1	10
374.220	1	13
374.391	1	5
374.562	1	13
374.733	1	14
374.904	1	-2
375.075	1	6
375.246	1	9
375.417	1	7
375.588	1	1
375.758	1	17
375.929	1	0
376.100	1	9
376.271	1	14
376.442	1	9
376.613	1	-1
376.784	1	2
376.955	1	1
377.125	1	7
377.296	1	7
377.467	1	4
377.638	1	5
377.809	1	7
377.980	1	5
378.151	1	5
378.321	1	-6
378.492	1	3
378.663	1	-2
378.834	1	3
379.005	1	19
379.176	1	-4
379.347	1	1
379.518	1	0
379.688	1	6
379.859	1	7
380.030	1	1
380.201	1	-2
380.372	1	1
380.543	1	5
380.714	1	7
380.884	1	-5
381.055	1	5
381.226	1	-4
381.397	1	1
381.568	1	6
381.739	1	5
381.910	1	2
382.080	1	3
382.251	1	1
382.422	1	1
382.593	1	0
382.764	1	1
382.935	1	-3
383.105	1	-1
383.276	1	10
383.447	1	-2
383.618	1	13
383.789	1	-2
383.960	1	-4
384.130	1	4
384.301	1	-2
384.472	1	0
384.643	1	3
384.814	1	11
384.985	1	3
385.156	1	-1
385.326	1	8
385.497	1	4
385.668	1	-1
385.839	1	1
386.010	1	2
386.180	1	3
386.351	1	-11
386.522	1	2
386.693	1	-18
386.864	1	-7
387.035	1	8
387.205	1	-10
387.376	1	4
387.547	1	-11
387.718	1	-1
387.889	1	2
388.060	1	16
388.230	1	8
388.401	1	-4
388.572	1	7
388.743	1	-4
388.914	1	5
389.084	1	3
389.255	1	5
389.426	1	-1
389.597	1	1
389.768	1	7
389.939	1	-3
390.109	1	-3
390.280	1	5
390.451	1	-2
390.622	1	-6
390.793	1	-11
390.963	1	8
391.134	1	6
391.305	1	7
391.476	1	-6
391.647	1	-4
391.817	1	6
391.988	1	10
392.159	1	-2
392.330	1	-2
392.501	1	1
392.671	1	-2
392.842	1	-6
393.013	1	-5
393.184	1	6
393.355	1	12
393.525	1	1
393.696	1	0
393.867	1	6
394.038	1	-3
394.208	1	-2
394.379	1	6
394.550	1	5
394.721	1	-2
394.892	1	1
395.062	1	1
395.233	1	2
395.404	1	-5
395.575	1	-2
395.746	1	4
395.916	1	-4
396.087	1	-4
396.258	1	-8
396.429	1	0
396.599	1	-10
396.770	1	-6
396.941	1	-3
397.112	1	3
397.283	1	-3
397.453	1	12
397.624	1	-7
397.795	1	-1
397.966	1	-2
398.136	1	-12
398.307	1	0
398.478	1	5
398.649	1	-10
398.819	1	6
398.990	1	-7
399.161	1	1
399.332	1	-2
399.503	1	7
399.673	1	2
399.844	1	2
400.015	1	-14
400.186	1	0
400.356	1	-14
400.527	1	-2
400.698	1	-3
400.869	1	3
401.039	1	6
401.210	1	1
401.381	1	-8
401.552	1	-6
401.722	1	7
401.893	1	-7
402.064	1	-6
402.235	1	-4
402.405	1	0
402.576	1	0
402.747	1	-4
402.918	1	3
403.088	1	2
403.259	1	9
403.430	1	-5
403.601	1	3
403.771	1	7
403.942	1	10
404.113	1	-5
404.284	1	5
404.454	1	1
404.625	1	1
404.796	1	0
404.967	1	0
405.137	1	11
405.308	1	4
405.479	1	1
405.649	1	-1
405.820	1	-14
405.991	1	-6
406.162	1	5
406.332	1	7
406.503	1	-1
406.674	1	-6
406.845	1	4
407.015	1	2
407.186	1	0
407.357	1	-5
407.527	1	-5
407.698	1	4
407.869	1	-2
408.040	1	-16
408.210	1	5
408.381	1	6
408.552	1	-7
408.722	1	-17
408.893	1	3
409.064	1	0
409.235	1	-5
409.405	1	-3
409.576	1	0
409.747	1	0
409.917	1	3
410.088	1	-12
410.259	1	3
410.430	1	7
410.600	1	-2
410.771	1	5
410.942	1	2
411.112	1	-4
411.283	1	9
411.454	1	0
411.625	1	-10
411.795	1	-7
411.966	1	-3
412.137	1	-4
412.307	1	1
412.478	1	1
412.649	1	-7
412.819	1	-2
412.990	1	-3
413.161	1	1
413.332	1	0
413.502	1	-1
413.673	1	1
413.844	1	2
414.014	1	-4
414.185	1	-4
414.356	1	5
414.526	1	4
414.697	1	1
414.868	1	0
415.038	1	-2
415.209	1	1
415.380	1	4
415.550	1	-6
415.721	1	-4
415.892	1	1
416.063	1	0
416.233	1	-6
416.404	1	-1
416.575	1	13
416.745	1	-4
416.916	1	-8
417.087	1	-2
417.257	1	-7
417.428	1	0
417.599	1	-9
417.769	1	14
417.940	1	-2
418.111	1	4
418.281	1	3
418.452	1	-8
418.623	1	-3
418.793	1	-3
418.964	1	-10
419.135	1	-10
419.305	1	-3
419.476	1	5
419.647	1	1
419.817	1	8
419.988	1	-6
420.159	1	-2
420.329	1	-11
420.500	1	4
420.671	1	3
420.841	1	11
421.012	1	-3
421.183	1	-7
421.353	1	-2
421.524	1	-4
421.695	1	4
421.865	1	-2
422.036	1	-3
422.206	1	0
422.377	1	0
422.548	1	-10
422.718	1	0
422.889	1	-12
423.060	1	-3
423.230	1	-6
423.401	1	-3
423.572	1	-6
423.742	1	7
423.913	1	-6
424.084	1	2
424.254	1	0
424.425	1	-5
424.595	1	-1
424.766	1	-3
424.937	1	0
425.107	1	-2
425.278	1	-1
425.449	1	10
425.619	1	-8
425.790	1	-13
425.961	1	-2
426.131	1	-4
426.302	1	9
426.472	1	-4
426.643	1	5
426.814	1	0
426.984	1	-4
427.155	1	-10
427.326	1	2
427.496	1	-3
427.667	1	6
427.837	1	-10
428.008	1	6
428.179	1	-3
428.349	1	-11
428.520	1	1
428.691	1	7
428.861	1	1
429.032	1	-5
429.202	1	1
429.373	1	1
429.544	1	-11
429.714	1	8
429.885	1	-2
430.055	1	1
430.226	1	-11
430.397	1	-7
430.567	1	0
430.738	1	-11
430.909	1	0
431.079	1	-10
431.250	1	-14
431.420	1	-3
431.591	1	1
431.762	1	5
431.932	1	-4
432.103	1	1
432.273	1	-3
432.444	1	8
432.615	1	-14
432.785	1	-3
432.956	1	-13
433.126	1	-9
433.297	1	-5
433.468	1	-9
433.638	1	-1
433.809	1	6
433.979	1	1
434.150	1	0
434.320	1	-1
434.491	1	2
434.662	1	-6
434.832	1	0
435.003	1	2
435.173	1	-4
435.344	1	-2
435.515	1	11
435.685	1	2
435.856	1	0
436.026	1	-2
436.197	1	-3
436.368	1	-4
436.538	1	-18
436.709	1	3
436.879	1	0
437.050	1	-1
437.220	1	4
437.391	1	8
437.562	1	-3
437.732	1	-5
437.903	1	1
438.073	1	0
438.244	1	-6
438.414	1	-12
438.585	1	3
438.756	1	-3
438.926	1	-4
439.097	1	-5
439.267	1	-3
439.438	1	-5
439.608	1	-13
439.779	1	8
439.949	1	5
440.120	1	-5
440.291	1	7
440.461	1	6
440.632	1	0
440.802	1	-3
440.973	1	-5
441.143	1	9
441.314	1	-9
441.485	1	-2
441.655	1	2
441.826	1	-2
441.996	1	-3
442.167	1	0
442.337	1	-7
442.508	1	-6
442.678	1	-9
442.849	1	10
443.019	1	9
443.190	1	-3
443.361	1	-9
443.531	1	12
443.702	1	1
443.872	1	4
444.043	1	2
444.213	1	4
444.384	1	-8
444.554	1	5
444.725	1	-1
444.895	1	-2
445.066	1	-13
445.237	1	-3
445.407	1	-3
445.578	1	-7
445.748	1	-6
445.919	1	-10
446.089	1	8
446.260	1	-2
446.430	1	-3
446.601	1	4
446.771	1	2
446.942	1	1
447.112	1	-11
447.283	1	3
447.453	1	-11
447.624	1	-4
447.794	1	-4
447.965	1	7
448.135	1	-2
448.306	1	-3
448.477	1	3
448.647	1	-6
448.818	1	0
448.988	1	1
449.159	1	-3
449.329	1	4
449.500	1	-7
449.670	1	7
449.841	1	3
450.011	1	9
450.182	1	-6
450.352	1	-1
450.523	1	-9
450.693	1	-3
450.864	1	-5
451.034	1	2
451.205	1	11
451.375	1	1
451.546	1	2
451.716	1	-3
451.887	1	-18
452.057	1	3
452.228	1	-1
452.398	1	1
452.569	1	-6
452.739	1	4
452.910	1	0
453.080	1	5
453.251	1	-3
453.421	1	-3
453.592	1	0
453.762	1	1
453.933	1	-7
454.103	1	2
454.274	1	1
454.444	1	0
454.615	1	17
454.785	1	1
454.956	1	-1
455.126	1	-13
455.297	1	1
455.467	1	0
455.638	1	0
455.808	1	-4
455.979	1	-3
456.149	1	5
456.320	1	3
456.490	1	4
456.661	1	2
456.831	1	-8
457.001	1	-2
457.172	1	-2
457.342	1	3
457.513	1	3
457.683	1	-7
457.854	1	-10
458.024	1	-4
458.195	1	-3
458.365	1	-13
458.536	1	5
458.706	1	-4
458.877	1	-9
459.047	1	10
459.218	1	6
459.388	1	3
459.559	1	-4
459.729	1	-1
459.899	1	-6
460.070	1	-2
460.240	1	3
460.411	1	0
460.581	1	15
460.752	1	-10
460.922	1	4
461.093	1	-2
461.263	1	-1
461.434	1	-9
461.604	1	1
461.775	1	-2
461.945	1	5
462.115	1	4
462.286	1	-4
462.456	1	-14
462.627	1	2
462.797	1	3
462.968	1	-2
463.138	1	-9
463.309	1	-16
463.479	1	5
463.649	1	-5
463.820	1	-8
463.990	1	3
464.161	1	-2
464.331	1	-6
464.502	1	1
464.672	1	-2
464.843	1	-3
465.013	1	-3
465.183	1	-8
465.354	1	-10
465.524	1	7
465.695	1	5
465.865	1	-4
466.036	1	-3
466.206	1	5
466.376	1	2
466.547	1	-10
466.717	1	1
466.888	1	0
467.058	1	5
467.229	1	-8
467.399	1	4
467.569	1	3
467.740	1	4
467.910	1	-2
468.081	1	2
468.251	1	-7
468.422	1	-7
468.592	1	-6
468.762	1	-4
468.933	1	-1
469.103	1	-3
469.274	1	3
469.444	1	-9
469.614	1	-11
469.785	1	-19
469.955	1	-9
470.126	1	-13
470.296	1	-6
470.467	1	-5
470.637	1	-3
470.807	1	1
470.978	1	-2
471.148	1	8
471.319	1	-2
471.489	1	1
471.659	1	-13
471.830	1	-10
472.000	1	-2
472.171	1	3
472.341	1	7
472.511	1	-5
472.682	1	-2
472.852	1	-1
473.023	1	2
473.193	1	7
473.363	1	6
473.534	1	1
473.704	1	-9
473.875	1	6
474.045	1	2
474.215	1	6
474.386	1	10
474.556	1	-8
474.727	1	-16
474.897	1	2
475.067	1	-2
475.238	1	2
475.408	1	-10
475.578	1	-6
475.749	1	-2
475.919	1	-7
476.090	1	1
476.260	1	-4
476.430	1	2
476.601	1	-6
476.771	1	-1
476.942	1	7
477.112	1	-1
477.282	1	-4
477.453	1	-4
477.623	1	-6
477.793	1	-6
477.964	1	-2
478.134	1	-7
478.305	1	-11
478.475	1	-5
478.645	1	9
478.816	1	-10
478.986	1	-2
479.156	1	2
479.327	1	-14
479.497	1	-4
479.667	1	-5
479.838	1	2
480.008	1	-2
480.179	1	-9
480.349	1	-2
480.519	1	2
480.690	1	2
480.860	1	-10
481.030	1	1
481.201	1	-1
481.371	1	5
481.541	1	3
481.712	1	5
481.882	1	-4
482.053	1	10
482.223	1	-9
482.393	1	-5
482.564	1	1
482.734	1	-1
482.904	1	-7
483.075	1	-5
483.245	1	6
483.415	1	-4
483.586	1	-8
483.756	1	1
483.926	1	1
484.097	1	-5
484.267	1	-5
484.437	1	-7
484.608	1	4
484.778	1	6
484.948	1	-3
485.119	1	-4
485.289	1	-7
485.459	1	11
485.630	1	-4
485.800	1	-4
485.970	1	-14
486.141	1	-2
486.311	1	1
486.481	1	-12
486.652	1	13
486.822	1	3
486.992	1	8
487.163	1	1
487.333	1	3
487.503	1	-2
487.674	1	0
487.844	1	-4
488.014	1	6
488.185	1	-2
488.355	1	-1
488.525	1	-6
488.696	1	-7
488.866	1	2
489.036	1	11
489.207	1	-3
489.377	1	-7
489.547	1	-1
489.718	1	-1
489.888	1	-7
490.058	1	-8
490.228	1	13
490.399	1	-6
490.569	1	10
490.739	1	6
490.910	1	-2
491.080	1	8
491.250	1	-4
491.421	1	-7
491.591	1	-9
491.761	1	-5
491.932	1	2
492.102	1	-10
492.272	1	0
492.442	1	5
492.613	1	-2
492.783	1	6
492.953	1	-3
493.124	1	-4
493.294	1	-1
493.464	1	2
493.635	1	-4
493.805	1	5
493.975	1	-1
494.145	1	-3
494.316	1	5
494.486	1	2
494.656	1	-7
494.827	1	1
494.997	1	-12
495.167	1	-3
495.337	1	6
495.508	1	-13
495.678	1	0
495.848	1	7
496.019	1	0
496.189	1	2
496.359	1	2
496.529	1	5
496.700	1	-3
496.870	1	-4
497.040	1	-4
497.211	1	-1
497.381	1	0
497.551	1	3
497.721	1	-9
497.892	1	3
498.062	1	-1
498.232	1	-2
498.403	1	-7
498.573	1	-10
498.743	1	-4
498.913	1	4
499.084	1	0
499.254	1	-7
499.424	1	10
499.594	1	6
499.765	1	-3
499.935	1	3
500.105	1	-3
500.275	1	7
500.446	1	-9
500.616	1	-8
500.786	1	-5
500.956	1	-4
501.127	1	0
501.297	1	-6
501.467	1	-3
501.638	1	-8
501.808	1	0
501.978	1	4
502.148	1	-2
502.319	1	-6
502.489	1	-3
502.659	1	-8
502.829	1	5
503.000	1	-5
503.170	1	10
503.340	1	-2
503.510	1	-3
503.681	1	-16
503.851	1	8
504.021	1	-3
504.191	1	1
504.362	1	-2
504.532	1	0
504.702	1	-8
504.872	1	4
505.042	1	-4
505.213	1	-1
505.383	1	0
505.553	1	-8
505.723	1	-1
505.894	1	-2
506.064	1	7
506.234	1	4
506.404	1	-2
506.575	1	4
506.745	1	-1
506.915	1	4
507.085	1	-14
507.256	1	-4
507.426	1	-3
507.596	1	4
507.766	1	2
507.936	1	-6
508.107	1	-10
508.277	1	-6
508.447	1	9
508.617	1	-3
508.788	1	13
508.958	1	-9
509.128	1	3
509.298	1	1
509.468	1	2
509.639	1	-5
509.809	1	8
509.979	1	-14
510.149	1	3
510.319	1	-2
510.490	1	12
510.660	1	1
510.830	1	2
511.000	1	-8
511.171	1	-5
511.341	1	-5
511.511	1	11
511.681	1	9
511.851	1	3
512.022	1	-6
512.192	1	3
512.362	1	3
512.532	1	-3
512.702	1	-12
512.873	1	4
513.043	1	6
513.213	1	-12
513.383	1	-6
513.553	1	-6
513.724	1	1
513.894	1	-11
514.064	1	15
514.234	1	6
514.404	1	0
514.575	1	1
514.745	1	-1
514.915	1	1
515.085	1	-8
515.255	1	-10
515.425	1	-4
515.596	1	8
515.766	1	-1
515.936	1	3
516.106	1	-8
516.276	1	-13
516.447	1	12
516.617	1	4
516.787	1	5
516.957	1	-1
517.127	1	-6
517.297	1	1
517.468	1	-1
517.638	1	2
517.808	1	-4
517.978	1	6
518.148	1	-1
518.319	1	-1
518.489	1	-8
518.659	1	-7
518.829	1	-2
518.999	1	2
519.169	1	-2
519.340	1	0
519.510	1	-1
519.680	1	6
519.850	1	6
520.020	1	3
520.190	1	-9
520.361	1	9
520.531	1	4
520.701	1	-3
520.871	1	-1
521.041	1	0
521.211	1	-8
521.382	1	-14
521.552	1	2
521.722	1	-3
521.892	1	7
522.062	1	4
522.232	1	9
522.402	1	-1
522.573	1	-3
522.743	1	-4
522.913	1	1
523.083	1	-10
523.253	1	5
523.423	1	8
523.593	1	-7
523.764	1	3
523.934	1	-1
524.104	1	4
524.274	1	6
524.444	1	-6
524.614	1	-5
524.784	1	-5
524.955	1	-6
525.125	1	3
525.295	1	8
525.465	1	-2
525.635	1	0
525.805	1	-5
525.975	1	-1
526.146	1	-7
526.316	1	7
526.486	1	4
526.656	1	-9
526.826	1	-11
526.996	1	3
527.166	1	0
527.337	1	3
527.507	1	3
527.677	1	-3
527.847	1	-3
528.017	1	6
528.187	1	0
528.357	1	1
528.527	1	12
528.698	1	8
528.868	1	9
529.038	1	-5
529.208	1	0
529.378	1	2
529.548	1	-5
529.718	1	17
529.888	1	6
530.058	1	0
530.229	1	1
530.399	1	1
530.569	1	-17
530.739	1	0
530.909	1	-6
531.079	1	12
531.249	1	-4
531.419	1	0
531.589	1	2
531.760	1	-4
531.930	1	-2
532.100	1	5
532.270	1	-1
532.440	1	-3
532.610	1	-3
532.780	1	-1
532.950	1	1
533.120	1	7
533.290	1	2
533.461	1	2
533.631	1	0
533.801	1	7
533.971	1	-3
534.141	1	-17
534.311	1	6
534.481	1	-10
534.651	1	-3
534.821	1	3
534.991	1	-3
535.162	1	3
535.332	1	1
535.502	1	-5
535.672	1	-4
535.842	1	7
536.012	1	1
536.182	1	6
536.352	1	-7
536.522	1	-5
536.692	1	6
536.862	1	6
537.032	1	-3
537.203	1	-15
537.373	1	5
537.543	1	7
537.713	1	5
537.883	1	-6
538.053	1	1
538.223	1	-1
538.393	1	14
538.563	1	7
538.733	1	1
538.903	1	-12
539.073	1	-3
539.243	1	-5
539.413	1	3
539.584	1	-9
539.754	1	4
539.924	1	5
540.094	1	-1
540.264	1	-2
540.434	1	1
540.604	1	-2
540.774	1	9
540.944	1	-6
541.114	1	-4
541.284	1	7
541.454	1	-4
541.624	1	-2
541.794	1	0
541.964	1	16
542.134	1	8
542.305	1	4
542.475	1	-3
542.645	1	-1
542.815	1	8
542.985	1	10
543.155	1	2
543.325	1	-5
543.495	1	-1
543.665	1	4
543.835	1	13
544.005	1	5
544.175	1	-5
544.345	1	-2
544.515	1	5
544.685	1	-7
544.855	1	5
545.025	1	-2
545.195	1	-3
545.365	1	-7
545.535	1	6
545.705	1	-7
545.875	1	-15
546.045	1	-11
546.216	1	-1
546.386	1	3
546.556	1	-6
546.726	1	-9
546.896	1	0
547.066	1	5
547.236	1	2
547.406	1	-1
547.576	1	8
547.746	1	-9
547.916	1	-9
548.086	1	-1
548.256	1	-7
548.426	1	-4
548.596	1	-3
548.766	1	2
548.936	1	3
549.106	1	-4
549.276	1	-2
549.446	1	-5
549.616	1	-6
549.786	1	-3
549.956	1	10
550.126	1	15
550.296	1	-6
550.466	1	1
550.636	1	5
550.806	1	-5
550.976	1	7
551.146	1	4
551.316	1	8
551.486	1	7
551.656	1	3
551.826	1	2
551.996	1	4
552.166	1	1
552.336	1	-4
552.506	1	11
552.676	1	13
552.846	1	3
553.016	1	6
553.186	1	-6
553.356	1	-2
553.526	1	-10
553.696	1	-4
553.866	1	-8
554.036	1	-1
554.206	1	0
554.376	1	8
554.546	1	2
554.716	1	1
554.886	1	5
555.056	1	10
555.226	1	-1
555.396	1	3
555.566	1	3
555.736	1	-1
555.906	1	7
556.076	1	-4
556.246	1	0
556.416	1	-9
556.586	1	0
556.756	1	-8
556.926	1	-2
557.096	1	1
557.266	1	-7
557.436	1	-1
557.606	1	-2
557.776	1	-11
557.946	1	12
558.116	1	-2
558.286	1	14
558.456	1	-3
558.626	1	6
558.796	1	-7
558.966	1	-1
559.136	1	6
559.306	1	0
559.476	1	-1
559.646	1	3
559.816	1	-4
559.986	1	-7
560.155	1	11
560.325	1	-8
560.495	1	2
560.665	1	-8
560.835	1	1
561.005	1	-1
561.175	1	-1
561.345	1	2
561.515	1	0
561.685	1	1
561.855	1	-5
562.025	1	-5
562.195	1	0
562.365	1	-1
562.535	1	-3
562.705	1	-1
562.875	1	2
563.045	1	2
563.215	1	5
563.385	1	-16
563.555	1	-4
563.725	1	-2
563.895	1	6
564.064	1	-1
564.234	1	-4
564.404	1	3
564.574	1	11
564.744	1	-3
564.914	1	0
565.084	1	2
565.254	1	5
565.424	1	1
565.594	1	5
565.764	1	-5
565.934	1	12
566.104	1	3
566.274	1	-2
566.444	1	-8
566.614	1	-9
566.783	1	-6
566.953	1	11
567.123	1	8
567.293	1	7
567.463	1	3
567.633	1	-1
567.803	1	-17
567.973	1	-4
568.143	1	-1
568.313	1	-5
568.483	1	1
568.653	1	1
568.823	1	11
568.993	1	-1
569.162	1	8
569.332	1	1
569.502	1	-4
569.672	1	6
569.842	1	5
570.012	1	-3
570.182	1	7
570.352	1	-5
570.522	1	-11
570.692	1	10
570.862	1	-2
571.031	1	6
571.201	1	12
571.371	1	-6
571.541	1	2
571.711	1	-3
571.881	1	-3
572.051	1	-5
572.221	1	-4
572.391	1	-5
572.561	1	0
572.731	1	0
572.900	1	-9
573.070	1	1
573.240	1	0
573.410	1	12
573.580	1	-3
573.750	1	1
573.920	1	-2
574.090	1	1
574.260	1	11
574.430	1	1
574.599	1	-7
574.769	1	-3
574.939	1	1
575.109	1	6
575.279	1	11
575.449	1	1
575.619	1	11
575.789	1	-19
575.959	1	-5
576.128	1	-3
576.298	1	14
576.468	1	4
576.638	1	-7
576.808	1	-6
576.978	1	10
577.148	1	2
577.318	1	2
577.487	1	-7
577.657	1	0
577.827	1	-1
577.997	1	-8
578.167	1	-2
578.337	1	6
578.507	1	-5
578.677	1	6
578.846	1	6
579.016	1	8
579.186	1	2
579.356	1	-5
579.526	1	0
579.696	1	6
579.866	1	5
580.036	1	-6
580.205	1	-1
580.375	1	-1
580.545	1	-1
580.715	1	-1
580.885	1	-3
581.055	1	5
581.225	1	1
581.394	1	1
581.564	1	10
581.734	1	-4
581.904	1	6
582.074	1	-1
582.244	1	-3
582.414	1	14
582.583	1	3
582.753	1	-7
582.923	1	-2
583.093	1	-3
583.263	1	4
583.433	1	-6
583.603	1	4
583.772	1	9
583.942	1	-4
584.112	1	-6
584.282	1	-5
584.452	1	-5
584.622	1	-6
584.791	1	-6
584.961	1	0
585.131	1	0
585.301	1	-5
585.471	1	-2
585.641	1	-6
585.811	1	2
585.980	1	8
586.150	1	-2
586.320	1	-6
586.490	1	-1
586.660	1	8
586.830	1	1
586.999	1	1
587.169	1	4
587.339	1	3
587.509	1	-4
587.679	1	2
587.849	1	4
588.018	1	-3
588.188	1	9
588.358	1	-3
588.528	1	8
588.698	1	4
588.867	1	5
589.037	1	1
589.207	1	4
589.377	1	-6
589.547	1	0
589.717	1	-1
589.886	1	-4
590.056	1	-7
590.226	1	6
590.396	1	4
590.566	1	-1
590.735	1	-7
590.905	1	1
591.075	1	2
591.245	1	-10
591.415	1	6
591.585	1	-4
591.754	1	5
591.924	1	-6
592.094	1	4
592.264	1	0
592.434	1	-8
592.603	1	-5
592.773	1	-5
592.943	1	-5
593.113	1	6
593.283	1	-6
593.452	1	8
593.622	1	-8
593.792	1	3
593.962	1	2
594.132	1	-4
594.301	1	2
594.471	1	0
594.641	1	-9
594.811	1	1
594.981	1	-4
595.150	1	1
595.320	1	4
595.490	1	6
595.660	1	-6
595.829	1	0
595.999	1	-12
596.169	1	3
596.339	1	-6
596.509	1	6
596.678	1	-7
596.848	1	10
597.018	1	1
597.188	1	-5
597.358	1	3
597.527	1	-13
597.697	1	3
597.867	1	-5
598.037	1	5
598.206	1	-14
598.376	1	1
598.546	1	-2
598.716	1	5
598.885	1	-11
599.055	1	4
599.225	1	-5
599.395	1	-5
599.565	1	-9
599.734	1	7
599.904	1	-5
600.074	1	4
600.244	1	-5
600.413	1	14
600.583	1	18
600.753	1	5
600.923	1	2
601.092	1	7
601.262	1	3
601.432	1	-8
601.602	1	9
601.771	1	-1
601.941	1	-1
602.111	1	2
602.281	1	8
602.451	1	-1
602.620	1	-3
602.790	1	-2
602.960	1	2
603.130	1	10
603.299	1	-6
603.469	1	-6
603.639	1	-8
603.809	1	6
603.978	1	0
604.148	1	0
604.318	1	3
604.487	1	0
604.657	1	1
604.827	1	0
604.997	1	-3
605.166	1	8
605.336	1	13
605.506	1	-2
605.676	1	-11
605.845	1	-3
606.015	1	2
606.185	1	0
606.355	1	8
606.524	1	-7
606.694	1	-4
606.864	1	-7
607.034	1	-11
607.203	1	2
607.373	1	3
607.543	1	-7
607.712	1	-11
607.882	1	2
608.052	1	-9
608.222	1	-2
608.391	1	3
608.561	1	0
608.731	1	-3
608.901	1	6
609.070	1	5
609.240	1	-1
609.410	1	10
609.579	1	-5
609.749	1	-1
609.919	1	1
610.089	1	-11
610.258	1	2
610.428	1	-1
610.598	1	-2
610.767	1	1
610.937	1	1
611.107	1	4
611.277	1	-5
611.446	1	5
611.616	1	-2
611.786	1	15
611.955	1	1
612.125	1	-3
612.295	1	-6
612.465	1	2
612.634	1	-6
612.804	1	8
612.974	1	-20
613.143	1	-1
613.313	1	9
613.483	1	-1
613.652	1	8
613.822	1	-2
613.992	1	0
614.162	1	1
614.331	1	-6
614.501	1	-13
614.671	1	12
614.840	1	4
615.010	1	-8
615.180	1	-6
615.349	1	-1
615.519	1	-13
615.689	1	0
615.858	1	9
616.028	1	5
616.198	1	6
616.368	1	-3
616.537	1	-7
616.707	1	8
616.877	1	2
617.046	1	7
617.216	1	-6
617.386	1	-2
617.555	1	0
617.725	1	-3
617.895	1	2
618.064	1	-8
618.234	1	-5
618.404	1	-2
618.573	1	-2
618.743	1	-3
618.913	1	2
619.082	1	2
619.252	1	-2
619.422	1	-11
619.591	1	-2
619.761	1	8
619.931	1	9
620.100	1	-3
620.270	1	-3
620.440	1	3
620.609	1	2
620.779	1	-13
620.949	1	-2
621.118	1	-5
621.288	1	1
621.458	1	1
621.627	1	-2
621.797	1	-3
621.967	1	1
622.136	1	10
622.306	1	-9
622.476	1	2
622.645	1	11
622.815	1	2
622.985	1	-5
623.154	1	1
623.324	1	-5
623.494	1	9
623.663	1	-5
623.833	1	3
624.002	1	-7
624.172	1	-5
624.342	1	9
624.511	1	-13
624.681	1	-5
624.851	1	-7
625.020	1	-12
625.190	1	-2
625.360	1	-5
625.529	1	6
625.699	1	-3
625.869	1	0
626.038	1	-8
626.208	1	-2
626.377	1	8
626.547	1	-4
626.717	1	-5
626.886	1	1
627.056	1	-1
627.226	1	5
627.395	1	8
627.565	1	4
627.735	1	1
627.904	1	-1
628.074	1	-12
628.243	1	10
628.413	1	-6
628.583	1	-3
628.752	1	4
628.922	1	8
629.091	1	-6
629.261	1	5
629.431	1	-6
629.600	1	4
629.770	1	-15
629.940	1	-5
630.109	1	-11
630.279	1	-9
630.448	1	-4
630.618	1	1
630.788	1	6
630.957	1	-3
631.127	1	5
631.297	1	-1
631.466	1	6
631.636	1	-11
631.805	1	2
631.975	1	5
632.145	1	-6
632.314	1	5
632.484	1	-3
632.653	1	4
632.823	1	-6
632.993	1	-7
633.162	1	2
633.332	1	-4
633.501	1	1
633.671	1	-4
633.841	1	-5
634.010	1	-3
634.180	1	-2
634.349	1	6
634.519	1	-5
634.689	1	-2
634.858	1	2
635.028	1	8
635.197	1	7
635.367	1	-8
635.537	1	-1
635.706	1	3
635.876	1	0
636.045	1	5
636.215	1	-6
636.384	1	2
636.554	1	2
636.724	1	8
636.893	1	-9
637.063	1	-2
637.232	1	-2
637.402	1	3
637.572	1	3
637.741	1	12
637.911	1	-1
638.080	1	-11
638.250	1	2
638.419	1	-10
638.589	1	-6
638.759	1	-8
638.928	1	-1
639.098	1	6
639.267	1	0
639.437	1	5
639.606	1	11
639.776	1	-6
639.946	1	0
640.115	1	0
640.285	1	7
640.454	1	-7
640.624	1	-5
640.793	1	8
640.963	1	-4
641.132	1	2
641.302	1	-6
641.472	1	2
641.641	1	-7
641.811	1	0
641.980	1	0
642.150	1	-17
642.319	1	-6
642.489	1	6
642.659	1	2
642.828	1	1
642.998	1	4
643.167	1	-8
643.337	1	-3
643.506	1	-13
643.676	1	0
643.845	1	5
644.015	1	7
644.184	1	-1
644.354	1	1
644.524	1	1
644.693	1	5
644.863	1	-3
645.032	1	-8
645.202	1	4
645.371	1	-2
645.541	1	-5
645.710	1	-7
645.880	1	-2
646.049	1	-11
646.219	1	0
646.388	1	-2
646.558	1	1
646.728	1	-2
646.897	1	-2
647.067	1	0
647.236	1	2
647.406	1	-2
647.575	1	0
647.745	1	-3
647.914	1	-5
648.084	1	-5
648.253	1	16
648.423	1	-6
648.592	1	-3
648.762	1	1
648.931	1	7
649.101	1	-4
649.270	1	-4
649.440	1	5
649.610	1	2
649.779	1	3
649.949	1	-6
650.118	1	9
650.288	1	1
650.457	1	6
650.627	1	-5
650.796	1	1
650.966	1	9
651.135	1	-2
651.305	1	5
651.474	1	-10
651.644	1	12
651.813	1	0
651.983	1	-8
652.152	1	-2
652.322	1	3
652.491	1	-1
652.661	1	-2
652.830	1	-3
653.000	1	-4
653.169	1	7
653.339	1	5
653.508	1	-3
653.678	1	-4
653.847	1	8
654.017	1	-8
654.186	1	2
654.356	1	-10
654.525	1	5
654.695	1	3
654.864	1	-2
655.034	1	-5
655.203	1	-7
655.373	1	12
655.542	1	2
655.712	1	-1
655.881	1	-4
656.051	1	-4
656.220	1	-14
656.390	1	-2
656.559	1	-9
656.729	1	6
656.898	1	-6
657.068	1	2
657.237	1	-8
657.406	1	8
657.576	1	-10
657.745	1	-6
657.915	1	1
658.084	1	0
658.254	1	-9
658.423	1	8
658.593	1	-1
658.762	1	0
658.932	1	2
659.101	1	17
659.271	1	-1
659.440	1	-1
659.610	1	4
659.779	1	1
659.949	1	-13
660.118	1	-6
660.288	1	4
660.457	1	-2
660.626	1	10
660.796	1	-10
660.965	1	16
661.135	1	-8
661.304	1	-3
661.474	1	-7
661.643	1	6
661.813	1	5
661.982	1	9
662.152	1	0
662.321	1	1
662.491	1	-5
662.660	1	5
662.829	1	-8
662.999	1	-7
663.168	1	-1
663.338	1	14
663.507	1	4
663.677	1	2
663.846	1	-4
664.016	1	-5
664.185	1	2
664.354	1	7
664.524	1	1
664.693	1	11
664.863	1	-6
665.032	1	-4
665.202	1	0
665.371	1	-6
665.541	1	-8
665.710	1	-2
665.879	1	-1
666.049	1	-7
666.218	1	-7
666.388	1	11
666.557	1	-6
666.727	1	-7
666.896	1	-5
667.065	1	10
667.235	1	4
667.404	1	-9
667.574	1	-6
667.743	1	6
667.913	1	-5
668.082	1	5
668.251	1	-6
668.421	1	-1
668.590	1	-2
668.760	1	-5
668.929	1	-17
669.099	1	-6
669.268	1	-5
669.437	1	8
669.607	1	0
669.776	1	-8
669.946	1	8
670.115	1	6
670.285	1	-5
670.454	1	3
670.623	1	-1
670.793	1	-2
670.962	1	-5
671.132	1	6
671.301	1	-2
671.470	1	4
671.640	1	-1
671.809	1	-3
671.979	1	-5
672.148	1	-3
672.317	1	7
672.487	1	-8
672.656	1	2
672.826	1	-7
672.995	1	1
673.164	1	-1
673.334	1	1
673.503	1	-1
673.673	1	5
673.842	1	-10
674.011	1	3
674.181	1	3
674.350	1	-3
674.520	1	-8
674.689	1	6
674.858	1	0
675.028	1	0
675.197	1	0
675.367	1	3
675.536	1	5
675.705	1	-2
675.875	1	4
676.044	1	1
676.214	1	-4
676.383	1	-5
676.552	1	-5
676.722	1	-2
676.891	1	12
677.060	1	-8
677.230	1	-5
677.399	1	-3
677.569	1	-1
677.738	1	10
677.907	1	5
678.077	1	-1
678.246	1	-6
678.416	1	3
678.585	1	5
678.754	1	-7
678.924	1	1
679.093	1	0
679.262	1	-9
679.432	1	3
679.601	1	-4
679.771	1	1
679.940	1	-4
680.109	1	7
680.279	1	-2
680.448	1	0
680.617	1	-10
680.787	1	-1
680.956	1	-2
681.125	1	0
681.295	1	-4
681.464	1	-2
681.634	1	-3
681.803	1	3
681.972	1	-7
682.142	1	9
682.311	1	-3
682.480	1	13
682.650	1	-3
682.819	1	1
682.988	1	-3
683.158	1	0
683.327	1	0
683.496	1	3
683.666	1	-7
683.835	1	1
684.004	1	5
684.174	1	-6
684.343	1	2
684.512	1	3
684.682	1	-7
684.851	1	0
685.021	1	4
685.190	1	4
685.359	1	0
685.529	1	-3
685.698	1	-5
685.867	1	-3
686.037	1	-7
686.206	1	-4
686.375	1	16
686.545	1	-6
686.714	1	-7
686.883	1	-7
687.053	1	5
687.222	1	-2
687.391	1	-3
687.561	1	-2
687.730	1	-1
687.899	1	6
688.069	1	7
688.238	1	3
688.407	1	-1
688.577	1	-10
688.746	1	-3
