500.757	1	35
500.928	1	26
501.099	1	40
501.269	1	29
501.440	1	30
501.611	1	37
501.782	1	31
501.952	1	33
502.123	1	41
502.294	1	35
502.464	1	30
502.635	1	35
502.806	1	35
502.976	1	37
503.147	1	43
503.318	1	23
503.489	1	18
503.659	1	28
503.830	1	33
504.001	1	22
504.171	1	23
504.342	1	14
504.513	1	30
504.683	1	29
504.854	1	21
505.025	1	43
505.195	1	36
505.366	1	27
505.537	1	28
505.707	1	35
505.878	1	20
506.049	1	32
506.219	1	45
506.390	1	39
506.561	1	34
506.731	1	32
506.902	1	40
507.073	1	35
507.243	1	32
507.414	1	31
507.585	1	41
507.755	1	36
507.926	1	34
508.097	1	35
508.267	1	24
508.438	1	29
508.609	1	41
508.779	1	28
508.950	1	27
509.121	1	35
509.291	1	47
509.462	1	43
509.633	1	24
509.803	1	33
509.974	1	26
510.145	1	28
510.315	1	34
510.486	1	34
510.657	1	27
510.827	1	32
510.998	1	37
511.169	1	27
511.339	1	25
511.510	1	23
511.680	1	33
511.851	1	43
512.022	1	36
512.192	1	16
512.363	1	43
512.534	1	42
512.704	1	24
512.875	1	26
513.046	1	23
513.216	1	34
513.387	1	27
513.558	1	21
513.728	1	32
513.899	1	34
514.069	1	32
514.240	1	28
514.411	1	30
514.581	1	22
514.752	1	28
514.923	1	37
515.093	1	30
515.264	1	20
515.434	1	19
515.605	1	31
515.776	1	24
515.946	1	26
516.117	1	23
516.288	1	31
516.458	1	27
516.629	1	31
516.799	1	17
516.970	1	22
517.141	1	24
517.311	1	18
517.482	1	26
517.653	1	17
517.823	1	30
517.994	1	22
518.164	1	16
518.335	1	33
518.506	1	14
518.676	1	17
518.847	1	15
519.017	1	15
519.188	1	23
519.359	1	21
519.529	1	27
519.700	1	25
519.870	1	15
520.041	1	12
520.212	1	39
520.382	1	16
520.553	1	13
520.723	1	40
520.894	1	15
521.065	1	37
521.235	1	22
521.406	1	22
521.576	1	23
521.747	1	9
521.918	1	30
522.088	1	19
522.259	1	12
522.429	1	18
522.600	1	30
522.770	1	22
522.941	1	17
523.112	1	24
523.282	1	23
523.453	1	13
523.623	1	23
523.794	1	30
523.965	1	17
524.135	1	9
524.306	1	17
524.476	1	21
524.647	1	31
524.817	1	21
524.988	1	17
525.159	1	21
525.329	1	27
525.500	1	21
525.670	1	20
525.841	1	34
526.011	1	14
526.182	1	28
526.353	1	9
526.523	1	20
526.694	1	22
526.864	1	13
527.035	1	20
527.205	1	20
527.376	1	28
527.547	1	10
527.717	1	19
527.888	1	22
528.058	1	18
528.229	1	19
528.399	1	15
528.570	1	13
528.740	1	23
528.911	1	23
529.082	1	10
529.252	1	11
529.423	1	33
529.593	1	15
529.764	1	17
529.934	1	21
530.105	1	19
530.275	1	21
530.446	1	11
530.617	1	22
530.787	1	19
530.958	1	22
531.128	1	20
531.299	1	20
531.469	1	8
531.640	1	12
531.810	1	20
531.981	1	12
532.151	1	21
532.322	1	16
532.492	1	26
532.663	1	8
532.834	1	12
533.004	1	14
533.175	1	33
533.345	1	6
533.516	1	10
533.686	1	28
533.857	1	16
534.027	1	15
534.198	1	22
534.368	1	16
534.539	1	25
534.709	1	19
534.880	1	0
535.050	1	19
535.221	1	15
535.391	1	22
535.562	1	27
535.732	1	24
535.903	1	3
536.073	1	9
536.244	1	24
536.415	1	21
536.585	1	14
536.756	1	16
536.926	1	-4
537.097	1	19
537.267	1	8
537.438	1	29
537.608	1	15
537.779	1	20
537.949	1	25
538.120	1	16
538.290	1	14
538.461	1	18
538.631	1	16
538.802	1	30
538.972	1	22
539.143	1	19
539.313	1	18
539.484	1	19
539.654	1	12
539.825	1	14
539.995	1	1
540.166	1	15
540.336	1	7
540.507	1	23
540.677	1	9
540.848	1	6
541.018	1	13
541.189	1	14
541.359	1	12
541.530	1	5
541.700	1	14
541.871	1	15
542.041	1	18
542.211	1	18
542.382	1	9
542.552	1	0
542.723	1	14
542.893	1	24
543.064	1	10
543.234	1	12
543.405	1	16
543.575	1	-2
543.746	1	19
543.916	1	11
544.087	1	22
544.257	1	19
544.428	1	16
544.598	1	15
544.769	1	15
544.939	1	6
545.110	1	6
545.280	1	19
545.451	1	12
545.621	1	20
545.791	1	15
545.962	1	13
546.132	1	7
546.303	1	22
546.473	1	19
546.644	1	15
546.814	1	11
546.985	1	5
547.155	1	7
547.326	1	12
547.496	1	7
547.666	1	26
547.837	1	12
548.007	1	20
548.178	1	12
548.348	1	17
548.519	1	14
548.689	1	8
548.860	1	20
549.030	1	27
549.201	1	17
549.371	1	11
549.541	1	15
549.712	1	19
549.882	1	19
550.053	1	14
550.223	1	16
550.394	1	18
550.564	1	17
550.735	1	29
550.905	1	1
551.075	1	15
551.246	1	15
551.416	1	8
551.587	1	21
551.757	1	10
551.928	1	9
552.098	1	17
552.268	1	8
552.439	1	14
552.609	1	7
552.780	1	9
552.950	1	24
553.121	1	21
553.291	1	8
553.461	1	13
553.632	1	14
553.802	1	16
553.973	1	16
554.143	1	21
554.314	1	9
554.484	1	12
554.654	1	12
554.825	1	18
554.995	1	3
555.166	1	11
555.336	1	15
555.506	1	19
555.677	1	8
555.847	1	19
556.018	1	12
556.188	1	13
556.359	1	10
556.529	1	14
556.699	1	10
556.870	1	17
557.040	1	16
557.211	1	21
557.381	1	14
557.551	1	14
557.722	1	12
557.892	1	5
558.063	1	14
558.233	1	7
558.403	1	5
558.574	1	14
558.744	1	21
558.915	1	11
559.085	1	22
559.255	1	10
559.426	1	8
559.596	1	5
559.767	1	16
559.937	1	16
560.107	1	11
560.278	1	5
560.448	1	12
560.618	1	12
560.789	1	15
560.959	1	12
561.130	1	7
561.300	1	9
561.470	1	12
561.641	1	9
561.811	1	12
561.982	1	22
562.152	1	0
562.322	1	15
562.493	1	8
562.663	1	11
562.833	1	13
563.004	1	9
563.174	1	17
563.345	1	15
563.515	1	13
563.685	1	2
563.856	1	4
564.026	1	11
564.196	1	8
564.367	1	24
564.537	1	4
564.707	1	11
564.878	1	-2
565.048	1	2
565.219	1	1
565.389	1	7
565.559	1	11
565.730	1	3
565.900	1	19
566.070	1	15
566.241	1	8
566.411	1	11
566.581	1	10
566.752	1	22
566.922	1	11
567.093	1	11
567.263	1	14
567.433	1	7
567.604	1	17
567.774	1	1
567.944	1	6
568.115	1	10
568.285	1	4
568.455	1	11
568.626	1	19
568.796	1	11
568.966	1	22
569.137	1	-1
569.307	1	9
569.477	1	3
569.648	1	9
569.818	1	12
569.988	1	16
570.159	1	3
570.329	1	14
570.499	1	12
570.670	1	6
570.840	1	-3
571.010	1	28
571.181	1	20
571.351	1	8
571.521	1	9
571.692	1	7
571.862	1	15
572.032	1	7
572.203	1	22
572.373	1	28
572.543	1	1
572.714	1	12
572.884	1	11
573.054	1	6
573.225	1	8
573.395	1	9
573.565	1	15
573.736	1	5
573.906	1	2
574.076	1	17
574.247	1	4
574.417	1	4
574.587	1	12
574.757	1	-5
574.928	1	4
575.098	1	10
575.268	1	9
575.439	1	17
575.609	1	5
575.779	1	-2
575.950	1	3
576.120	1	14
576.290	1	4
576.461	1	18
576.631	1	7
576.801	1	7
576.971	1	4
577.142	1	0
577.312	1	3
577.482	1	11
577.653	1	14
577.823	1	5
577.993	1	21
578.164	1	16
578.334	1	0
578.504	1	9
578.674	1	12
578.845	1	15
579.015	1	5
579.185	1	14
579.356	1	14
579.526	1	18
579.696	1	16
579.866	1	1
580.037	1	6
580.207	1	9
580.377	1	6
580.548	1	5
580.718	1	2
580.888	1	-1
581.058	1	-1
581.229	1	1
581.399	1	9
581.569	1	13
581.739	1	21
581.910	1	13
582.080	1	31
582.250	1	126
582.421	1	164
582.591	1	12
582.761	1	20
582.931	1	12
583.102	1	6
583.272	1	17
583.442	1	-8
583.612	1	4
583.783	1	-5
583.953	1	14
584.123	1	12
584.294	1	9
584.464	1	8
584.634	1	2
584.804	1	1
584.975	1	-3
585.145	1	15
585.315	1	3
585.485	1	15
585.656	1	4
585.826	1	20
585.996	1	10
586.166	1	1
586.337	1	10
586.507	1	7
586.677	1	7
586.847	1	11
587.018	1	7
587.188	1	13
587.358	1	15
587.528	1	-6
587.699	1	15
587.869	1	5
588.039	1	2
588.209	1	23
588.380	1	3
588.550	1	8
588.720	1	11
588.890	1	8
589.060	1	14
589.231	1	16
589.401	1	6
589.571	1	9
589.741	1	15
589.912	1	13
590.082	1	10
590.252	1	4
590.422	1	14
590.593	1	9
590.763	1	6
590.933	1	21
591.103	1	8
591.273	1	12
591.444	1	13
591.614	1	7
591.784	1	9
591.954	1	13
592.125	1	7
592.295	1	1
592.465	1	2
592.635	1	6
592.805	1	8
592.976	1	20
593.146	1	7
593.316	1	4
593.486	1	11
593.657	1	7
593.827	1	-1
593.997	1	12
594.167	1	15
594.337	1	10
594.508	1	12
594.678	1	1
594.848	1	8
595.018	1	12
595.188	1	10
595.359	1	9
595.529	1	7
595.699	1	18
595.869	1	-2
596.039	1	-1
596.210	1	15
596.380	1	9
596.550	1	13
596.720	1	-5
596.890	1	10
597.061	1	24
597.231	1	4
597.401	1	18
597.571	1	5
597.741	1	8
597.912	1	-3
598.082	1	7
598.252	1	28
598.422	1	9
598.592	1	12
598.762	1	7
598.933	1	10
599.103	1	1
599.273	1	1
599.443	1	10
599.613	1	5
599.784	1	-4
599.954	1	14
600.124	1	16
600.294	1	7
600.464	1	4
600.634	1	6
600.805	1	14
600.975	1	8
601.145	1	7
601.315	1	16
601.485	1	7
601.656	1	11
601.826	1	7
601.996	1	-5
602.166	1	12
602.336	1	4
602.506	1	20
602.677	1	16
602.847	1	4
603.017	1	4
603.187	1	15
603.357	1	7
603.527	1	6
603.697	1	6
603.868	1	4
604.038	1	2
604.208	1	20
604.378	1	13
604.548	1	11
604.718	1	8
604.889	1	12
605.059	1	16
605.229	1	7
605.399	1	3
605.569	1	18
605.739	1	5
605.909	1	6
606.080	1	15
606.250	1	8
606.420	1	9
606.590	1	11
606.760	1	5
606.930	1	10
607.100	1	15
607.271	1	16
607.441	1	8
607.611	1	19
607.781	1	15
607.951	1	8
608.121	1	18
608.291	1	18
608.462	1	16
608.632	1	7
608.802	1	10
608.972	1	10
609.142	1	18
609.312	1	16
609.482	1	8
609.652	1	15
609.823	1	8
609.993	1	19
610.163	1	10
610.333	1	20
610.503	1	18
610.673	1	13
610.843	1	8
611.013	1	10
611.184	1	24
611.354	1	6
611.524	1	6
611.694	1	13
611.864	1	8
612.034	1	19
612.204	1	20
612.374	1	11
612.545	1	6
612.715	1	7
612.885	1	14
613.055	1	15
613.225	1	9
613.395	1	-5
613.565	1	10
613.735	1	7
613.905	1	8
614.075	1	7
614.246	1	9
614.416	1	17
614.586	1	15
614.756	1	11
614.926	1	7
615.096	1	10
615.266	1	7
615.436	1	10
615.606	1	-7
615.776	1	8
615.947	1	10
616.117	1	11
616.287	1	13
616.457	1	15
616.627	1	7
616.797	1	20
616.967	1	2
617.137	1	4
617.307	1	15
617.477	1	10
617.647	1	14
617.818	1	-9
617.988	1	15
618.158	1	8
618.328	1	1
618.498	1	5
618.668	1	15
618.838	1	10
619.008	1	5
619.178	1	12
619.348	1	16
619.518	1	4
619.688	1	1
619.859	1	25
620.029	1	10
620.199	1	13
620.369	1	18
620.539	1	13
620.709	1	19
620.879	1	17
621.049	1	15
621.219	1	17
621.389	1	9
621.559	1	11
621.729	1	6
621.899	1	4
622.069	1	9
622.239	1	15
622.410	1	9
622.580	1	8
622.750	1	16
622.920	1	10
623.090	1	12
623.260	1	8
623.430	1	11
623.600	1	8
623.770	1	23
623.940	1	26
624.110	1	4
624.280	1	5
624.450	1	25
624.620	1	10
624.790	1	4
624.960	1	16
625.130	1	23
625.300	1	12
625.470	1	-6
625.640	1	14
625.811	1	11
625.981	1	5
626.151	1	10
626.321	1	15
626.491	1	7
626.661	1	8
626.831	1	13
627.001	1	10
627.171	1	13
627.341	1	5
627.511	1	5
627.681	1	23
627.851	1	14
628.021	1	12
628.191	1	19
628.361	1	11
628.531	1	17
628.701	1	10
628.871	1	16
629.041	1	20
629.211	1	12
629.381	1	15
629.551	1	9
629.721	1	23
629.891	1	12
630.061	1	1
630.231	1	18
630.401	1	9
630.571	1	16
630.741	1	13
630.911	1	13
631.081	1	16
631.251	1	16
631.421	1	13
631.591	1	5
631.761	1	2
631.931	1	18
632.101	1	9
632.271	1	14
632.441	1	4
632.611	1	23
632.782	1	18
632.952	1	14
633.122	1	24
633.292	1	22
633.462	1	17
633.632	1	12
633.802	1	7
633.972	1	13
634.142	1	18
634.312	1	8
634.482	1	7
634.652	1	18
634.821	1	17
634.991	1	4
635.161	1	29
635.331	1	18
635.501	1	9
635.671	1	3
635.841	1	9
636.011	1	3
636.181	1	18
636.351	1	4
636.521	1	17
636.691	1	27
636.861	1	15
637.031	1	12
637.201	1	15
637.371	1	16
637.541	1	5
637.711	1	19
637.881	1	13
638.051	1	22
638.221	1	-4
638.391	1	3
638.561	1	17
638.731	1	6
638.901	1	13
639.071	1	9
639.241	1	21
639.411	1	22
639.581	1	17
639.751	1	21
639.921	1	7
640.091	1	7
640.261	1	14
640.431	1	18
640.601	1	-1
640.771	1	7
640.941	1	30
641.111	1	15
641.281	1	15
641.451	1	15
641.621	1	14
641.791	1	10
641.960	1	15
642.130	1	4
642.300	1	17
642.470	1	7
642.640	1	21
642.810	1	19
642.980	1	8
643.150	1	24
643.320	1	12
643.490	1	11
643.660	1	7
643.830	1	13
644.000	1	14
644.170	1	12
644.340	1	13
644.510	1	1
644.680	1	17
644.850	1	7
645.020	1	21
645.189	1	13
645.359	1	14
645.529	1	9
645.699	1	16
645.869	1	17
646.039	1	10
646.209	1	5
646.379	1	9
646.549	1	6
646.719	1	4
646.889	1	4
647.059	1	13
647.229	1	24
647.399	1	7
647.569	1	20
647.738	1	9
647.908	1	14
648.078	1	14
648.248	1	19
648.418	1	14
648.588	1	11
648.758	1	22
648.928	1	10
649.098	1	4
649.268	1	0
649.438	1	18
649.608	1	15
649.778	1	16
649.947	1	14
650.117	1	25
650.287	1	29
650.457	1	10
650.627	1	5
650.797	1	5
650.967	1	17
651.137	1	12
651.307	1	9
651.477	1	22
651.647	1	21
651.816	1	5
651.986	1	9
652.156	1	17
652.326	1	13
652.496	1	16
652.666	1	6
652.836	1	11
653.006	1	8
653.176	1	16
653.346	1	11
653.515	1	11
653.685	1	13
653.855	1	16
654.025	1	8
654.195	1	12
654.365	1	15
654.535	1	20
654.705	1	20
654.875	1	5
655.044	1	13
655.214	1	15
655.384	1	8
655.554	1	13
655.724	1	5
655.894	1	21
656.064	1	14
656.234	1	17
656.404	1	14
656.573	1	16
656.743	1	4
656.913	1	13
657.083	1	8
657.253	1	16
657.423	1	17
657.593	1	21
657.763	1	12
657.932	1	4
658.102	1	25
658.272	1	10
658.442	1	23
658.612	1	10
658.782	1	7
658.952	1	11
659.121	1	22
659.291	1	12
659.461	1	13
659.631	1	6
659.801	1	7
659.971	1	10
660.141	1	13
660.311	1	17
660.480	1	12
660.650	1	5
660.820	1	20
660.990	1	19
661.160	1	10
661.330	1	5
661.500	1	12
661.669	1	11
661.839	1	22
662.009	1	12
662.179	1	13
662.349	1	13
662.519	1	7
662.688	1	17
662.858	1	18
663.028	1	8
663.198	1	21
663.368	1	14
663.538	1	6
663.708	1	6
663.877	1	17
664.047	1	12
664.217	1	20
664.387	1	12
664.557	1	22
664.727	1	12
664.896	1	12
665.066	1	18
665.236	1	15
665.406	1	15
665.576	1	9
665.746	1	20
665.915	1	16
666.085	1	13
666.255	1	8
666.425	1	3
666.595	1	4
666.765	1	5
666.934	1	13
667.104	1	21
667.274	1	11
667.444	1	3
667.614	1	17
667.783	1	21
667.953	1	21
668.123	1	3
668.293	1	29
668.463	1	14
668.633	1	14
668.802	1	11
668.972	1	9
669.142	1	10
669.312	1	19
669.482	1	4
669.651	1	17
669.821	1	13
669.991	1	22
670.161	1	15
670.331	1	7
670.500	1	10
670.670	1	18
670.840	1	12
671.010	1	7
671.180	1	15
671.349	1	7
671.519	1	20
671.689	1	9
671.859	1	11
672.029	1	18
672.198	1	10
672.368	1	10
672.538	1	14
672.708	1	11
672.878	1	3
673.047	1	18
673.217	1	17
673.387	1	16
673.557	1	4
673.727	1	23
673.896	1	12
674.066	1	10
674.236	1	9
674.406	1	17
674.576	1	29
674.745	1	11
674.915	1	9
675.085	1	18
675.255	1	12
675.424	1	20
675.594	1	6
675.764	1	20
675.934	1	23
676.104	1	19
676.273	1	19
676.443	1	12
676.613	1	28
676.783	1	8
676.952	1	9
677.122	1	8
677.292	1	6
677.462	1	12
677.632	1	14
677.801	1	20
677.971	1	5
678.141	1	15
678.311	1	13
678.480	1	15
678.650	1	24
678.820	1	25
678.990	1	10
679.159	1	17
679.329	1	19
679.499	1	14
679.669	1	9
679.838	1	15
680.008	1	18
680.178	1	8
680.348	1	19
680.517	1	15
680.687	1	16
680.857	1	4
681.027	1	17
681.196	1	20
681.366	1	9
681.536	1	16
681.706	1	9
681.875	1	19
682.045	1	23
682.215	1	0
682.385	1	21
682.554	1	23
682.724	1	15
682.894	1	18
683.064	1	12
683.233	1	20
683.403	1	16
683.573	1	10
683.743	1	13
683.912	1	13
684.082	1	28
684.252	1	24
684.421	1	2
684.591	1	23
684.761	1	19
684.931	1	11
685.100	1	17
685.270	1	12
685.440	1	15
685.610	1	18
685.779	1	18
685.949	1	18
686.119	1	11
686.288	1	14
686.458	1	10
686.628	1	14
686.798	1	23
686.967	1	22
687.137	1	16
687.307	1	5
687.477	1	15
687.646	1	19
687.816	1	18
687.986	1	7
688.155	1	20
688.325	1	8
688.495	1	29
688.665	1	18
688.834	1	16
689.004	1	14
689.174	1	9
689.343	1	17
689.513	1	12
689.683	1	11
689.852	1	13
690.022	1	14
690.192	1	17
690.362	1	29
690.531	1	16
690.701	1	15
690.871	1	4
691.040	1	14
691.210	1	13
691.380	1	15
691.549	1	11
691.719	1	8
691.889	1	14
692.059	1	11
692.228	1	10
692.398	1	21
692.568	1	4
692.737	1	18
692.907	1	15
693.077	1	15
693.246	1	15
693.416	1	13
693.586	1	12
693.755	1	25
693.925	1	9
694.095	1	18
694.264	1	22
694.434	1	15
694.604	1	21
694.773	1	19
694.943	1	17
695.113	1	9
695.282	1	16
695.452	1	18
695.622	1	16
695.791	1	10
695.961	1	10
696.131	1	15
696.301	1	19
696.470	1	17
696.640	1	12
696.810	1	26
696.979	1	3
697.149	1	20
697.319	1	16
697.488	1	17
697.658	1	8
697.827	1	13
697.997	1	13
698.167	1	11
698.336	1	10
698.506	1	19
698.676	1	16
698.845	1	13
699.015	1	30
699.185	1	12
699.354	1	7
699.524	1	27
699.694	1	10
699.863	1	16
700.033	1	16
700.203	1	9
700.372	1	13
700.542	1	1
700.712	1	20
700.881	1	14
701.051	1	17
701.221	1	12
701.390	1	16
701.560	1	20
701.729	1	15
701.899	1	10
702.069	1	-10
702.238	1	10
702.408	1	8
702.578	1	17
702.747	1	18
702.917	1	14
703.087	1	13
703.256	1	12
703.426	1	14
703.595	1	21
703.765	1	16
703.935	1	3
704.104	1	19
704.274	1	13
704.444	1	17
704.613	1	22
704.783	1	18
704.952	1	6
705.122	1	15
705.292	1	18
705.461	1	23
705.631	1	16
705.801	1	20
705.970	1	17
706.140	1	13
706.309	1	2
706.479	1	16
706.649	1	15
706.818	1	8
706.988	1	21
707.157	1	13
707.327	1	6
707.497	1	13
707.666	1	11
707.836	1	1
708.006	1	12
708.175	1	20
708.345	1	11
708.514	1	11
708.684	1	13
708.854	1	17
709.023	1	15
709.193	1	15
709.362	1	20
709.532	1	18
709.702	1	12
709.871	1	27
710.041	1	11
710.210	1	17
710.380	1	21
710.550	1	9
710.719	1	18
710.889	1	11
711.058	1	23
711.228	1	21
711.397	1	4
711.567	1	10
711.737	1	8
711.906	1	9
712.076	1	7
712.245	1	11
712.415	1	9
712.585	1	9
712.754	1	12
712.924	1	9
713.093	1	8
713.263	1	2
713.432	1	7
713.602	1	9
713.772	1	17
713.941	1	19
714.111	1	11
714.280	1	8
714.450	1	16
714.619	1	14
714.789	1	13
714.959	1	14
715.128	1	7
715.298	1	18
715.467	1	25
715.637	1	21
715.806	1	15
715.976	1	11
716.146	1	13
716.315	1	10
716.485	1	12
716.654	1	17
716.824	1	7
716.993	1	12
717.163	1	21
717.333	1	20
717.502	1	14
717.672	1	4
717.841	1	16
718.011	1	14
718.180	1	23
718.350	1	10
718.519	1	16
718.689	1	15
718.858	1	21
719.028	1	8
719.198	1	-1
719.367	1	9
719.537	1	18
719.706	1	17
719.876	1	13
720.045	1	23
720.215	1	9
720.384	1	0
720.554	1	-3
720.723	1	27
720.893	1	6
721.063	1	15
721.232	1	4
721.402	1	9
721.571	1	18
721.741	1	13
721.910	1	18
722.080	1	17
722.249	1	18
722.419	1	6
722.588	1	13
722.758	1	15
722.927	1	13
723.097	1	16
723.266	1	11
723.436	1	15
723.606	1	11
723.775	1	0
723.945	1	32
724.114	1	16
724.284	1	24
724.453	1	7
724.623	1	15
724.792	1	15
724.962	1	20
725.131	1	15
725.301	1	6
725.470	1	8
725.640	1	10
725.809	1	13
725.979	1	18
726.148	1	14
726.318	1	13
726.487	1	10
726.657	1	17
726.826	1	18
726.996	1	7
727.165	1	11
727.335	1	10
727.504	1	6
727.674	1	18
727.843	1	6
728.013	1	10
728.182	1	11
728.352	1	19
728.521	1	20
728.691	1	-1
728.860	1	8
729.030	1	10
729.199	1	24
729.369	1	12
729.538	1	14
729.708	1	9
729.877	1	13
730.047	1	11
730.216	1	11
730.386	1	14
730.555	1	7
730.725	1	12
730.894	1	-6
731.064	1	7
731.233	1	0
731.403	1	23
731.572	1	12
731.742	1	19
731.911	1	7
732.081	1	12
732.250	1	13
732.420	1	22
732.589	1	12
732.758	1	7
732.928	1	20
733.097	1	-2
733.267	1	20
733.436	1	6
733.606	1	13
733.775	1	14
733.945	1	16
734.114	1	16
734.284	1	11
734.453	1	15
734.623	1	22
734.792	1	18
734.962	1	18
735.131	1	9
735.301	1	14
735.470	1	15
735.639	1	22
735.809	1	10
735.978	1	9
736.148	1	11
736.317	1	-8
736.487	1	16
736.656	1	12
736.826	1	7
736.995	1	10
737.165	1	10
737.334	1	10
737.503	1	21
737.673	1	9
737.842	1	14
738.012	1	4
738.181	1	13
738.351	1	9
738.520	1	18
738.690	1	20
738.859	1	5
739.028	1	10
739.198	1	11
739.367	1	17
739.537	1	8
739.706	1	12
739.876	1	9
740.045	1	19
740.215	1	5
740.384	1	4
740.553	1	11
740.723	1	19
740.892	1	17
741.062	1	3
741.231	1	5
741.401	1	16
741.570	1	19
741.739	1	10
741.909	1	6
742.078	1	18
742.248	1	1
742.417	1	15
742.587	1	8
742.756	1	24
742.925	1	11
743.095	1	10
743.264	1	17
743.434	1	8
743.603	1	2
743.772	1	7
743.942	1	7
744.111	1	23
744.281	1	11
744.450	1	16
744.620	1	19
744.789	1	13
744.958	1	17
745.128	1	4
745.297	1	10
745.467	1	13
745.636	1	1
745.805	1	6
745.975	1	11
746.144	1	7
746.314	1	3
746.483	1	13
746.652	1	7
746.822	1	13
746.991	1	12
747.161	1	17
747.330	1	19
747.499	1	15
747.669	1	8
747.838	1	17
748.008	1	12
748.177	1	5
748.346	1	0
748.516	1	3
748.685	1	15
748.855	1	13
749.024	1	22
749.193	1	8
749.363	1	1
749.532	1	8
749.702	1	8
749.871	1	12
750.040	1	9
750.210	1	2
750.379	1	7
750.548	1	13
750.718	1	12
750.887	1	12
751.057	1	4
751.226	1	8
751.395	1	13
751.565	1	17
751.734	1	14
751.903	1	-1
752.073	1	11
752.242	1	17
752.412	1	17
752.581	1	7
752.750	1	8
752.920	1	18
753.089	1	4
753.258	1	16
753.428	1	8
753.597	1	16
753.767	1	10
753.936	1	10
754.105	1	12
754.275	1	19
754.444	1	11
754.613	1	24
754.783	1	22
754.952	1	4
755.121	1	6
755.291	1	5
755.460	1	12
755.629	1	0
755.799	1	4
755.968	1	9
756.138	1	20
756.307	1	3
756.476	1	17
756.646	1	22
756.815	1	8
756.984	1	18
757.154	1	-1
757.323	1	18
757.492	1	13
757.662	1	6
757.831	1	1
758.000	1	22
758.170	1	12
758.339	1	1
758.508	1	15
758.678	1	1
758.847	1	16
759.016	1	8
759.186	1	6
759.355	1	-4
759.524	1	9
759.694	1	16
759.863	1	10
760.032	1	-2
760.202	1	20
760.371	1	6
760.540	1	11
760.710	1	8
760.879	1	9
761.048	1	-1
761.218	1	12
761.387	1	13
761.556	1	19
761.726	1	3
761.895	1	8
762.064	1	27
762.234	1	14
762.403	1	14
762.572	1	6
762.742	1	15
762.911	1	7
763.080	1	9
763.249	1	4
763.419	1	2
763.588	1	4
763.757	1	24
763.927	1	0
764.096	1	9
764.265	1	0
764.435	1	14
764.604	1	5
764.773	1	31
764.943	1	18
765.112	1	4
765.281	1	8
765.450	1	20
765.620	1	0
765.789	1	13
765.958	1	19
766.128	1	5
766.297	1	15
766.466	1	14
766.636	1	19
766.805	1	15
766.974	1	13
767.143	1	6
767.313	1	12
767.482	1	2
767.651	1	19
767.821	1	3
767.990	1	-4
768.159	1	3
768.328	1	17
768.498	1	14
768.667	1	13
768.836	1	12
769.006	1	9
769.175	1	-6
769.344	1	5
769.513	1	2
769.683	1	8
769.852	1	6
770.021	1	3
770.191	1	19
770.360	1	10
770.529	1	13
770.698	1	3
770.868	1	19
771.037	1	-2
771.206	1	13
771.375	1	20
771.545	1	20
771.714	1	13
771.883	1	11
772.053	1	15
772.222	1	14
772.391	1	3
772.560	1	3
772.730	1	4
772.899	1	19
773.068	1	13
773.237	1	4
773.407	1	20
773.576	1	16
773.745	1	11
773.914	1	15
774.084	1	7
774.253	1	13
774.422	1	7
774.591	1	16
774.761	1	11
774.930	1	9
775.099	1	17
775.268	1	-1
775.438	1	7
775.607	1	3
775.776	1	2
775.945	1	6
776.115	1	12
776.284	1	8
776.453	1	8
776.622	1	24
776.792	1	8
776.961	1	6
777.130	1	21
777.299	1	6
777.469	1	13
777.638	1	5
777.807	1	3
777.976	1	3
778.146	1	15
778.315	1	18
778.484	1	10
778.653	1	8
778.822	1	13
778.992	1	9
779.161	1	11
779.330	1	8
779.499	1	5
779.669	1	5
779.838	1	2
780.007	1	7
780.176	1	13
780.346	1	15
780.515	1	2
780.684	1	10
780.853	1	9
781.022	1	8
781.192	1	24
781.361	1	4
781.530	1	12
781.699	1	15
781.868	1	15
782.038	1	5
782.207	1	5
782.376	1	14
782.545	1	22
782.715	1	4
782.884	1	-2
783.053	1	6
783.222	1	13
783.391	1	9
783.561	1	3
783.730	1	4
783.899	1	12
784.068	1	11
784.237	1	8
784.407	1	-1
784.576	1	15
784.745	1	6
784.914	1	9
785.083	1	11
785.253	1	12
785.422	1	8
785.591	1	15
785.760	1	11
785.929	1	-6
786.099	1	4
786.268	1	-2
786.437	1	13
786.606	1	5
786.775	1	3
786.945	1	19
787.114	1	10
787.283	1	5
787.452	1	6
787.621	1	17
787.790	1	13
787.960	1	3
788.129	1	-11
788.298	1	16
788.467	1	-3
788.636	1	1
788.806	1	9
788.975	1	8
789.144	1	5
789.313	1	9
789.482	1	11
789.651	1	8
789.821	1	2
789.990	1	13
790.159	1	12
790.328	1	-1
790.497	1	6
790.666	1	4
790.836	1	-4
791.005	1	5
791.174	1	4
791.343	1	1
791.512	1	2
791.681	1	11
791.851	1	8
792.020	1	-5
792.189	1	8
792.358	1	12
792.527	1	14
792.696	1	3
792.866	1	1
793.035	1	3
793.204	1	9
793.373	1	13
793.542	1	6
793.711	1	5
793.880	1	15
794.050	1	9
794.219	1	26
794.388	1	7
794.557	1	17
794.726	1	7
794.895	1	17
795.064	1	5
795.234	1	13
795.403	1	15
795.572	1	-1
795.741	1	11
795.910	1	8
796.079	1	25
796.248	1	3
796.418	1	9
796.587	1	7
796.756	1	1
796.925	1	8
797.094	1	11
797.263	1	9
797.432	1	24
797.602	1	11
797.771	1	4
797.940	1	10
798.109	1	14
798.278	1	10
798.447	1	4
798.616	1	18
798.785	1	0
798.955	1	-2
799.124	1	13
799.293	1	-5
799.462	1	7
799.631	1	7
799.800	1	9
799.969	1	10
800.138	1	11
800.308	1	15
800.477	1	0
800.646	1	3
800.815	1	3
800.984	1	14
801.153	1	0
801.322	1	-1
801.491	1	8
801.660	1	6
801.830	1	15
801.999	1	6
802.168	1	12
802.337	1	5
802.506	1	12
802.675	1	13
802.844	1	9
803.013	1	7
803.182	1	5
803.351	1	3
803.521	1	4
803.690	1	1
803.859	1	10
804.028	1	10
804.197	1	10
804.366	1	10
804.535	1	18
804.704	1	15
804.873	1	1
805.042	1	8
805.212	1	-5
805.381	1	-3
805.550	1	10
805.719	1	9
805.888	1	11
806.057	1	5
806.226	1	10
806.395	1	6
806.564	1	12
806.733	1	6
806.902	1	10
807.071	1	18
807.241	1	1
807.410	1	2
807.579	1	10
807.748	1	-2
807.917	1	7
808.086	1	3
808.255	1	4
808.424	1	9
808.593	1	10
808.762	1	15
808.931	1	15
809.100	1	10
809.269	1	11
809.439	1	4
809.608	1	15
809.777	1	6
809.946	1	1
810.115	1	11
810.284	1	10
810.453	1	19
810.622	1	5
810.791	1	12
810.960	1	7
811.129	1	0
811.298	1	-1
811.467	1	8
811.636	1	16
811.805	1	1
811.974	1	7
812.143	1	3
812.313	1	5
812.482	1	11
812.651	1	13
812.820	1	10
812.989	1	5
813.158	1	8
813.327	1	-3
813.496	1	3
813.665	1	11
813.834	1	7
814.003	1	-2
814.172	1	2
814.341	1	3
814.510	1	16
814.679	1	6
814.848	1	0
815.017	1	15
815.186	1	5
815.355	1	10
815.524	1	18
815.693	1	11
815.862	1	21
816.031	1	-3
816.200	1	9
816.370	1	3
816.539	1	8
816.708	1	14
816.877	1	13
817.046	1	15
817.215	1	18
817.384	1	9
817.553	1	7
817.722	1	15
817.891	1	4
818.060	1	10
818.229	1	0
818.398	1	16
818.567	1	3
818.736	1	3
818.905	1	12
819.074	1	9
819.243	1	9
819.412	1	0
819.581	1	1
819.750	1	9
819.919	1	7
820.088	1	2
820.257	1	6
820.426	1	3
820.595	1	-5
820.764	1	12
820.933	1	11
821.102	1	6
821.271	1	10
821.440	1	13
821.609	1	16
821.778	1	1
821.947	1	7
822.116	1	2
822.285	1	1
822.454	1	7
822.623	1	10
822.792	1	8
822.961	1	6
823.130	1	1
823.299	1	9
823.468	1	-2
823.637	1	18
823.806	1	-1
823.975	1	12
824.144	1	9
824.313	1	3
824.482	1	4
824.651	1	8
824.820	1	5
824.989	1	11
825.158	1	4
825.327	1	4
825.496	1	5
825.665	1	5
825.834	1	9
826.003	1	15
826.172	1	3
826.341	1	0
826.510	1	4
826.679	1	1
826.848	1	11
827.017	1	4
827.186	1	10
827.355	1	15
827.524	1	10
827.693	1	15
827.862	1	1
828.031	1	8
828.199	1	17
828.368	1	7
828.537	1	2
828.706	1	4
828.875	1	5
829.044	1	8
829.213	1	13
829.382	1	12
829.551	1	-5
829.720	1	10
829.889	1	3
830.058	1	1
830.227	1	4
830.396	1	21
830.565	1	10
830.734	1	-3
830.903	1	13
831.072	1	1
831.241	1	8
831.410	1	-11
831.579	1	2
831.748	1	-3
831.917	1	2
832.086	1	7
832.254	1	12
832.423	1	6
832.592	1	7
832.761	1	3
832.930	1	13
833.099	1	13
833.268	1	6
833.437	1	10
833.606	1	-3
833.775	1	0
833.944	1	5
834.113	1	-4
834.282	1	12
834.451	1	0
834.620	1	13
834.789	1	14
834.957	1	-4
835.126	1	0
835.295	1	15
835.464	1	2
835.633	1	3
835.802	1	12
835.971	1	-1
836.140	1	3
836.309	1	7
836.478	1	14
836.647	1	4
836.816	1	16
836.985	1	5
837.154	1	8
837.322	1	4
837.491	1	6
837.660	1	9
837.829	1	9
837.998	1	0
838.167	1	14
838.336	1	19
838.505	1	-1
838.674	1	2
838.843	1	12
839.012	1	2
839.181	1	8
839.349	1	14
839.518	1	3
839.687	1	2
839.856	1	-6
840.025	1	4
840.194	1	9
840.363	1	3
840.532	1	18
840.701	1	-1
840.870	1	6
841.038	1	7
841.207	1	3
841.376	1	-5
841.545	1	19
841.714	1	1
841.883	1	2
842.052	1	7
842.221	1	6
842.390	1	0
842.559	1	14
842.727	1	-5
842.896	1	6
843.065	1	-4
843.234	1	3
843.403	1	-6
843.572	1	7
843.741	1	3
843.910	1	3
844.079	1	10
844.247	1	5
844.416	1	6
844.585	1	2
844.754	1	15
844.923	1	10
845.092	1	1
845.261	1	7
845.430	1	-7
845.598	1	7
845.767	1	-3
845.936	1	1
846.105	1	8
846.274	1	5
846.443	1	7
846.612	1	6
846.781	1	8
846.949	1	6
847.118	1	12
847.287	1	6
847.456	1	-5
847.625	1	4
847.794	1	4
847.963	1	8
848.131	1	-1
848.300	1	8
