500.757	1	31
500.928	1	17
501.099	1	30
501.269	1	21
501.440	1	9
501.611	1	19
501.782	1	13
501.952	1	19
502.123	1	19
502.294	1	34
502.464	1	22
502.635	1	22
502.806	1	20
502.976	1	14
503.147	1	12
503.318	1	14
503.489	1	12
503.659	1	14
503.830	1	11
504.001	1	5
504.171	1	9
504.342	1	13
504.513	1	5
504.683	1	9
504.854	1	7
505.025	1	13
505.195	1	26
505.366	1	15
505.537	1	15
505.707	1	13
505.878	1	8
506.049	1	10
506.219	1	23
506.390	1	20
506.561	1	18
506.731	1	11
506.902	1	24
507.073	1	22
507.243	1	20
507.414	1	17
507.585	1	21
507.755	1	15
507.926	1	20
508.097	1	20
508.267	1	10
508.438	1	17
508.609	1	22
508.779	1	10
508.950	1	10
509.121	1	18
509.291	1	23
509.462	1	17
509.633	1	8
509.803	1	16
509.974	1	8
510.145	1	10
510.315	1	14
510.486	1	25
510.657	1	7
510.827	1	20
510.998	1	19
511.169	1	16
511.339	1	9
511.510	1	17
511.680	1	7
511.851	1	24
512.022	1	24
512.192	1	5
512.363	1	24
512.534	1	16
512.704	1	15
512.875	1	14
513.046	1	22
513.216	1	18
513.387	1	1
513.558	1	5
513.728	1	19
513.899	1	15
514.069	1	3
514.240	1	13
514.411	1	14
514.581	1	8
514.752	1	10
514.923	1	20
515.093	1	9
515.264	1	7
515.434	1	14
515.605	1	10
515.776	1	23
515.946	1	16
516.117	1	15
516.288	1	19
516.458	1	11
516.629	1	13
516.799	1	12
516.970	1	13
517.141	1	21
517.311	1	10
517.482	1	16
517.653	1	8
517.823	1	4
517.994	1	5
518.164	1	10
518.335	1	12
518.506	1	16
518.676	1	3
518.847	1	13
519.017	1	12
519.188	1	0
519.359	1	25
519.529	1	23
519.700	1	26
519.870	1	7
520.041	1	5
520.212	1	31
520.382	1	14
520.553	1	2
520.723	1	28
520.894	1	7
521.065	1	15
521.235	1	4
521.406	1	14
521.576	1	5
521.747	1	7
521.918	1	15
522.088	1	5
522.259	1	4
522.429	1	7
522.600	1	11
522.770	1	16
522.941	1	-3
523.112	1	11
523.282	1	15
523.453	1	-8
523.623	1	1
523.794	1	24
523.965	1	20
524.135	1	5
524.306	1	3
524.476	1	19
524.647	1	11
524.817	1	22
524.988	1	13
525.159	1	10
525.329	1	15
525.500	1	16
525.670	1	21
525.841	1	14
526.011	1	9
526.182	1	10
526.353	1	2
526.523	1	-2
526.694	1	17
526.864	1	3
527.035	1	14
527.205	1	4
527.376	1	12
527.547	1	10
527.717	1	8
527.888	1	15
528.058	1	15
528.229	1	15
528.399	1	2
528.570	1	10
528.740	1	9
528.911	1	8
529.082	1	4
529.252	1	0
529.423	1	14
529.593	1	7
529.764	1	19
529.934	1	-1
530.105	1	12
530.275	1	12
530.446	1	7
530.617	1	10
530.787	1	4
530.958	1	0
531.128	1	13
531.299	1	13
531.469	1	10
531.640	1	2
531.810	1	1
531.981	1	8
532.151	1	15
532.322	1	1
532.492	1	11
532.663	1	-2
532.834	1	8
533.004	1	3
533.175	1	13
533.345	1	3
533.516	1	4
533.686	1	15
533.857	1	12
534.027	1	6
534.198	1	19
534.368	1	7
534.539	1	10
534.709	1	7
534.880	1	-13
535.050	1	14
535.221	1	13
535.391	1	16
535.562	1	10
535.732	1	14
535.903	1	3
536.073	1	16
536.244	1	14
536.415	1	0
536.585	1	11
536.756	1	9
536.926	1	7
537.097	1	21
537.267	1	1
537.438	1	19
537.608	1	3
537.779	1	19
537.949	1	12
538.120	1	1
538.290	1	2
538.461	1	16
538.631	1	14
538.802	1	16
538.972	1	3
539.143	1	10
539.313	1	18
539.484	1	3
539.654	1	-2
539.825	1	13
539.995	1	3
540.166	1	11
540.336	1	0
540.507	1	22
540.677	1	0
540.848	1	4
541.018	1	14
541.189	1	2
541.359	1	5
541.530	1	-9
541.700	1	4
541.871	1	12
542.041	1	5
542.211	1	7
542.382	1	4
542.552	1	-11
542.723	1	18
542.893	1	28
543.064	1	6
543.234	1	9
543.405	1	5
543.575	1	-5
543.746	1	2
543.916	1	-1
544.087	1	8
544.257	1	11
544.428	1	12
544.598	1	5
544.769	1	10
544.939	1	8
545.110	1	7
545.280	1	12
545.451	1	9
545.621	1	1
545.791	1	15
545.962	1	12
546.132	1	12
546.303	1	1
546.473	1	13
546.644	1	-4
546.814	1	13
546.985	1	0
547.155	1	9
547.326	1	3
547.496	1	3
547.666	1	13
547.837	1	4
548.007	1	5
548.178	1	5
548.348	1	-1
548.519	1	16
548.689	1	4
548.860	1	16
549.030	1	16
549.201	1	3
549.371	1	6
549.541	1	4
549.712	1	5
549.882	1	14
550.053	1	1
550.223	1	10
550.394	1	15
550.564	1	2
550.735	1	18
550.905	1	6
551.075	1	12
551.246	1	8
551.416	1	10
551.587	1	17
551.757	1	10
551.928	1	-2
552.098	1	10
552.268	1	8
552.439	1	3
552.609	1	5
552.780	1	3
552.950	1	13
553.121	1	16
553.291	1	-3
553.461	1	14
553.632	1	6
553.802	1	16
553.973	1	13
554.143	1	9
554.314	1	2
554.484	1	-2
554.654	1	8
554.825	1	7
554.995	1	1
555.166	1	0
555.336	1	8
555.506	1	18
555.677	1	0
555.847	1	15
556.018	1	13
556.188	1	2
556.359	1	13
556.529	1	13
556.699	1	2
556.870	1	9
557.040	1	10
557.211	1	10
557.381	1	11
557.551	1	9
557.722	1	7
557.892	1	6
558.063	1	6
558.233	1	11
558.403	1	7
558.574	1	4
558.744	1	6
558.915	1	2
559.085	1	8
559.255	1	3
559.426	1	3
559.596	1	5
559.767	1	8
559.937	1	11
560.107	1	1
560.278	1	2
560.448	1	5
560.618	1	2
560.789	1	0
560.959	1	15
561.130	1	10
561.300	1	0
561.470	1	6
561.641	1	0
561.811	1	5
561.982	1	8
562.152	1	2
562.322	1	3
562.493	1	4
562.663	1	3
562.833	1	8
563.004	1	1
563.174	1	4
563.345	1	2
563.515	1	12
563.685	1	0
563.856	1	7
564.026	1	1
564.196	1	4
564.367	1	6
564.537	1	4
564.707	1	8
564.878	1	1
565.048	1	5
565.219	1	5
565.389	1	-5
565.559	1	1
565.730	1	0
565.900	1	13
566.070	1	3
566.241	1	2
566.411	1	5
566.581	1	7
566.752	1	19
566.922	1	8
567.093	1	12
567.263	1	3
567.433	1	-10
567.604	1	6
567.774	1	1
567.944	1	-8
568.115	1	9
568.285	1	5
568.455	1	4
568.626	1	0
568.796	1	6
568.966	1	14
569.137	1	-5
569.307	1	11
569.477	1	6
569.648	1	3
569.818	1	3
569.988	1	14
570.159	1	0
570.329	1	7
570.499	1	10
570.670	1	6
570.840	1	1
571.010	1	16
571.181	1	19
571.351	1	8
571.521	1	8
571.692	1	6
571.862	1	13
572.032	1	7
572.203	1	5
572.373	1	16
572.543	1	2
572.714	1	6
572.884	1	9
573.054	1	2
573.225	1	6
573.395	1	3
573.565	1	20
573.736	1	-6
573.906	1	10
574.076	1	8
574.247	1	3
574.417	1	8
574.587	1	4
574.757	1	-1
574.928	1	-1
575.098	1	10
575.268	1	0
575.439	1	12
575.609	1	2
575.779	1	6
575.950	1	6
576.120	1	4
576.290	1	3
576.461	1	15
576.631	1	-3
576.801	1	13
576.971	1	5
577.142	1	10
577.312	1	-1
577.482	1	8
577.653	1	10
577.823	1	0
577.993	1	15
578.164	1	11
578.334	1	4
578.504	1	8
578.674	1	13
578.845	1	5
579.015	1	6
579.185	1	5
579.356	1	21
579.526	1	9
579.696	1	13
579.866	1	1
580.037	1	13
580.207	1	13
580.377	1	4
580.548	1	-8
580.718	1	0
580.888	1	-6
581.058	1	1
581.229	1	2
581.399	1	0
581.569	1	2
581.739	1	14
581.910	1	5
582.080	1	7
582.250	1	0
582.421	1	3
582.591	1	1
582.761	1	11
582.931	1	6
583.102	1	0
583.272	1	23
583.442	1	1
583.612	1	7
583.783	1	2
583.953	1	7
584.123	1	10
584.294	1	3
584.464	1	4
584.634	1	14
584.804	1	5
584.975	1	0
585.145	1	8
585.315	1	6
585.485	1	5
585.656	1	0
585.826	1	15
585.996	1	-3
586.166	1	0
586.337	1	6
586.507	1	-3
586.677	1	9
586.847	1	11
587.018	1	0
587.188	1	-3
587.358	1	8
587.528	1	1
587.699	1	6
587.869	1	0
588.039	1	-2
588.209	1	5
588.380	1	-4
588.550	1	5
588.720	1	3
588.890	1	15
589.060	1	-4
589.231	1	8
589.401	1	4
589.571	1	8
589.741	1	8
589.912	1	9
590.082	1	9
590.252	1	8
590.422	1	10
590.593	1	9
590.763	1	-5
590.933	1	12
591.103	1	9
591.273	1	6
591.444	1	9
591.614	1	-5
591.784	1	7
591.954	1	13
592.125	1	5
592.295	1	0
592.465	1	8
592.635	1	5
592.805	1	9
592.976	1	6
593.146	1	0
593.316	1	-7
593.486	1	9
593.657	1	19
593.827	1	5
593.997	1	16
594.167	1	7
594.337	1	2
594.508	1	5
594.678	1	2
594.848	1	3
595.018	1	15
595.188	1	10
595.359	1	10
595.529	1	-4
595.699	1	11
595.869	1	-2
596.039	1	10
596.210	1	10
596.380	1	3
596.550	1	5
596.720	1	6
596.890	1	12
597.061	1	12
597.231	1	3
597.401	1	12
597.571	1	-1
597.741	1	6
597.912	1	-1
598.082	1	13
598.252	1	17
598.422	1	-2
598.592	1	8
598.762	1	11
598.933	1	3
599.103	1	1
599.273	1	-4
599.443	1	4
599.613	1	-4
599.784	1	-9
599.954	1	5
600.124	1	20
600.294	1	4
600.464	1	-6
600.634	1	5
600.805	1	5
600.975	1	0
601.145	1	3
601.315	1	-1
601.485	1	11
601.656	1	9
601.826	1	9
601.996	1	-1
602.166	1	0
602.336	1	-4
602.506	1	16
602.677	1	14
602.847	1	3
603.017	1	-3
603.187	1	20
603.357	1	2
603.527	1	8
603.697	1	7
603.868	1	-1
604.038	1	-5
604.208	1	3
604.378	1	8
604.548	1	13
604.718	1	10
604.889	1	5
605.059	1	4
605.229	1	2
605.399	1	2
605.569	1	-1
605.739	1	-3
605.909	1	2
606.080	1	23
606.250	1	9
606.420	1	18
606.590	1	8
606.760	1	11
606.930	1	8
607.100	1	3
607.271	1	5
607.441	1	7
607.611	1	12
607.781	1	6
607.951	1	5
608.121	1	18
608.291	1	7
608.462	1	5
608.632	1	-1
608.802	1	8
608.972	1	3
609.142	1	11
609.312	1	3
609.482	1	-2
609.652	1	11
609.823	1	14
609.993	1	12
610.163	1	1
610.333	1	8
610.503	1	16
610.673	1	7
610.843	1	4
611.013	1	5
611.184	1	18
611.354	1	-2
611.524	1	4
611.694	1	3
611.864	1	4
612.034	1	11
612.204	1	22
612.374	1	9
612.545	1	-2
612.715	1	-5
612.885	1	7
613.055	1	14
613.225	1	8
613.395	1	10
613.565	1	8
613.735	1	2
613.905	1	5
614.075	1	0
614.246	1	7
614.416	1	13
614.586	1	7
614.756	1	2
614.926	1	9
615.096	1	13
615.266	1	18
615.436	1	9
615.606	1	-5
615.776	1	7
615.947	1	0
616.117	1	4
616.287	1	13
616.457	1	7
616.627	1	14
616.797	1	7
616.967	1	10
617.137	1	3
617.307	1	13
617.477	1	1
617.647	1	3
617.818	1	0
617.988	1	9
618.158	1	10
618.328	1	2
618.498	1	2
618.668	1	4
618.838	1	3
619.008	1	13
619.178	1	13
619.348	1	1
619.518	1	8
619.688	1	6
619.859	1	15
620.029	1	10
620.199	1	-5
620.369	1	11
620.539	1	-4
620.709	1	12
620.879	1	13
621.049	1	-4
621.219	1	8
621.389	1	5
621.559	1	10
621.729	1	-2
621.899	1	5
622.069	1	1
622.239	1	1
622.410	1	17
622.580	1	12
622.750	1	4
622.920	1	-4
623.090	1	6
623.260	1	12
623.430	1	9
623.600	1	7
623.770	1	9
623.940	1	11
624.110	1	0
624.280	1	8
624.450	1	22
624.620	1	0
624.790	1	-4
624.960	1	18
625.130	1	17
625.300	1	16
625.470	1	1
625.640	1	11
625.811	1	7
625.981	1	2
626.151	1	2
626.321	1	17
626.491	1	18
626.661	1	6
626.831	1	11
627.001	1	1
627.171	1	15
627.341	1	-1
627.511	1	1
627.681	1	-5
627.851	1	1
628.021	1	9
628.191	1	5
628.361	1	7
628.531	1	9
628.701	1	5
628.871	1	8
629.041	1	10
629.211	1	4
629.381	1	-2
629.551	1	4
629.721	1	11
629.891	1	16
630.061	1	1
630.231	1	7
630.401	1	5
630.571	1	16
630.741	1	-1
630.911	1	-1
631.081	1	16
631.251	1	13
631.421	1	10
631.591	1	4
631.761	1	9
631.931	1	6
632.101	1	15
632.271	1	6
632.441	1	10
632.611	1	19
632.782	1	24
632.952	1	11
633.122	1	14
633.292	1	12
633.462	1	15
633.632	1	6
633.802	1	12
633.972	1	6
634.142	1	6
634.312	1	4
634.482	1	7
634.652	1	20
634.821	1	17
634.991	1	0
635.161	1	17
635.331	1	2
635.501	1	4
635.671	1	8
635.841	1	1
636.011	1	-7
636.181	1	13
636.351	1	5
636.521	1	18
636.691	1	18
636.861	1	14
637.031	1	10
637.201	1	5
637.371	1	9
637.541	1	0
637.711	1	0
637.881	1	7
638.051	1	18
638.221	1	2
638.391	1	2
638.561	1	5
638.731	1	7
638.901	1	6
639.071	1	0
639.241	1	14
639.411	1	9
639.581	1	4
639.751	1	18
639.921	1	5
640.091	1	-2
640.261	1	8
640.431	1	8
640.601	1	2
640.771	1	6
640.941	1	8
641.111	1	11
641.281	1	9
641.451	1	13
641.621	1	16
641.791	1	22
641.960	1	10
642.130	1	6
642.300	1	7
642.470	1	7
642.640	1	6
642.810	1	8
642.980	1	6
643.150	1	26
643.320	1	5
643.490	1	-2
643.660	1	2
643.830	1	13
644.000	1	3
644.170	1	-2
644.340	1	7
644.510	1	1
644.680	1	5
644.850	1	-3
645.020	1	9
645.189	1	16
645.359	1	10
645.529	1	0
645.699	1	12
645.869	1	7
646.039	1	9
646.209	1	3
646.379	1	9
646.549	1	0
646.719	1	-1
646.889	1	9
647.059	1	4
647.229	1	12
647.399	1	-8
647.569	1	9
647.738	1	5
647.908	1	2
648.078	1	18
648.248	1	17
648.418	1	6
648.588	1	-1
648.758	1	16
648.928	1	0
649.098	1	-2
649.268	1	0
649.438	1	20
649.608	1	13
649.778	1	9
649.947	1	9
650.117	1	8
650.287	1	17
650.457	1	14
650.627	1	-1
650.797	1	7
650.967	1	4
651.137	1	4
651.307	1	9
651.477	1	17
651.647	1	19
651.816	1	-3
651.986	1	7
652.156	1	9
652.326	1	12
652.496	1	16
652.666	1	7
652.836	1	-2
653.006	1	3
653.176	1	9
653.346	1	18
653.515	1	3
653.685	1	9
653.855	1	6
654.025	1	9
654.195	1	5
654.365	1	7
654.535	1	13
654.705	1	15
654.875	1	4
655.044	1	16
655.214	1	5
655.384	1	5
655.554	1	10
655.724	1	4
655.894	1	10
656.064	1	12
656.234	1	9
656.404	1	14
656.573	1	1
656.743	1	10
656.913	1	7
657.083	1	2
657.253	1	13
657.423	1	7
657.593	1	8
657.763	1	6
657.932	1	3
658.102	1	11
658.272	1	1
658.442	1	12
658.612	1	0
658.782	1	11
658.952	1	8
659.121	1	7
659.291	1	7
659.461	1	5
659.631	1	5
659.801	1	4
659.971	1	-1
660.141	1	10
660.311	1	7
660.480	1	8
660.650	1	0
660.820	1	10
660.990	1	13
661.160	1	9
661.330	1	2
661.500	1	10
661.669	1	11
661.839	1	10
662.009	1	14
662.179	1	10
662.349	1	15
662.519	1	10
662.688	1	6
662.858	1	3
663.028	1	4
663.198	1	11
663.368	1	8
663.538	1	13
663.708	1	3
663.877	1	12
664.047	1	3
664.217	1	8
664.387	1	5
664.557	1	18
664.727	1	3
664.896	1	8
665.066	1	14
665.236	1	7
665.406	1	2
665.576	1	4
665.746	1	-2
665.915	1	3
666.085	1	7
666.255	1	15
666.425	1	3
666.595	1	0
666.765	1	-5
666.934	1	5
667.104	1	21
667.274	1	10
667.444	1	2
667.614	1	1
667.783	1	10
667.953	1	17
668.123	1	-9
668.293	1	12
668.463	1	7
668.633	1	16
668.802	1	11
668.972	1	10
669.142	1	-6
669.312	1	15
669.482	1	4
669.651	1	22
669.821	1	10
669.991	1	10
670.161	1	5
670.331	1	1
670.500	1	11
670.670	1	12
670.840	1	6
671.010	1	8
671.180	1	4
671.349	1	-3
671.519	1	13
671.689	1	10
671.859	1	-3
672.029	1	6
672.198	1	2
672.368	1	8
672.538	1	9
672.708	1	3
672.878	1	2
673.047	1	4
673.217	1	7
673.387	1	5
673.557	1	7
673.727	1	7
673.896	1	10
674.066	1	-5
674.236	1	8
674.406	1	2
674.576	1	22
674.745	1	-7
674.915	1	8
675.085	1	0
675.255	1	19
675.424	1	2
675.594	1	6
675.764	1	14
675.934	1	9
676.104	1	11
676.273	1	16
676.443	1	9
676.613	1	15
676.783	1	7
676.952	1	11
677.122	1	6
677.292	1	11
677.462	1	2
677.632	1	4
677.801	1	10
677.971	1	6
678.141	1	2
678.311	1	7
678.480	1	9
678.650	1	22
678.820	1	11
678.990	1	15
679.159	1	16
679.329	1	6
679.499	1	4
679.669	1	-11
679.838	1	14
680.008	1	12
680.178	1	6
680.348	1	11
680.517	1	11
680.687	1	-1
680.857	1	-11
681.027	1	8
681.196	1	17
681.366	1	8
681.536	1	4
681.706	1	12
681.875	1	14
682.045	1	8
682.215	1	1
682.385	1	23
682.554	1	10
682.724	1	6
682.894	1	12
683.064	1	6
683.233	1	4
683.403	1	5
683.573	1	2
683.743	1	9
683.912	1	-1
684.082	1	16
684.252	1	3
684.421	1	0
684.591	1	19
684.761	1	-1
684.931	1	4
685.100	1	11
685.270	1	1
685.440	1	3
685.610	1	11
685.779	1	7
685.949	1	7
686.119	1	9
686.288	1	17
686.458	1	6
686.628	1	5
686.798	1	6
686.967	1	17
687.137	1	10
687.307	1	-6
687.477	1	13
687.646	1	6
687.816	1	17
687.986	1	2
688.155	1	25
688.325	1	9
688.495	1	16
688.665	1	18
688.834	1	5
689.004	1	7
689.174	1	0
689.343	1	8
689.513	1	14
689.683	1	3
689.852	1	12
690.022	1	12
690.192	1	18
690.362	1	19
690.531	1	8
690.701	1	4
690.871	1	-6
691.040	1	6
691.210	1	14
691.380	1	19
691.549	1	6
691.719	1	0
691.889	1	7
692.059	1	7
692.228	1	7
692.398	1	4
692.568	1	1
692.737	1	11
692.907	1	6
693.077	1	16
693.246	1	0
693.416	1	11
693.586	1	-1
693.755	1	10
693.925	1	-3
694.095	1	15
694.264	1	17
694.434	1	6
694.604	1	4
694.773	1	8
694.943	1	3
695.113	1	8
695.282	1	11
695.452	1	3
695.622	1	6
695.791	1	4
695.961	1	4
696.131	1	6
696.301	1	9
696.470	1	11
696.640	1	7
696.810	1	14
696.979	1	-2
697.149	1	1
697.319	1	8
697.488	1	12
697.658	1	11
697.827	1	9
697.997	1	12
698.167	1	12
698.336	1	7
698.506	1	12
698.676	1	11
698.845	1	3
699.015	1	12
699.185	1	-5
699.354	1	4
699.524	1	17
699.694	1	7
699.863	1	9
700.033	1	14
700.203	1	7
700.372	1	-2
700.542	1	0
700.712	1	6
700.881	1	5
701.051	1	8
701.221	1	6
701.390	1	11
701.560	1	9
701.729	1	7
701.899	1	1
702.069	1	-12
702.238	1	-1
702.408	1	3
702.578	1	5
702.747	1	15
702.917	1	12
703.087	1	3
703.256	1	10
703.426	1	7
703.595	1	15
703.765	1	-4
703.935	1	-3
704.104	1	11
704.274	1	6
704.444	1	2
704.613	1	10
704.783	1	7
704.952	1	13
705.122	1	14
705.292	1	19
705.461	1	10
705.631	1	14
705.801	1	10
705.970	1	11
706.140	1	4
706.309	1	3
706.479	1	10
706.649	1	-1
706.818	1	-9
706.988	1	20
707.157	1	9
707.327	1	-4
707.497	1	8
707.666	1	0
707.836	1	5
708.006	1	6
708.175	1	5
708.345	1	3
708.514	1	1
708.684	1	1
708.854	1	5
709.023	1	12
709.193	1	12
709.362	1	16
709.532	1	9
709.702	1	11
709.871	1	10
710.041	1	6
710.210	1	13
710.380	1	17
710.550	1	-3
710.719	1	15
710.889	1	-2
711.058	1	14
711.228	1	6
711.397	1	-2
711.567	1	14
711.737	1	5
711.906	1	6
712.076	1	20
712.245	1	3
712.415	1	11
712.585	1	11
712.754	1	9
712.924	1	3
713.093	1	8
713.263	1	-4
713.432	1	2
713.602	1	2
713.772	1	9
713.941	1	15
714.111	1	-4
714.280	1	9
714.450	1	13
714.619	1	3
714.789	1	-2
714.959	1	0
715.128	1	6
715.298	1	10
715.467	1	18
715.637	1	10
715.806	1	13
715.976	1	19
716.146	1	1
716.315	1	1
716.485	1	6
716.654	1	5
716.824	1	-5
716.993	1	8
717.163	1	9
717.333	1	7
717.502	1	10
717.672	1	-1
717.841	1	8
718.011	1	8
718.180	1	6
718.350	1	10
718.519	1	12
718.689	1	6
718.858	1	8
719.028	1	8
719.198	1	2
719.367	1	10
719.537	1	4
719.706	1	8
719.876	1	15
720.045	1	4
720.215	1	10
720.384	1	-4
720.554	1	-3
720.723	1	22
720.893	1	-5
721.063	1	15
721.232	1	5
721.402	1	-5
721.571	1	7
721.741	1	4
721.910	1	6
722.080	1	4
722.249	1	12
722.419	1	12
722.588	1	15
722.758	1	11
722.927	1	0
723.097	1	5
723.266	1	6
723.436	1	8
723.606	1	7
723.775	1	4
723.945	1	18
724.114	1	12
724.284	1	13
724.453	1	-1
724.623	1	9
724.792	1	9
724.962	1	4
725.131	1	8
725.301	1	-6
725.470	1	-3
725.640	1	10
725.809	1	8
725.979	1	9
726.148	1	18
726.318	1	-6
726.487	1	9
726.657	1	2
726.826	1	6
726.996	1	-2
727.165	1	3
727.335	1	1
727.504	1	21
727.674	1	9
727.843	1	7
728.013	1	20
728.182	1	2
728.352	1	8
728.521	1	8
728.691	1	-4
728.860	1	2
729.030	1	6
729.199	1	9
729.369	1	12
729.538	1	6
729.708	1	6
729.877	1	12
730.047	1	1
730.216	1	-3
730.386	1	11
730.555	1	-6
730.725	1	1
730.894	1	-10
731.064	1	19
731.233	1	2
731.403	1	19
731.572	1	9
731.742	1	2
731.911	1	2
732.081	1	8
732.250	1	13
732.420	1	10
732.589	1	-1
732.758	1	5
732.928	1	21
733.097	1	7
733.267	1	-2
733.436	1	12
733.606	1	10
733.775	1	-2
733.945	1	5
734.114	1	3
734.284	1	-8
734.453	1	15
734.623	1	2
734.792	1	16
734.962	1	15
735.131	1	7
735.301	1	-3
735.470	1	10
735.639	1	7
735.809	1	5
735.978	1	20
736.148	1	16
736.317	1	9
736.487	1	8
736.656	1	9
736.826	1	1
736.995	1	-2
737.165	1	2
737.334	1	6
737.503	1	2
737.673	1	-5
737.842	1	8
738.012	1	-1
738.181	1	-3
738.351	1	3
738.520	1	2
738.690	1	13
738.859	1	7
739.028	1	0
739.198	1	-3
739.367	1	10
739.537	1	7
739.706	1	8
739.876	1	7
740.045	1	12
740.215	1	4
740.384	1	-2
740.553	1	10
740.723	1	-3
740.892	1	7
741.062	1	6
741.231	1	9
741.401	1	13
741.570	1	14
741.739	1	2
741.909	1	8
742.078	1	17
742.248	1	0
742.417	1	16
742.587	1	-1
742.756	1	14
742.925	1	-1
743.095	1	11
743.264	1	7
743.434	1	8
743.603	1	-5
743.772	1	2
743.942	1	-1
744.111	1	6
744.281	1	7
744.450	1	10
744.620	1	19
744.789	1	6
744.958	1	7
745.128	1	-5
745.297	1	2
745.467	1	-4
745.636	1	-7
745.805	1	0
745.975	1	4
746.144	1	-3
746.314	1	0
746.483	1	20
746.652	1	0
746.822	1	8
746.991	1	5
747.161	1	7
747.330	1	3
747.499	1	17
747.669	1	4
747.838	1	9
748.008	1	8
748.177	1	9
748.346	1	5
748.516	1	8
748.685	1	8
748.855	1	2
749.024	1	1
749.193	1	5
749.363	1	3
749.532	1	4
749.702	1	12
749.871	1	5
750.040	1	4
750.210	1	0
750.379	1	-3
750.548	1	2
750.718	1	0
750.887	1	-1
751.057	1	2
751.226	1	9
751.395	1	6
751.565	1	17
751.734	1	15
751.903	1	-4
752.073	1	6
752.242	1	6
752.412	1	9
752.581	1	10
752.750	1	10
752.920	1	4
753.089	1	8
753.258	1	10
753.428	1	-6
753.597	1	9
753.767	1	8
753.936	1	6
754.105	1	9
754.275	1	5
754.444	1	0
754.613	1	20
754.783	1	15
754.952	1	11
755.121	1	5
755.291	1	1
755.460	1	10
755.629	1	-5
755.799	1	0
755.968	1	2
756.138	1	2
756.307	1	6
756.476	1	8
756.646	1	4
756.815	1	1
756.984	1	8
757.154	1	-4
757.323	1	6
757.492	1	5
757.662	1	-8
757.831	1	11
758.000	1	17
758.170	1	10
758.339	1	8
758.508	1	4
758.678	1	-2
758.847	1	12
759.016	1	-7
759.186	1	-1
759.355	1	1
759.524	1	-4
759.694	1	8
759.863	1	8
760.032	1	3
760.202	1	6
760.371	1	4
760.540	1	8
760.710	1	4
760.879	1	4
761.048	1	-3
761.218	1	-1
761.387	1	-1
761.556	1	19
761.726	1	1
761.895	1	8
762.064	1	14
762.234	1	4
762.403	1	0
762.572	1	12
762.742	1	1
762.911	1	-5
763.080	1	7
763.249	1	5
763.419	1	-7
763.588	1	1
763.757	1	12
763.927	1	0
764.096	1	-5
764.265	1	1
764.435	1	2
764.604	1	0
764.773	1	9
764.943	1	12
765.112	1	-5
765.281	1	0
765.450	1	14
765.620	1	4
765.789	1	9
765.958	1	11
766.128	1	-1
766.297	1	1
766.466	1	0
766.636	1	11
766.805	1	12
766.974	1	3
767.143	1	8
767.313	1	-5
767.482	1	2
767.651	1	8
767.821	1	3
767.990	1	-3
768.159	1	4
768.328	1	7
768.498	1	2
768.667	1	-1
768.836	1	3
769.006	1	4
769.175	1	3
769.344	1	3
769.513	1	6
769.683	1	-4
769.852	1	10
770.021	1	-3
770.191	1	7
770.360	1	6
770.529	1	10
770.698	1	-1
770.868	1	-1
771.037	1	-8
771.206	1	12
771.375	1	15
771.545	1	7
771.714	1	14
771.883	1	3
772.053	1	6
772.222	1	5
772.391	1	0
772.560	1	6
772.730	1	-3
772.899	1	10
773.068	1	4
773.237	1	12
773.407	1	5
773.576	1	12
773.745	1	13
773.914	1	2
774.084	1	-1
774.253	1	2
774.422	1	11
774.591	1	14
774.761	1	2
774.930	1	3
775.099	1	9
775.268	1	0
775.438	1	12
775.607	1	-1
775.776	1	1
775.945	1	7
776.115	1	8
776.284	1	5
776.453	1	8
776.622	1	16
776.792	1	6
776.961	1	9
777.130	1	12
777.299	1	3
777.469	1	14
777.638	1	0
777.807	1	-9
777.976	1	1
778.146	1	7
778.315	1	6
778.484	1	4
778.653	1	2
778.822	1	7
778.992	1	5
779.161	1	-1
779.330	1	2
779.499	1	3
779.669	1	0
779.838	1	4
780.007	1	-6
780.176	1	9
780.346	1	-4
780.515	1	-5
780.684	1	13
780.853	1	8
781.022	1	11
781.192	1	11
781.361	1	6
781.530	1	1
781.699	1	-3
781.868	1	14
782.038	1	1
782.207	1	-3
782.376	1	9
782.545	1	11
782.715	1	-6
782.884	1	1
783.053	1	7
783.222	1	10
783.391	1	3
783.561	1	-4
783.730	1	11
783.899	1	1
784.068	1	5
784.237	1	-1
784.407	1	-3
784.576	1	13
784.745	1	4
784.914	1	8
785.083	1	9
785.253	1	-2
785.422	1	-4
785.591	1	13
785.760	1	5
785.929	1	-7
786.099	1	-3
786.268	1	-3
786.437	1	6
786.606	1	-1
786.775	1	9
786.945	1	9
787.114	1	11
787.283	1	-4
787.452	1	4
787.621	1	3
787.790	1	3
787.960	1	5
788.129	1	-1
788.298	1	9
788.467	1	2
788.636	1	-2
788.806	1	7
788.975	1	-1
789.144	1	4
789.313	1	0
789.482	1	7
789.651	1	-1
789.821	1	8
789.990	1	0
790.159	1	7
790.328	1	2
790.497	1	0
790.666	1	6
790.836	1	-15
791.005	1	4
791.174	1	2
791.343	1	-15
791.512	1	4
791.681	1	-3
791.851	1	3
792.020	1	-3
792.189	1	11
792.358	1	10
792.527	1	1
792.696	1	8
792.866	1	8
793.035	1	4
793.204	1	3
793.373	1	4
793.542	1	5
793.711	1	3
793.880	1	-2
794.050	1	12
794.219	1	13
794.388	1	9
794.557	1	13
794.726	1	8
794.895	1	15
795.064	1	-6
795.234	1	15
795.403	1	5
795.572	1	-10
795.741	1	2
795.910	1	5
796.079	1	1
796.248	1	3
796.418	1	-5
796.587	1	2
796.756	1	-4
796.925	1	10
797.094	1	14
797.263	1	-2
797.432	1	9
797.602	1	4
797.771	1	-8
797.940	1	7
798.109	1	10
798.278	1	3
798.447	1	-11
798.616	1	1
798.785	1	-6
798.955	1	-4
799.124	1	16
799.293	1	-4
799.462	1	3
799.631	1	6
799.800	1	4
799.969	1	-1
800.138	1	2
800.308	1	12
800.477	1	-7
800.646	1	-4
800.815	1	-11
800.984	1	12
801.153	1	-1
801.322	1	1
801.491	1	-1
801.660	1	1
801.830	1	1
801.999	1	-1
802.168	1	10
802.337	1	9
802.506	1	3
802.675	1	-1
802.844	1	8
803.013	1	9
803.182	1	0
803.351	1	1
803.521	1	10
803.690	1	7
803.859	1	6
804.028	1	0
804.197	1	13
804.366	1	11
804.535	1	7
804.704	1	6
804.873	1	-3
805.042	1	0
805.212	1	0
805.381	1	-8
805.550	1	9
805.719	1	0
805.888	1	5
806.057	1	12
806.226	1	6
806.395	1	6
806.564	1	9
806.733	1	4
806.902	1	11
807.071	1	3
807.241	1	1
807.410	1	2
807.579	1	9
807.748	1	-3
807.917	1	1
808.086	1	2
808.255	1	8
808.424	1	18
808.593	1	10
808.762	1	8
808.931	1	12
809.100	1	4
809.269	1	-3
809.439	1	5
809.608	1	10
809.777	1	9
809.946	1	-6
810.115	1	14
810.284	1	11
810.453	1	9
810.622	1	0
810.791	1	16
810.960	1	-2
811.129	1	-1
811.298	1	1
811.467	1	12
811.636	1	3
811.805	1	1
811.974	1	-2
812.143	1	2
812.313	1	8
812.482	1	4
812.651	1	9
812.820	1	-2
812.989	1	-5
813.158	1	9
813.327	1	-2
813.496	1	-5
813.665	1	2
813.834	1	-11
814.003	1	-2
814.172	1	0
814.341	1	1
814.510	1	4
814.679	1	5
814.848	1	5
815.017	1	4
815.186	1	-5
815.355	1	14
815.524	1	14
815.693	1	-9
815.862	1	14
816.031	1	-12
816.200	1	6
816.370	1	0
816.539	1	4
816.708	1	6
816.877	1	3
817.046	1	11
817.215	1	7
817.384	1	3
817.553	1	-12
817.722	1	7
817.891	1	8
818.060	1	5
818.229	1	-4
818.398	1	1
818.567	1	-4
818.736	1	5
818.905	1	9
819.074	1	3
819.243	1	9
819.412	1	-3
819.581	1	-8
819.750	1	5
819.919	1	4
820.088	1	-10
820.257	1	10
820.426	1	3
820.595	1	-3
820.764	1	5
820.933	1	5
821.102	1	5
821.271	1	3
821.440	1	10
821.609	1	14
821.778	1	2
821.947	1	-4
822.116	1	3
822.285	1	1
822.454	1	6
822.623	1	5
822.792	1	4
822.961	1	-3
823.130	1	-1
823.299	1	7
823.468	1	-9
823.637	1	12
823.806	1	-11
823.975	1	15
824.144	1	6
824.313	1	-6
824.482	1	-8
824.651	1	12
824.820	1	-3
824.989	1	3
825.158	1	-8
825.327	1	0
825.496	1	7
825.665	1	7
825.834	1	4
826.003	1	11
826.172	1	-2
826.341	1	-2
826.510	1	5
826.679	1	-5
826.848	1	3
827.017	1	-5
827.186	1	7
827.355	1	4
827.524	1	14
827.693	1	7
827.862	1	-5
828.031	1	3
828.199	1	10
828.368	1	-3
828.537	1	5
828.706	1	5
828.875	1	8
829.044	1	8
829.213	1	8
829.382	1	6
829.551	1	-7
829.720	1	11
829.889	1	7
830.058	1	-6
830.227	1	-2
830.396	1	10
830.565	1	2
830.734	1	1
830.903	1	9
831.072	1	4
831.241	1	9
831.410	1	-6
831.579	1	-3
831.748	1	1
831.917	1	0
832.086	1	0
832.254	1	21
832.423	1	8
832.592	1	12
832.761	1	1
832.930	1	-3
833.099	1	10
833.268	1	8
833.437	1	7
833.606	1	-2
833.775	1	0
833.944	1	1
834.113	1	8
834.282	1	2
834.451	1	3
834.620	1	4
834.789	1	11
834.957	1	-2
835.126	1	-3
835.295	1	10
835.464	1	9
835.633	1	-4
835.802	1	5
835.971	1	1
836.140	1	0
836.309	1	13
836.478	1	5
836.647	1	1
836.816	1	8
836.985	1	7
837.154	1	-5
837.322	1	-3
837.491	1	-3
837.660	1	1
837.829	1	8
837.998	1	0
838.167	1	5
838.336	1	19
838.505	1	0
838.674	1	-1
838.843	1	4
839.012	1	-1
839.181	1	-1
839.349	1	2
839.518	1	0
839.687	1	10
839.856	1	-4
840.025	1	-6
840.194	1	-6
840.363	1	9
840.532	1	9
840.701	1	1
840.870	1	-3
841.038	1	4
841.207	1	-1
841.376	1	-13
841.545	1	12
841.714	1	4
841.883	1	-12
842.052	1	3
842.221	1	0
842.390	1	-8
842.559	1	3
842.727	1	0
842.896	1	-6
843.065	1	1
843.234	1	-4
843.403	1	-3
843.572	1	11
843.741	1	0
843.910	1	-4
844.079	1	10
844.247	1	-2
844.416	1	12
844.585	1	-2
844.754	1	8
844.923	1	4
845.092	1	2
845.261	1	11
845.430	1	-1
845.598	1	10
845.767	1	-1
845.936	1	-5
846.105	1	4
846.274	1	1
846.443	1	5
846.612	1	-1
846.781	1	7
846.949	1	0
847.118	1	-6
847.287	1	-3
847.456	1	-3
847.625	1	-5
847.794	1	-12
847.963	1	9
848.131	1	4
848.300	1	13
