500.757	1	32
500.928	1	22
501.099	1	19
501.269	1	32
501.440	1	12
501.611	1	21
501.782	1	20
501.952	1	13
502.123	1	33
502.294	1	25
502.464	1	21
502.635	1	25
502.806	1	16
502.976	1	26
503.147	1	24
503.318	1	12
503.489	1	16
503.659	1	20
503.830	1	21
504.001	1	17
504.171	1	17
504.342	1	21
504.513	1	11
504.683	1	20
504.854	1	18
505.025	1	22
505.195	1	25
505.366	1	26
505.537	1	18
505.707	1	16
505.878	1	14
506.049	1	17
506.219	1	20
506.390	1	16
506.561	1	14
506.731	1	27
506.902	1	25
507.073	1	16
507.243	1	32
507.414	1	26
507.585	1	23
507.755	1	10
507.926	1	18
508.097	1	8
508.267	1	11
508.438	1	17
508.609	1	28
508.779	1	12
508.950	1	26
509.121	1	26
509.291	1	28
509.462	1	27
509.633	1	14
509.803	1	17
509.974	1	14
510.145	1	13
510.315	1	16
510.486	1	22
510.657	1	13
510.827	1	12
510.998	1	31
511.169	1	16
511.339	1	17
511.510	1	16
511.680	1	14
511.851	1	22
512.022	1	22
512.192	1	12
512.363	1	29
512.534	1	28
512.704	1	17
512.875	1	15
513.046	1	15
513.216	1	22
513.387	1	0
513.558	1	14
513.728	1	10
513.899	1	20
514.069	1	12
514.240	1	8
514.411	1	16
514.581	1	15
514.752	1	16
514.923	1	27
515.093	1	16
515.264	1	14
515.434	1	6
515.605	1	14
515.776	1	31
515.946	1	19
516.117	1	10
516.288	1	18
516.458	1	19
516.629	1	22
516.799	1	6
516.970	1	18
517.141	1	19
517.311	1	6
517.482	1	11
517.653	1	18
517.823	1	11
517.994	1	11
518.164	1	10
518.335	1	19
518.506	1	13
518.676	1	3
518.847	1	16
519.017	1	12
519.188	1	9
519.359	1	8
519.529	1	21
519.700	1	27
519.870	1	8
520.041	1	25
520.212	1	25
520.382	1	4
520.553	1	13
520.723	1	24
520.894	1	12
521.065	1	12
521.235	1	14
521.406	1	18
521.576	1	6
521.747	1	8
521.918	1	16
522.088	1	8
522.259	1	14
522.429	1	7
522.600	1	20
522.770	1	13
522.941	1	10
523.112	1	20
523.282	1	19
523.453	1	11
523.623	1	8
523.794	1	26
523.965	1	13
524.135	1	8
524.306	1	-2
524.476	1	9
524.647	1	15
524.817	1	15
524.988	1	19
525.159	1	10
525.329	1	19
525.500	1	11
525.670	1	19
525.841	1	21
526.011	1	10
526.182	1	15
526.353	1	2
526.523	1	9
526.694	1	16
526.864	1	3
527.035	1	16
527.205	1	5
527.376	1	15
527.547	1	14
527.717	1	6
527.888	1	23
528.058	1	13
528.229	1	15
528.399	1	12
528.570	1	13
528.740	1	14
528.911	1	15
529.082	1	10
529.252	1	7
529.423	1	13
529.593	1	5
529.764	1	9
529.934	1	-4
530.105	1	15
530.275	1	17
530.446	1	10
530.617	1	12
530.787	1	9
530.958	1	3
531.128	1	10
531.299	1	13
531.469	1	5
531.640	1	11
531.810	1	8
531.981	1	14
532.151	1	15
532.322	1	6
532.492	1	22
532.663	1	10
532.834	1	9
533.004	1	4
533.175	1	12
533.345	1	5
533.516	1	14
533.686	1	10
533.857	1	13
534.027	1	14
534.198	1	17
534.368	1	3
534.539	1	8
534.709	1	2
534.880	1	-7
535.050	1	16
535.221	1	8
535.391	1	18
535.562	1	19
535.732	1	14
535.903	1	-1
536.073	1	17
536.244	1	14
536.415	1	16
536.585	1	11
536.756	1	1
536.926	1	4
537.097	1	26
537.267	1	4
537.438	1	16
537.608	1	5
537.779	1	13
537.949	1	8
538.120	1	12
538.290	1	12
538.461	1	14
538.631	1	18
538.802	1	9
538.972	1	7
539.143	1	9
539.313	1	19
539.484	1	7
539.654	1	2
539.825	1	-1
539.995	1	4
540.166	1	15
540.336	1	11
540.507	1	11
540.677	1	10
540.848	1	1
541.018	1	7
541.189	1	7
541.359	1	11
541.530	1	9
541.700	1	7
541.871	1	13
542.041	1	8
542.211	1	10
542.382	1	16
542.552	1	-9
542.723	1	12
542.893	1	14
543.064	1	-4
543.234	1	5
543.405	1	-4
543.575	1	0
543.746	1	15
543.916	1	6
544.087	1	7
544.257	1	5
544.428	1	15
544.598	1	9
544.769	1	9
544.939	1	7
545.110	1	5
545.280	1	16
545.451	1	7
545.621	1	11
545.791	1	9
545.962	1	6
546.132	1	3
546.303	1	1
546.473	1	18
546.644	1	2
546.814	1	3
546.985	1	7
547.155	1	0
547.326	1	3
547.496	1	5
547.666	1	14
547.837	1	-9
548.007	1	4
548.178	1	12
548.348	1	-4
548.519	1	13
548.689	1	4
548.860	1	14
549.030	1	18
549.201	1	10
549.371	1	17
549.541	1	4
549.712	1	7
549.882	1	13
550.053	1	11
550.223	1	12
550.394	1	22
550.564	1	0
550.735	1	19
550.905	1	14
551.075	1	18
551.246	1	16
551.416	1	15
551.587	1	18
551.757	1	6
551.928	1	1
552.098	1	11
552.268	1	-1
552.439	1	9
552.609	1	12
552.780	1	7
552.950	1	13
553.121	1	13
553.291	1	4
553.461	1	12
553.632	1	-2
553.802	1	3
553.973	1	19
554.143	1	16
554.314	1	-2
554.484	1	4
554.654	1	8
554.825	1	8
554.995	1	8
555.166	1	0
555.336	1	8
555.506	1	7
555.677	1	5
555.847	1	-1
556.018	1	12
556.188	1	-6
556.359	1	4
556.529	1	9
556.699	1	4
556.870	1	5
557.040	1	15
557.211	1	11
557.381	1	4
557.551	1	4
557.722	1	8
557.892	1	1
558.063	1	4
558.233	1	3
558.403	1	-2
558.574	1	1
558.744	1	15
558.915	1	15
559.085	1	6
559.255	1	-2
559.426	1	-2
559.596	1	12
559.767	1	12
559.937	1	9
560.107	1	1
560.278	1	1
560.448	1	11
560.618	1	2
560.789	1	4
560.959	1	13
561.130	1	13
561.300	1	4
561.470	1	11
561.641	1	5
561.811	1	7
561.982	1	15
562.152	1	2
562.322	1	10
562.493	1	1
562.663	1	25
562.833	1	8
563.004	1	-3
563.174	1	10
563.345	1	6
563.515	1	-1
563.685	1	-1
563.856	1	2
564.026	1	9
564.196	1	6
564.367	1	13
564.537	1	2
564.707	1	9
564.878	1	6
565.048	1	0
565.219	1	3
565.389	1	10
565.559	1	3
565.730	1	4
565.900	1	14
566.070	1	2
566.241	1	2
566.411	1	11
566.581	1	8
566.752	1	19
566.922	1	10
567.093	1	8
567.263	1	5
567.433	1	-1
567.604	1	10
567.774	1	2
567.944	1	-1
568.115	1	11
568.285	1	-6
568.455	1	8
568.626	1	-3
568.796	1	-1
568.966	1	15
569.137	1	3
569.307	1	2
569.477	1	9
569.648	1	1
569.818	1	3
569.988	1	5
570.159	1	9
570.329	1	1
570.499	1	23
570.670	1	-4
570.840	1	-5
571.010	1	15
571.181	1	16
571.351	1	7
571.521	1	12
571.692	1	11
571.862	1	10
572.032	1	11
572.203	1	11
572.373	1	15
572.543	1	0
572.714	1	14
572.884	1	6
573.054	1	9
573.225	1	7
573.395	1	-4
573.565	1	1
573.736	1	10
573.906	1	1
574.076	1	15
574.247	1	9
574.417	1	5
574.587	1	18
574.757	1	-3
574.928	1	2
575.098	1	10
575.268	1	10
575.439	1	1
575.609	1	-1
575.779	1	-4
575.950	1	1
576.120	1	5
576.290	1	8
576.461	1	8
576.631	1	6
576.801	1	10
576.971	1	3
577.142	1	7
577.312	1	16
577.482	1	13
577.653	1	-5
577.823	1	6
577.993	1	12
578.164	1	19
578.334	1	5
578.504	1	5
578.674	1	8
578.845	1	7
579.015	1	11
579.185	1	9
579.356	1	15
579.526	1	11
579.696	1	13
579.866	1	3
580.037	1	7
580.207	1	9
580.377	1	-6
580.548	1	-7
580.718	1	9
580.888	1	-3
581.058	1	-8
581.229	1	-9
581.399	1	-5
581.569	1	7
581.739	1	15
581.910	1	5
582.080	1	13
582.250	1	-1
582.421	1	1
582.591	1	8
582.761	1	14
582.931	1	5
583.102	1	7
583.272	1	12
583.442	1	-2
583.612	1	11
583.783	1	4
583.953	1	18
584.123	1	7
584.294	1	0
584.464	1	6
584.634	1	11
584.804	1	8
584.975	1	-4
585.145	1	15
585.315	1	4
585.485	1	3
585.656	1	7
585.826	1	9
585.996	1	11
586.166	1	1
586.337	1	12
586.507	1	1
586.677	1	2
586.847	1	13
587.018	1	0
587.188	1	0
587.358	1	5
587.528	1	1
587.699	1	10
587.869	1	-2
588.039	1	-2
588.209	1	18
588.380	1	-10
588.550	1	3
588.720	1	13
588.890	1	6
589.060	1	9
589.231	1	7
589.401	1	5
589.571	1	2
589.741	1	14
589.912	1	14
590.082	1	10
590.252	1	9
590.422	1	5
590.593	1	5
590.763	1	8
590.933	1	14
591.103	1	1
591.273	1	10
591.444	1	14
591.614	1	0
591.784	1	6
591.954	1	11
592.125	1	4
592.295	1	-1
592.465	1	9
592.635	1	10
592.805	1	6
592.976	1	18
593.146	1	9
593.316	1	-2
593.486	1	8
593.657	1	11
593.827	1	6
593.997	1	7
594.167	1	8
594.337	1	7
594.508	1	17
594.678	1	-1
594.848	1	-3
595.018	1	21
595.188	1	10
595.359	1	9
595.529	1	8
595.699	1	20
595.869	1	-6
596.039	1	-10
596.210	1	10
596.380	1	2
596.550	1	15
596.720	1	2
596.890	1	11
597.061	1	11
597.231	1	0
597.401	1	13
597.571	1	3
597.741	1	14
597.912	1	-3
598.082	1	5
598.252	1	7
598.422	1	-4
598.592	1	6
598.762	1	13
598.933	1	12
599.103	1	4
599.273	1	0
599.443	1	3
599.613	1	11
599.784	1	-5
599.954	1	2
600.124	1	6
600.294	1	9
600.464	1	3
600.634	1	-7
600.805	1	11
600.975	1	-5
601.145	1	11
601.315	1	1
601.485	1	12
601.656	1	12
601.826	1	-1
601.996	1	6
602.166	1	3
602.336	1	5
602.506	1	17
602.677	1	-4
602.847	1	-11
603.017	1	2
603.187	1	3
603.357	1	-1
603.527	1	13
603.697	1	11
603.868	1	2
604.038	1	2
604.208	1	4
604.378	1	9
604.548	1	9
604.718	1	13
604.889	1	9
605.059	1	5
605.229	1	-5
605.399	1	5
605.569	1	8
605.739	1	5
605.909	1	-1
606.080	1	8
606.250	1	-3
606.420	1	6
606.590	1	7
606.760	1	8
606.930	1	11
607.100	1	7
607.271	1	10
607.441	1	8
607.611	1	6
607.781	1	8
607.951	1	15
608.121	1	13
608.291	1	5
608.462	1	5
608.632	1	0
608.802	1	-3
608.972	1	-3
609.142	1	12
609.312	1	8
609.482	1	4
609.652	1	13
609.823	1	7
609.993	1	9
610.163	1	3
610.333	1	11
610.503	1	24
610.673	1	11
610.843	1	1
611.013	1	12
611.184	1	12
611.354	1	1
611.524	1	5
611.694	1	14
611.864	1	6
612.034	1	13
612.204	1	20
612.374	1	12
612.545	1	-1
612.715	1	5
612.885	1	11
613.055	1	16
613.225	1	9
613.395	1	5
613.565	1	3
613.735	1	-5
613.905	1	3
614.075	1	-3
614.246	1	5
614.416	1	4
614.586	1	14
614.756	1	5
614.926	1	2
615.096	1	12
615.266	1	20
615.436	1	-2
615.606	1	1
615.776	1	4
615.947	1	10
616.117	1	4
616.287	1	8
616.457	1	9
616.627	1	12
616.797	1	11
616.967	1	8
617.137	1	13
617.307	1	13
617.477	1	3
617.647	1	11
617.818	1	3
617.988	1	15
618.158	1	5
618.328	1	5
618.498	1	2
618.668	1	11
618.838	1	5
619.008	1	11
619.178	1	5
619.348	1	2
619.518	1	10
619.688	1	-2
619.859	1	14
620.029	1	10
620.199	1	9
620.369	1	19
620.539	1	9
620.709	1	8
620.879	1	10
621.049	1	-5
621.219	1	12
621.389	1	6
621.559	1	6
621.729	1	0
621.899	1	4
622.069	1	14
622.239	1	10
622.410	1	10
622.580	1	5
622.750	1	4
622.920	1	13
623.090	1	2
623.260	1	7
623.430	1	5
623.600	1	4
623.770	1	10
623.940	1	20
624.110	1	15
624.280	1	13
624.450	1	17
624.620	1	16
624.790	1	-12
624.960	1	16
625.130	1	22
625.300	1	13
625.470	1	-2
625.640	1	15
625.811	1	12
625.981	1	2
626.151	1	10
626.321	1	6
626.491	1	11
626.661	1	16
626.831	1	24
627.001	1	10
627.171	1	13
627.341	1	8
627.511	1	11
627.681	1	13
627.851	1	-2
628.021	1	8
628.191	1	2
628.361	1	13
628.531	1	10
628.701	1	14
628.871	1	8
629.041	1	17
629.211	1	6
629.381	1	8
629.551	1	4
629.721	1	16
629.891	1	6
630.061	1	2
630.231	1	9
630.401	1	4
630.571	1	10
630.741	1	6
630.911	1	8
631.081	1	16
631.251	1	15
631.421	1	12
631.591	1	5
631.761	1	4
631.931	1	7
632.101	1	14
632.271	1	6
632.441	1	3
632.611	1	18
632.782	1	23
632.952	1	13
633.122	1	11
633.292	1	11
633.462	1	6
633.632	1	2
633.802	1	21
633.972	1	8
634.142	1	12
634.312	1	11
634.482	1	8
634.652	1	18
634.821	1	5
634.991	1	2
635.161	1	25
635.331	1	1
635.501	1	10
635.671	1	1
635.841	1	11
636.011	1	-2
636.181	1	16
636.351	1	14
636.521	1	9
636.691	1	10
636.861	1	15
637.031	1	12
637.201	1	10
637.371	1	19
637.541	1	-3
637.711	1	1
637.881	1	3
638.051	1	24
638.221	1	-2
638.391	1	-2
638.561	1	12
638.731	1	3
638.901	1	7
639.071	1	12
639.241	1	15
639.411	1	8
639.581	1	8
639.751	1	25
639.921	1	7
640.091	1	8
640.261	1	18
640.431	1	1
640.601	1	-5
640.771	1	1
640.941	1	14
641.111	1	12
641.281	1	22
641.451	1	17
641.621	1	7
641.791	1	23
641.960	1	13
642.130	1	4
642.300	1	9
642.470	1	10
642.640	1	5
642.810	1	13
642.980	1	12
643.150	1	15
643.320	1	0
643.490	1	2
643.660	1	-1
643.830	1	8
644.000	1	19
644.170	1	3
644.340	1	6
644.510	1	6
644.680	1	5
644.850	1	3
645.020	1	8
645.189	1	14
645.359	1	10
645.529	1	7
645.699	1	10
645.869	1	17
646.039	1	8
646.209	1	-4
646.379	1	18
646.549	1	7
646.719	1	6
646.889	1	1
647.059	1	7
647.229	1	5
647.399	1	-4
647.569	1	4
647.738	1	15
647.908	1	6
648.078	1	9
648.248	1	13
648.418	1	11
648.588	1	0
648.758	1	16
648.928	1	2
649.098	1	4
649.268	1	0
649.438	1	10
649.608	1	4
649.778	1	11
649.947	1	3
650.117	1	14
650.287	1	9
650.457	1	15
650.627	1	4
650.797	1	7
650.967	1	15
651.137	1	11
651.307	1	6
651.477	1	15
651.647	1	8
651.816	1	2
651.986	1	4
652.156	1	7
652.326	1	4
652.496	1	11
652.666	1	0
652.836	1	1
653.006	1	8
653.176	1	10
653.346	1	13
653.515	1	9
653.685	1	3
653.855	1	6
654.025	1	5
654.195	1	11
654.365	1	14
654.535	1	12
654.705	1	14
654.875	1	6
655.044	1	7
655.214	1	5
655.384	1	3
655.554	1	12
655.724	1	6
655.894	1	17
656.064	1	9
656.234	1	11
656.404	1	15
656.573	1	3
656.743	1	8
656.913	1	1
657.083	1	14
657.253	1	6
657.423	1	5
657.593	1	16
657.763	1	9
657.932	1	6
658.102	1	13
658.272	1	5
658.442	1	-2
658.612	1	5
658.782	1	8
658.952	1	9
659.121	1	8
659.291	1	8
659.461	1	6
659.631	1	12
659.801	1	13
659.971	1	-5
660.141	1	13
660.311	1	12
660.480	1	8
660.650	1	-9
660.820	1	11
660.990	1	8
661.160	1	11
661.330	1	7
661.500	1	6
661.669	1	4
661.839	1	11
662.009	1	9
662.179	1	8
662.349	1	9
662.519	1	9
662.688	1	10
662.858	1	17
663.028	1	5
663.198	1	15
663.368	1	14
663.538	1	0
663.708	1	4
663.877	1	8
664.047	1	4
664.217	1	9
664.387	1	10
664.557	1	17
664.727	1	9
664.896	1	8
665.066	1	7
665.236	1	-1
665.406	1	3
665.576	1	10
665.746	1	13
665.915	1	0
666.085	1	2
666.255	1	8
666.425	1	4
666.595	1	-6
666.765	1	6
666.934	1	2
667.104	1	12
667.274	1	7
667.444	1	7
667.614	1	6
667.783	1	11
667.953	1	10
668.123	1	7
668.293	1	21
668.463	1	1
668.633	1	5
668.802	1	12
668.972	1	17
669.142	1	8
669.312	1	9
669.482	1	4
669.651	1	23
669.821	1	4
669.991	1	14
670.161	1	9
670.331	1	7
670.500	1	5
670.670	1	10
670.840	1	8
671.010	1	0
671.180	1	13
671.349	1	6
671.519	1	11
671.689	1	5
671.859	1	5
672.029	1	12
672.198	1	10
672.368	1	8
672.538	1	14
672.708	1	9
672.878	1	0
673.047	1	5
673.217	1	10
673.387	1	3
673.557	1	6
673.727	1	14
673.896	1	8
674.066	1	2
674.236	1	0
674.406	1	8
674.576	1	17
674.745	1	1
674.915	1	0
675.085	1	8
675.255	1	5
675.424	1	21
675.594	1	4
675.764	1	10
675.934	1	18
676.104	1	17
676.273	1	15
676.443	1	8
676.613	1	20
676.783	1	10
676.952	1	12
677.122	1	-4
677.292	1	11
677.462	1	4
677.632	1	14
677.801	1	1
677.971	1	8
678.141	1	7
678.311	1	12
678.480	1	9
678.650	1	24
678.820	1	8
678.990	1	13
679.159	1	30
679.329	1	12
679.499	1	7
679.669	1	-3
679.838	1	14
680.008	1	2
680.178	1	-1
680.348	1	10
680.517	1	15
680.687	1	2
680.857	1	-3
681.027	1	0
681.196	1	20
681.366	1	10
681.536	1	6
681.706	1	10
681.875	1	25
682.045	1	5
682.215	1	-5
682.385	1	18
682.554	1	11
682.724	1	6
682.894	1	17
683.064	1	3
683.233	1	15
683.403	1	10
683.573	1	13
683.743	1	13
683.912	1	4
684.082	1	20
684.252	1	19
684.421	1	16
684.591	1	8
684.761	1	-4
684.931	1	4
685.100	1	10
685.270	1	3
685.440	1	4
685.610	1	9
685.779	1	8
685.949	1	7
686.119	1	3
686.288	1	11
686.458	1	-4
686.628	1	21
686.798	1	2
686.967	1	13
687.137	1	17
687.307	1	3
687.477	1	9
687.646	1	8
687.816	1	17
687.986	1	1
688.155	1	18
688.325	1	11
688.495	1	18
688.665	1	17
688.834	1	6
689.004	1	19
689.174	1	4
689.343	1	12
689.513	1	18
689.683	1	5
689.852	1	14
690.022	1	15
690.192	1	18
690.362	1	11
690.531	1	6
690.701	1	11
690.871	1	2
691.040	1	6
691.210	1	10
691.380	1	7
691.549	1	12
691.719	1	9
691.889	1	8
692.059	1	2
692.228	1	10
692.398	1	10
692.568	1	-2
692.737	1	13
692.907	1	12
693.077	1	15
693.246	1	1
693.416	1	15
693.586	1	7
693.755	1	11
693.925	1	7
694.095	1	15
694.264	1	19
694.434	1	3
694.604	1	1
694.773	1	4
694.943	1	10
695.113	1	10
695.282	1	5
695.452	1	12
695.622	1	19
695.791	1	8
695.961	1	8
696.131	1	-3
696.301	1	11
696.470	1	4
696.640	1	2
696.810	1	20
696.979	1	3
697.149	1	5
697.319	1	14
697.488	1	15
697.658	1	8
697.827	1	6
697.997	1	13
698.167	1	6
698.336	1	-2
698.506	1	18
698.676	1	9
698.845	1	9
699.015	1	14
699.185	1	-1
699.354	1	-1
699.524	1	12
699.694	1	5
699.863	1	5
700.033	1	6
700.203	1	4
700.372	1	5
700.542	1	7
700.712	1	2
700.881	1	11
701.051	1	14
701.221	1	8
701.390	1	14
701.560	1	11
701.729	1	5
701.899	1	6
702.069	1	-11
702.238	1	13
702.408	1	9
702.578	1	10
702.747	1	-1
702.917	1	3
703.087	1	6
703.256	1	0
703.426	1	14
703.595	1	13
703.765	1	9
703.935	1	-12
704.104	1	7
704.274	1	14
704.444	1	3
704.613	1	10
704.783	1	8
704.952	1	7
705.122	1	7
705.292	1	13
705.461	1	11
705.631	1	16
705.801	1	13
705.970	1	18
706.140	1	6
706.309	1	0
706.479	1	7
706.649	1	11
706.818	1	10
706.988	1	15
707.157	1	12
707.327	1	4
707.497	1	13
707.666	1	5
707.836	1	3
708.006	1	8
708.175	1	10
708.345	1	1
708.514	1	6
708.684	1	8
708.854	1	3
709.023	1	13
709.193	1	7
709.362	1	9
709.532	1	9
709.702	1	10
709.871	1	8
710.041	1	13
710.210	1	14
710.380	1	15
710.550	1	-2
710.719	1	12
710.889	1	-2
711.058	1	13
711.228	1	10
711.397	1	8
711.567	1	10
711.737	1	4
711.906	1	11
712.076	1	7
712.245	1	2
712.415	1	7
712.585	1	4
712.754	1	20
712.924	1	-1
713.093	1	3
713.263	1	-1
713.432	1	0
713.602	1	5
713.772	1	17
713.941	1	10
714.111	1	5
714.280	1	9
714.450	1	19
714.619	1	11
714.789	1	-5
714.959	1	-8
715.128	1	3
715.298	1	9
715.467	1	4
715.637	1	8
715.806	1	6
715.976	1	14
716.146	1	6
716.315	1	3
716.485	1	8
716.654	1	11
716.824	1	0
716.993	1	6
717.163	1	9
717.333	1	16
717.502	1	12
717.672	1	-2
717.841	1	5
718.011	1	8
718.180	1	8
718.350	1	13
718.519	1	9
718.689	1	8
718.858	1	11
719.028	1	10
719.198	1	6
719.367	1	12
719.537	1	15
719.706	1	16
719.876	1	10
720.045	1	2
720.215	1	6
720.384	1	-7
720.554	1	-4
720.723	1	17
720.893	1	-1
721.063	1	4
721.232	1	11
721.402	1	6
721.571	1	10
721.741	1	8
721.910	1	8
722.080	1	18
722.249	1	16
722.419	1	8
722.588	1	9
722.758	1	11
722.927	1	13
723.097	1	2
723.266	1	9
723.436	1	-2
723.606	1	7
723.775	1	-3
723.945	1	22
724.114	1	9
724.284	1	10
724.453	1	-7
724.623	1	13
724.792	1	12
724.962	1	7
725.131	1	4
725.301	1	2
725.470	1	0
725.640	1	17
725.809	1	9
725.979	1	12
726.148	1	2
726.318	1	4
726.487	1	-4
726.657	1	9
726.826	1	7
726.996	1	6
727.165	1	8
727.335	1	12
727.504	1	6
727.674	1	7
727.843	1	10
728.013	1	16
728.182	1	0
728.352	1	4
728.521	1	9
728.691	1	1
728.860	1	4
729.030	1	4
729.199	1	7
729.369	1	1
729.538	1	13
729.708	1	6
729.877	1	-1
730.047	1	9
730.216	1	13
730.386	1	4
730.555	1	4
730.725	1	10
730.894	1	-5
731.064	1	9
731.233	1	5
731.403	1	13
731.572	1	13
731.742	1	5
731.911	1	-3
732.081	1	9
732.250	1	1
732.420	1	15
732.589	1	11
732.758	1	16
732.928	1	13
733.097	1	1
733.267	1	2
733.436	1	17
733.606	1	1
733.775	1	13
733.945	1	12
734.114	1	8
734.284	1	4
734.453	1	13
734.623	1	13
734.792	1	9
734.962	1	5
735.131	1	12
735.301	1	9
735.470	1	8
735.639	1	8
735.809	1	8
735.978	1	9
736.148	1	15
736.317	1	3
736.487	1	5
736.656	1	7
736.826	1	-2
736.995	1	-6
737.165	1	12
737.334	1	9
737.503	1	6
737.673	1	1
737.842	1	8
738.012	1	-7
738.181	1	-3
738.351	1	-3
738.520	1	14
738.690	1	17
738.859	1	16
739.028	1	5
739.198	1	-1
739.367	1	8
739.537	1	15
739.706	1	2
739.876	1	10
740.045	1	10
740.215	1	14
740.384	1	-5
740.553	1	9
740.723	1	16
740.892	1	4
741.062	1	9
741.231	1	4
741.401	1	17
741.570	1	1
741.739	1	9
741.909	1	3
742.078	1	0
742.248	1	3
742.417	1	11
742.587	1	8
742.756	1	16
742.925	1	6
743.095	1	-8
743.264	1	5
743.434	1	-3
743.603	1	-7
743.772	1	2
743.942	1	2
744.111	1	7
744.281	1	15
744.450	1	7
744.620	1	16
744.789	1	7
744.958	1	11
745.128	1	-10
745.297	1	3
745.467	1	9
745.636	1	6
745.805	1	3
745.975	1	10
746.144	1	-3
746.314	1	5
746.483	1	16
746.652	1	6
746.822	1	3
746.991	1	5
747.161	1	13
747.330	1	1
747.499	1	19
747.669	1	11
747.838	1	19
748.008	1	4
748.177	1	8
748.346	1	5
748.516	1	15
748.685	1	3
748.855	1	13
749.024	1	0
749.193	1	-2
749.363	1	-4
749.532	1	14
749.702	1	6
749.871	1	8
750.040	1	4
750.210	1	-2
750.379	1	-6
750.548	1	6
750.718	1	5
750.887	1	3
751.057	1	10
751.226	1	6
751.395	1	11
751.565	1	12
751.734	1	7
751.903	1	-4
752.073	1	4
752.242	1	8
752.412	1	18
752.581	1	4
752.750	1	11
752.920	1	9
753.089	1	1
753.258	1	5
753.428	1	0
753.597	1	14
753.767	1	5
753.936	1	7
754.105	1	12
754.275	1	17
754.444	1	10
754.613	1	19
754.783	1	19
754.952	1	7
755.121	1	9
755.291	1	4
755.460	1	6
755.629	1	-3
755.799	1	-4
755.968	1	3
756.138	1	15
756.307	1	3
756.476	1	7
756.646	1	8
756.815	1	2
756.984	1	13
757.154	1	-1
757.323	1	6
757.492	1	4
757.662	1	-1
757.831	1	1
758.000	1	21
758.170	1	2
758.339	1	7
758.508	1	10
758.678	1	11
758.847	1	3
759.016	1	5
759.186	1	-1
759.355	1	2
759.524	1	-2
759.694	1	8
759.863	1	6
760.032	1	10
760.202	1	7
760.371	1	2
760.540	1	-2
760.710	1	4
760.879	1	7
761.048	1	1
761.218	1	7
761.387	1	3
761.556	1	16
761.726	1	6
761.895	1	8
762.064	1	15
762.234	1	1
762.403	1	13
762.572	1	7
762.742	1	-2
762.911	1	-9
763.080	1	2
763.249	1	2
763.419	1	-1
763.588	1	3
763.757	1	9
763.927	1	1
764.096	1	4
764.265	1	-5
764.435	1	5
764.604	1	5
764.773	1	11
764.943	1	9
765.112	1	0
765.281	1	10
765.450	1	9
765.620	1	6
765.789	1	13
765.958	1	13
766.128	1	-1
766.297	1	-4
766.466	1	5
766.636	1	11
766.805	1	7
766.974	1	8
767.143	1	4
767.313	1	6
767.482	1	-4
767.651	1	11
767.821	1	0
767.990	1	-4
768.159	1	-1
768.328	1	11
768.498	1	10
768.667	1	2
768.836	1	16
769.006	1	1
769.175	1	1
769.344	1	4
769.513	1	-2
769.683	1	-2
769.852	1	10
770.021	1	1
770.191	1	7
770.360	1	7
770.529	1	8
770.698	1	2
770.868	1	5
771.037	1	1
771.206	1	-2
771.375	1	5
771.545	1	-2
771.714	1	8
771.883	1	7
772.053	1	6
772.222	1	11
772.391	1	-11
772.560	1	8
772.730	1	-6
772.899	1	-4
773.068	1	5
773.237	1	-1
773.407	1	13
773.576	1	5
773.745	1	15
773.914	1	3
774.084	1	1
774.253	1	5
774.422	1	7
774.591	1	19
774.761	1	1
774.930	1	9
775.099	1	10
775.268	1	4
775.438	1	8
775.607	1	-2
775.776	1	-2
775.945	1	2
776.115	1	16
776.284	1	4
776.453	1	4
776.622	1	15
776.792	1	11
776.961	1	5
777.130	1	11
777.299	1	2
777.469	1	10
777.638	1	1
777.807	1	-9
777.976	1	6
778.146	1	14
778.315	1	3
778.484	1	3
778.653	1	-3
778.822	1	17
778.992	1	5
779.161	1	8
779.330	1	-15
779.499	1	3
779.669	1	16
779.838	1	13
780.007	1	-4
780.176	1	12
780.346	1	-1
780.515	1	2
780.684	1	8
780.853	1	7
781.022	1	15
781.192	1	12
781.361	1	0
781.530	1	7
781.699	1	-2
781.868	1	11
782.038	1	-7
782.207	1	11
782.376	1	15
782.545	1	7
782.715	1	-4
782.884	1	-3
783.053	1	14
783.222	1	6
783.391	1	3
783.561	1	-3
783.730	1	4
783.899	1	7
784.068	1	15
784.237	1	6
784.407	1	-16
784.576	1	9
784.745	1	3
784.914	1	3
785.083	1	9
785.253	1	11
785.422	1	5
785.591	1	7
785.760	1	10
785.929	1	-7
786.099	1	1
786.268	1	-1
786.437	1	9
786.606	1	-2
786.775	1	8
786.945	1	12
787.114	1	5
787.283	1	-3
787.452	1	4
787.621	1	2
787.790	1	5
787.960	1	7
788.129	1	2
788.298	1	4
788.467	1	-11
788.636	1	10
788.806	1	-1
788.975	1	-1
789.144	1	0
789.313	1	-6
789.482	1	-2
789.651	1	3
789.821	1	-2
789.990	1	14
790.159	1	16
790.328	1	-1
790.497	1	10
790.666	1	3
790.836	1	-8
791.005	1	2
791.174	1	-2
791.343	1	-3
791.512	1	0
791.681	1	2
791.851	1	4
792.020	1	0
792.189	1	-10
792.358	1	2
792.527	1	5
792.696	1	8
792.866	1	1
793.035	1	-3
793.204	1	7
793.373	1	12
793.542	1	5
793.711	1	-4
793.880	1	1
794.050	1	6
794.219	1	14
794.388	1	12
794.557	1	6
794.726	1	4
794.895	1	6
795.064	1	2
795.234	1	19
795.403	1	7
795.572	1	-9
795.741	1	4
795.910	1	3
796.079	1	21
796.248	1	6
796.418	1	0
796.587	1	6
796.756	1	-6
796.925	1	7
797.094	1	0
797.263	1	12
797.432	1	20
797.602	1	-3
797.771	1	-7
797.940	1	4
798.109	1	11
798.278	1	-2
798.447	1	4
798.616	1	12
798.785	1	-5
798.955	1	5
799.124	1	7
799.293	1	-3
799.462	1	-2
799.631	1	-2
799.800	1	3
799.969	1	7
800.138	1	8
800.308	1	10
800.477	1	-8
800.646	1	6
800.815	1	-4
800.984	1	4
801.153	1	5
801.322	1	5
801.491	1	8
801.660	1	-3
801.830	1	6
801.999	1	5
802.168	1	9
802.337	1	8
802.506	1	6
802.675	1	5
802.844	1	11
803.013	1	13
803.182	1	8
803.351	1	0
803.521	1	5
803.690	1	3
803.859	1	9
804.028	1	14
804.197	1	6
804.366	1	9
804.535	1	11
804.704	1	4
804.873	1	-5
805.042	1	-6
805.212	1	3
805.381	1	-2
805.550	1	6
805.719	1	2
805.888	1	5
806.057	1	6
806.226	1	-4
806.395	1	2
806.564	1	9
806.733	1	-1
806.902	1	11
807.071	1	6
807.241	1	5
807.410	1	4
807.579	1	7
807.748	1	2
807.917	1	-2
808.086	1	16
808.255	1	1
808.424	1	8
808.593	1	-1
808.762	1	14
808.931	1	11
809.100	1	13
809.269	1	1
809.439	1	0
809.608	1	11
809.777	1	3
809.946	1	-11
810.115	1	5
810.284	1	5
810.453	1	10
810.622	1	3
810.791	1	19
810.960	1	4
811.129	1	0
811.298	1	-3
811.467	1	9
811.636	1	4
811.805	1	-3
811.974	1	-9
812.143	1	7
812.313	1	0
812.482	1	11
812.651	1	7
812.820	1	3
812.989	1	2
813.158	1	-7
813.327	1	1
813.496	1	1
813.665	1	14
813.834	1	-2
814.003	1	-2
814.172	1	1
814.341	1	9
814.510	1	10
814.679	1	6
814.848	1	-6
815.017	1	12
815.186	1	-8
815.355	1	11
815.524	1	14
815.693	1	-3
815.862	1	21
816.031	1	-4
816.200	1	10
816.370	1	8
816.539	1	0
816.708	1	-2
816.877	1	0
817.046	1	5
817.215	1	7
817.384	1	0
817.553	1	-8
817.722	1	9
817.891	1	-4
818.060	1	-1
818.229	1	8
818.398	1	4
818.567	1	3
818.736	1	-1
818.905	1	13
819.074	1	3
819.243	1	7
819.412	1	7
819.581	1	-4
819.750	1	6
819.919	1	-2
820.088	1	5
820.257	1	8
820.426	1	6
820.595	1	-1
820.764	1	11
820.933	1	1
821.102	1	3
821.271	1	6
821.440	1	17
821.609	1	7
821.778	1	-2
821.947	1	6
822.116	1	0
822.285	1	0
822.454	1	4
822.623	1	15
822.792	1	-6
822.961	1	-1
823.130	1	-1
823.299	1	2
823.468	1	1
823.637	1	5
823.806	1	-5
823.975	1	3
824.144	1	2
824.313	1	-5
824.482	1	2
824.651	1	9
824.820	1	5
824.989	1	7
825.158	1	1
825.327	1	-3
825.496	1	-2
825.665	1	-1
825.834	1	2
826.003	1	19
826.172	1	3
826.341	1	0
826.510	1	-2
826.679	1	-2
826.848	1	5
827.017	1	-3
827.186	1	11
827.355	1	5
827.524	1	4
827.693	1	10
827.862	1	1
828.031	1	-2
828.199	1	9
828.368	1	2
828.537	1	3
828.706	1	3
828.875	1	3
829.044	1	10
829.213	1	4
829.382	1	15
829.551	1	-8
829.720	1	12
829.889	1	-4
830.058	1	-1
830.227	1	-5
830.396	1	-2
830.565	1	2
830.734	1	-9
830.903	1	4
831.072	1	3
831.241	1	16
831.410	1	-4
831.579	1	-7
831.748	1	-6
831.917	1	-3
832.086	1	-5
832.254	1	12
832.423	1	7
832.592	1	3
832.761	1	-4
832.930	1	1
833.099	1	7
833.268	1	9
833.437	1	3
833.606	1	4
833.775	1	-7
833.944	1	5
834.113	1	1
834.282	1	4
834.451	1	-1
834.620	1	4
834.789	1	12
834.957	1	-8
835.126	1	-2
835.295	1	11
835.464	1	2
835.633	1	1
835.802	1	8
835.971	1	-1
836.140	1	-4
836.309	1	10
836.478	1	2
836.647	1	-3
836.816	1	11
836.985	1	10
837.154	1	-1
837.322	1	3
837.491	1	5
837.660	1	8
837.829	1	2
837.998	1	-3
838.167	1	12
838.336	1	22
838.505	1	2
838.674	1	6
838.843	1	6
839.012	1	-2
839.181	1	0
839.349	1	11
839.518	1	2
839.687	1	8
839.856	1	-10
840.025	1	-2
840.194	1	-7
840.363	1	1
840.532	1	12
840.701	1	-1
840.870	1	3
841.038	1	3
841.207	1	7
841.376	1	-8
841.545	1	18
841.714	1	-5
841.883	1	2
842.052	1	5
842.221	1	7
842.390	1	-2
842.559	1	10
842.727	1	3
842.896	1	-5
843.065	1	1
843.234	1	-3
843.403	1	-2
843.572	1	6
843.741	1	10
843.910	1	-3
844.079	1	4
844.247	1	0
844.416	1	3
844.585	1	-1
844.754	1	14
844.923	1	7
845.092	1	12
845.261	1	7
845.430	1	5
845.598	1	6
845.767	1	4
845.936	1	-5
846.105	1	-4
846.274	1	6
846.443	1	1
846.612	1	-2
846.781	1	4
846.949	1	9
847.118	1	-7
847.287	1	7
847.456	1	0
847.625	1	-7
847.794	1	-7
847.963	1	13
848.131	1	-2
848.300	1	4
