325.333	1	-4
325.504	1	9
325.675	1	2
325.846	1	4
326.017	1	-3
326.188	1	3
326.359	1	3
326.531	1	9
326.702	1	2
326.873	1	-7
327.044	1	14
327.215	1	-3
327.386	1	7
327.557	1	1
327.728	1	5
327.899	1	-3
328.070	1	11
328.241	1	4
328.412	1	-1
328.583	1	4
328.754	1	-6
328.926	1	1
329.097	1	-2
329.268	1	-3
329.439	1	1
329.610	1	-6
329.781	1	2
329.952	1	8
330.123	1	-1
330.294	1	2
330.465	1	-1
330.636	1	8
330.807	1	-1
330.978	1	-3
331.149	1	5
331.320	1	6
331.492	1	-11
331.663	1	-12
331.834	1	-5
332.005	1	14
332.176	1	9
332.347	1	4
332.518	1	1
332.689	1	-1
332.860	1	3
333.031	1	3
333.202	1	7
333.373	1	2
333.544	1	-5
333.715	1	6
333.886	1	-3
334.057	1	0
334.228	1	-2
334.399	1	6
334.570	1	-6
334.741	1	0
334.912	1	1
335.084	1	-4
335.255	1	5
335.426	1	12
335.597	1	12
335.768	1	-7
335.939	1	-14
336.110	1	5
336.281	1	-3
336.452	1	1
336.623	1	-5
336.794	1	8
336.965	1	-2
337.136	1	2
337.307	1	0
337.478	1	4
337.649	1	-1
337.820	1	4
337.991	1	5
338.162	1	3
338.333	1	7
338.504	1	2
338.675	1	12
338.846	1	2
339.017	1	16
339.188	1	9
339.359	1	7
339.530	1	6
339.701	1	-1
339.872	1	-2
340.043	1	0
340.214	1	-5
340.385	1	18
340.556	1	-4
340.727	1	8
340.898	1	4
341.069	1	-10
341.240	1	-3
341.411	1	15
341.582	1	3
341.753	1	-8
341.924	1	-2
342.095	1	5
342.266	1	-9
342.437	1	-5
342.608	1	8
342.779	1	11
342.950	1	5
343.121	1	-1
343.292	1	11
343.463	1	-6
343.634	1	0
343.805	1	5
343.976	1	-3
344.147	1	3
344.318	1	3
344.489	1	18
344.660	1	4
344.831	1	2
345.002	1	6
345.173	1	3
345.344	1	-4
345.515	1	5
345.686	1	5
345.857	1	-2
346.028	1	-6
346.199	1	-1
346.370	1	8
346.541	1	8
346.712	1	3
346.883	1	11
347.054	1	-3
347.225	1	-13
347.396	1	-11
347.567	1	2
347.738	1	1
347.909	1	-4
348.080	1	5
348.251	1	-7
348.422	1	-11
348.593	1	5
348.764	1	-6
348.935	1	3
349.106	1	2
349.277	1	6
349.448	1	-5
349.619	1	8
349.790	1	4
349.961	1	2
350.132	1	4
350.303	1	-2
350.474	1	-5
350.645	1	19
350.816	1	0
350.987	1	9
351.157	1	0
351.328	1	-1
351.499	1	7
351.670	1	-6
351.841	1	-1
352.012	1	-2
352.183	1	-2
352.354	1	-3
352.525	1	11
352.696	1	2
352.867	1	1
353.038	1	-10
353.209	1	5
353.380	1	-5
353.551	1	-17
353.722	1	7
353.893	1	10
354.064	1	-2
354.235	1	7
354.406	1	-4
354.576	1	-1
354.747	1	11
354.918	1	15
355.089	1	4
355.260	1	12
355.431	1	9
355.602	1	5
355.773	1	4
355.944	1	5
356.115	1	-5
356.286	1	4
356.457	1	-2
356.628	1	-1
356.799	1	4
356.970	1	7
357.141	1	9
357.311	1	-1
357.482	1	-1
357.653	1	-8
357.824	1	3
357.995	1	3
358.166	1	3
358.337	1	-2
358.508	1	0
358.679	1	7
358.850	1	2
359.021	1	-4
359.192	1	4
359.363	1	-12
359.533	1	3
359.704	1	8
359.875	1	10
360.046	1	-3
360.217	1	-8
360.388	1	-16
360.559	1	-2
360.730	1	-6
360.901	1	-3
361.072	1	7
361.243	1	1
361.414	1	7
361.584	1	5
361.755	1	4
361.926	1	0
362.097	1	-6
362.268	1	11
362.439	1	10
362.610	1	-7
362.781	1	13
362.952	1	-2
363.123	1	0
363.293	1	-2
363.464	1	9
363.635	1	-1
363.806	1	10
363.977	1	4
364.148	1	9
364.319	1	-8
364.490	1	0
364.661	1	4
364.832	1	5
365.002	1	-5
365.173	1	-3
365.344	1	1
365.515	1	5
365.686	1	-3
365.857	1	7
366.028	1	-5
366.199	1	11
366.370	1	6
366.540	1	-2
366.711	1	6
366.882	1	-1
367.053	1	9
367.224	1	-12
367.395	1	-5
367.566	1	5
367.737	1	-3
367.908	1	2
368.078	1	-3
368.249	1	9
368.420	1	-2
368.591	1	1
368.762	1	-17
368.933	1	14
369.104	1	0
369.274	1	7
369.445	1	9
369.616	1	0
369.787	1	-5
369.958	1	10
370.129	1	1
370.300	1	0
370.471	1	1
370.641	1	11
370.812	1	11
370.983	1	3
371.154	1	8
371.325	1	6
371.496	1	-5
371.667	1	6
371.837	1	1
372.008	1	9
372.179	1	-1
372.350	1	8
372.521	1	13
372.692	1	0
372.863	1	-2
373.033	1	-1
373.204	1	16
373.375	1	2
373.546	1	2
373.717	1	2
373.888	1	3
374.059	1	-4
374.229	1	2
374.400	1	13
374.571	1	1
374.742	1	1
374.913	1	7
375.084	1	10
375.254	1	3
375.425	1	-4
375.596	1	-5
375.767	1	-10
375.938	1	-4
376.109	1	-5
376.279	1	11
376.450	1	5
376.621	1	10
376.792	1	11
376.963	1	-3
377.134	1	-4
377.304	1	2
377.475	1	-2
377.646	1	-8
377.817	1	-5
377.988	1	-5
378.159	1	6
378.329	1	13
378.500	1	1
378.671	1	-7
378.842	1	-1
379.013	1	8
379.184	1	7
379.354	1	8
379.525	1	-5
379.696	1	11
379.867	1	-6
380.038	1	3
380.209	1	10
380.379	1	12
380.550	1	-6
380.721	1	-4
380.892	1	-1
381.063	1	11
381.233	1	5
381.404	1	2
381.575	1	-1
381.746	1	3
381.917	1	8
382.087	1	-1
382.258	1	14
382.429	1	6
382.600	1	11
382.771	1	1
382.941	1	-1
383.112	1	-1
383.283	1	15
383.454	1	0
383.625	1	3
383.795	1	8
383.966	1	10
384.137	1	5
384.308	1	-3
384.479	1	3
384.649	1	10
384.820	1	11
384.991	1	-5
385.162	1	8
385.333	1	3
385.503	1	8
385.674	1	11
385.845	1	4
386.016	1	11
386.187	1	-2
386.357	1	-5
386.528	1	-7
386.699	1	1
386.870	1	10
387.041	1	9
387.211	1	5
387.382	1	5
387.553	1	3
387.724	1	-1
387.894	1	6
388.065	1	10
388.236	1	8
388.407	1	14
388.578	1	5
388.748	1	1
388.919	1	5
389.090	1	10
389.261	1	16
389.431	1	19
389.602	1	-6
389.773	1	-1
389.944	1	8
390.114	1	8
390.285	1	14
390.456	1	0
390.627	1	16
390.798	1	9
390.968	1	8
391.139	1	6
391.310	1	7
391.481	1	3
391.651	1	6
391.822	1	19
391.993	1	4
392.164	1	-8
392.334	1	-1
392.505	1	0
392.676	1	6
392.847	1	15
393.017	1	4
393.188	1	2
393.359	1	3
393.530	1	6
393.700	1	13
393.871	1	9
394.042	1	11
394.213	1	6
394.383	1	10
394.554	1	11
394.725	1	13
394.896	1	3
395.066	1	10
395.237	1	3
395.408	1	5
395.579	1	7
395.749	1	-1
395.920	1	6
396.091	1	16
396.262	1	-8
396.432	1	1
396.603	1	2
396.774	1	20
396.945	1	0
397.115	1	1
397.286	1	15
397.457	1	-5
397.627	1	3
397.798	1	11
397.969	1	9
398.140	1	-6
398.310	1	10
398.481	1	10
398.652	1	-3
398.823	1	-8
398.993	1	15
399.164	1	1
399.335	1	-4
399.505	1	13
399.676	1	9
399.847	1	10
400.018	1	1
400.188	1	12
400.359	1	24
400.530	1	4
400.700	1	1
400.871	1	6
401.042	1	4
401.213	1	7
401.383	1	9
401.554	1	8
401.725	1	6
401.895	1	0
402.066	1	14
402.237	1	11
402.408	1	14
402.578	1	3
402.749	1	10
402.920	1	15
403.090	1	3
403.261	1	5
403.432	1	13
403.603	1	-9
403.773	1	10
403.944	1	11
404.115	1	2
404.285	1	13
404.456	1	17
404.627	1	6
404.797	1	6
404.968	1	-7
405.139	1	6
405.310	1	8
405.480	1	2
405.651	1	5
405.822	1	17
405.992	1	10
406.163	1	14
406.334	1	7
406.504	1	0
406.675	1	9
406.846	1	5
407.016	1	3
407.187	1	8
407.358	1	1
407.528	1	11
407.699	1	6
407.870	1	10
408.041	1	-7
408.211	1	0
408.382	1	5
408.553	1	4
408.723	1	5
408.894	1	-1
409.065	1	12
409.235	1	7
409.406	1	12
409.577	1	-3
409.747	1	6
409.918	1	9
410.089	1	-2
410.259	1	1
410.430	1	5
410.601	1	6
410.771	1	8
410.942	1	-9
411.113	1	14
411.283	1	7
411.454	1	10
411.625	1	2
411.795	1	7
411.966	1	-5
412.137	1	14
412.307	1	0
412.478	1	9
412.649	1	4
412.819	1	-1
412.990	1	12
413.161	1	10
413.331	1	8
413.502	1	-10
413.672	1	6
413.843	1	8
414.014	1	18
414.184	1	10
414.355	1	6
414.526	1	12
414.696	1	15
414.867	1	18
415.038	1	0
415.208	1	9
415.379	1	5
415.550	1	15
415.720	1	3
415.891	1	22
416.062	1	3
416.232	1	7
416.403	1	11
416.573	1	3
416.744	1	7
416.915	1	11
417.085	1	2
417.256	1	1
417.427	1	14
417.597	1	10
417.768	1	5
417.939	1	5
418.109	1	-8
418.280	1	2
418.450	1	13
418.621	1	9
418.792	1	-2
418.962	1	8
419.133	1	11
419.304	1	0
419.474	1	5
419.645	1	1
419.815	1	17
419.986	1	3
420.157	1	13
420.327	1	2
420.498	1	4
420.669	1	10
420.839	1	8
421.010	1	8
421.180	1	1
421.351	1	14
421.522	1	13
421.692	1	7
421.863	1	5
422.033	1	19
422.204	1	6
422.375	1	6
422.545	1	12
422.716	1	4
422.886	1	12
423.057	1	-5
423.228	1	5
423.398	1	10
423.569	1	15
423.740	1	-3
423.910	1	17
424.081	1	8
424.251	1	7
424.422	1	-1
424.593	1	3
424.763	1	-1
424.934	1	11
425.104	1	-5
425.275	1	5
425.445	1	10
425.616	1	5
425.787	1	14
425.957	1	3
426.128	1	5
426.298	1	3
426.469	1	-1
426.640	1	13
426.810	1	15
426.981	1	8
427.151	1	4
427.322	1	-5
427.493	1	-1
427.663	1	2
427.834	1	-5
428.004	1	12
428.175	1	7
428.345	1	15
428.516	1	0
428.687	1	7
428.857	1	8
429.028	1	13
429.198	1	7
429.369	1	2
429.540	1	6
429.710	1	8
429.881	1	0
430.051	1	1
430.222	1	10
430.392	1	1
430.563	1	8
430.734	1	10
430.904	1	8
431.075	1	-9
431.245	1	0
431.416	1	-5
431.586	1	11
431.757	1	5
431.927	1	-8
432.098	1	4
432.269	1	7
432.439	1	5
432.610	1	12
432.780	1	6
432.951	1	11
433.121	1	6
433.292	1	9
433.462	1	5
433.633	1	10
433.804	1	1
433.974	1	10
434.145	1	11
434.315	1	-6
434.486	1	2
434.656	1	2
434.827	1	0
434.997	1	20
435.168	1	0
435.339	1	17
435.509	1	4
435.680	1	8
435.850	1	2
436.021	1	7
436.191	1	3
436.362	1	16
436.532	1	6
436.703	1	13
436.873	1	7
437.044	1	-3
437.214	1	6
437.385	1	16
437.556	1	9
437.726	1	6
437.897	1	3
438.067	1	3
438.238	1	3
438.408	1	17
438.579	1	13
438.749	1	-2
438.920	1	5
439.090	1	8
439.261	1	4
439.431	1	7
439.602	1	4
439.772	1	11
439.943	1	11
440.113	1	2
440.284	1	2
440.455	1	18
440.625	1	5
440.796	1	0
440.966	1	-2
441.137	1	0
441.307	1	2
441.478	1	17
441.648	1	6
441.819	1	3
441.989	1	5
442.160	1	9
442.330	1	12
442.501	1	-2
442.671	1	1
442.842	1	8
443.012	1	-1
443.183	1	8
443.353	1	8
443.524	1	6
443.694	1	6
443.865	1	4
444.035	1	4
444.206	1	1
444.376	1	6
444.547	1	-5
444.717	1	6
444.888	1	5
445.058	1	13
445.229	1	13
445.399	1	9
445.570	1	9
445.740	1	7
445.911	1	7
446.081	1	13
446.252	1	-9
446.422	1	17
446.593	1	11
446.763	1	17
446.934	1	18
447.104	1	9
447.275	1	16
447.445	1	-4
447.616	1	2
447.786	1	1
447.957	1	3
448.127	1	23
448.298	1	2
448.468	1	13
448.639	1	5
448.809	1	-2
448.979	1	14
449.150	1	-1
449.320	1	15
449.491	1	10
449.661	1	17
449.832	1	10
450.002	1	10
450.173	1	7
450.343	1	17
450.514	1	-4
450.684	1	11
450.855	1	-2
451.025	1	21
451.196	1	13
451.366	1	4
451.537	1	2
451.707	1	4
451.878	1	4
452.048	1	2
452.218	1	1
452.389	1	6
452.559	1	9
452.730	1	6
452.900	1	10
453.071	1	6
453.241	1	-2
453.412	1	1
453.582	1	-1
453.753	1	18
453.923	1	9
454.093	1	10
454.264	1	4
454.434	1	15
454.605	1	9
454.775	1	3
454.946	1	8
455.116	1	1
455.287	1	8
455.457	1	-1
455.628	1	7
455.798	1	11
455.968	1	16
456.139	1	-2
456.309	1	5
456.480	1	6
456.650	1	16
456.821	1	11
456.991	1	11
457.161	1	7
457.332	1	6
457.502	1	17
457.673	1	13
457.843	1	6
458.014	1	11
458.184	1	5
458.355	1	22
458.525	1	13
458.695	1	10
458.866	1	14
459.036	1	9
459.207	1	8
459.377	1	5
459.548	1	0
459.718	1	6
459.888	1	15
460.059	1	10
460.229	1	2
460.400	1	4
460.570	1	14
460.740	1	3
460.911	1	14
461.081	1	11
461.252	1	7
461.422	1	1
461.593	1	6
461.763	1	10
461.933	1	13
462.104	1	11
462.274	1	-1
462.445	1	-1
462.615	1	9
462.785	1	6
462.956	1	8
463.126	1	6
463.297	1	17
463.467	1	4
463.638	1	13
463.808	1	14
463.978	1	8
464.149	1	-5
464.319	1	19
464.490	1	12
464.660	1	7
464.830	1	5
465.001	1	7
465.171	1	-3
465.342	1	0
465.512	1	8
465.682	1	6
465.853	1	-10
466.023	1	0
466.194	1	1
466.364	1	5
466.534	1	-1
466.705	1	-1
466.875	1	8
467.045	1	11
467.216	1	1
467.386	1	7
467.557	1	19
467.727	1	15
467.897	1	-2
468.068	1	-5
468.238	1	11
468.409	1	1
468.579	1	10
468.749	1	1
468.920	1	2
469.090	1	4
469.260	1	-4
469.431	1	7
469.601	1	-1
469.772	1	-10
469.942	1	7
470.112	1	12
470.283	1	6
470.453	1	13
470.623	1	2
470.794	1	1
470.964	1	10
471.135	1	11
471.305	1	3
471.475	1	-3
471.646	1	4
471.816	1	9
471.986	1	21
472.157	1	6
472.327	1	2
472.497	1	16
472.668	1	2
472.838	1	12
473.009	1	5
473.179	1	-2
473.349	1	5
473.520	1	9
473.690	1	6
473.860	1	16
474.031	1	14
474.201	1	7
474.371	1	2
474.542	1	14
474.712	1	9
474.882	1	2
475.053	1	6
475.223	1	0
475.394	1	-1
475.564	1	5
475.734	1	9
475.905	1	6
476.075	1	2
476.245	1	9
476.416	1	-4
476.586	1	1
476.756	1	2
476.927	1	1
477.097	1	-1
477.267	1	9
477.438	1	8
477.608	1	-4
477.778	1	1
477.949	1	5
478.119	1	18
478.289	1	2
478.460	1	-16
478.630	1	3
478.800	1	14
478.971	1	1
479.141	1	2
479.311	1	10
479.482	1	5
479.652	1	10
479.822	1	8
479.993	1	3
480.163	1	7
480.333	1	4
480.504	1	-2
480.674	1	2
480.844	1	0
481.015	1	2
481.185	1	1
481.355	1	13
481.525	1	2
481.696	1	-11
481.866	1	10
482.036	1	8
482.207	1	3
482.377	1	2
482.547	1	1
482.718	1	0
482.888	1	15
483.058	1	1
483.229	1	3
483.399	1	13
483.569	1	8
483.740	1	3
483.910	1	-1
484.080	1	3
484.250	1	-6
484.421	1	3
484.591	1	11
484.761	1	4
484.932	1	3
485.102	1	5
485.272	1	2
485.443	1	6
485.613	1	9
485.783	1	13
485.953	1	12
486.124	1	14
486.294	1	-4
486.464	1	-1
486.635	1	12
486.805	1	1
486.975	1	7
487.146	1	5
487.316	1	-2
487.486	1	-2
487.656	1	-4
487.827	1	5
487.997	1	12
488.167	1	13
488.338	1	3
488.508	1	7
488.678	1	2
488.848	1	5
489.019	1	-2
489.189	1	1
489.359	1	4
489.529	1	15
489.700	1	-2
489.870	1	-4
490.040	1	-10
490.211	1	-10
490.381	1	5
490.551	1	-4
490.721	1	7
490.892	1	4
491.062	1	-2
491.232	1	0
491.402	1	7
491.573	1	4
491.743	1	8
491.913	1	-6
492.084	1	4
492.254	1	11
492.424	1	4
492.594	1	12
492.765	1	4
492.935	1	-1
493.105	1	14
493.275	1	5
493.446	1	-1
493.616	1	3
493.786	1	-6
493.956	1	-6
494.127	1	17
494.297	1	-7
494.467	1	7
494.637	1	8
494.808	1	11
494.978	1	-7
495.148	1	1
495.318	1	6
495.489	1	-18
495.659	1	-5
495.829	1	12
495.999	1	4
496.170	1	-4
496.340	1	8
496.510	1	13
496.680	1	0
496.851	1	6
497.021	1	-5
497.191	1	5
497.361	1	-11
497.532	1	-4
497.702	1	10
497.872	1	11
498.042	1	1
498.213	1	8
498.383	1	9
498.553	1	-2
498.723	1	2
498.894	1	-2
499.064	1	-2
499.234	1	3
499.404	1	-1
499.574	1	2
499.745	1	5
499.915	1	6
500.085	1	6
500.255	1	2
500.426	1	4
500.596	1	-3
500.766	1	1
500.936	1	8
501.106	1	9
501.277	1	3
501.447	1	0
501.617	1	13
501.787	1	5
501.958	1	-1
502.128	1	-5
502.298	1	9
502.468	1	12
502.638	1	8
502.809	1	-3
502.979	1	7
503.149	1	-2
503.319	1	3
503.489	1	-5
503.660	1	-6
503.830	1	2
504.000	1	7
504.170	1	9
504.340	1	-2
504.511	1	-3
504.681	1	-3
504.851	1	5
505.021	1	11
505.192	1	-8
505.362	1	5
505.532	1	0
505.702	1	-1
505.872	1	1
506.043	1	2
506.213	1	3
506.383	1	0
506.553	1	1
506.723	1	3
506.893	1	-3
507.064	1	-6
507.234	1	2
507.404	1	1
507.574	1	-1
507.744	1	1
507.915	1	8
508.085	1	9
508.255	1	4
508.425	1	7
508.595	1	-10
508.766	1	-6
508.936	1	7
509.106	1	-3
509.276	1	2
509.446	1	1
509.616	1	-5
509.787	1	8
509.957	1	7
510.127	1	0
510.297	1	6
510.467	1	-11
510.638	1	9
510.808	1	-5
510.978	1	2
511.148	1	18
511.318	1	8
511.488	1	10
511.659	1	-5
511.829	1	6
511.999	1	6
512.169	1	-3
512.339	1	3
512.509	1	3
512.680	1	-1
512.850	1	4
513.020	1	-2
513.190	1	0
513.360	1	4
513.530	1	0
513.700	1	20
513.871	1	4
514.041	1	-4
514.211	1	9
514.381	1	10
514.551	1	-3
514.721	1	12
514.892	1	-4
515.062	1	5
515.232	1	1
515.402	1	3
515.572	1	-4
515.742	1	4
515.912	1	2
516.083	1	4
516.253	1	5
516.423	1	2
516.593	1	5
516.763	1	-8
516.933	1	-7
517.104	1	2
517.274	1	-6
517.444	1	-7
517.614	1	-2
517.784	1	12
517.954	1	1
518.124	1	9
518.294	1	5
518.465	1	1
518.635	1	2
518.805	1	15
518.975	1	-5
519.145	1	2
519.315	1	-10
519.485	1	-10
519.656	1	6
519.826	1	8
519.996	1	-4
520.166	1	9
520.336	1	-5
520.506	1	-3
520.676	1	-2
520.846	1	0
521.017	1	-4
521.187	1	-1
521.357	1	-1
521.527	1	6
521.697	1	1
521.867	1	0
522.037	1	-9
522.207	1	-5
522.377	1	0
522.548	1	-1
522.718	1	3
522.888	1	9
523.058	1	10
523.228	1	-1
523.398	1	2
523.568	1	3
523.738	1	5
523.909	1	5
524.079	1	-1
524.249	1	-2
524.419	1	-1
524.589	1	7
524.759	1	-2
524.929	1	-6
525.099	1	-2
525.269	1	8
525.439	1	6
525.610	1	-1
525.780	1	2
525.950	1	2
526.120	1	-4
526.290	1	2
526.460	1	-3
526.630	1	3
526.800	1	5
526.970	1	10
527.140	1	-1
527.311	1	-3
527.481	1	-1
527.651	1	9
527.821	1	-2
527.991	1	3
528.161	1	6
528.331	1	6
528.501	1	11
528.671	1	-4
528.841	1	9
529.011	1	-2
529.181	1	4
529.352	1	-9
529.522	1	-7
529.692	1	-3
529.862	1	7
530.032	1	9
530.202	1	0
530.372	1	4
530.542	1	-2
530.712	1	2
530.882	1	-3
531.052	1	10
531.222	1	-11
531.392	1	0
531.563	1	-2
531.733	1	4
531.903	1	-6
532.073	1	0
532.243	1	0
532.413	1	12
532.583	1	2
532.753	1	3
532.923	1	8
533.093	1	4
533.263	1	-12
533.433	1	18
533.603	1	-6
533.773	1	-3
533.943	1	-10
534.113	1	7
534.284	1	3
534.454	1	-10
534.624	1	2
534.794	1	-10
534.964	1	-4
535.134	1	10
535.304	1	0
535.474	1	-13
535.644	1	-2
535.814	1	13
535.984	1	9
536.154	1	-2
536.324	1	10
536.494	1	8
536.664	1	1
536.834	1	0
537.004	1	6
537.174	1	1
537.344	1	6
537.514	1	-1
537.685	1	3
537.855	1	3
538.025	1	3
538.195	1	0
538.365	1	6
538.535	1	-2
538.705	1	6
538.875	1	13
539.045	1	-3
539.215	1	-6
539.385	1	-2
539.555	1	-4
539.725	1	-5
539.895	1	8
540.065	1	-1
540.235	1	3
540.405	1	2
540.575	1	-12
540.745	1	-3
540.915	1	5
541.085	1	-8
541.255	1	-5
541.425	1	6
541.595	1	-2
541.765	1	15
541.935	1	-7
542.105	1	7
542.275	1	0
542.445	1	4
542.615	1	1
542.785	1	-7
542.955	1	-2
543.125	1	-6
543.295	1	-4
543.465	1	11
543.635	1	1
543.805	1	11
543.975	1	0
544.145	1	1
544.315	1	-2
544.485	1	2
544.655	1	8
544.825	1	6
544.995	1	-4
545.165	1	3
545.335	1	-3
545.505	1	7
545.675	1	-6
545.845	1	7
546.015	1	4
546.185	1	8
546.355	1	7
546.525	1	8
546.695	1	2
546.865	1	8
547.035	1	5
547.205	1	7
547.375	1	11
547.545	1	15
547.715	1	5
547.885	1	9
548.055	1	-15
548.225	1	2
548.395	1	-2
548.565	1	2
548.735	1	8
548.905	1	-8
549.075	1	7
549.245	1	6
549.415	1	-1
549.585	1	11
549.755	1	5
549.925	1	6
550.095	1	-1
550.265	1	-3
550.435	1	-12
550.605	1	9
550.775	1	-4
550.945	1	7
551.115	1	-7
551.285	1	0
551.455	1	1
551.625	1	-18
551.795	1	-7
551.965	1	5
552.135	1	-5
552.305	1	-3
552.475	1	6
552.645	1	1
552.815	1	-3
552.985	1	-12
553.155	1	-6
553.325	1	-5
553.495	1	0
553.665	1	5
553.835	1	-2
554.004	1	-5
554.174	1	-1
554.344	1	6
554.514	1	1
554.684	1	-8
554.854	1	-9
555.024	1	5
555.194	1	-4
555.364	1	-5
555.534	1	9
555.704	1	8
555.874	1	-9
556.044	1	-1
556.214	1	-3
556.384	1	7
556.554	1	-1
556.724	1	-3
556.894	1	-1
557.064	1	-2
557.234	1	-8
557.404	1	-5
557.573	1	-6
557.743	1	-10
557.913	1	-13
558.083	1	4
558.253	1	-2
558.423	1	-1
558.593	1	15
558.763	1	0
558.933	1	-6
559.103	1	10
559.273	1	0
559.443	1	-4
559.613	1	7
559.783	1	8
559.953	1	4
560.122	1	3
560.292	1	-1
560.462	1	-7
560.632	1	-1
560.802	1	-7
560.972	1	4
561.142	1	10
561.312	1	4
561.482	1	13
561.652	1	-4
561.822	1	-3
561.992	1	-6
562.162	1	12
562.331	1	9
562.501	1	-7
562.671	1	4
562.841	1	3
563.011	1	-9
563.181	1	4
563.351	1	6
563.521	1	16
563.691	1	8
563.861	1	-3
564.031	1	-8
564.201	1	1
564.370	1	3
564.540	1	-9
564.710	1	3
564.880	1	-3
565.050	1	-3
565.220	1	6
565.390	1	2
565.560	1	1
565.730	1	-4
565.900	1	-8
566.069	1	5
566.239	1	-2
566.409	1	2
566.579	1	1
566.749	1	-4
566.919	1	6
567.089	1	7
567.259	1	4
567.429	1	5
567.599	1	-8
567.768	1	-1
567.938	1	-7
568.108	1	-4
568.278	1	0
568.448	1	7
568.618	1	0
568.788	1	-19
568.958	1	-9
569.128	1	-6
569.297	1	0
569.467	1	10
569.637	1	0
569.807	1	-2
569.977	1	2
570.147	1	4
570.317	1	6
570.487	1	8
570.656	1	-5
570.826	1	-4
570.996	1	-3
571.166	1	-4
571.336	1	-3
571.506	1	-4
571.676	1	-4
571.846	1	-7
572.015	1	-1
572.185	1	-4
572.355	1	-2
572.525	1	-4
572.695	1	2
572.865	1	7
573.035	1	6
573.205	1	-14
573.374	1	5
573.544	1	3
573.714	1	7
573.884	1	-2
574.054	1	-4
574.224	1	-4
574.394	1	-10
574.563	1	10
574.733	1	0
574.903	1	-2
575.073	1	0
575.243	1	0
575.413	1	10
575.583	1	-1
575.752	1	8
575.922	1	9
576.092	1	3
576.262	1	-5
576.432	1	11
576.602	1	0
576.772	1	-10
576.941	1	14
577.111	1	-6
577.281	1	17
577.451	1	1
577.621	1	1
577.791	1	-2
577.960	1	1
578.130	1	1
578.300	1	3
578.470	1	2
578.640	1	-11
578.810	1	7
578.979	1	3
579.149	1	-5
579.319	1	7
579.489	1	6
579.659	1	-5
579.829	1	9
579.998	1	-5
580.168	1	4
580.338	1	6
580.508	1	0
580.678	1	7
580.848	1	1
581.017	1	10
581.187	1	5
581.357	1	2
581.527	1	-4
581.697	1	-2
581.867	1	3
582.036	1	1
582.206	1	6
582.376	1	6
582.546	1	10
582.716	1	-2
582.885	1	-2
583.055	1	-8
583.225	1	-2
583.395	1	15
583.565	1	-13
583.735	1	1
583.904	1	-1
584.074	1	-5
584.244	1	-1
584.414	1	1
584.584	1	2
584.753	1	2
584.923	1	4
585.093	1	0
585.263	1	-6
585.433	1	16
585.602	1	-1
585.772	1	-7
585.942	1	0
586.112	1	1
586.282	1	-2
586.451	1	-2
586.621	1	-7
586.791	1	1
586.961	1	1
587.131	1	8
587.300	1	8
587.470	1	-1
587.640	1	-1
587.810	1	-12
587.980	1	-12
588.149	1	1
588.319	1	6
588.489	1	-5
588.659	1	7
588.829	1	-11
588.998	1	-1
589.168	1	7
589.338	1	-4
589.508	1	5
589.677	1	0
589.847	1	-9
590.017	1	1
590.187	1	1
590.357	1	1
590.526	1	15
590.696	1	0
590.866	1	-6
591.036	1	-4
591.205	1	-1
591.375	1	-9
591.545	1	-2
591.715	1	-5
591.885	1	3
592.054	1	-1
592.224	1	0
592.394	1	-4
592.564	1	10
592.733	1	5
592.903	1	-9
593.073	1	-13
593.243	1	5
593.412	1	-9
593.582	1	2
593.752	1	-1
593.922	1	1
594.091	1	-11
594.261	1	-2
594.431	1	-1
594.601	1	3
594.771	1	5
594.940	1	-3
595.110	1	-7
595.280	1	10
595.450	1	1
595.619	1	4
595.789	1	8
595.959	1	0
596.129	1	-4
596.298	1	0
596.468	1	0
596.638	1	3
596.808	1	-5
596.977	1	8
597.147	1	5
597.317	1	-3
597.487	1	5
597.656	1	3
597.826	1	-4
597.996	1	-4
598.166	1	8
598.335	1	-6
598.505	1	-3
598.675	1	-2
598.844	1	-4
599.014	1	-2
599.184	1	6
599.354	1	-1
599.523	1	1
599.693	1	8
599.863	1	5
600.033	1	-1
600.202	1	5
600.372	1	7
600.542	1	4
600.712	1	12
600.881	1	5
601.051	1	4
601.221	1	-4
601.390	1	4
601.560	1	6
601.730	1	-4
601.900	1	8
602.069	1	-10
602.239	1	-4
602.409	1	6
602.578	1	14
602.748	1	-4
602.918	1	-1
603.088	1	9
603.257	1	-5
603.427	1	5
603.597	1	0
603.767	1	-4
603.936	1	9
604.106	1	-6
604.276	1	0
604.445	1	-7
604.615	1	2
604.785	1	3
604.954	1	-2
605.124	1	5
605.294	1	9
605.464	1	0
605.633	1	11
605.803	1	6
605.973	1	4
606.142	1	7
606.312	1	9
606.482	1	2
606.652	1	7
606.821	1	-5
606.991	1	-1
607.161	1	0
607.330	1	-2
607.500	1	6
607.670	1	-2
607.839	1	-8
608.009	1	4
608.179	1	1
608.348	1	9
608.518	1	-7
608.688	1	4
608.858	1	-8
609.027	1	-2
609.197	1	5
609.367	1	1
609.536	1	7
609.706	1	-1
609.876	1	-5
610.045	1	4
610.215	1	11
610.385	1	7
610.554	1	-1
610.724	1	5
610.894	1	-7
611.063	1	5
611.233	1	-5
611.403	1	5
611.572	1	1
611.742	1	-9
611.912	1	1
612.081	1	-1
612.251	1	0
612.421	1	-8
612.590	1	1
612.760	1	4
612.930	1	-12
613.099	1	-4
613.269	1	-5
613.439	1	-2
613.608	1	0
613.778	1	-2
613.948	1	0
614.117	1	7
614.287	1	6
614.457	1	5
614.626	1	6
614.796	1	5
614.966	1	1
615.135	1	-2
615.305	1	3
615.475	1	-5
615.644	1	-9
615.814	1	-13
615.984	1	5
616.153	1	8
616.323	1	-7
616.493	1	12
616.662	1	-3
616.832	1	5
617.002	1	-8
617.171	1	5
617.341	1	-4
617.511	1	-5
617.680	1	-1
617.850	1	0
618.019	1	6
618.189	1	-6
618.359	1	-5
618.528	1	-15
618.698	1	-4
618.868	1	8
619.037	1	5
619.207	1	3
619.377	1	3
619.546	1	-14
619.716	1	0
619.885	1	9
620.055	1	7
620.225	1	10
620.394	1	-2
620.564	1	-2
620.734	1	-2
620.903	1	5
621.073	1	-4
621.242	1	-3
621.412	1	2
621.582	1	-4
621.751	1	3
621.921	1	5
622.091	1	-2
622.260	1	0
622.430	1	7
622.599	1	11
622.769	1	6
622.939	1	-1
623.108	1	-2
623.278	1	14
623.448	1	2
623.617	1	-13
623.787	1	10
623.956	1	11
624.126	1	-8
624.296	1	8
624.465	1	8
624.635	1	-1
624.804	1	-3
624.974	1	8
625.144	1	11
625.313	1	0
625.483	1	17
625.652	1	8
625.822	1	5
625.992	1	13
626.161	1	-9
626.331	1	-3
626.501	1	2
626.670	1	-4
626.840	1	0
627.009	1	-6
627.179	1	-2
627.348	1	11
627.518	1	7
627.688	1	0
627.857	1	-6
628.027	1	-1
628.196	1	-3
628.366	1	5
628.536	1	10
628.705	1	-2
628.875	1	-3
629.044	1	-1
629.214	1	-6
629.384	1	3
629.553	1	3
629.723	1	-7
629.892	1	-8
630.062	1	-2
630.232	1	10
630.401	1	-3
630.571	1	8
630.740	1	0
630.910	1	6
631.079	1	-5
631.249	1	7
631.419	1	7
631.588	1	1
631.758	1	2
631.927	1	-2
632.097	1	-2
632.266	1	-4
632.436	1	4
632.606	1	-2
632.775	1	13
632.945	1	-4
633.114	1	-4
633.284	1	8
633.453	1	7
633.623	1	15
633.793	1	-3
633.962	1	3
634.132	1	-1
634.301	1	3
634.471	1	-5
634.640	1	5
634.810	1	10
634.979	1	-2
635.149	1	9
635.319	1	17
635.488	1	-5
635.658	1	9
635.827	1	-8
635.997	1	4
636.166	1	0
636.336	1	6
636.505	1	7
636.675	1	-3
636.845	1	2
637.014	1	0
637.184	1	9
637.353	1	2
637.523	1	3
637.692	1	-2
637.862	1	-4
638.031	1	-4
638.201	1	-2
638.370	1	1
638.540	1	3
638.710	1	15
638.879	1	7
639.049	1	4
639.218	1	13
639.388	1	6
639.557	1	2
639.727	1	5
639.896	1	0
640.066	1	5
640.235	1	0
640.405	1	2
640.574	1	3
640.744	1	-6
640.914	1	0
641.083	1	0
641.253	1	1
641.422	1	0
641.592	1	-6
641.761	1	1
641.931	1	-2
642.100	1	7
642.270	1	-6
642.439	1	2
642.609	1	6
642.778	1	-1
642.948	1	2
643.117	1	4
643.287	1	-2
643.456	1	-1
643.626	1	-3
643.795	1	5
643.965	1	-2
644.134	1	-3
644.304	1	10
644.473	1	-8
644.643	1	3
644.812	1	0
644.982	1	-4
645.151	1	4
645.321	1	-5
645.490	1	4
645.660	1	6
645.829	1	-10
645.999	1	3
646.168	1	2
646.338	1	6
646.507	1	-3
646.677	1	-2
646.846	1	6
647.016	1	-5
647.185	1	5
647.355	1	-7
647.524	1	-3
647.694	1	-8
647.863	1	3
648.033	1	2
648.202	1	-2
648.372	1	1
648.541	1	8
648.711	1	3
648.880	1	-1
649.050	1	6
649.219	1	12
649.389	1	3
649.558	1	3
649.728	1	5
649.897	1	-8
650.067	1	6
650.236	1	-2
650.406	1	2
650.575	1	1
650.745	1	7
650.914	1	-2
651.084	1	9
651.253	1	-5
651.423	1	0
651.592	1	0
651.762	1	3
651.931	1	4
652.101	1	7
652.270	1	-2
652.440	1	10
652.609	1	6
652.778	1	0
652.948	1	2
653.117	1	-2
653.287	1	4
653.456	1	-1
653.626	1	-6
653.795	1	-1
653.965	1	-6
654.134	1	-5
654.304	1	3
654.473	1	-5
654.643	1	0
654.812	1	5
654.982	1	5
655.151	1	11
655.320	1	8
655.490	1	2
655.659	1	-3
655.829	1	4
655.998	1	-1
656.168	1	-6
656.337	1	0
656.507	1	-3
656.676	1	-5
656.846	1	8
657.015	1	-5
657.184	1	-3
657.354	1	4
657.523	1	2
657.693	1	-3
657.862	1	-10
658.032	1	6
658.201	1	4
658.371	1	-13
658.540	1	4
658.709	1	-1
658.879	1	1
659.048	1	2
659.218	1	4
659.387	1	4
659.557	1	2
659.726	1	3
659.895	1	0
660.065	1	17
660.234	1	-1
660.404	1	1
660.573	1	2
660.743	1	-3
660.912	1	-9
661.081	1	-5
661.251	1	13
661.420	1	14
661.590	1	9
661.759	1	-2
661.929	1	5
662.098	1	6
662.267	1	-1
662.437	1	10
662.606	1	1
662.776	1	-5
662.945	1	1
663.115	1	7
663.284	1	1
663.453	1	5
663.623	1	8
663.792	1	3
663.962	1	-8
664.131	1	-4
664.300	1	-5
664.470	1	5
664.639	1	0
664.809	1	-2
664.978	1	5
665.148	1	-8
665.317	1	-6
665.486	1	-8
665.656	1	-1
665.825	1	1
665.995	1	-8
666.164	1	11
666.333	1	6
666.503	1	2
666.672	1	8
666.842	1	-1
667.011	1	-7
667.180	1	-6
667.350	1	3
667.519	1	0
667.689	1	8
667.858	1	1
668.027	1	7
668.197	1	3
668.366	1	1
668.536	1	-8
668.705	1	1
668.874	1	-3
669.044	1	0
669.213	1	9
669.382	1	3
669.552	1	9
669.721	1	-1
669.891	1	8
670.060	1	7
670.229	1	1
670.399	1	-5
670.568	1	-2
670.738	1	-1
670.907	1	-5
671.076	1	2
671.246	1	-8
671.415	1	7
671.584	1	-4
671.754	1	-6
671.923	1	1
672.093	1	-1
672.262	1	-8
672.431	1	2
672.601	1	7
672.770	1	-5
672.939	1	-3
673.109	1	10
673.278	1	-3
673.448	1	-4
673.617	1	-4
673.786	1	6
