325.333	1	7
325.504	1	13
325.675	1	4
325.846	1	7
326.017	1	7
326.188	1	11
326.359	1	12
326.531	1	20
326.702	1	19
326.873	1	4
327.044	1	10
327.215	1	2
327.386	1	13
327.557	1	7
327.728	1	22
327.899	1	8
328.070	1	23
328.241	1	13
328.412	1	7
328.583	1	14
328.754	1	1
328.926	1	14
329.097	1	10
329.268	1	5
329.439	1	22
329.610	1	13
329.781	1	6
329.952	1	7
330.123	1	14
330.294	1	17
330.465	1	10
330.636	1	25
330.807	1	16
330.978	1	15
331.149	1	14
331.320	1	17
331.492	1	1
331.663	1	7
331.834	1	5
332.005	1	20
332.176	1	17
332.347	1	17
332.518	1	22
332.689	1	16
332.860	1	21
333.031	1	24
333.202	1	17
333.373	1	17
333.544	1	16
333.715	1	14
333.886	1	21
334.057	1	8
334.228	1	11
334.399	1	13
334.570	1	5
334.741	1	17
334.912	1	8
335.084	1	11
335.255	1	23
335.426	1	23
335.597	1	23
335.768	1	11
335.939	1	16
336.110	1	15
336.281	1	18
336.452	1	14
336.623	1	10
336.794	1	8
336.965	1	12
337.136	1	23
337.307	1	13
337.478	1	15
337.649	1	9
337.820	1	8
337.991	1	25
338.162	1	14
338.333	1	21
338.504	1	19
338.675	1	17
338.846	1	17
339.017	1	27
339.188	1	17
339.359	1	6
339.530	1	22
339.701	1	6
339.872	1	22
340.043	1	16
340.214	1	6
340.385	1	24
340.556	1	13
340.727	1	14
340.898	1	14
341.069	1	4
341.240	1	13
341.411	1	27
341.582	1	23
341.753	1	14
341.924	1	19
342.095	1	21
342.266	1	10
342.437	1	7
342.608	1	11
342.779	1	28
342.950	1	20
343.121	1	13
343.292	1	24
343.463	1	20
343.634	1	20
343.805	1	19
343.976	1	8
344.147	1	18
344.318	1	11
344.489	1	32
344.660	1	24
344.831	1	16
345.002	1	11
345.173	1	11
345.344	1	13
345.515	1	25
345.686	1	15
345.857	1	21
346.028	1	15
346.199	1	21
346.370	1	19
346.541	1	21
346.712	1	15
346.883	1	19
347.054	1	22
347.225	1	18
347.396	1	20
347.567	1	24
347.738	1	17
347.909	1	18
348.080	1	30
348.251	1	11
348.422	1	13
348.593	1	23
348.764	1	12
348.935	1	14
349.106	1	18
349.277	1	19
349.448	1	22
349.619	1	33
349.790	1	15
349.961	1	29
350.132	1	32
350.303	1	14
350.474	1	15
350.645	1	32
350.816	1	25
350.987	1	34
351.157	1	20
351.328	1	17
351.499	1	32
351.670	1	14
351.841	1	14
352.012	1	16
352.183	1	36
352.354	1	30
352.525	1	27
352.696	1	28
352.867	1	32
353.038	1	19
353.209	1	29
353.380	1	32
353.551	1	11
353.722	1	39
353.893	1	31
354.064	1	21
354.235	1	33
354.406	1	40
354.576	1	18
354.747	1	26
354.918	1	38
355.089	1	23
355.260	1	30
355.431	1	25
355.602	1	16
355.773	1	21
355.944	1	28
356.115	1	25
356.286	1	24
356.457	1	22
356.628	1	26
356.799	1	22
356.970	1	27
357.141	1	31
357.311	1	23
357.482	1	27
357.653	1	27
357.824	1	22
357.995	1	34
358.166	1	27
358.337	1	20
358.508	1	19
358.679	1	30
358.850	1	23
359.021	1	27
359.192	1	31
359.363	1	20
359.533	1	25
359.704	1	33
359.875	1	32
360.046	1	14
360.217	1	25
360.388	1	26
360.559	1	33
360.730	1	28
360.901	1	26
361.072	1	38
361.243	1	35
361.414	1	31
361.584	1	39
361.755	1	27
361.926	1	20
362.097	1	24
362.268	1	37
362.439	1	31
362.610	1	26
362.781	1	39
362.952	1	21
363.123	1	25
363.293	1	28
363.464	1	29
363.635	1	40
363.806	1	34
363.977	1	24
364.148	1	37
364.319	1	25
364.490	1	36
364.661	1	30
364.832	1	34
365.002	1	20
365.173	1	24
365.344	1	26
365.515	1	27
365.686	1	32
365.857	1	34
366.028	1	18
366.199	1	35
366.370	1	29
366.540	1	21
366.711	1	32
366.882	1	36
367.053	1	24
367.224	1	29
367.395	1	40
367.566	1	28
367.737	1	36
367.908	1	26
368.078	1	31
368.249	1	33
368.420	1	20
368.591	1	39
368.762	1	24
368.933	1	33
369.104	1	36
369.274	1	38
369.445	1	32
369.616	1	36
369.787	1	35
369.958	1	30
370.129	1	40
370.300	1	32
370.471	1	21
370.641	1	29
370.812	1	45
370.983	1	18
371.154	1	52
371.325	1	33
371.496	1	23
371.667	1	38
371.837	1	33
372.008	1	33
372.179	1	35
372.350	1	32
372.521	1	30
372.692	1	38
372.863	1	25
373.033	1	45
373.204	1	49
373.375	1	27
373.546	1	38
373.717	1	33
373.888	1	44
374.059	1	41
374.229	1	40
374.400	1	39
374.571	1	40
374.742	1	36
374.913	1	43
375.084	1	42
375.254	1	42
375.425	1	34
375.596	1	34
375.767	1	28
375.938	1	29
376.109	1	31
376.279	1	34
376.450	1	38
376.621	1	38
376.792	1	47
376.963	1	36
377.134	1	37
377.304	1	32
377.475	1	29
377.646	1	31
377.817	1	31
377.988	1	39
378.159	1	46
378.329	1	44
378.500	1	36
378.671	1	29
378.842	1	33
379.013	1	28
379.184	1	35
379.354	1	42
379.525	1	26
379.696	1	58
379.867	1	25
380.038	1	41
380.209	1	29
380.379	1	47
380.550	1	33
380.721	1	45
380.892	1	44
381.063	1	39
381.233	1	39
381.404	1	31
381.575	1	42
381.746	1	39
381.917	1	48
382.087	1	35
382.258	1	56
382.429	1	35
382.600	1	34
382.771	1	37
382.941	1	30
383.112	1	34
383.283	1	43
383.454	1	47
383.625	1	44
383.795	1	36
383.966	1	38
384.137	1	40
384.308	1	31
384.479	1	38
384.649	1	36
384.820	1	34
384.991	1	24
385.162	1	48
385.333	1	41
385.503	1	41
385.674	1	39
385.845	1	38
386.016	1	43
386.187	1	42
386.357	1	28
386.528	1	29
386.699	1	42
386.870	1	46
387.041	1	47
387.211	1	42
387.382	1	30
387.553	1	42
387.724	1	34
387.894	1	44
388.065	1	52
388.236	1	56
388.407	1	42
388.578	1	63
388.748	1	39
388.919	1	55
389.090	1	44
389.261	1	50
389.431	1	48
389.602	1	32
389.773	1	37
389.944	1	43
390.114	1	52
390.285	1	46
390.456	1	43
390.627	1	54
390.798	1	43
390.968	1	43
391.139	1	41
391.310	1	51
391.481	1	45
391.651	1	48
391.822	1	55
391.993	1	40
392.164	1	29
392.334	1	37
392.505	1	32
392.676	1	40
392.847	1	54
393.017	1	42
393.188	1	42
393.359	1	41
393.530	1	46
393.700	1	50
393.871	1	36
394.042	1	53
394.213	1	52
394.383	1	41
394.554	1	41
394.725	1	48
394.896	1	45
395.066	1	44
395.237	1	39
395.408	1	44
395.579	1	44
395.749	1	39
395.920	1	42
396.091	1	50
396.262	1	36
396.432	1	35
396.603	1	37
396.774	1	43
396.945	1	38
397.115	1	37
397.286	1	57
397.457	1	39
397.627	1	40
397.798	1	44
397.969	1	51
398.140	1	45
398.310	1	45
398.481	1	54
398.652	1	51
398.823	1	42
398.993	1	60
399.164	1	53
399.335	1	52
399.505	1	63
399.676	1	58
399.847	1	57
400.018	1	48
400.188	1	50
400.359	1	56
400.530	1	37
400.700	1	52
400.871	1	51
401.042	1	48
401.213	1	58
401.383	1	48
401.554	1	53
401.725	1	44
401.895	1	38
402.066	1	51
402.237	1	62
402.408	1	61
402.578	1	51
402.749	1	59
402.920	1	53
403.090	1	55
403.261	1	55
403.432	1	60
403.603	1	32
403.773	1	58
403.944	1	61
404.115	1	44
404.285	1	55
404.456	1	50
404.627	1	47
404.797	1	50
404.968	1	38
405.139	1	50
405.310	1	50
405.480	1	51
405.651	1	57
405.822	1	60
405.992	1	55
406.163	1	48
406.334	1	50
406.504	1	37
406.675	1	47
406.846	1	50
407.016	1	46
407.187	1	46
407.358	1	54
407.528	1	54
407.699	1	46
407.870	1	55
408.041	1	50
408.211	1	41
408.382	1	53
408.553	1	41
408.723	1	56
408.894	1	58
409.065	1	68
409.235	1	53
409.406	1	49
409.577	1	38
409.747	1	64
409.918	1	46
410.089	1	52
410.259	1	47
410.430	1	60
410.601	1	44
410.771	1	57
410.942	1	44
411.113	1	61
411.283	1	49
411.454	1	48
411.625	1	66
411.795	1	51
411.966	1	48
412.137	1	45
412.307	1	45
412.478	1	61
412.649	1	63
412.819	1	44
412.990	1	50
413.161	1	57
413.331	1	56
413.502	1	51
413.672	1	47
413.843	1	54
414.014	1	65
414.184	1	55
414.355	1	56
414.526	1	53
414.696	1	56
414.867	1	49
415.038	1	52
415.208	1	53
415.379	1	48
415.550	1	55
415.720	1	47
415.891	1	61
416.062	1	56
416.232	1	54
416.403	1	48
416.573	1	41
416.744	1	47
416.915	1	56
417.085	1	47
417.256	1	52
417.427	1	49
417.597	1	43
417.768	1	56
417.939	1	51
418.109	1	44
418.280	1	55
418.450	1	59
418.621	1	55
418.792	1	35
418.962	1	48
419.133	1	55
419.304	1	42
419.474	1	44
419.645	1	52
419.815	1	43
419.986	1	50
420.157	1	58
420.327	1	43
420.498	1	45
420.669	1	48
420.839	1	48
421.010	1	53
421.180	1	38
421.351	1	61
421.522	1	62
421.692	1	63
421.863	1	43
422.033	1	64
422.204	1	47
422.375	1	52
422.545	1	54
422.716	1	50
422.886	1	60
423.057	1	39
423.228	1	59
423.398	1	56
423.569	1	57
423.740	1	42
423.910	1	59
424.081	1	54
424.251	1	46
424.422	1	38
424.593	1	48
424.763	1	49
424.934	1	60
425.104	1	52
425.275	1	64
425.445	1	73
425.616	1	62
425.787	1	51
425.957	1	49
426.128	1	72
426.298	1	48
426.469	1	40
426.640	1	56
426.810	1	52
426.981	1	49
427.151	1	50
427.322	1	37
427.493	1	52
427.663	1	52
427.834	1	41
428.004	1	50
428.175	1	55
428.345	1	56
428.516	1	59
428.687	1	52
428.857	1	49
429.028	1	52
429.198	1	52
429.369	1	47
429.540	1	46
429.710	1	61
429.881	1	51
430.051	1	41
430.222	1	48
430.392	1	47
430.563	1	40
430.734	1	52
430.904	1	54
431.075	1	39
431.245	1	52
431.416	1	43
431.586	1	46
431.757	1	53
431.927	1	35
432.098	1	52
432.269	1	51
432.439	1	49
432.610	1	56
432.780	1	39
432.951	1	50
433.121	1	55
433.292	1	51
433.462	1	51
433.633	1	58
433.804	1	36
433.974	1	53
434.145	1	45
434.315	1	56
434.486	1	37
434.656	1	51
434.827	1	54
434.997	1	60
435.168	1	48
435.339	1	55
435.509	1	44
435.680	1	51
435.850	1	51
436.021	1	60
436.191	1	49
436.362	1	60
436.532	1	52
436.703	1	53
436.873	1	61
437.044	1	48
437.214	1	65
437.385	1	52
437.556	1	49
437.726	1	42
437.897	1	53
438.067	1	48
438.238	1	49
438.408	1	48
438.579	1	50
438.749	1	51
438.920	1	46
439.090	1	41
439.261	1	36
439.431	1	53
439.602	1	58
439.772	1	49
439.943	1	56
440.113	1	54
440.284	1	53
440.455	1	55
440.625	1	48
440.796	1	41
440.966	1	46
441.137	1	44
441.307	1	45
441.478	1	53
441.648	1	54
441.819	1	50
441.989	1	39
442.160	1	51
442.330	1	54
442.501	1	39
442.671	1	43
442.842	1	64
443.012	1	45
443.183	1	53
443.353	1	42
443.524	1	47
443.694	1	43
443.865	1	48
444.035	1	52
444.206	1	40
444.376	1	47
444.547	1	32
444.717	1	53
444.888	1	41
445.058	1	53
445.229	1	54
445.399	1	38
445.570	1	44
445.740	1	51
445.911	1	61
446.081	1	52
446.252	1	39
446.422	1	47
446.593	1	52
446.763	1	56
446.934	1	53
447.104	1	49
447.275	1	56
447.445	1	44
447.616	1	52
447.786	1	47
447.957	1	49
448.127	1	51
448.298	1	47
448.468	1	55
448.639	1	46
448.809	1	54
448.979	1	54
449.150	1	47
449.320	1	49
449.491	1	55
449.661	1	54
449.832	1	55
450.002	1	51
450.173	1	44
450.343	1	43
450.514	1	46
450.684	1	45
450.855	1	47
451.025	1	43
451.196	1	56
451.366	1	43
451.537	1	50
451.707	1	50
451.878	1	52
452.048	1	51
452.218	1	54
452.389	1	50
452.559	1	49
452.730	1	45
452.900	1	40
453.071	1	41
453.241	1	49
453.412	1	33
453.582	1	35
453.753	1	42
453.923	1	56
454.093	1	56
454.264	1	41
454.434	1	49
454.605	1	50
454.775	1	50
454.946	1	44
455.116	1	38
455.287	1	39
455.457	1	36
455.628	1	42
455.798	1	47
455.968	1	53
456.139	1	51
456.309	1	62
456.480	1	41
456.650	1	47
456.821	1	57
456.991	1	53
457.161	1	45
457.332	1	37
457.502	1	43
457.673	1	50
457.843	1	40
458.014	1	49
458.184	1	48
458.355	1	43
458.525	1	49
458.695	1	43
458.866	1	56
459.036	1	42
459.207	1	39
459.377	1	48
459.548	1	38
459.718	1	29
459.888	1	43
460.059	1	47
460.229	1	54
460.400	1	19
460.570	1	48
460.740	1	44
460.911	1	41
461.081	1	47
461.252	1	33
461.422	1	44
461.593	1	53
461.763	1	47
461.933	1	38
462.104	1	45
462.274	1	26
462.445	1	33
462.615	1	48
462.785	1	38
462.956	1	39
463.126	1	42
463.297	1	39
463.467	1	40
463.638	1	32
463.808	1	45
463.978	1	50
464.149	1	38
464.319	1	52
464.490	1	49
464.660	1	44
464.830	1	46
465.001	1	45
465.171	1	46
465.342	1	35
465.512	1	45
465.682	1	34
465.853	1	40
466.023	1	34
466.194	1	39
466.364	1	53
466.534	1	44
466.705	1	41
466.875	1	39
467.045	1	41
467.216	1	47
467.386	1	48
467.557	1	36
467.727	1	47
467.897	1	36
468.068	1	36
468.238	1	37
468.409	1	36
468.579	1	37
468.749	1	40
468.920	1	40
469.090	1	41
469.260	1	48
469.431	1	47
469.601	1	27
469.772	1	24
469.942	1	38
470.112	1	42
470.283	1	49
470.453	1	41
470.623	1	32
470.794	1	35
470.964	1	45
471.135	1	45
471.305	1	40
471.475	1	29
471.646	1	43
471.816	1	41
471.986	1	48
472.157	1	41
472.327	1	39
472.497	1	41
472.668	1	34
472.838	1	44
473.009	1	44
473.179	1	43
473.349	1	42
473.520	1	35
473.690	1	45
473.860	1	38
474.031	1	34
474.201	1	32
474.371	1	40
474.542	1	46
474.712	1	20
474.882	1	31
475.053	1	41
475.223	1	21
475.394	1	35
475.564	1	32
475.734	1	30
475.905	1	40
476.075	1	30
476.245	1	34
476.416	1	34
476.586	1	40
476.756	1	36
476.927	1	37
477.097	1	33
477.267	1	37
477.438	1	41
477.608	1	27
477.778	1	35
477.949	1	36
478.119	1	31
478.289	1	34
478.460	1	31
478.630	1	43
478.800	1	45
478.971	1	33
479.141	1	40
479.311	1	38
479.482	1	43
479.652	1	42
479.822	1	31
479.993	1	27
480.163	1	32
480.333	1	38
480.504	1	23
480.674	1	22
480.844	1	32
481.015	1	26
481.185	1	28
481.355	1	38
481.525	1	36
481.696	1	35
481.866	1	33
482.036	1	37
482.207	1	21
482.377	1	38
482.547	1	28
482.718	1	30
482.888	1	39
483.058	1	32
483.229	1	35
483.399	1	45
483.569	1	43
483.740	1	26
483.910	1	23
484.080	1	21
484.250	1	19
484.421	1	18
484.591	1	27
484.761	1	32
484.932	1	25
485.102	1	40
485.272	1	31
485.443	1	31
485.613	1	44
485.783	1	42
485.953	1	29
486.124	1	42
486.294	1	29
486.464	1	21
486.635	1	33
486.805	1	34
486.975	1	21
487.146	1	25
487.316	1	36
487.486	1	23
487.656	1	34
487.827	1	25
487.997	1	24
488.167	1	32
488.338	1	26
488.508	1	29
488.678	1	23
488.848	1	31
489.019	1	25
489.189	1	18
489.359	1	33
489.529	1	28
489.700	1	20
489.870	1	19
490.040	1	33
490.211	1	30
490.381	1	26
490.551	1	14
490.721	1	30
490.892	1	29
491.062	1	13
491.232	1	28
491.402	1	23
491.573	1	18
491.743	1	24
491.913	1	12
492.084	1	25
492.254	1	26
492.424	1	37
492.594	1	31
492.765	1	14
492.935	1	28
493.105	1	29
493.275	1	21
493.446	1	26
493.616	1	28
493.786	1	26
493.956	1	15
494.127	1	39
494.297	1	18
494.467	1	32
494.637	1	25
494.808	1	23
494.978	1	40
495.148	1	27
495.318	1	29
495.489	1	30
495.659	1	18
495.829	1	26
495.999	1	26
496.170	1	13
496.340	1	21
496.510	1	24
496.680	1	14
496.851	1	28
497.021	1	16
497.191	1	29
497.361	1	16
497.532	1	19
497.702	1	27
497.872	1	33
498.042	1	26
498.213	1	25
498.383	1	18
498.553	1	20
498.723	1	25
498.894	1	16
499.064	1	26
499.234	1	19
499.404	1	13
499.574	1	20
499.745	1	17
499.915	1	26
500.085	1	13
500.255	1	21
500.426	1	27
500.596	1	19
500.766	1	17
500.936	1	25
501.106	1	23
501.277	1	21
501.447	1	28
501.617	1	25
501.787	1	30
501.958	1	15
502.128	1	17
502.298	1	9
502.468	1	31
502.638	1	15
502.809	1	31
502.979	1	35
503.149	1	14
503.319	1	30
503.489	1	14
503.660	1	8
503.830	1	18
504.000	1	25
504.170	1	19
504.340	1	26
504.511	1	21
504.681	1	14
504.851	1	23
505.021	1	32
505.192	1	5
505.362	1	20
505.532	1	24
505.702	1	14
505.872	1	17
506.043	1	27
506.213	1	29
506.383	1	18
506.553	1	15
506.723	1	26
506.893	1	13
507.064	1	6
507.234	1	5
507.404	1	22
507.574	1	14
507.744	1	30
507.915	1	17
508.085	1	29
508.255	1	14
508.425	1	19
508.595	1	15
508.766	1	22
508.936	1	18
509.106	1	22
509.276	1	19
509.446	1	10
509.616	1	19
509.787	1	25
509.957	1	22
510.127	1	14
510.297	1	9
510.467	1	7
510.638	1	21
510.808	1	14
510.978	1	15
511.148	1	37
511.318	1	21
511.488	1	22
511.659	1	8
511.829	1	13
511.999	1	21
512.169	1	12
512.339	1	17
512.509	1	22
512.680	1	16
512.850	1	19
513.020	1	13
513.190	1	9
513.360	1	11
513.530	1	18
513.700	1	20
513.871	1	17
514.041	1	16
514.211	1	19
514.381	1	19
514.551	1	15
514.721	1	21
514.892	1	9
515.062	1	12
515.232	1	25
515.402	1	11
515.572	1	2
515.742	1	17
515.912	1	13
516.083	1	16
516.253	1	21
516.423	1	20
516.593	1	17
516.763	1	14
516.933	1	1
517.104	1	10
517.274	1	22
517.444	1	1
517.614	1	15
517.784	1	25
517.954	1	18
518.124	1	16
518.294	1	16
518.465	1	11
518.635	1	14
518.805	1	32
518.975	1	15
519.145	1	26
519.315	1	10
519.485	1	9
519.656	1	19
519.826	1	18
519.996	1	9
520.166	1	24
520.336	1	12
520.506	1	-2
520.676	1	16
520.846	1	18
521.017	1	13
521.187	1	24
521.357	1	11
521.527	1	15
521.697	1	7
521.867	1	14
522.037	1	-2
522.207	1	17
522.377	1	19
522.548	1	12
522.718	1	8
522.888	1	18
523.058	1	25
523.228	1	10
523.398	1	24
523.568	1	13
523.738	1	22
523.909	1	11
524.079	1	8
524.249	1	13
524.419	1	7
524.589	1	12
524.759	1	13
524.929	1	14
525.099	1	20
525.269	1	15
525.439	1	10
525.610	1	8
525.780	1	4
525.950	1	19
526.120	1	7
526.290	1	14
526.460	1	6
526.630	1	13
526.800	1	13
526.970	1	13
527.140	1	14
527.311	1	4
527.481	1	22
527.651	1	9
527.821	1	13
527.991	1	15
528.161	1	11
528.331	1	17
528.501	1	20
528.671	1	14
528.841	1	7
529.011	1	10
529.181	1	8
529.352	1	22
529.522	1	9
529.692	1	16
529.862	1	17
530.032	1	7
530.202	1	11
530.372	1	16
530.542	1	4
530.712	1	9
530.882	1	8
531.052	1	16
531.222	1	-5
531.392	1	16
531.563	1	18
531.733	1	13
531.903	1	9
532.073	1	15
532.243	1	4
532.413	1	13
532.583	1	11
532.753	1	15
532.923	1	20
533.093	1	15
533.263	1	6
533.433	1	22
533.603	1	13
533.773	1	6
533.943	1	9
534.113	1	9
534.284	1	13
534.454	1	3
534.624	1	20
534.794	1	6
534.964	1	8
535.134	1	13
535.304	1	9
535.474	1	-1
535.644	1	9
535.814	1	15
535.984	1	14
536.154	1	15
536.324	1	19
536.494	1	12
536.664	1	11
536.834	1	10
537.004	1	13
537.174	1	14
537.344	1	12
537.514	1	12
537.685	1	8
537.855	1	10
538.025	1	4
538.195	1	8
538.365	1	3
538.535	1	9
538.705	1	24
538.875	1	19
539.045	1	9
539.215	1	1
539.385	1	5
539.555	1	5
539.725	1	5
539.895	1	18
540.065	1	8
540.235	1	19
540.405	1	9
540.575	1	18
540.745	1	6
540.915	1	16
541.085	1	1
541.255	1	1
541.425	1	15
541.595	1	9
541.765	1	23
541.935	1	5
542.105	1	15
542.275	1	8
542.445	1	11
542.615	1	16
542.785	1	5
542.955	1	2
543.125	1	2
543.295	1	4
543.465	1	11
543.635	1	10
543.805	1	29
543.975	1	9
544.145	1	17
544.315	1	10
544.485	1	7
544.655	1	9
544.825	1	12
544.995	1	11
545.165	1	10
545.335	1	1
545.505	1	18
545.675	1	-1
545.845	1	7
546.015	1	18
546.185	1	9
546.355	1	15
546.525	1	10
546.695	1	13
546.865	1	20
547.035	1	7
547.205	1	21
547.375	1	4
547.545	1	16
547.715	1	15
547.885	1	13
548.055	1	-4
548.225	1	10
548.395	1	11
548.565	1	10
548.735	1	17
548.905	1	6
549.075	1	12
549.245	1	11
549.415	1	8
549.585	1	15
549.755	1	9
549.925	1	10
550.095	1	7
550.265	1	10
550.435	1	-11
550.605	1	9
550.775	1	-2
550.945	1	16
551.115	1	-2
551.285	1	7
551.455	1	14
551.625	1	4
551.795	1	5
551.965	1	10
552.135	1	4
552.305	1	-2
552.475	1	11
552.645	1	7
552.815	1	12
552.985	1	8
553.155	1	9
553.325	1	6
553.495	1	11
553.665	1	7
553.835	1	11
554.004	1	3
554.174	1	10
554.344	1	10
554.514	1	3
554.684	1	-4
554.854	1	3
555.024	1	4
555.194	1	9
555.364	1	13
555.534	1	-2
555.704	1	16
555.874	1	-3
556.044	1	15
556.214	1	9
556.384	1	15
556.554	1	12
556.724	1	16
556.894	1	4
557.064	1	18
557.234	1	8
557.404	1	6
557.573	1	-1
557.743	1	8
557.913	1	3
558.083	1	23
558.253	1	-3
558.423	1	1
558.593	1	14
558.763	1	13
558.933	1	1
559.103	1	14
559.273	1	0
559.443	1	8
559.613	1	19
559.783	1	16
559.953	1	13
560.122	1	6
560.292	1	5
560.462	1	7
560.632	1	8
560.802	1	11
560.972	1	14
561.142	1	21
561.312	1	9
561.482	1	20
561.652	1	13
561.822	1	2
561.992	1	0
562.162	1	9
562.331	1	14
562.501	1	0
562.671	1	14
562.841	1	6
563.011	1	4
563.181	1	19
563.351	1	16
563.521	1	14
563.691	1	13
563.861	1	3
564.031	1	5
564.201	1	5
564.370	1	9
564.540	1	6
564.710	1	9
564.880	1	9
565.050	1	10
565.220	1	2
565.390	1	0
565.560	1	1
565.730	1	4
565.900	1	6
566.069	1	8
566.239	1	4
566.409	1	11
566.579	1	12
566.749	1	6
566.919	1	11
567.089	1	5
567.259	1	15
567.429	1	11
567.599	1	7
567.768	1	13
567.938	1	3
568.108	1	11
568.278	1	3
568.448	1	8
568.618	1	9
568.788	1	-3
568.958	1	-2
569.128	1	7
569.297	1	4
569.467	1	14
569.637	1	7
569.807	1	4
569.977	1	11
570.147	1	9
570.317	1	1
570.487	1	13
570.656	1	13
570.826	1	9
570.996	1	8
571.166	1	2
571.336	1	-5
571.506	1	15
571.676	1	-2
571.846	1	1
572.015	1	18
572.185	1	1
572.355	1	15
572.525	1	0
572.695	1	13
572.865	1	14
573.035	1	7
573.205	1	-3
573.374	1	14
573.544	1	9
573.714	1	10
573.884	1	9
574.054	1	1
574.224	1	5
574.394	1	10
574.563	1	14
574.733	1	20
574.903	1	-3
575.073	1	1
575.243	1	7
575.413	1	-3
575.583	1	5
575.752	1	16
575.922	1	12
576.092	1	5
576.262	1	9
576.432	1	7
576.602	1	-3
576.772	1	0
576.941	1	9
577.111	1	13
577.281	1	15
577.451	1	8
577.621	1	15
577.791	1	10
577.960	1	-4
578.130	1	3
578.300	1	8
578.470	1	17
578.640	1	-4
578.810	1	5
578.979	1	4
579.149	1	11
579.319	1	12
579.489	1	7
579.659	1	4
579.829	1	5
579.998	1	-2
580.168	1	5
580.338	1	14
580.508	1	-1
580.678	1	10
580.848	1	4
581.017	1	17
581.187	1	10
581.357	1	4
581.527	1	4
581.697	1	6
581.867	1	12
582.036	1	12
582.206	1	3
582.376	1	13
582.546	1	24
582.716	1	9
582.885	1	7
583.055	1	-1
583.225	1	5
583.395	1	4
583.565	1	-4
583.735	1	3
583.904	1	12
584.074	1	-4
584.244	1	11
584.414	1	5
584.584	1	10
584.753	1	15
584.923	1	19
585.093	1	0
585.263	1	3
585.433	1	28
585.602	1	10
585.772	1	12
585.942	1	6
586.112	1	4
586.282	1	8
586.451	1	7
586.621	1	6
586.791	1	-3
586.961	1	12
587.131	1	10
587.300	1	11
587.470	1	4
587.640	1	4
587.810	1	-2
587.980	1	3
588.149	1	4
588.319	1	4
588.489	1	1
588.659	1	18
588.829	1	7
588.998	1	2
589.168	1	9
589.338	1	16
589.508	1	14
589.677	1	9
589.847	1	3
590.017	1	10
590.187	1	7
590.357	1	-1
590.526	1	15
590.696	1	4
590.866	1	8
591.036	1	-1
591.205	1	5
591.375	1	1
591.545	1	7
591.715	1	-4
591.885	1	1
592.054	1	12
592.224	1	9
592.394	1	5
592.564	1	5
592.733	1	9
592.903	1	6
593.073	1	-3
593.243	1	3
593.412	1	3
593.582	1	9
593.752	1	12
593.922	1	17
594.091	1	0
594.261	1	4
594.431	1	9
594.601	1	12
594.771	1	12
594.940	1	12
595.110	1	4
595.280	1	12
595.450	1	2
595.619	1	8
595.789	1	18
595.959	1	7
596.129	1	1
596.298	1	8
596.468	1	8
596.638	1	10
596.808	1	6
596.977	1	9
597.147	1	14
597.317	1	11
597.487	1	12
597.656	1	13
597.826	1	1
597.996	1	0
598.166	1	14
598.335	1	-1
598.505	1	-6
598.675	1	7
598.844	1	7
599.014	1	2
599.184	1	3
599.354	1	8
599.523	1	10
599.693	1	9
599.863	1	10
600.033	1	16
600.202	1	12
600.372	1	15
600.542	1	9
600.712	1	23
600.881	1	14
601.051	1	1
601.221	1	20
601.390	1	16
601.560	1	14
601.730	1	5
601.900	1	11
602.069	1	-5
602.239	1	13
602.409	1	4
602.578	1	8
602.748	1	2
602.918	1	15
603.088	1	17
603.257	1	10
603.427	1	20
603.597	1	7
603.767	1	4
603.936	1	14
604.106	1	7
604.276	1	17
604.445	1	0
604.615	1	9
604.785	1	13
604.954	1	12
605.124	1	-3
605.294	1	10
605.464	1	-5
605.633	1	14
605.803	1	18
605.973	1	13
606.142	1	13
606.312	1	16
606.482	1	10
606.652	1	23
606.821	1	6
606.991	1	1
607.161	1	18
607.330	1	9
607.500	1	11
607.670	1	19
607.839	1	3
608.009	1	8
608.179	1	9
608.348	1	12
608.518	1	17
608.688	1	8
608.858	1	1
609.027	1	7
609.197	1	10
609.367	1	-1
609.536	1	17
609.706	1	10
609.876	1	3
610.045	1	9
610.215	1	11
610.385	1	7
610.554	1	11
610.724	1	12
610.894	1	14
611.063	1	5
611.233	1	4
611.403	1	2
611.572	1	15
611.742	1	3
611.912	1	2
612.081	1	-1
612.251	1	9
612.421	1	7
612.590	1	2
612.760	1	16
612.930	1	5
613.099	1	5
613.269	1	-1
613.439	1	7
613.608	1	10
613.778	1	5
613.948	1	18
614.117	1	13
614.287	1	3
614.457	1	-1
614.626	1	21
614.796	1	13
614.966	1	12
615.135	1	13
615.305	1	14
615.475	1	6
615.644	1	12
615.814	1	10
615.984	1	5
616.153	1	13
616.323	1	9
616.493	1	11
616.662	1	4
616.832	1	5
617.002	1	6
617.171	1	17
617.341	1	7
617.511	1	7
617.680	1	12
617.850	1	5
618.019	1	21
618.189	1	8
618.359	1	1
618.528	1	7
618.698	1	12
618.868	1	9
619.037	1	10
619.207	1	11
619.377	1	17
619.546	1	-3
619.716	1	6
619.885	1	13
620.055	1	18
620.225	1	21
620.394	1	15
620.564	1	-3
620.734	1	9
620.903	1	21
621.073	1	6
621.242	1	5
621.412	1	17
621.582	1	10
621.751	1	11
621.921	1	11
622.091	1	-1
622.260	1	5
622.430	1	17
622.599	1	13
622.769	1	4
622.939	1	2
623.108	1	6
623.278	1	25
623.448	1	17
623.617	1	5
623.787	1	16
623.956	1	17
624.126	1	7
624.296	1	7
624.465	1	3
624.635	1	12
624.804	1	10
624.974	1	7
625.144	1	22
625.313	1	4
625.483	1	9
625.652	1	14
625.822	1	6
625.992	1	19
626.161	1	1
626.331	1	4
626.501	1	-2
626.670	1	9
626.840	1	14
627.009	1	7
627.179	1	-6
627.348	1	25
627.518	1	17
627.688	1	6
627.857	1	6
628.027	1	5
628.196	1	5
628.366	1	13
628.536	1	9
628.705	1	6
628.875	1	12
629.044	1	16
629.214	1	12
629.384	1	8
629.553	1	9
629.723	1	-2
629.892	1	9
630.062	1	-4
630.232	1	17
630.401	1	7
630.571	1	20
630.740	1	1
630.910	1	1
631.079	1	3
631.249	1	20
631.419	1	13
631.588	1	13
631.758	1	7
631.927	1	10
632.097	1	3
632.266	1	10
632.436	1	7
632.606	1	6
632.775	1	20
632.945	1	1
633.114	1	11
633.284	1	15
633.453	1	9
633.623	1	17
633.793	1	10
633.962	1	6
634.132	1	12
634.301	1	-1
634.471	1	5
634.640	1	14
634.810	1	14
634.979	1	13
635.149	1	16
635.319	1	21
635.488	1	1
635.658	1	25
635.827	1	11
635.997	1	3
636.166	1	9
636.336	1	8
636.505	1	6
636.675	1	3
636.845	1	9
637.014	1	14
637.184	1	19
637.353	1	15
637.523	1	23
637.692	1	3
637.862	1	11
638.031	1	-7
638.201	1	9
638.370	1	12
638.540	1	13
638.710	1	16
638.879	1	20
639.049	1	0
639.218	1	12
639.388	1	9
639.557	1	16
639.727	1	21
639.896	1	6
640.066	1	11
640.235	1	10
640.405	1	14
640.574	1	13
640.744	1	-4
640.914	1	6
641.083	1	8
641.253	1	12
641.422	1	11
641.592	1	9
641.761	1	7
641.931	1	5
642.100	1	12
642.270	1	8
642.439	1	6
642.609	1	15
642.778	1	9
642.948	1	21
643.117	1	14
643.287	1	2
643.456	1	13
643.626	1	0
643.795	1	7
643.965	1	12
644.134	1	10
644.304	1	14
644.473	1	8
644.643	1	12
644.812	1	18
644.982	1	8
645.151	1	11
645.321	1	4
645.490	1	12
645.660	1	13
645.829	1	7
645.999	1	10
646.168	1	10
646.338	1	16
646.507	1	3
646.677	1	4
646.846	1	21
647.016	1	4
647.185	1	3
647.355	1	15
647.524	1	13
647.694	1	3
647.863	1	23
648.033	1	8
648.202	1	5
648.372	1	-7
648.541	1	1
648.711	1	15
648.880	1	10
649.050	1	13
649.219	1	21
649.389	1	8
649.558	1	7
649.728	1	9
649.897	1	4
650.067	1	5
650.236	1	4
650.406	1	14
650.575	1	6
650.745	1	16
650.914	1	11
651.084	1	6
651.253	1	9
651.423	1	13
651.592	1	9
651.762	1	4
651.931	1	14
652.101	1	18
652.270	1	8
652.440	1	11
652.609	1	27
652.778	1	14
652.948	1	20
653.117	1	15
653.287	1	8
653.456	1	6
653.626	1	10
653.795	1	14
653.965	1	2
654.134	1	10
654.304	1	12
654.473	1	8
654.643	1	20
654.812	1	16
654.982	1	6
655.151	1	21
655.320	1	14
655.490	1	12
655.659	1	8
655.829	1	8
655.998	1	0
656.168	1	18
656.337	1	7
656.507	1	11
656.676	1	14
656.846	1	11
657.015	1	15
657.184	1	6
657.354	1	14
657.523	1	11
657.693	1	5
657.862	1	3
658.032	1	13
658.201	1	17
658.371	1	6
658.540	1	13
658.709	1	-4
658.879	1	19
659.048	1	10
659.218	1	11
659.387	1	9
659.557	1	10
659.726	1	2
659.895	1	12
660.065	1	10
660.234	1	6
660.404	1	4
660.573	1	7
660.743	1	13
660.912	1	1
661.081	1	-1
661.251	1	17
661.420	1	19
661.590	1	14
661.759	1	7
661.929	1	5
662.098	1	14
662.267	1	20
662.437	1	16
662.606	1	11
662.776	1	7
662.945	1	14
663.115	1	14
663.284	1	6
663.453	1	14
663.623	1	24
663.792	1	11
663.962	1	1
664.131	1	9
664.300	1	-1
664.470	1	15
664.639	1	11
664.809	1	6
664.978	1	14
665.148	1	0
665.317	1	9
665.486	1	11
665.656	1	14
665.825	1	15
665.995	1	5
666.164	1	5
666.333	1	2
666.503	1	9
666.672	1	9
666.842	1	15
667.011	1	7
667.180	1	17
667.350	1	18
667.519	1	11
667.689	1	3
667.858	1	17
668.027	1	10
668.197	1	22
668.366	1	10
668.536	1	2
668.705	1	16
668.874	1	21
669.044	1	18
669.213	1	17
669.382	1	8
669.552	1	18
669.721	1	13
669.891	1	-2
670.060	1	14
670.229	1	5
670.399	1	13
670.568	1	8
670.738	1	12
670.907	1	11
671.076	1	10
671.246	1	4
671.415	1	12
671.584	1	13
671.754	1	5
671.923	1	16
672.093	1	5
672.262	1	13
672.431	1	20
672.601	1	17
672.770	1	11
672.939	1	4
673.109	1	18
673.278	1	8
673.448	1	13
673.617	1	14
673.786	1	14
