325.333	1	8
325.504	1	12
325.675	1	9
325.846	1	10
326.017	1	10
326.188	1	18
326.359	1	22
326.531	1	9
326.702	1	5
326.873	1	-7
327.044	1	16
327.215	1	2
327.386	1	15
327.557	1	8
327.728	1	13
327.899	1	4
328.070	1	11
328.241	1	12
328.412	1	7
328.583	1	20
328.754	1	2
328.926	1	18
329.097	1	4
329.268	1	13
329.439	1	14
329.610	1	13
329.781	1	6
329.952	1	9
330.123	1	10
330.294	1	1
330.465	1	16
330.636	1	23
330.807	1	12
330.978	1	8
331.149	1	15
331.320	1	13
331.492	1	10
331.663	1	11
331.834	1	-5
332.005	1	5
332.176	1	14
332.347	1	17
332.518	1	23
332.689	1	8
332.860	1	10
333.031	1	13
333.202	1	7
333.373	1	10
333.544	1	10
333.715	1	5
333.886	1	14
334.057	1	11
334.228	1	9
334.399	1	15
334.570	1	-5
334.741	1	15
334.912	1	8
335.084	1	4
335.255	1	13
335.426	1	16
335.597	1	20
335.768	1	7
335.939	1	5
336.110	1	11
336.281	1	9
336.452	1	11
336.623	1	0
336.794	1	10
336.965	1	8
337.136	1	21
337.307	1	17
337.478	1	14
337.649	1	2
337.820	1	7
337.991	1	18
338.162	1	14
338.333	1	23
338.504	1	18
338.675	1	21
338.846	1	1
339.017	1	22
339.188	1	21
339.359	1	12
339.530	1	9
339.701	1	10
339.872	1	14
340.043	1	9
340.214	1	8
340.385	1	16
340.556	1	10
340.727	1	16
340.898	1	20
341.069	1	1
341.240	1	8
341.411	1	16
341.582	1	19
341.753	1	7
341.924	1	11
342.095	1	23
342.266	1	2
342.437	1	1
342.608	1	10
342.779	1	20
342.950	1	12
343.121	1	11
343.292	1	14
343.463	1	15
343.634	1	14
343.805	1	19
343.976	1	6
344.147	1	9
344.318	1	11
344.489	1	21
344.660	1	15
344.831	1	15
345.002	1	23
345.173	1	10
345.344	1	9
345.515	1	25
345.686	1	14
345.857	1	15
346.028	1	3
346.199	1	18
346.370	1	14
346.541	1	15
346.712	1	19
346.883	1	25
347.054	1	19
347.225	1	5
347.396	1	17
347.567	1	26
347.738	1	11
347.909	1	20
348.080	1	16
348.251	1	13
348.422	1	10
348.593	1	20
348.764	1	18
348.935	1	20
349.106	1	20
349.277	1	6
349.448	1	14
349.619	1	23
349.790	1	25
349.961	1	18
350.132	1	28
350.303	1	23
350.474	1	15
350.645	1	27
350.816	1	23
350.987	1	29
351.157	1	18
351.328	1	22
351.499	1	22
351.670	1	12
351.841	1	12
352.012	1	12
352.183	1	26
352.354	1	24
352.525	1	17
352.696	1	20
352.867	1	15
353.038	1	5
353.209	1	20
353.380	1	19
353.551	1	-3
353.722	1	24
353.893	1	23
354.064	1	19
354.235	1	23
354.406	1	28
354.576	1	17
354.747	1	22
354.918	1	27
355.089	1	30
355.260	1	24
355.431	1	25
355.602	1	19
355.773	1	28
355.944	1	22
356.115	1	13
356.286	1	13
356.457	1	24
356.628	1	17
356.799	1	15
356.970	1	20
357.141	1	20
357.311	1	21
357.482	1	10
357.653	1	19
357.824	1	23
357.995	1	33
358.166	1	19
358.337	1	10
358.508	1	2
358.679	1	14
358.850	1	17
359.021	1	25
359.192	1	23
359.363	1	10
359.533	1	20
359.704	1	22
359.875	1	19
360.046	1	15
360.217	1	12
360.388	1	14
360.559	1	22
360.730	1	14
360.901	1	26
361.072	1	21
361.243	1	18
361.414	1	35
361.584	1	25
361.755	1	22
361.926	1	18
362.097	1	23
362.268	1	25
362.439	1	28
362.610	1	24
362.781	1	25
362.952	1	14
363.123	1	32
363.293	1	20
363.464	1	26
363.635	1	24
363.806	1	24
363.977	1	24
364.148	1	24
364.319	1	13
364.490	1	18
364.661	1	22
364.832	1	17
365.002	1	11
365.173	1	10
365.344	1	18
365.515	1	15
365.686	1	20
365.857	1	24
366.028	1	30
366.199	1	30
366.370	1	23
366.540	1	25
366.711	1	14
366.882	1	19
367.053	1	20
367.224	1	14
367.395	1	27
367.566	1	27
367.737	1	28
367.908	1	19
368.078	1	22
368.249	1	23
368.420	1	17
368.591	1	26
368.762	1	17
368.933	1	31
369.104	1	10
369.274	1	27
369.445	1	35
369.616	1	13
369.787	1	16
369.958	1	28
370.129	1	19
370.300	1	20
370.471	1	22
370.641	1	16
370.812	1	25
370.983	1	19
371.154	1	26
371.325	1	21
371.496	1	15
371.667	1	26
371.837	1	26
372.008	1	30
372.179	1	25
372.350	1	26
372.521	1	25
372.692	1	19
372.863	1	24
373.033	1	37
373.204	1	39
373.375	1	20
373.546	1	35
373.717	1	34
373.888	1	30
374.059	1	34
374.229	1	30
374.400	1	23
374.571	1	24
374.742	1	21
374.913	1	23
375.084	1	35
375.254	1	24
375.425	1	29
375.596	1	17
375.767	1	22
375.938	1	24
376.109	1	27
376.279	1	19
376.450	1	24
376.621	1	33
376.792	1	28
376.963	1	24
377.134	1	12
377.304	1	23
377.475	1	18
377.646	1	14
377.817	1	19
377.988	1	24
378.159	1	24
378.329	1	30
378.500	1	20
378.671	1	14
378.842	1	23
379.013	1	26
379.184	1	18
379.354	1	41
379.525	1	18
379.696	1	36
379.867	1	21
380.038	1	24
380.209	1	23
380.379	1	33
380.550	1	21
380.721	1	22
380.892	1	33
381.063	1	26
381.233	1	35
381.404	1	22
381.575	1	17
381.746	1	39
381.917	1	19
382.087	1	27
382.258	1	31
382.429	1	26
382.600	1	38
382.771	1	23
382.941	1	20
383.112	1	30
383.283	1	38
383.454	1	22
383.625	1	29
383.795	1	32
383.966	1	29
384.137	1	28
384.308	1	34
384.479	1	30
384.649	1	26
384.820	1	35
384.991	1	16
385.162	1	33
385.333	1	32
385.503	1	32
385.674	1	46
385.845	1	35
386.016	1	24
386.187	1	38
386.357	1	22
386.528	1	25
386.699	1	28
386.870	1	16
387.041	1	37
387.211	1	34
387.382	1	25
387.553	1	38
387.724	1	34
387.894	1	37
388.065	1	51
388.236	1	40
388.407	1	44
388.578	1	36
388.748	1	37
388.919	1	37
389.090	1	45
389.261	1	40
389.431	1	46
389.602	1	25
389.773	1	31
389.944	1	37
390.114	1	37
390.285	1	32
390.456	1	34
390.627	1	45
390.798	1	40
390.968	1	33
391.139	1	44
391.310	1	37
391.481	1	28
391.651	1	39
391.822	1	42
391.993	1	28
392.164	1	22
392.334	1	34
392.505	1	26
392.676	1	37
392.847	1	40
393.017	1	33
393.188	1	33
393.359	1	27
393.530	1	47
393.700	1	38
393.871	1	32
394.042	1	41
394.213	1	49
394.383	1	38
394.554	1	32
394.725	1	30
394.896	1	31
395.066	1	35
395.237	1	20
395.408	1	29
395.579	1	49
395.749	1	35
395.920	1	34
396.091	1	38
396.262	1	31
396.432	1	31
396.603	1	30
396.774	1	49
396.945	1	30
397.115	1	29
397.286	1	42
397.457	1	34
397.627	1	49
397.798	1	32
397.969	1	34
398.140	1	28
398.310	1	36
398.481	1	43
398.652	1	40
398.823	1	34
398.993	1	56
399.164	1	36
399.335	1	35
399.505	1	42
399.676	1	34
399.847	1	48
400.018	1	37
400.188	1	44
400.359	1	47
400.530	1	31
400.700	1	40
400.871	1	45
401.042	1	38
401.213	1	50
401.383	1	44
401.554	1	44
401.725	1	41
401.895	1	37
402.066	1	43
402.237	1	42
402.408	1	50
402.578	1	44
402.749	1	43
402.920	1	45
403.090	1	38
403.261	1	41
403.432	1	55
403.603	1	40
403.773	1	49
403.944	1	37
404.115	1	39
404.285	1	45
404.456	1	44
404.627	1	35
404.797	1	43
404.968	1	33
405.139	1	40
405.310	1	37
405.480	1	34
405.651	1	46
405.822	1	50
405.992	1	41
406.163	1	40
406.334	1	43
406.504	1	26
406.675	1	40
406.846	1	44
407.016	1	37
407.187	1	38
407.358	1	39
407.528	1	43
407.699	1	33
407.870	1	46
408.041	1	28
408.211	1	35
408.382	1	39
408.553	1	34
408.723	1	39
408.894	1	33
409.065	1	44
409.235	1	46
409.406	1	41
409.577	1	38
409.747	1	47
409.918	1	34
410.089	1	30
410.259	1	33
410.430	1	42
410.601	1	35
410.771	1	49
410.942	1	36
411.113	1	44
411.283	1	35
411.454	1	44
411.625	1	39
411.795	1	33
411.966	1	37
412.137	1	42
412.307	1	41
412.478	1	39
412.649	1	44
412.819	1	36
412.990	1	45
413.161	1	44
413.331	1	44
413.502	1	30
413.672	1	39
413.843	1	42
414.014	1	55
414.184	1	43
414.355	1	41
414.526	1	47
414.696	1	51
414.867	1	38
415.038	1	38
415.208	1	37
415.379	1	38
415.550	1	42
415.720	1	43
415.891	1	54
416.062	1	52
416.232	1	46
416.403	1	35
416.573	1	40
416.744	1	36
416.915	1	47
417.085	1	36
417.256	1	48
417.427	1	38
417.597	1	49
417.768	1	36
417.939	1	52
418.109	1	25
418.280	1	43
418.450	1	46
418.621	1	46
418.792	1	30
418.962	1	36
419.133	1	45
419.304	1	28
419.474	1	40
419.645	1	37
419.815	1	44
419.986	1	38
420.157	1	51
420.327	1	33
420.498	1	39
420.669	1	45
420.839	1	41
421.010	1	44
421.180	1	26
421.351	1	47
421.522	1	49
421.692	1	44
421.863	1	37
422.033	1	44
422.204	1	45
422.375	1	36
422.545	1	46
422.716	1	40
422.886	1	45
423.057	1	35
423.228	1	45
423.398	1	45
423.569	1	48
423.740	1	34
423.910	1	52
424.081	1	45
424.251	1	47
424.422	1	37
424.593	1	32
424.763	1	44
424.934	1	39
425.104	1	42
425.275	1	55
425.445	1	49
425.616	1	50
425.787	1	34
425.957	1	39
426.128	1	50
426.298	1	36
426.469	1	33
426.640	1	38
426.810	1	43
426.981	1	39
427.151	1	48
427.322	1	27
427.493	1	35
427.663	1	40
427.834	1	43
428.004	1	38
428.175	1	39
428.345	1	48
428.516	1	35
428.687	1	45
428.857	1	42
429.028	1	46
429.198	1	37
429.369	1	39
429.540	1	41
429.710	1	37
429.881	1	40
430.051	1	32
430.222	1	49
430.392	1	45
430.563	1	40
430.734	1	48
430.904	1	39
431.075	1	25
431.245	1	37
431.416	1	27
431.586	1	36
431.757	1	42
431.927	1	27
432.098	1	46
432.269	1	53
432.439	1	45
432.610	1	41
432.780	1	24
432.951	1	40
433.121	1	47
433.292	1	38
433.462	1	39
433.633	1	40
433.804	1	35
433.974	1	39
434.145	1	39
434.315	1	36
434.486	1	25
434.656	1	34
434.827	1	47
434.997	1	40
435.168	1	41
435.339	1	44
435.509	1	39
435.680	1	44
435.850	1	39
436.021	1	39
436.191	1	41
436.362	1	43
436.532	1	40
436.703	1	48
436.873	1	38
437.044	1	43
437.214	1	45
437.385	1	40
437.556	1	39
437.726	1	36
437.897	1	34
438.067	1	36
438.238	1	45
438.408	1	40
438.579	1	44
438.749	1	35
438.920	1	46
439.090	1	33
439.261	1	36
439.431	1	53
439.602	1	45
439.772	1	42
439.943	1	56
440.113	1	43
440.284	1	38
440.455	1	49
440.625	1	34
440.796	1	36
440.966	1	25
441.137	1	45
441.307	1	45
441.478	1	43
441.648	1	43
441.819	1	45
441.989	1	40
442.160	1	36
442.330	1	47
442.501	1	38
442.671	1	40
442.842	1	43
443.012	1	25
443.183	1	41
443.353	1	42
443.524	1	44
443.694	1	41
443.865	1	49
444.035	1	36
444.206	1	35
444.376	1	47
444.547	1	32
444.717	1	46
444.888	1	35
445.058	1	41
445.229	1	40
445.399	1	40
445.570	1	37
445.740	1	32
445.911	1	38
446.081	1	47
446.252	1	25
446.422	1	43
446.593	1	34
446.763	1	40
446.934	1	52
447.104	1	37
447.275	1	41
447.445	1	44
447.616	1	38
447.786	1	27
447.957	1	43
448.127	1	46
448.298	1	41
448.468	1	31
448.639	1	30
448.809	1	34
448.979	1	27
449.150	1	31
449.320	1	44
449.491	1	35
449.661	1	58
449.832	1	40
450.002	1	52
450.173	1	31
450.343	1	48
450.514	1	37
450.684	1	38
450.855	1	44
451.025	1	41
451.196	1	49
451.366	1	43
451.537	1	34
451.707	1	38
451.878	1	32
452.048	1	31
452.218	1	39
452.389	1	46
452.559	1	41
452.730	1	45
452.900	1	39
453.071	1	30
453.241	1	40
453.412	1	32
453.582	1	32
453.753	1	39
453.923	1	41
454.093	1	37
454.264	1	25
454.434	1	39
454.605	1	42
454.775	1	29
454.946	1	33
455.116	1	37
455.287	1	30
455.457	1	28
455.628	1	32
455.798	1	46
455.968	1	39
456.139	1	35
456.309	1	49
456.480	1	40
456.650	1	40
456.821	1	46
456.991	1	31
457.161	1	40
457.332	1	27
457.502	1	32
457.673	1	44
457.843	1	35
458.014	1	28
458.184	1	32
458.355	1	34
458.525	1	33
458.695	1	31
458.866	1	55
459.036	1	38
459.207	1	42
459.377	1	38
459.548	1	20
459.718	1	36
459.888	1	43
460.059	1	38
460.229	1	35
460.400	1	39
460.570	1	46
460.740	1	38
460.911	1	36
461.081	1	39
461.252	1	30
461.422	1	32
461.593	1	44
461.763	1	42
461.933	1	36
462.104	1	24
462.274	1	24
462.445	1	34
462.615	1	33
462.785	1	39
462.956	1	31
463.126	1	43
463.297	1	42
463.467	1	30
463.638	1	37
463.808	1	42
463.978	1	30
464.149	1	29
464.319	1	29
464.490	1	36
464.660	1	34
464.830	1	29
465.001	1	30
465.171	1	37
465.342	1	16
465.512	1	31
465.682	1	39
465.853	1	17
466.023	1	27
466.194	1	33
466.364	1	34
466.534	1	45
466.705	1	28
466.875	1	48
467.045	1	26
467.216	1	41
467.386	1	39
467.557	1	22
467.727	1	42
467.897	1	30
468.068	1	15
468.238	1	47
468.409	1	31
468.579	1	28
468.749	1	27
468.920	1	37
469.090	1	31
469.260	1	25
469.431	1	41
469.601	1	22
469.772	1	20
469.942	1	41
470.112	1	26
470.283	1	37
470.453	1	34
470.623	1	22
470.794	1	32
470.964	1	22
471.135	1	32
471.305	1	25
471.475	1	19
471.646	1	31
471.816	1	31
471.986	1	36
472.157	1	35
472.327	1	46
472.497	1	30
472.668	1	24
472.838	1	36
473.009	1	23
473.179	1	22
473.349	1	27
473.520	1	28
473.690	1	31
473.860	1	40
474.031	1	31
474.201	1	28
474.371	1	30
474.542	1	36
474.712	1	20
474.882	1	18
475.053	1	41
475.223	1	19
475.394	1	21
475.564	1	28
475.734	1	19
475.905	1	21
476.075	1	36
476.245	1	34
476.416	1	17
476.586	1	28
476.756	1	29
476.927	1	19
477.097	1	21
477.267	1	37
477.438	1	26
477.608	1	16
477.778	1	30
477.949	1	20
478.119	1	31
478.289	1	25
478.460	1	16
478.630	1	39
478.800	1	38
478.971	1	29
479.141	1	20
479.311	1	38
479.482	1	16
479.652	1	32
479.822	1	30
479.993	1	14
480.163	1	33
480.333	1	26
480.504	1	23
480.674	1	36
480.844	1	22
481.015	1	23
481.185	1	20
481.355	1	28
481.525	1	29
481.696	1	29
481.866	1	27
482.036	1	28
482.207	1	31
482.377	1	41
482.547	1	17
482.718	1	18
482.888	1	33
483.058	1	17
483.229	1	22
483.399	1	25
483.569	1	16
483.740	1	23
483.910	1	22
484.080	1	26
484.250	1	16
484.421	1	16
484.591	1	24
484.761	1	22
484.932	1	32
485.102	1	26
485.272	1	18
485.443	1	28
485.613	1	25
485.783	1	22
485.953	1	26
486.124	1	25
486.294	1	33
486.464	1	21
486.635	1	22
486.805	1	26
486.975	1	27
487.146	1	16
487.316	1	33
487.486	1	19
487.656	1	16
487.827	1	17
487.997	1	12
488.167	1	18
488.338	1	19
488.508	1	24
488.678	1	17
488.848	1	23
489.019	1	16
489.189	1	25
489.359	1	15
489.529	1	17
489.700	1	21
489.870	1	20
490.040	1	22
490.211	1	19
490.381	1	22
490.551	1	20
490.721	1	20
490.892	1	19
491.062	1	23
491.232	1	19
491.402	1	21
491.573	1	8
491.743	1	21
491.913	1	12
492.084	1	19
492.254	1	20
492.424	1	24
492.594	1	19
492.765	1	9
492.935	1	15
493.105	1	25
493.275	1	20
493.446	1	16
493.616	1	22
493.786	1	10
493.956	1	11
494.127	1	23
494.297	1	10
494.467	1	23
494.637	1	14
494.808	1	20
494.978	1	11
495.148	1	24
495.318	1	25
495.489	1	11
495.659	1	16
495.829	1	21
495.999	1	13
496.170	1	10
496.340	1	23
496.510	1	21
496.680	1	11
496.851	1	19
497.021	1	16
497.191	1	12
497.361	1	13
497.532	1	13
497.702	1	15
497.872	1	27
498.042	1	21
498.213	1	24
498.383	1	24
498.553	1	11
498.723	1	21
498.894	1	13
499.064	1	17
499.234	1	8
499.404	1	12
499.574	1	13
499.745	1	11
499.915	1	17
500.085	1	14
500.255	1	9
500.426	1	23
500.596	1	1
500.766	1	5
500.936	1	21
501.106	1	26
501.277	1	15
501.447	1	22
501.617	1	14
501.787	1	17
501.958	1	20
502.128	1	9
502.298	1	15
502.468	1	22
502.638	1	17
502.809	1	16
502.979	1	29
503.149	1	3
503.319	1	21
503.489	1	14
503.660	1	16
503.830	1	15
504.000	1	24
504.170	1	23
504.340	1	17
504.511	1	20
504.681	1	4
504.851	1	27
505.021	1	22
505.192	1	7
505.362	1	11
505.532	1	18
505.702	1	6
505.872	1	22
506.043	1	23
506.213	1	14
506.383	1	14
506.553	1	14
506.723	1	22
506.893	1	13
507.064	1	9
507.234	1	7
507.404	1	15
507.574	1	20
507.744	1	21
507.915	1	17
508.085	1	10
508.255	1	21
508.425	1	10
508.595	1	9
508.766	1	10
508.936	1	14
509.106	1	18
509.276	1	10
509.446	1	9
509.616	1	14
509.787	1	24
509.957	1	9
510.127	1	13
510.297	1	8
510.467	1	9
510.638	1	20
510.808	1	11
510.978	1	8
511.148	1	23
511.318	1	22
511.488	1	25
511.659	1	3
511.829	1	12
511.999	1	12
512.169	1	3
512.339	1	14
512.509	1	12
512.680	1	11
512.850	1	16
513.020	1	3
513.190	1	11
513.360	1	11
513.530	1	3
513.700	1	8
513.871	1	8
514.041	1	1
514.211	1	19
514.381	1	27
514.551	1	15
514.721	1	7
514.892	1	19
515.062	1	10
515.232	1	10
515.402	1	9
515.572	1	14
515.742	1	5
515.912	1	17
516.083	1	12
516.253	1	19
516.423	1	16
516.593	1	9
516.763	1	9
516.933	1	2
517.104	1	8
517.274	1	6
517.444	1	14
517.614	1	4
517.784	1	13
517.954	1	16
518.124	1	2
518.294	1	9
518.465	1	9
518.635	1	14
518.805	1	23
518.975	1	3
519.145	1	18
519.315	1	6
519.485	1	4
519.656	1	15
519.826	1	14
519.996	1	9
520.166	1	17
520.336	1	11
520.506	1	-8
520.676	1	17
520.846	1	4
521.017	1	7
521.187	1	24
521.357	1	6
521.527	1	8
521.697	1	14
521.867	1	13
522.037	1	3
522.207	1	5
522.377	1	17
522.548	1	7
522.718	1	8
522.888	1	15
523.058	1	21
523.228	1	7
523.398	1	13
523.568	1	6
523.738	1	8
523.909	1	14
524.079	1	12
524.249	1	12
524.419	1	23
524.589	1	8
524.759	1	10
524.929	1	11
525.099	1	6
525.269	1	17
525.439	1	5
525.610	1	6
525.780	1	16
525.950	1	12
526.120	1	6
526.290	1	8
526.460	1	11
526.630	1	13
526.800	1	19
526.970	1	15
527.140	1	11
527.311	1	7
527.481	1	17
527.651	1	2
527.821	1	-3
527.991	1	12
528.161	1	18
528.331	1	20
528.501	1	8
528.671	1	2
528.841	1	12
529.011	1	11
529.181	1	10
529.352	1	6
529.522	1	11
529.692	1	19
529.862	1	11
530.032	1	8
530.202	1	5
530.372	1	11
530.542	1	4
530.712	1	3
530.882	1	3
531.052	1	10
531.222	1	7
531.392	1	10
531.563	1	10
531.733	1	12
531.903	1	12
532.073	1	3
532.243	1	6
532.413	1	13
532.583	1	0
532.753	1	10
532.923	1	10
533.093	1	16
533.263	1	-5
533.433	1	19
533.603	1	16
533.773	1	4
533.943	1	9
534.113	1	7
534.284	1	11
534.454	1	2
534.624	1	7
534.794	1	-4
534.964	1	6
535.134	1	17
535.304	1	9
535.474	1	1
535.644	1	5
535.814	1	6
535.984	1	20
536.154	1	8
536.324	1	18
536.494	1	16
536.664	1	11
536.834	1	12
537.004	1	11
537.174	1	9
537.344	1	18
537.514	1	7
537.685	1	12
537.855	1	2
538.025	1	11
538.195	1	3
538.365	1	0
538.535	1	2
538.705	1	20
538.875	1	19
539.045	1	12
539.215	1	-5
539.385	1	8
539.555	1	3
539.725	1	1
539.895	1	16
540.065	1	8
540.235	1	14
540.405	1	13
540.575	1	11
540.745	1	9
540.915	1	6
541.085	1	-3
541.255	1	-10
541.425	1	15
541.595	1	12
541.765	1	30
541.935	1	-2
542.105	1	13
542.275	1	8
542.445	1	3
542.615	1	7
542.785	1	6
542.955	1	4
543.125	1	-11
543.295	1	6
543.465	1	15
543.635	1	13
543.805	1	23
543.975	1	0
544.145	1	1
544.315	1	4
544.485	1	6
544.655	1	14
544.825	1	7
544.995	1	6
545.165	1	9
545.335	1	4
545.505	1	15
545.675	1	-9
545.845	1	16
546.015	1	12
546.185	1	20
546.355	1	9
546.525	1	10
546.695	1	6
546.865	1	20
547.035	1	14
547.205	1	6
547.375	1	4
547.545	1	16
547.715	1	9
547.885	1	19
548.055	1	1
548.225	1	13
548.395	1	2
548.565	1	12
548.735	1	12
548.905	1	-3
549.075	1	5
549.245	1	6
549.415	1	3
549.585	1	13
549.755	1	11
549.925	1	8
550.095	1	10
550.265	1	8
550.435	1	1
550.605	1	2
550.775	1	5
550.945	1	14
551.115	1	3
551.285	1	9
551.455	1	8
551.625	1	-1
551.795	1	-3
551.965	1	15
552.135	1	11
552.305	1	2
552.475	1	10
552.645	1	5
552.815	1	16
552.985	1	-3
553.155	1	3
553.325	1	7
553.495	1	11
553.665	1	15
553.835	1	4
554.004	1	3
554.174	1	8
554.344	1	5
554.514	1	11
554.684	1	1
554.854	1	6
555.024	1	-5
555.194	1	16
555.364	1	15
555.534	1	6
555.704	1	10
555.874	1	1
556.044	1	16
556.214	1	4
556.384	1	12
556.554	1	18
556.724	1	13
556.894	1	0
557.064	1	7
557.234	1	-1
557.404	1	8
557.573	1	1
557.743	1	12
557.913	1	6
558.083	1	13
558.253	1	4
558.423	1	13
558.593	1	16
558.763	1	6
558.933	1	-1
559.103	1	14
559.273	1	2
559.443	1	6
559.613	1	16
559.783	1	10
559.953	1	11
560.122	1	-3
560.292	1	1
560.462	1	-4
560.632	1	6
560.802	1	4
560.972	1	15
561.142	1	20
561.312	1	18
561.482	1	18
561.652	1	10
561.822	1	4
561.992	1	-9
562.162	1	13
562.331	1	12
562.501	1	6
562.671	1	24
562.841	1	12
563.011	1	3
563.181	1	14
563.351	1	13
563.521	1	7
563.691	1	9
563.861	1	-2
564.031	1	-2
564.201	1	2
564.370	1	5
564.540	1	3
564.710	1	2
564.880	1	13
565.050	1	2
565.220	1	1
565.390	1	1
565.560	1	8
565.730	1	6
565.900	1	-3
566.069	1	-1
566.239	1	0
566.409	1	14
566.579	1	-1
566.749	1	7
566.919	1	8
567.089	1	3
567.259	1	4
567.429	1	7
567.599	1	1
567.768	1	4
567.938	1	-5
568.108	1	16
568.278	1	-2
568.448	1	13
568.618	1	12
568.788	1	-10
568.958	1	-3
569.128	1	-2
569.297	1	5
569.467	1	11
569.637	1	4
569.807	1	6
569.977	1	11
570.147	1	9
570.317	1	6
570.487	1	12
570.656	1	-1
570.826	1	11
570.996	1	6
571.166	1	7
571.336	1	4
571.506	1	-1
571.676	1	-5
571.846	1	-3
572.015	1	15
572.185	1	8
572.355	1	6
572.525	1	2
572.695	1	-6
572.865	1	17
573.035	1	-5
573.205	1	-8
573.374	1	10
573.544	1	8
573.714	1	10
573.884	1	4
574.054	1	3
574.224	1	10
574.394	1	4
574.563	1	15
574.733	1	13
574.903	1	19
575.073	1	-2
575.243	1	15
575.413	1	7
575.583	1	5
575.752	1	4
575.922	1	7
576.092	1	3
576.262	1	8
576.432	1	20
576.602	1	4
576.772	1	15
576.941	1	10
577.111	1	7
577.281	1	21
577.451	1	1
577.621	1	13
577.791	1	9
577.960	1	-1
578.130	1	6
578.300	1	1
578.470	1	7
578.640	1	-2
578.810	1	7
578.979	1	-6
579.149	1	2
579.319	1	10
579.489	1	4
579.659	1	5
579.829	1	5
579.998	1	3
580.168	1	5
580.338	1	6
580.508	1	7
580.678	1	14
580.848	1	-1
581.017	1	-1
581.187	1	11
581.357	1	10
581.527	1	-1
581.697	1	-5
581.867	1	12
582.036	1	11
582.206	1	2
582.376	1	10
582.546	1	20
582.716	1	-5
582.885	1	-1
583.055	1	5
583.225	1	0
583.395	1	10
583.565	1	3
583.735	1	5
583.904	1	8
584.074	1	4
584.244	1	13
584.414	1	-1
584.584	1	7
584.753	1	13
584.923	1	14
585.093	1	4
585.263	1	3
585.433	1	21
585.602	1	11
585.772	1	19
585.942	1	4
586.112	1	9
586.282	1	13
586.451	1	3
586.621	1	0
586.791	1	2
586.961	1	8
587.131	1	4
587.300	1	12
587.470	1	8
587.640	1	-3
587.810	1	5
587.980	1	1
588.149	1	7
588.319	1	7
588.489	1	2
588.659	1	11
588.829	1	3
588.998	1	3
589.168	1	8
589.338	1	5
589.508	1	17
589.677	1	-4
589.847	1	10
590.017	1	3
590.187	1	12
590.357	1	3
590.526	1	15
590.696	1	3
590.866	1	4
591.036	1	4
591.205	1	6
591.375	1	2
591.545	1	8
591.715	1	1
591.885	1	8
592.054	1	7
592.224	1	8
592.394	1	3
592.564	1	7
592.733	1	11
592.903	1	6
593.073	1	-8
593.243	1	6
593.412	1	5
593.582	1	5
593.752	1	2
593.922	1	16
594.091	1	-3
594.261	1	2
594.431	1	-1
594.601	1	3
594.771	1	12
594.940	1	4
595.110	1	7
595.280	1	11
595.450	1	14
595.619	1	10
595.789	1	15
595.959	1	1
596.129	1	-6
596.298	1	4
596.468	1	4
596.638	1	7
596.808	1	-4
596.977	1	4
597.147	1	4
597.317	1	6
597.487	1	8
597.656	1	1
597.826	1	3
597.996	1	0
598.166	1	19
598.335	1	-6
598.505	1	3
598.675	1	4
598.844	1	20
599.014	1	4
599.184	1	2
599.354	1	10
599.523	1	11
599.693	1	4
599.863	1	4
600.033	1	-2
600.202	1	13
600.372	1	8
600.542	1	10
600.712	1	14
600.881	1	0
601.051	1	4
601.221	1	18
601.390	1	6
601.560	1	14
601.730	1	7
601.900	1	23
602.069	1	-1
602.239	1	9
602.409	1	13
602.578	1	6
602.748	1	-1
602.918	1	7
603.088	1	13
603.257	1	5
603.427	1	11
603.597	1	8
603.767	1	5
603.936	1	18
604.106	1	13
604.276	1	9
604.445	1	1
604.615	1	1
604.785	1	2
604.954	1	7
605.124	1	4
605.294	1	13
605.464	1	2
605.633	1	6
605.803	1	13
605.973	1	9
606.142	1	10
606.312	1	11
606.482	1	-1
606.652	1	18
606.821	1	9
606.991	1	1
607.161	1	11
607.330	1	6
607.500	1	12
607.670	1	9
607.839	1	8
608.009	1	4
608.179	1	4
608.348	1	-3
608.518	1	11
608.688	1	13
608.858	1	9
609.027	1	1
609.197	1	8
609.367	1	-4
609.536	1	10
609.706	1	6
609.876	1	-2
610.045	1	-1
610.215	1	20
610.385	1	-1
610.554	1	8
610.724	1	2
610.894	1	11
611.063	1	12
611.233	1	3
611.403	1	7
611.572	1	11
611.742	1	10
611.912	1	1
612.081	1	4
612.251	1	11
612.421	1	6
612.590	1	4
612.760	1	20
612.930	1	-4
613.099	1	13
613.269	1	2
613.439	1	5
613.608	1	6
613.778	1	3
613.948	1	10
614.117	1	12
614.287	1	7
614.457	1	11
614.626	1	15
614.796	1	11
614.966	1	6
615.135	1	9
615.305	1	18
615.475	1	6
615.644	1	17
615.814	1	0
615.984	1	10
616.153	1	14
616.323	1	1
616.493	1	11
616.662	1	2
616.832	1	1
617.002	1	5
617.171	1	13
617.341	1	3
617.511	1	-4
617.680	1	4
617.850	1	13
618.019	1	-1
618.189	1	-1
618.359	1	12
618.528	1	3
618.698	1	8
618.868	1	-1
619.037	1	10
619.207	1	11
619.377	1	2
619.546	1	8
619.716	1	8
619.885	1	1
620.055	1	15
620.225	1	16
620.394	1	3
620.564	1	-9
620.734	1	8
620.903	1	11
621.073	1	11
621.242	1	-1
621.412	1	10
621.582	1	-5
621.751	1	3
621.921	1	20
622.091	1	1
622.260	1	11
622.430	1	18
622.599	1	16
622.769	1	-3
622.939	1	2
623.108	1	10
623.278	1	27
623.448	1	13
623.617	1	3
623.787	1	15
623.956	1	16
624.126	1	1
624.296	1	15
624.465	1	-7
624.635	1	11
624.804	1	-1
624.974	1	10
625.144	1	17
625.313	1	3
625.483	1	18
625.652	1	23
625.822	1	3
625.992	1	21
626.161	1	3
626.331	1	5
626.501	1	6
626.670	1	7
626.840	1	5
627.009	1	3
627.179	1	-11
627.348	1	11
627.518	1	3
627.688	1	13
627.857	1	12
628.027	1	10
628.196	1	-4
628.366	1	4
628.536	1	7
628.705	1	2
628.875	1	12
629.044	1	13
629.214	1	6
629.384	1	3
629.553	1	3
629.723	1	-11
629.892	1	2
630.062	1	-7
630.232	1	16
630.401	1	9
630.571	1	16
630.740	1	-3
630.910	1	2
631.079	1	2
631.249	1	5
631.419	1	12
631.588	1	1
631.758	1	5
631.927	1	11
632.097	1	9
632.266	1	-2
632.436	1	8
632.606	1	7
632.775	1	21
632.945	1	1
633.114	1	3
633.284	1	9
633.453	1	20
633.623	1	14
633.793	1	8
633.962	1	5
634.132	1	5
634.301	1	1
634.471	1	3
634.640	1	8
634.810	1	17
634.979	1	8
635.149	1	11
635.319	1	14
635.488	1	4
635.658	1	22
635.827	1	1
635.997	1	8
636.166	1	7
636.336	1	6
636.505	1	13
636.675	1	1
636.845	1	7
637.014	1	3
637.184	1	11
637.353	1	9
637.523	1	7
637.692	1	4
637.862	1	3
638.031	1	-1
638.201	1	-3
638.370	1	0
638.540	1	8
638.710	1	7
638.879	1	16
639.049	1	-4
639.218	1	27
639.388	1	10
639.557	1	12
639.727	1	14
639.896	1	7
640.066	1	19
640.235	1	1
640.405	1	8
640.574	1	6
640.744	1	-7
640.914	1	0
641.083	1	8
641.253	1	4
641.422	1	16
641.592	1	9
641.761	1	17
641.931	1	10
642.100	1	9
642.270	1	9
642.439	1	3
642.609	1	20
642.778	1	3
642.948	1	7
643.117	1	15
643.287	1	9
643.456	1	5
643.626	1	11
643.795	1	11
643.965	1	5
644.134	1	6
644.304	1	19
644.473	1	5
644.643	1	-1
644.812	1	6
644.982	1	15
645.151	1	8
645.321	1	11
645.490	1	17
645.660	1	5
645.829	1	-3
645.999	1	0
646.168	1	11
646.338	1	9
646.507	1	7
646.677	1	12
646.846	1	12
647.016	1	-1
647.185	1	3
647.355	1	10
647.524	1	9
647.694	1	2
647.863	1	16
648.033	1	1
648.202	1	11
648.372	1	-4
648.541	1	8
648.711	1	7
648.880	1	11
649.050	1	7
649.219	1	17
649.389	1	2
649.558	1	12
649.728	1	10
649.897	1	8
650.067	1	4
650.236	1	5
650.406	1	10
650.575	1	12
650.745	1	8
650.914	1	5
651.084	1	7
651.253	1	9
651.423	1	5
651.592	1	5
651.762	1	7
651.931	1	17
652.101	1	12
652.270	1	3
652.440	1	13
652.609	1	15
652.778	1	5
652.948	1	18
653.117	1	13
653.287	1	7
653.456	1	6
653.626	1	14
653.795	1	8
653.965	1	4
654.134	1	3
654.304	1	10
654.473	1	4
654.643	1	8
654.812	1	21
654.982	1	7
655.151	1	12
655.320	1	12
655.490	1	10
655.659	1	5
655.829	1	10
655.998	1	1
656.168	1	13
656.337	1	9
656.507	1	4
656.676	1	3
656.846	1	10
657.015	1	5
657.184	1	3
657.354	1	14
657.523	1	8
657.693	1	-1
657.862	1	6
658.032	1	11
658.201	1	8
658.371	1	6
658.540	1	8
658.709	1	10
658.879	1	9
659.048	1	4
659.218	1	4
659.387	1	11
659.557	1	-1
659.726	1	1
659.895	1	9
660.065	1	14
660.234	1	1
660.404	1	13
660.573	1	3
660.743	1	5
660.912	1	-3
661.081	1	3
661.251	1	12
661.420	1	18
661.590	1	0
661.759	1	3
661.929	1	6
662.098	1	14
662.267	1	7
662.437	1	14
662.606	1	8
662.776	1	11
662.945	1	19
663.115	1	13
663.284	1	1
663.453	1	15
663.623	1	22
663.792	1	10
663.962	1	-4
664.131	1	10
664.300	1	8
664.470	1	11
664.639	1	13
664.809	1	8
664.978	1	6
665.148	1	-2
665.317	1	9
665.486	1	13
665.656	1	18
665.825	1	10
665.995	1	11
666.164	1	9
666.333	1	9
666.503	1	4
666.672	1	15
666.842	1	6
667.011	1	5
667.180	1	18
667.350	1	12
667.519	1	16
667.689	1	13
667.858	1	3
668.027	1	8
668.197	1	17
668.366	1	-4
668.536	1	-2
668.705	1	12
668.874	1	5
669.044	1	20
669.213	1	12
669.382	1	16
669.552	1	11
669.721	1	3
669.891	1	1
670.060	1	8
670.229	1	-1
670.399	1	8
670.568	1	6
670.738	1	10
670.907	1	13
671.076	1	11
671.246	1	-1
671.415	1	15
671.584	1	4
671.754	1	8
671.923	1	13
672.093	1	10
672.262	1	5
672.431	1	3
672.601	1	8
672.770	1	9
672.939	1	11
673.109	1	13
673.278	1	5
673.448	1	4
673.617	1	9
673.786	1	12
