325.333	1	0
325.504	1	8
325.675	1	3
325.846	1	5
326.017	1	-1
326.188	1	13
326.359	1	8
326.531	1	16
326.702	1	12
326.873	1	3
327.044	1	15
327.215	1	4
327.386	1	10
327.557	1	6
327.728	1	-1
327.899	1	7
328.070	1	13
328.241	1	4
328.412	1	2
328.583	1	1
328.754	1	-2
328.926	1	8
329.097	1	9
329.268	1	-6
329.439	1	3
329.610	1	7
329.781	1	10
329.952	1	7
330.123	1	7
330.294	1	3
330.465	1	14
330.636	1	10
330.807	1	-4
330.978	1	8
331.149	1	9
331.320	1	12
331.492	1	0
331.663	1	7
331.834	1	-6
332.005	1	11
332.176	1	14
332.347	1	15
332.518	1	17
332.689	1	4
332.860	1	2
333.031	1	14
333.202	1	7
333.373	1	2
333.544	1	5
333.715	1	2
333.886	1	6
334.057	1	13
334.228	1	1
334.399	1	9
334.570	1	3
334.741	1	10
334.912	1	8
335.084	1	3
335.255	1	8
335.426	1	9
335.597	1	15
335.768	1	10
335.939	1	0
336.110	1	12
336.281	1	3
336.452	1	13
336.623	1	2
336.794	1	2
336.965	1	6
337.136	1	14
337.307	1	14
337.478	1	2
337.649	1	-1
337.820	1	-1
337.991	1	20
338.162	1	4
338.333	1	10
338.504	1	11
338.675	1	18
338.846	1	11
339.017	1	12
339.188	1	31
339.359	1	7
339.530	1	14
339.701	1	-5
339.872	1	15
340.043	1	0
340.214	1	7
340.385	1	18
340.556	1	-1
340.727	1	9
340.898	1	13
341.069	1	4
341.240	1	1
341.411	1	12
341.582	1	17
341.753	1	4
341.924	1	11
342.095	1	21
342.266	1	7
342.437	1	-5
342.608	1	5
342.779	1	24
342.950	1	3
343.121	1	5
343.292	1	11
343.463	1	15
343.634	1	10
343.805	1	7
343.976	1	7
344.147	1	13
344.318	1	5
344.489	1	13
344.660	1	18
344.831	1	7
345.002	1	15
345.173	1	16
345.344	1	4
345.515	1	19
345.686	1	3
345.857	1	8
346.028	1	5
346.199	1	9
346.370	1	8
346.541	1	3
346.712	1	5
346.883	1	19
347.054	1	6
347.225	1	11
347.396	1	5
347.567	1	6
347.738	1	20
347.909	1	19
348.080	1	17
348.251	1	5
348.422	1	10
348.593	1	13
348.764	1	2
348.935	1	8
349.106	1	25
349.277	1	6
349.448	1	12
349.619	1	10
349.790	1	13
349.961	1	6
350.132	1	17
350.303	1	8
350.474	1	6
350.645	1	16
350.816	1	11
350.987	1	26
351.157	1	10
351.328	1	4
351.499	1	10
351.670	1	8
351.841	1	5
352.012	1	17
352.183	1	11
352.354	1	14
352.525	1	23
352.696	1	14
352.867	1	15
353.038	1	-4
353.209	1	24
353.380	1	5
353.551	1	7
353.722	1	17
353.893	1	9
354.064	1	9
354.235	1	17
354.406	1	15
354.576	1	10
354.747	1	18
354.918	1	16
355.089	1	13
355.260	1	26
355.431	1	16
355.602	1	7
355.773	1	13
355.944	1	15
356.115	1	9
356.286	1	14
356.457	1	14
356.628	1	7
356.799	1	17
356.970	1	10
357.141	1	19
357.311	1	17
357.482	1	14
357.653	1	10
357.824	1	22
357.995	1	22
358.166	1	17
358.337	1	3
358.508	1	-1
358.679	1	15
358.850	1	6
359.021	1	20
359.192	1	13
359.363	1	7
359.533	1	14
359.704	1	13
359.875	1	16
360.046	1	4
360.217	1	-7
360.388	1	-2
360.559	1	17
360.730	1	15
360.901	1	10
361.072	1	6
361.243	1	16
361.414	1	23
361.584	1	23
361.755	1	17
361.926	1	9
362.097	1	9
362.268	1	17
362.439	1	20
362.610	1	6
362.781	1	12
362.952	1	18
363.123	1	5
363.293	1	19
363.464	1	23
363.635	1	26
363.806	1	17
363.977	1	4
364.148	1	10
364.319	1	12
364.490	1	11
364.661	1	8
364.832	1	19
365.002	1	15
365.173	1	14
365.344	1	11
365.515	1	14
365.686	1	10
365.857	1	16
366.028	1	14
366.199	1	17
366.370	1	10
366.540	1	6
366.711	1	12
366.882	1	10
367.053	1	10
367.224	1	6
367.395	1	27
367.566	1	23
367.737	1	8
367.908	1	5
368.078	1	15
368.249	1	15
368.420	1	18
368.591	1	16
368.762	1	12
368.933	1	16
369.104	1	14
369.274	1	26
369.445	1	31
369.616	1	9
369.787	1	7
369.958	1	25
370.129	1	14
370.300	1	10
370.471	1	18
370.641	1	6
370.812	1	22
370.983	1	11
371.154	1	17
371.325	1	27
371.496	1	7
371.667	1	22
371.837	1	10
372.008	1	24
372.179	1	20
372.350	1	24
372.521	1	20
372.692	1	13
372.863	1	22
373.033	1	21
373.204	1	25
373.375	1	16
373.546	1	25
373.717	1	28
373.888	1	28
374.059	1	21
374.229	1	16
374.400	1	25
374.571	1	21
374.742	1	17
374.913	1	15
375.084	1	20
375.254	1	23
375.425	1	20
375.596	1	8
375.767	1	20
375.938	1	11
376.109	1	9
376.279	1	17
376.450	1	22
376.621	1	24
376.792	1	24
376.963	1	15
377.134	1	20
377.304	1	17
377.475	1	17
377.646	1	4
377.817	1	21
377.988	1	12
378.159	1	23
378.329	1	27
378.500	1	12
378.671	1	12
378.842	1	12
379.013	1	20
379.184	1	15
379.354	1	27
379.525	1	11
379.696	1	26
379.867	1	6
380.038	1	15
380.209	1	14
380.379	1	18
380.550	1	18
380.721	1	18
380.892	1	22
381.063	1	12
381.233	1	27
381.404	1	14
381.575	1	14
381.746	1	26
381.917	1	22
382.087	1	11
382.258	1	18
382.429	1	14
382.600	1	27
382.771	1	24
382.941	1	22
383.112	1	5
383.283	1	23
383.454	1	12
383.625	1	15
383.795	1	12
383.966	1	18
384.137	1	25
384.308	1	24
384.479	1	24
384.649	1	23
384.820	1	17
384.991	1	13
385.162	1	20
385.333	1	19
385.503	1	28
385.674	1	26
385.845	1	23
386.016	1	21
386.187	1	24
386.357	1	18
386.528	1	20
386.699	1	11
386.870	1	15
387.041	1	14
387.211	1	13
387.382	1	12
387.553	1	26
387.724	1	17
387.894	1	27
388.065	1	26
388.236	1	31
388.407	1	30
388.578	1	21
388.748	1	14
388.919	1	23
389.090	1	29
389.261	1	37
389.431	1	36
389.602	1	16
389.773	1	20
389.944	1	27
390.114	1	24
390.285	1	28
390.456	1	17
390.627	1	19
390.798	1	17
390.968	1	21
391.139	1	24
391.310	1	28
391.481	1	21
391.651	1	23
391.822	1	26
391.993	1	23
392.164	1	17
392.334	1	16
392.505	1	19
392.676	1	16
392.847	1	31
393.017	1	26
393.188	1	25
393.359	1	31
393.530	1	22
393.700	1	25
393.871	1	22
394.042	1	32
394.213	1	30
394.383	1	29
394.554	1	21
394.725	1	27
394.896	1	26
395.066	1	26
395.237	1	17
395.408	1	16
395.579	1	23
395.749	1	19
395.920	1	28
396.091	1	31
396.262	1	11
396.432	1	17
396.603	1	15
396.774	1	30
396.945	1	20
397.115	1	19
397.286	1	26
397.457	1	19
397.627	1	16
397.798	1	25
397.969	1	28
398.140	1	25
398.310	1	23
398.481	1	29
398.652	1	19
398.823	1	18
398.993	1	47
399.164	1	22
399.335	1	18
399.505	1	32
399.676	1	27
399.847	1	26
400.018	1	29
400.188	1	33
400.359	1	38
400.530	1	22
400.700	1	19
400.871	1	32
401.042	1	18
401.213	1	24
401.383	1	29
401.554	1	37
401.725	1	17
401.895	1	17
402.066	1	36
402.237	1	28
402.408	1	30
402.578	1	39
402.749	1	30
402.920	1	32
403.090	1	24
403.261	1	37
403.432	1	29
403.603	1	14
403.773	1	33
403.944	1	32
404.115	1	22
404.285	1	31
404.456	1	29
404.627	1	20
404.797	1	32
404.968	1	21
405.139	1	34
405.310	1	26
405.480	1	26
405.651	1	32
405.822	1	29
405.992	1	27
406.163	1	36
406.334	1	37
406.504	1	20
406.675	1	27
406.846	1	27
407.016	1	18
407.187	1	19
407.358	1	26
407.528	1	36
407.699	1	21
407.870	1	26
408.041	1	27
408.211	1	18
408.382	1	29
408.553	1	20
408.723	1	38
408.894	1	33
409.065	1	41
409.235	1	25
409.406	1	29
409.577	1	28
409.747	1	30
409.918	1	27
410.089	1	28
410.259	1	15
410.430	1	40
410.601	1	31
410.771	1	36
410.942	1	33
411.113	1	45
411.283	1	32
411.454	1	35
411.625	1	29
411.795	1	28
411.966	1	26
412.137	1	26
412.307	1	29
412.478	1	38
412.649	1	38
412.819	1	28
412.990	1	37
413.161	1	29
413.331	1	27
413.502	1	12
413.672	1	16
413.843	1	32
414.014	1	41
414.184	1	36
414.355	1	32
414.526	1	37
414.696	1	28
414.867	1	38
415.038	1	26
415.208	1	25
415.379	1	32
415.550	1	43
415.720	1	36
415.891	1	32
416.062	1	28
416.232	1	31
416.403	1	21
416.573	1	26
416.744	1	16
416.915	1	24
417.085	1	17
417.256	1	18
417.427	1	32
417.597	1	28
417.768	1	36
417.939	1	27
418.109	1	27
418.280	1	30
418.450	1	33
418.621	1	31
418.792	1	18
418.962	1	25
419.133	1	44
419.304	1	20
419.474	1	20
419.645	1	46
419.815	1	24
419.986	1	21
420.157	1	42
420.327	1	18
420.498	1	25
420.669	1	37
420.839	1	18
421.010	1	28
421.180	1	31
421.351	1	35
421.522	1	30
421.692	1	40
421.863	1	22
422.033	1	40
422.204	1	37
422.375	1	29
422.545	1	35
422.716	1	27
422.886	1	45
423.057	1	13
423.228	1	35
423.398	1	24
423.569	1	32
423.740	1	23
423.910	1	35
424.081	1	35
424.251	1	33
424.422	1	10
424.593	1	36
424.763	1	24
424.934	1	36
425.104	1	33
425.275	1	27
425.445	1	41
425.616	1	33
425.787	1	33
425.957	1	30
426.128	1	44
426.298	1	37
426.469	1	27
426.640	1	37
426.810	1	41
426.981	1	31
427.151	1	29
427.322	1	27
427.493	1	38
427.663	1	27
427.834	1	22
428.004	1	27
428.175	1	38
428.345	1	30
428.516	1	21
428.687	1	33
428.857	1	26
429.028	1	29
429.198	1	27
429.369	1	20
429.540	1	24
429.710	1	36
429.881	1	32
430.051	1	30
430.222	1	36
430.392	1	17
430.563	1	31
430.734	1	29
430.904	1	27
431.075	1	29
431.245	1	37
431.416	1	12
431.586	1	21
431.757	1	25
431.927	1	21
432.098	1	32
432.269	1	34
432.439	1	30
432.610	1	32
432.780	1	29
432.951	1	17
433.121	1	37
433.292	1	36
433.462	1	22
433.633	1	45
433.804	1	24
433.974	1	18
434.145	1	37
434.315	1	30
434.486	1	21
434.656	1	28
434.827	1	29
434.997	1	43
435.168	1	28
435.339	1	35
435.509	1	32
435.680	1	34
435.850	1	27
436.021	1	41
436.191	1	38
436.362	1	41
436.532	1	21
436.703	1	36
436.873	1	25
437.044	1	23
437.214	1	33
437.385	1	30
437.556	1	35
437.726	1	16
437.897	1	22
438.067	1	31
438.238	1	28
438.408	1	23
438.579	1	29
438.749	1	20
438.920	1	32
439.090	1	27
439.261	1	29
439.431	1	32
439.602	1	29
439.772	1	34
439.943	1	31
440.113	1	35
440.284	1	29
440.455	1	29
440.625	1	35
440.796	1	15
440.966	1	26
441.137	1	30
441.307	1	25
441.478	1	31
441.648	1	30
441.819	1	19
441.989	1	17
442.160	1	42
442.330	1	32
442.501	1	19
442.671	1	24
442.842	1	25
443.012	1	17
443.183	1	26
443.353	1	33
443.524	1	16
443.694	1	28
443.865	1	26
444.035	1	19
444.206	1	22
444.376	1	30
444.547	1	24
444.717	1	34
444.888	1	17
445.058	1	25
445.229	1	18
445.399	1	25
445.570	1	21
445.740	1	27
445.911	1	30
446.081	1	34
446.252	1	15
446.422	1	35
446.593	1	24
446.763	1	32
446.934	1	33
447.104	1	14
447.275	1	32
447.445	1	23
447.616	1	26
447.786	1	21
447.957	1	24
448.127	1	30
448.298	1	33
448.468	1	30
448.639	1	26
448.809	1	31
448.979	1	30
449.150	1	32
449.320	1	34
449.491	1	31
449.661	1	30
449.832	1	43
450.002	1	26
450.173	1	20
450.343	1	36
450.514	1	26
450.684	1	32
450.855	1	35
451.025	1	21
451.196	1	37
451.366	1	23
451.537	1	23
451.707	1	34
451.878	1	25
452.048	1	26
452.218	1	31
452.389	1	24
452.559	1	39
452.730	1	31
452.900	1	23
453.071	1	24
453.241	1	23
453.412	1	24
453.582	1	9
453.753	1	26
453.923	1	40
454.093	1	38
454.264	1	15
454.434	1	36
454.605	1	35
454.775	1	24
454.946	1	26
455.116	1	30
455.287	1	22
455.457	1	21
455.628	1	28
455.798	1	33
455.968	1	22
456.139	1	32
456.309	1	35
456.480	1	28
456.650	1	32
456.821	1	35
456.991	1	19
457.161	1	24
457.332	1	19
457.502	1	40
457.673	1	30
457.843	1	25
458.014	1	33
458.184	1	28
458.355	1	27
458.525	1	30
458.695	1	15
458.866	1	36
459.036	1	16
459.207	1	33
459.377	1	23
459.548	1	17
459.718	1	32
459.888	1	21
460.059	1	32
460.229	1	39
460.400	1	26
460.570	1	19
460.740	1	24
460.911	1	30
461.081	1	33
461.252	1	13
461.422	1	32
461.593	1	29
461.763	1	29
461.933	1	28
462.104	1	17
462.274	1	16
462.445	1	19
462.615	1	22
462.785	1	27
462.956	1	34
463.126	1	17
463.297	1	20
463.467	1	30
463.638	1	25
463.808	1	28
463.978	1	26
464.149	1	17
464.319	1	31
464.490	1	25
464.660	1	22
464.830	1	25
465.001	1	29
465.171	1	10
465.342	1	14
465.512	1	29
465.682	1	10
465.853	1	16
466.023	1	28
466.194	1	19
466.364	1	24
466.534	1	24
466.705	1	17
466.875	1	23
467.045	1	8
467.216	1	34
467.386	1	20
467.557	1	18
467.727	1	33
467.897	1	16
468.068	1	9
468.238	1	32
468.409	1	21
468.579	1	24
468.749	1	20
468.920	1	17
469.090	1	24
469.260	1	22
469.431	1	23
469.601	1	15
469.772	1	3
469.942	1	22
470.112	1	20
470.283	1	25
470.453	1	23
470.623	1	12
470.794	1	20
470.964	1	23
471.135	1	29
471.305	1	26
471.475	1	10
471.646	1	13
471.816	1	16
471.986	1	26
472.157	1	16
472.327	1	17
472.497	1	31
472.668	1	16
472.838	1	27
473.009	1	27
473.179	1	28
473.349	1	21
473.520	1	16
473.690	1	30
473.860	1	20
474.031	1	23
474.201	1	18
474.371	1	24
474.542	1	28
474.712	1	20
474.882	1	20
475.053	1	15
475.223	1	5
475.394	1	18
475.564	1	17
475.734	1	16
475.905	1	31
476.075	1	24
476.245	1	18
476.416	1	17
476.586	1	13
476.756	1	20
476.927	1	7
477.097	1	16
477.267	1	21
477.438	1	25
477.608	1	21
477.778	1	22
477.949	1	15
478.119	1	26
478.289	1	14
478.460	1	0
478.630	1	23
478.800	1	28
478.971	1	20
479.141	1	20
479.311	1	25
479.482	1	22
479.652	1	31
479.822	1	15
479.993	1	26
480.163	1	19
480.333	1	11
480.504	1	17
480.674	1	21
480.844	1	22
481.015	1	14
481.185	1	17
481.355	1	23
481.525	1	16
481.696	1	22
481.866	1	24
482.036	1	25
482.207	1	16
482.377	1	16
482.547	1	9
482.718	1	23
482.888	1	17
483.058	1	13
483.229	1	14
483.399	1	16
483.569	1	7
483.740	1	24
483.910	1	10
484.080	1	11
484.250	1	7
484.421	1	20
484.591	1	22
484.761	1	14
484.932	1	10
485.102	1	25
485.272	1	10
485.443	1	10
485.613	1	22
485.783	1	29
485.953	1	14
486.124	1	17
486.294	1	16
486.464	1	11
486.635	1	24
486.805	1	7
486.975	1	18
487.146	1	18
487.316	1	13
487.486	1	19
487.656	1	7
487.827	1	8
487.997	1	15
488.167	1	13
488.338	1	9
488.508	1	24
488.678	1	16
488.848	1	4
489.019	1	9
489.189	1	1
489.359	1	9
489.529	1	21
489.700	1	18
489.870	1	6
490.040	1	11
490.211	1	15
490.381	1	25
490.551	1	13
490.721	1	16
490.892	1	12
491.062	1	4
491.232	1	22
491.402	1	16
491.573	1	11
491.743	1	16
491.913	1	-4
492.084	1	20
492.254	1	13
492.424	1	25
492.594	1	20
492.765	1	13
492.935	1	15
493.105	1	17
493.275	1	7
493.446	1	2
493.616	1	18
493.786	1	5
493.956	1	11
494.127	1	22
494.297	1	2
494.467	1	12
494.637	1	11
494.808	1	20
494.978	1	8
495.148	1	15
495.318	1	16
495.489	1	8
495.659	1	14
495.829	1	14
495.999	1	16
496.170	1	6
496.340	1	8
496.510	1	21
496.680	1	9
496.851	1	18
497.021	1	16
497.191	1	14
497.361	1	8
497.532	1	13
497.702	1	14
497.872	1	19
498.042	1	18
498.213	1	19
498.383	1	14
498.553	1	6
498.723	1	10
498.894	1	15
499.064	1	15
499.234	1	9
499.404	1	8
499.574	1	16
499.745	1	12
499.915	1	17
500.085	1	21
500.255	1	9
500.426	1	17
500.596	1	5
500.766	1	6
500.936	1	28
501.106	1	9
501.277	1	11
501.447	1	17
501.617	1	13
501.787	1	14
501.958	1	10
502.128	1	3
502.298	1	3
502.468	1	21
502.638	1	10
502.809	1	8
502.979	1	25
503.149	1	2
503.319	1	18
503.489	1	2
503.660	1	9
503.830	1	4
504.000	1	12
504.170	1	9
504.340	1	11
504.511	1	10
504.681	1	4
504.851	1	8
505.021	1	28
505.192	1	2
505.362	1	9
505.532	1	15
505.702	1	10
505.872	1	14
506.043	1	17
506.213	1	11
506.383	1	13
506.553	1	10
506.723	1	14
506.893	1	12
507.064	1	3
507.234	1	3
507.404	1	11
507.574	1	4
507.744	1	16
507.915	1	7
508.085	1	16
508.255	1	5
508.425	1	5
508.595	1	3
508.766	1	-2
508.936	1	10
509.106	1	18
509.276	1	12
509.446	1	11
509.616	1	6
509.787	1	12
509.957	1	11
510.127	1	9
510.297	1	12
510.467	1	-5
510.638	1	11
510.808	1	15
510.978	1	8
511.148	1	21
511.318	1	10
511.488	1	19
511.659	1	6
511.829	1	12
511.999	1	9
512.169	1	5
512.339	1	7
512.509	1	9
512.680	1	10
512.850	1	11
513.020	1	9
513.190	1	7
513.360	1	5
513.530	1	18
513.700	1	14
513.871	1	5
514.041	1	8
514.211	1	20
514.381	1	12
514.551	1	10
514.721	1	1
514.892	1	9
515.062	1	-1
515.232	1	13
515.402	1	14
515.572	1	5
515.742	1	11
515.912	1	1
516.083	1	11
516.253	1	14
516.423	1	15
516.593	1	13
516.763	1	0
516.933	1	-2
517.104	1	9
517.274	1	6
517.444	1	1
517.614	1	6
517.784	1	21
517.954	1	8
518.124	1	2
518.294	1	22
518.465	1	6
518.635	1	8
518.805	1	26
518.975	1	6
519.145	1	10
519.315	1	4
519.485	1	1
519.656	1	9
519.826	1	16
519.996	1	1
520.166	1	21
520.336	1	12
520.506	1	-5
520.676	1	12
520.846	1	5
521.017	1	-2
521.187	1	8
521.357	1	13
521.527	1	14
521.697	1	11
521.867	1	6
522.037	1	5
522.207	1	7
522.377	1	8
522.548	1	4
522.718	1	10
522.888	1	12
523.058	1	10
523.228	1	18
523.398	1	13
523.568	1	9
523.738	1	3
523.909	1	8
524.079	1	8
524.249	1	16
524.419	1	4
524.589	1	1
524.759	1	18
524.929	1	7
525.099	1	4
525.269	1	18
525.439	1	5
525.610	1	1
525.780	1	11
525.950	1	12
526.120	1	1
526.290	1	5
526.460	1	6
526.630	1	11
526.800	1	12
526.970	1	12
527.140	1	7
527.311	1	6
527.481	1	16
527.651	1	14
527.821	1	0
527.991	1	4
528.161	1	13
528.331	1	9
528.501	1	10
528.671	1	-1
528.841	1	14
529.011	1	5
529.181	1	15
529.352	1	0
529.522	1	4
529.692	1	3
529.862	1	8
530.032	1	8
530.202	1	9
530.372	1	6
530.542	1	8
530.712	1	7
530.882	1	-2
531.052	1	16
531.222	1	-6
531.392	1	12
531.563	1	3
531.733	1	5
531.903	1	12
532.073	1	9
532.243	1	5
532.413	1	18
532.583	1	1
532.753	1	4
532.923	1	14
533.093	1	14
533.263	1	1
533.433	1	20
533.603	1	-5
533.773	1	0
533.943	1	8
534.113	1	12
534.284	1	8
534.454	1	0
534.624	1	10
534.794	1	2
534.964	1	8
535.134	1	16
535.304	1	2
535.474	1	-5
535.644	1	8
535.814	1	19
535.984	1	14
536.154	1	8
536.324	1	18
536.494	1	6
536.664	1	1
536.834	1	3
537.004	1	6
537.174	1	11
537.344	1	10
537.514	1	10
537.685	1	7
537.855	1	23
538.025	1	6
538.195	1	7
538.365	1	1
538.535	1	1
538.705	1	25
538.875	1	9
539.045	1	10
539.215	1	-6
539.385	1	15
539.555	1	12
539.725	1	11
539.895	1	14
540.065	1	6
540.235	1	6
540.405	1	5
540.575	1	0
540.745	1	9
540.915	1	12
541.085	1	-3
541.255	1	-5
541.425	1	7
541.595	1	23
541.765	1	19
541.935	1	2
542.105	1	2
542.275	1	10
542.445	1	-2
542.615	1	16
542.785	1	2
542.955	1	3
543.125	1	4
543.295	1	8
543.465	1	18
543.635	1	6
543.805	1	9
543.975	1	9
544.145	1	-3
544.315	1	0
544.485	1	1
544.655	1	15
544.825	1	6
544.995	1	9
545.165	1	3
545.335	1	2
545.505	1	6
545.675	1	-5
545.845	1	10
546.015	1	4
546.185	1	4
546.355	1	11
546.525	1	8
546.695	1	4
546.865	1	15
547.035	1	4
547.205	1	12
547.375	1	9
547.545	1	16
547.715	1	10
547.885	1	28
548.055	1	7
548.225	1	16
548.395	1	-5
548.565	1	14
548.735	1	4
548.905	1	4
549.075	1	5
549.245	1	3
549.415	1	12
549.585	1	13
549.755	1	9
549.925	1	5
550.095	1	7
550.265	1	5
550.435	1	-6
550.605	1	6
550.775	1	-4
550.945	1	7
551.115	1	6
551.285	1	4
551.455	1	16
551.625	1	4
551.795	1	6
551.965	1	6
552.135	1	2
552.305	1	3
552.475	1	1
552.645	1	-1
552.815	1	2
552.985	1	10
553.155	1	0
553.325	1	9
553.495	1	1
553.665	1	10
553.835	1	10
554.004	1	0
554.174	1	7
554.344	1	4
554.514	1	15
554.684	1	-4
554.854	1	-1
555.024	1	0
555.194	1	12
555.364	1	4
555.534	1	-3
555.704	1	11
555.874	1	1
556.044	1	10
556.214	1	-5
556.384	1	11
556.554	1	9
556.724	1	4
556.894	1	10
557.064	1	6
557.234	1	6
557.404	1	2
557.573	1	-1
557.743	1	5
557.913	1	-3
558.083	1	17
558.253	1	0
558.423	1	-4
558.593	1	1
558.763	1	3
558.933	1	5
559.103	1	5
559.273	1	6
559.443	1	3
559.613	1	8
559.783	1	9
559.953	1	20
560.122	1	-1
560.292	1	6
560.462	1	4
560.632	1	9
560.802	1	5
560.972	1	9
561.142	1	6
561.312	1	8
561.482	1	10
561.652	1	-4
561.822	1	-3
561.992	1	-8
562.162	1	1
562.331	1	7
562.501	1	4
562.671	1	17
562.841	1	5
563.011	1	-3
563.181	1	8
563.351	1	0
563.521	1	8
563.691	1	10
563.861	1	7
564.031	1	-1
564.201	1	3
564.370	1	3
564.540	1	-5
564.710	1	5
564.880	1	2
565.050	1	2
565.220	1	-7
565.390	1	16
565.560	1	4
565.730	1	2
565.900	1	-3
566.069	1	3
566.239	1	10
566.409	1	14
566.579	1	6
566.749	1	0
566.919	1	4
567.089	1	7
567.259	1	5
567.429	1	9
567.599	1	5
567.768	1	19
567.938	1	-1
568.108	1	7
568.278	1	4
568.448	1	11
568.618	1	4
568.788	1	-5
568.958	1	2
569.128	1	1
569.297	1	-2
569.467	1	9
569.637	1	2
569.807	1	-4
569.977	1	9
570.147	1	-3
570.317	1	9
570.487	1	1
570.656	1	12
570.826	1	2
570.996	1	9
571.166	1	0
571.336	1	5
571.506	1	7
571.676	1	0
571.846	1	-7
572.015	1	8
572.185	1	8
572.355	1	15
572.525	1	-4
572.695	1	-5
572.865	1	7
573.035	1	-2
573.205	1	-6
573.374	1	14
573.544	1	8
573.714	1	11
573.884	1	8
574.054	1	4
574.224	1	3
574.394	1	-4
574.563	1	4
574.733	1	8
574.903	1	-1
575.073	1	3
575.243	1	5
575.413	1	9
575.583	1	6
575.752	1	15
575.922	1	7
576.092	1	0
576.262	1	5
576.432	1	8
576.602	1	4
576.772	1	-4
576.941	1	5
577.111	1	9
577.281	1	18
577.451	1	-4
577.621	1	4
577.791	1	15
577.960	1	3
578.130	1	2
578.300	1	6
578.470	1	15
578.640	1	6
578.810	1	7
578.979	1	-6
579.149	1	2
579.319	1	12
579.489	1	11
579.659	1	3
579.829	1	10
579.998	1	-15
580.168	1	1
580.338	1	3
580.508	1	2
580.678	1	3
580.848	1	5
581.017	1	11
581.187	1	4
581.357	1	4
581.527	1	3
581.697	1	-5
581.867	1	15
582.036	1	3
582.206	1	4
582.376	1	7
582.546	1	20
582.716	1	1
582.885	1	7
583.055	1	0
583.225	1	5
583.395	1	3
583.565	1	-9
583.735	1	-2
583.904	1	14
584.074	1	7
584.244	1	9
584.414	1	4
584.584	1	4
584.753	1	9
584.923	1	10
585.093	1	-2
585.263	1	2
585.433	1	14
585.602	1	-4
585.772	1	5
585.942	1	18
586.112	1	5
586.282	1	8
586.451	1	-1
586.621	1	0
586.791	1	-1
586.961	1	9
587.131	1	3
587.300	1	14
587.470	1	1
587.640	1	4
587.810	1	14
587.980	1	-10
588.149	1	3
588.319	1	4
588.489	1	-2
588.659	1	11
588.829	1	-4
588.998	1	-1
589.168	1	6
589.338	1	0
589.508	1	18
589.677	1	-2
589.847	1	4
590.017	1	2
590.187	1	4
590.357	1	8
590.526	1	20
590.696	1	11
590.866	1	7
591.036	1	6
591.205	1	4
591.375	1	2
591.545	1	-2
591.715	1	1
591.885	1	-3
592.054	1	9
592.224	1	4
592.394	1	10
592.564	1	5
592.733	1	1
592.903	1	1
593.073	1	-6
593.243	1	11
593.412	1	3
593.582	1	1
593.752	1	3
593.922	1	19
594.091	1	-4
594.261	1	4
594.431	1	5
594.601	1	0
594.771	1	9
594.940	1	4
595.110	1	2
595.280	1	6
595.450	1	7
595.619	1	14
595.789	1	12
595.959	1	-1
596.129	1	-1
596.298	1	11
596.468	1	17
596.638	1	17
596.808	1	0
596.977	1	4
597.147	1	16
597.317	1	11
597.487	1	6
597.656	1	6
597.826	1	-5
597.996	1	8
598.166	1	12
598.335	1	10
598.505	1	-2
598.675	1	-8
598.844	1	9
599.014	1	9
599.184	1	-4
599.354	1	7
599.523	1	10
599.693	1	14
599.863	1	6
600.033	1	-3
600.202	1	7
600.372	1	7
600.542	1	2
600.712	1	18
600.881	1	15
601.051	1	0
601.221	1	0
601.390	1	6
601.560	1	2
601.730	1	9
601.900	1	12
602.069	1	-10
602.239	1	10
602.409	1	4
602.578	1	15
602.748	1	13
602.918	1	14
603.088	1	13
603.257	1	7
603.427	1	10
603.597	1	1
603.767	1	3
603.936	1	19
604.106	1	-3
604.276	1	10
604.445	1	-6
604.615	1	5
604.785	1	5
604.954	1	8
605.124	1	-5
605.294	1	11
605.464	1	0
605.633	1	12
605.803	1	5
605.973	1	9
606.142	1	8
606.312	1	8
606.482	1	10
606.652	1	17
606.821	1	11
606.991	1	0
607.161	1	12
607.330	1	1
607.500	1	18
607.670	1	4
607.839	1	9
608.009	1	4
608.179	1	-6
608.348	1	-2
608.518	1	-1
608.688	1	9
608.858	1	2
609.027	1	9
609.197	1	-1
609.367	1	0
609.536	1	12
609.706	1	8
609.876	1	-2
610.045	1	6
610.215	1	9
610.385	1	0
610.554	1	7
610.724	1	14
610.894	1	8
611.063	1	6
611.233	1	-5
611.403	1	5
611.572	1	3
611.742	1	0
611.912	1	3
612.081	1	4
612.251	1	13
612.421	1	6
612.590	1	1
612.760	1	19
612.930	1	2
613.099	1	10
613.269	1	-3
613.439	1	-5
613.608	1	6
613.778	1	5
613.948	1	18
614.117	1	3
614.287	1	-3
614.457	1	1
614.626	1	18
614.796	1	12
614.966	1	12
615.135	1	1
615.305	1	15
615.475	1	4
615.644	1	11
615.814	1	2
615.984	1	10
616.153	1	4
616.323	1	-3
616.493	1	13
616.662	1	6
616.832	1	9
617.002	1	3
617.171	1	4
617.341	1	1
617.511	1	8
617.680	1	2
617.850	1	10
618.019	1	8
618.189	1	-2
618.359	1	0
618.528	1	1
618.698	1	1
618.868	1	1
619.037	1	13
619.207	1	10
619.377	1	12
619.546	1	-1
619.716	1	10
619.885	1	3
620.055	1	9
620.225	1	16
620.394	1	0
620.564	1	0
620.734	1	10
620.903	1	12
621.073	1	17
621.242	1	-5
621.412	1	5
621.582	1	10
621.751	1	4
621.921	1	20
622.091	1	6
622.260	1	6
622.430	1	10
622.599	1	16
622.769	1	11
622.939	1	-1
623.108	1	7
623.278	1	24
623.448	1	5
623.617	1	9
623.787	1	11
623.956	1	14
624.126	1	1
624.296	1	8
624.465	1	7
624.635	1	17
624.804	1	-2
624.974	1	11
625.144	1	20
625.313	1	3
625.483	1	0
625.652	1	10
625.822	1	12
625.992	1	14
626.161	1	8
626.331	1	-2
626.501	1	6
626.670	1	3
626.840	1	2
627.009	1	7
627.179	1	-12
627.348	1	13
627.518	1	13
627.688	1	4
627.857	1	6
628.027	1	1
628.196	1	0
628.366	1	7
628.536	1	6
628.705	1	8
628.875	1	6
629.044	1	5
629.214	1	5
629.384	1	0
629.553	1	12
629.723	1	2
629.892	1	6
630.062	1	-1
630.232	1	7
630.401	1	3
630.571	1	11
630.740	1	-2
630.910	1	-3
631.079	1	8
631.249	1	12
631.419	1	19
631.588	1	-5
631.758	1	1
631.927	1	15
632.097	1	-1
632.266	1	-1
632.436	1	10
632.606	1	5
632.775	1	13
632.945	1	-1
633.114	1	9
633.284	1	3
633.453	1	6
633.623	1	14
633.793	1	7
633.962	1	4
634.132	1	4
634.301	1	5
634.471	1	4
634.640	1	9
634.810	1	14
634.979	1	-3
635.149	1	-2
635.319	1	7
635.488	1	-1
635.658	1	10
635.827	1	-6
635.997	1	8
636.166	1	2
636.336	1	7
636.505	1	8
636.675	1	-5
636.845	1	6
637.014	1	2
637.184	1	12
637.353	1	7
637.523	1	10
637.692	1	4
637.862	1	6
638.031	1	-10
638.201	1	8
638.370	1	7
638.540	1	3
638.710	1	11
638.879	1	15
639.049	1	4
639.218	1	19
639.388	1	16
639.557	1	9
639.727	1	12
639.896	1	7
640.066	1	14
640.235	1	-2
640.405	1	9
640.574	1	9
640.744	1	3
640.914	1	3
641.083	1	5
641.253	1	1
641.422	1	11
641.592	1	10
641.761	1	5
641.931	1	7
642.100	1	4
642.270	1	4
642.439	1	-1
642.609	1	20
642.778	1	6
642.948	1	11
643.117	1	14
643.287	1	1
643.456	1	2
643.626	1	8
643.795	1	12
643.965	1	9
644.134	1	6
644.304	1	19
644.473	1	6
644.643	1	16
644.812	1	0
644.982	1	11
645.151	1	6
645.321	1	-1
645.490	1	13
645.660	1	6
645.829	1	4
645.999	1	6
646.168	1	6
646.338	1	8
646.507	1	0
646.677	1	-1
646.846	1	9
647.016	1	0
647.185	1	13
647.355	1	8
647.524	1	4
647.694	1	8
647.863	1	17
648.033	1	5
648.202	1	2
648.372	1	0
648.541	1	6
648.711	1	8
648.880	1	9
649.050	1	10
649.219	1	10
649.389	1	1
649.558	1	12
649.728	1	11
649.897	1	3
650.067	1	5
650.236	1	-3
650.406	1	16
650.575	1	6
650.745	1	12
650.914	1	8
651.084	1	4
651.253	1	4
651.423	1	9
651.592	1	-2
651.762	1	8
651.931	1	9
652.101	1	11
652.270	1	7
652.440	1	11
652.609	1	10
652.778	1	9
652.948	1	10
653.117	1	8
653.287	1	8
653.456	1	6
653.626	1	7
653.795	1	1
653.965	1	1
654.134	1	-4
654.304	1	6
654.473	1	0
654.643	1	10
654.812	1	15
654.982	1	2
655.151	1	20
655.320	1	11
655.490	1	9
655.659	1	5
655.829	1	4
655.998	1	1
656.168	1	-3
656.337	1	7
656.507	1	-5
656.676	1	2
656.846	1	9
657.015	1	6
657.184	1	2
657.354	1	18
657.523	1	2
657.693	1	-4
657.862	1	-1
658.032	1	16
658.201	1	5
658.371	1	8
658.540	1	5
658.709	1	-4
658.879	1	9
659.048	1	11
659.218	1	-1
659.387	1	10
659.557	1	-3
659.726	1	2
659.895	1	3
660.065	1	22
660.234	1	6
660.404	1	10
660.573	1	4
660.743	1	1
660.912	1	2
661.081	1	-7
661.251	1	6
661.420	1	9
661.590	1	1
661.759	1	12
661.929	1	16
662.098	1	23
662.267	1	10
662.437	1	8
662.606	1	5
662.776	1	-6
662.945	1	7
663.115	1	7
663.284	1	5
663.453	1	5
663.623	1	17
663.792	1	9
663.962	1	5
664.131	1	2
664.300	1	-6
664.470	1	5
664.639	1	7
664.809	1	1
664.978	1	7
665.148	1	8
665.317	1	3
665.486	1	8
665.656	1	4
665.825	1	8
665.995	1	7
666.164	1	6
666.333	1	5
666.503	1	7
666.672	1	13
666.842	1	-1
667.011	1	0
667.180	1	14
667.350	1	2
667.519	1	8
667.689	1	4
667.858	1	13
668.027	1	5
668.197	1	22
668.366	1	-3
668.536	1	0
668.705	1	2
668.874	1	10
669.044	1	3
669.213	1	13
669.382	1	18
669.552	1	13
669.721	1	6
669.891	1	-2
670.060	1	11
670.229	1	-1
670.399	1	-4
670.568	1	4
670.738	1	11
670.907	1	12
671.076	1	8
671.246	1	5
671.415	1	15
671.584	1	5
671.754	1	8
671.923	1	7
672.093	1	1
672.262	1	4
672.431	1	12
672.601	1	-1
672.770	1	0
672.939	1	2
673.109	1	12
673.278	1	3
673.448	1	9
673.617	1	14
673.786	1	6
