325.333	1	1
325.504	1	10
325.675	1	2
325.846	1	3
326.017	1	-3
326.188	1	10
326.359	1	16
326.531	1	16
326.702	1	12
326.873	1	-4
327.044	1	13
327.215	1	-2
327.386	1	1
327.557	1	12
327.728	1	3
327.899	1	0
328.070	1	11
328.241	1	8
328.412	1	4
328.583	1	8
328.754	1	-2
328.926	1	12
329.097	1	1
329.268	1	-2
329.439	1	-4
329.610	1	10
329.781	1	6
329.952	1	6
330.123	1	0
330.294	1	10
330.465	1	8
330.636	1	20
330.807	1	1
330.978	1	-6
331.149	1	10
331.320	1	13
331.492	1	0
331.663	1	-10
331.834	1	-2
332.005	1	4
332.176	1	9
332.347	1	9
332.518	1	10
332.689	1	8
332.860	1	-6
333.031	1	14
333.202	1	6
333.373	1	0
333.544	1	-10
333.715	1	4
333.886	1	7
334.057	1	1
334.228	1	3
334.399	1	2
334.570	1	-2
334.741	1	-6
334.912	1	5
335.084	1	-9
335.255	1	10
335.426	1	1
335.597	1	7
335.768	1	5
335.939	1	-6
336.110	1	16
336.281	1	3
336.452	1	-1
336.623	1	0
336.794	1	4
336.965	1	-1
337.136	1	10
337.307	1	9
337.478	1	8
337.649	1	-6
337.820	1	-2
337.991	1	14
338.162	1	7
338.333	1	15
338.504	1	14
338.675	1	15
338.846	1	5
339.017	1	21
339.188	1	19
339.359	1	13
339.530	1	0
339.701	1	2
339.872	1	5
340.043	1	7
340.214	1	2
340.385	1	12
340.556	1	3
340.727	1	3
340.898	1	12
341.069	1	0
341.240	1	-3
341.411	1	14
341.582	1	9
341.753	1	3
341.924	1	10
342.095	1	4
342.266	1	-5
342.437	1	-12
342.608	1	9
342.779	1	13
342.950	1	2
343.121	1	6
343.292	1	7
343.463	1	13
343.634	1	15
343.805	1	6
343.976	1	-2
344.147	1	16
344.318	1	2
344.489	1	10
344.660	1	16
344.831	1	10
345.002	1	6
345.173	1	18
345.344	1	0
345.515	1	19
345.686	1	-1
345.857	1	11
346.028	1	3
346.199	1	8
346.370	1	6
346.541	1	9
346.712	1	5
346.883	1	15
347.054	1	13
347.225	1	0
347.396	1	3
347.567	1	4
347.738	1	5
347.909	1	8
348.080	1	15
348.251	1	8
348.422	1	6
348.593	1	9
348.764	1	10
348.935	1	5
349.106	1	16
349.277	1	-6
349.448	1	3
349.619	1	12
349.790	1	6
349.961	1	18
350.132	1	6
350.303	1	8
350.474	1	-2
350.645	1	16
350.816	1	5
350.987	1	13
351.157	1	3
351.328	1	-2
351.499	1	18
351.670	1	5
351.841	1	6
352.012	1	14
352.183	1	12
352.354	1	5
352.525	1	-1
352.696	1	7
352.867	1	16
353.038	1	-5
353.209	1	8
353.380	1	3
353.551	1	-2
353.722	1	15
353.893	1	14
354.064	1	-4
354.235	1	13
354.406	1	18
354.576	1	3
354.747	1	8
354.918	1	17
355.089	1	11
355.260	1	13
355.431	1	10
355.602	1	8
355.773	1	8
355.944	1	9
356.115	1	-5
356.286	1	6
356.457	1	6
356.628	1	10
356.799	1	9
356.970	1	10
357.141	1	7
357.311	1	4
357.482	1	4
357.653	1	6
357.824	1	6
357.995	1	17
358.166	1	16
358.337	1	3
358.508	1	-4
358.679	1	6
358.850	1	-1
359.021	1	10
359.192	1	5
359.363	1	-1
359.533	1	6
359.704	1	11
359.875	1	-4
360.046	1	-1
360.217	1	-6
360.388	1	0
360.559	1	10
360.730	1	8
360.901	1	3
361.072	1	5
361.243	1	10
361.414	1	19
361.584	1	15
361.755	1	6
361.926	1	9
362.097	1	5
362.268	1	6
362.439	1	17
362.610	1	7
362.781	1	7
362.952	1	4
363.123	1	5
363.293	1	12
363.464	1	6
363.635	1	17
363.806	1	9
363.977	1	5
364.148	1	10
364.319	1	8
364.490	1	7
364.661	1	15
364.832	1	11
365.002	1	13
365.173	1	5
365.344	1	9
365.515	1	5
365.686	1	0
365.857	1	11
366.028	1	14
366.199	1	14
366.370	1	3
366.540	1	12
366.711	1	6
366.882	1	4
367.053	1	11
367.224	1	3
367.395	1	13
367.566	1	11
367.737	1	-1
367.908	1	9
368.078	1	9
368.249	1	7
368.420	1	7
368.591	1	18
368.762	1	-9
368.933	1	15
369.104	1	3
369.274	1	16
369.445	1	15
369.616	1	-2
369.787	1	2
369.958	1	11
370.129	1	9
370.300	1	9
370.471	1	11
370.641	1	2
370.812	1	21
370.983	1	-2
371.154	1	15
371.325	1	9
371.496	1	13
371.667	1	14
371.837	1	12
372.008	1	15
372.179	1	15
372.350	1	15
372.521	1	9
372.692	1	7
372.863	1	18
373.033	1	17
373.204	1	16
373.375	1	7
373.546	1	13
373.717	1	10
373.888	1	23
374.059	1	8
374.229	1	8
374.400	1	5
374.571	1	19
374.742	1	8
374.913	1	21
375.084	1	13
375.254	1	18
375.425	1	0
375.596	1	-1
375.767	1	2
375.938	1	7
376.109	1	2
376.279	1	16
376.450	1	3
376.621	1	20
376.792	1	5
376.963	1	6
377.134	1	1
377.304	1	18
377.475	1	8
377.646	1	7
377.817	1	1
377.988	1	8
378.159	1	3
378.329	1	18
378.500	1	6
378.671	1	9
378.842	1	5
379.013	1	16
379.184	1	20
379.354	1	18
379.525	1	1
379.696	1	16
379.867	1	-4
380.038	1	8
380.209	1	5
380.379	1	12
380.550	1	21
380.721	1	7
380.892	1	14
381.063	1	8
381.233	1	17
381.404	1	5
381.575	1	16
381.746	1	11
381.917	1	13
382.087	1	8
382.258	1	11
382.429	1	19
382.600	1	12
382.771	1	18
382.941	1	0
383.112	1	10
383.283	1	27
383.454	1	8
383.625	1	9
383.795	1	11
383.966	1	13
384.137	1	9
384.308	1	14
384.479	1	13
384.649	1	19
384.820	1	20
384.991	1	2
385.162	1	15
385.333	1	9
385.503	1	18
385.674	1	10
385.845	1	10
386.016	1	11
386.187	1	16
386.357	1	8
386.528	1	19
386.699	1	13
386.870	1	10
387.041	1	5
387.211	1	6
387.382	1	-5
387.553	1	16
387.724	1	16
387.894	1	19
388.065	1	9
388.236	1	15
388.407	1	24
388.578	1	19
388.748	1	17
388.919	1	20
389.090	1	18
389.261	1	15
389.431	1	13
389.602	1	7
389.773	1	-3
389.944	1	12
390.114	1	12
390.285	1	18
390.456	1	7
390.627	1	22
390.798	1	18
390.968	1	9
391.139	1	7
391.310	1	20
391.481	1	5
391.651	1	23
391.822	1	25
391.993	1	22
392.164	1	1
392.334	1	13
392.505	1	10
392.676	1	9
392.847	1	19
393.017	1	9
393.188	1	22
393.359	1	12
393.530	1	19
393.700	1	30
393.871	1	15
394.042	1	26
394.213	1	18
394.383	1	24
394.554	1	12
394.725	1	17
394.896	1	15
395.066	1	14
395.237	1	9
395.408	1	5
395.579	1	10
395.749	1	18
395.920	1	11
396.091	1	13
396.262	1	11
396.432	1	9
396.603	1	11
396.774	1	12
396.945	1	5
397.115	1	4
397.286	1	29
397.457	1	25
397.627	1	11
397.798	1	21
397.969	1	22
398.140	1	11
398.310	1	17
398.481	1	20
398.652	1	12
398.823	1	10
398.993	1	24
399.164	1	17
399.335	1	22
399.505	1	23
399.676	1	17
399.847	1	12
400.018	1	15
400.188	1	29
400.359	1	28
400.530	1	9
400.700	1	12
400.871	1	19
401.042	1	25
401.213	1	15
401.383	1	17
401.554	1	16
401.725	1	16
401.895	1	12
402.066	1	16
402.237	1	26
402.408	1	31
402.578	1	19
402.749	1	24
402.920	1	20
403.090	1	20
403.261	1	26
403.432	1	33
403.603	1	4
403.773	1	22
403.944	1	29
404.115	1	15
404.285	1	23
404.456	1	21
404.627	1	13
404.797	1	21
404.968	1	13
405.139	1	21
405.310	1	15
405.480	1	19
405.651	1	20
405.822	1	33
405.992	1	17
406.163	1	17
406.334	1	28
406.504	1	10
406.675	1	7
406.846	1	17
407.016	1	9
407.187	1	17
407.358	1	22
407.528	1	29
407.699	1	16
407.870	1	16
408.041	1	12
408.211	1	14
408.382	1	6
408.553	1	15
408.723	1	25
408.894	1	16
409.065	1	30
409.235	1	16
409.406	1	19
409.577	1	13
409.747	1	29
409.918	1	17
410.089	1	12
410.259	1	5
410.430	1	24
410.601	1	11
410.771	1	19
410.942	1	13
411.113	1	24
411.283	1	21
411.454	1	22
411.625	1	11
411.795	1	12
411.966	1	15
412.137	1	19
412.307	1	15
412.478	1	22
412.649	1	14
412.819	1	11
412.990	1	18
413.161	1	15
413.331	1	15
413.502	1	2
413.672	1	20
413.843	1	15
414.014	1	29
414.184	1	23
414.355	1	15
414.526	1	18
414.696	1	13
414.867	1	12
415.038	1	16
415.208	1	4
415.379	1	18
415.550	1	19
415.720	1	17
415.891	1	31
416.062	1	28
416.232	1	17
416.403	1	19
416.573	1	23
416.744	1	13
416.915	1	21
417.085	1	9
417.256	1	20
417.427	1	20
417.597	1	20
417.768	1	18
417.939	1	15
418.109	1	5
418.280	1	21
418.450	1	27
418.621	1	15
418.792	1	5
418.962	1	23
419.133	1	25
419.304	1	9
419.474	1	5
419.645	1	19
419.815	1	23
419.986	1	15
420.157	1	25
420.327	1	21
420.498	1	11
420.669	1	21
420.839	1	19
421.010	1	17
421.180	1	6
421.351	1	21
421.522	1	24
421.692	1	19
421.863	1	17
422.033	1	34
422.204	1	21
422.375	1	14
422.545	1	16
422.716	1	15
422.886	1	19
423.057	1	11
423.228	1	23
423.398	1	18
423.569	1	22
423.740	1	13
423.910	1	23
424.081	1	21
424.251	1	16
424.422	1	10
424.593	1	17
424.763	1	15
424.934	1	21
425.104	1	22
425.275	1	21
425.445	1	34
425.616	1	23
425.787	1	18
425.957	1	15
426.128	1	25
426.298	1	14
426.469	1	14
426.640	1	24
426.810	1	20
426.981	1	18
427.151	1	17
427.322	1	8
427.493	1	13
427.663	1	12
427.834	1	10
428.004	1	20
428.175	1	18
428.345	1	22
428.516	1	25
428.687	1	14
428.857	1	24
429.028	1	19
429.198	1	34
429.369	1	13
429.540	1	9
429.710	1	22
429.881	1	14
430.051	1	11
430.222	1	17
430.392	1	14
430.563	1	18
430.734	1	26
430.904	1	15
431.075	1	11
431.245	1	22
431.416	1	15
431.586	1	14
431.757	1	14
431.927	1	5
432.098	1	15
432.269	1	23
432.439	1	16
432.610	1	22
432.780	1	18
432.951	1	18
433.121	1	32
433.292	1	21
433.462	1	21
433.633	1	28
433.804	1	12
433.974	1	8
434.145	1	19
434.315	1	17
434.486	1	5
434.656	1	11
434.827	1	8
434.997	1	22
435.168	1	15
435.339	1	14
435.509	1	16
435.680	1	19
435.850	1	16
436.021	1	23
436.191	1	17
436.362	1	28
436.532	1	13
436.703	1	25
436.873	1	25
437.044	1	17
437.214	1	31
437.385	1	26
437.556	1	17
437.726	1	19
437.897	1	20
438.067	1	10
438.238	1	16
438.408	1	15
438.579	1	27
438.749	1	6
438.920	1	15
439.090	1	21
439.261	1	13
439.431	1	17
439.602	1	14
439.772	1	22
439.943	1	19
440.113	1	22
440.284	1	17
440.455	1	28
440.625	1	13
440.796	1	11
440.966	1	22
441.137	1	12
441.307	1	9
441.478	1	22
441.648	1	18
441.819	1	18
441.989	1	8
442.160	1	21
442.330	1	25
442.501	1	13
442.671	1	10
442.842	1	17
443.012	1	13
443.183	1	19
443.353	1	24
443.524	1	21
443.694	1	19
443.865	1	18
444.035	1	18
444.206	1	20
444.376	1	26
444.547	1	9
444.717	1	24
444.888	1	15
445.058	1	9
445.229	1	19
445.399	1	12
445.570	1	12
445.740	1	18
445.911	1	14
446.081	1	26
446.252	1	0
446.422	1	23
446.593	1	19
446.763	1	23
446.934	1	29
447.104	1	14
447.275	1	18
447.445	1	12
447.616	1	19
447.786	1	17
447.957	1	22
448.127	1	27
448.298	1	17
448.468	1	21
448.639	1	7
448.809	1	18
448.979	1	20
449.150	1	20
449.320	1	32
449.491	1	29
449.661	1	16
449.832	1	18
450.002	1	16
450.173	1	9
450.343	1	22
450.514	1	13
450.684	1	21
450.855	1	14
451.025	1	10
451.196	1	28
451.366	1	11
451.537	1	21
451.707	1	30
451.878	1	15
452.048	1	11
452.218	1	13
452.389	1	14
452.559	1	22
452.730	1	16
452.900	1	16
453.071	1	8
453.241	1	25
453.412	1	-1
453.582	1	12
453.753	1	18
453.923	1	18
454.093	1	18
454.264	1	10
454.434	1	22
454.605	1	9
454.775	1	16
454.946	1	8
455.116	1	16
455.287	1	16
455.457	1	17
455.628	1	10
455.798	1	11
455.968	1	12
456.139	1	6
456.309	1	12
456.480	1	20
456.650	1	25
456.821	1	25
456.991	1	14
457.161	1	21
457.332	1	18
457.502	1	23
457.673	1	17
457.843	1	22
458.014	1	16
458.184	1	16
458.355	1	19
458.525	1	18
458.695	1	3
458.866	1	23
459.036	1	19
459.207	1	19
459.377	1	21
459.548	1	8
459.718	1	13
459.888	1	19
460.059	1	24
460.229	1	27
460.400	1	10
460.570	1	19
460.740	1	12
460.911	1	15
461.081	1	19
461.252	1	9
461.422	1	12
461.593	1	17
461.763	1	9
461.933	1	15
462.104	1	15
462.274	1	17
462.445	1	0
462.615	1	20
462.785	1	19
462.956	1	15
463.126	1	16
463.297	1	19
463.467	1	17
463.638	1	19
463.808	1	24
463.978	1	19
464.149	1	7
464.319	1	20
464.490	1	19
464.660	1	22
464.830	1	12
465.001	1	21
465.171	1	11
465.342	1	10
465.512	1	21
465.682	1	9
465.853	1	-1
466.023	1	8
466.194	1	16
466.364	1	17
466.534	1	12
466.705	1	9
466.875	1	20
467.045	1	8
467.216	1	22
467.386	1	20
467.557	1	11
467.727	1	23
467.897	1	13
468.068	1	0
468.238	1	20
468.409	1	8
468.579	1	17
468.749	1	15
468.920	1	9
469.090	1	17
469.260	1	12
469.431	1	18
469.601	1	14
469.772	1	3
469.942	1	22
470.112	1	16
470.283	1	21
470.453	1	27
470.623	1	1
470.794	1	10
470.964	1	15
471.135	1	16
471.305	1	13
471.475	1	5
471.646	1	12
471.816	1	3
471.986	1	23
472.157	1	8
472.327	1	10
472.497	1	25
472.668	1	15
472.838	1	14
473.009	1	15
473.179	1	19
473.349	1	14
473.520	1	8
473.690	1	18
473.860	1	18
474.031	1	14
474.201	1	11
474.371	1	14
474.542	1	18
474.712	1	15
474.882	1	12
475.053	1	16
475.223	1	-2
475.394	1	4
475.564	1	5
475.734	1	25
475.905	1	13
476.075	1	3
476.245	1	19
476.416	1	-4
476.586	1	8
476.756	1	13
476.927	1	5
477.097	1	7
477.267	1	14
477.438	1	24
477.608	1	3
477.778	1	7
477.949	1	10
478.119	1	19
478.289	1	8
478.460	1	6
478.630	1	24
478.800	1	23
478.971	1	13
479.141	1	-2
479.311	1	22
479.482	1	20
479.652	1	12
479.822	1	9
479.993	1	18
480.163	1	12
480.333	1	4
480.504	1	8
480.674	1	12
480.844	1	4
481.015	1	6
481.185	1	9
481.355	1	26
481.525	1	11
481.696	1	3
481.866	1	16
482.036	1	8
482.207	1	15
482.377	1	13
482.547	1	10
482.718	1	10
482.888	1	19
483.058	1	4
483.229	1	7
483.399	1	16
483.569	1	6
483.740	1	9
483.910	1	9
484.080	1	14
484.250	1	7
484.421	1	2
484.591	1	14
484.761	1	10
484.932	1	11
485.102	1	15
485.272	1	2
485.443	1	8
485.613	1	13
485.783	1	24
485.953	1	13
486.124	1	13
486.294	1	9
486.464	1	1
486.635	1	17
486.805	1	6
486.975	1	14
487.146	1	4
487.316	1	9
487.486	1	3
487.656	1	8
487.827	1	8
487.997	1	-3
488.167	1	11
488.338	1	-4
488.508	1	9
488.678	1	6
488.848	1	3
489.019	1	6
489.189	1	10
489.359	1	13
489.529	1	8
489.700	1	0
489.870	1	0
490.040	1	9
490.211	1	14
490.381	1	9
490.551	1	6
490.721	1	15
490.892	1	9
491.062	1	7
491.232	1	5
491.402	1	16
491.573	1	6
491.743	1	11
491.913	1	15
492.084	1	14
492.254	1	12
492.424	1	20
492.594	1	19
492.765	1	13
492.935	1	7
493.105	1	13
493.275	1	14
493.446	1	12
493.616	1	17
493.786	1	6
493.956	1	15
494.127	1	19
494.297	1	11
494.467	1	9
494.637	1	14
494.808	1	9
494.978	1	8
495.148	1	10
495.318	1	16
495.489	1	2
495.659	1	8
495.829	1	12
495.999	1	11
496.170	1	1
496.340	1	14
496.510	1	9
496.680	1	12
496.851	1	11
497.021	1	3
497.191	1	9
497.361	1	10
497.532	1	5
497.702	1	11
497.872	1	19
498.042	1	11
498.213	1	18
498.383	1	8
498.553	1	0
498.723	1	6
498.894	1	5
499.064	1	8
499.234	1	11
499.404	1	1
499.574	1	4
499.745	1	8
499.915	1	3
500.085	1	11
500.255	1	2
500.426	1	12
500.596	1	1
500.766	1	2
500.936	1	17
501.106	1	3
501.277	1	9
501.447	1	17
501.617	1	8
501.787	1	5
501.958	1	13
502.128	1	0
502.298	1	8
502.468	1	15
502.638	1	8
502.809	1	8
502.979	1	19
503.149	1	-3
503.319	1	13
503.489	1	2
503.660	1	6
503.830	1	18
504.000	1	12
504.170	1	8
504.340	1	13
504.511	1	10
504.681	1	5
504.851	1	4
505.021	1	18
505.192	1	5
505.362	1	3
505.532	1	11
505.702	1	6
505.872	1	4
506.043	1	15
506.213	1	9
506.383	1	6
506.553	1	-3
506.723	1	6
506.893	1	-3
507.064	1	-3
507.234	1	4
507.404	1	11
507.574	1	3
507.744	1	18
507.915	1	9
508.085	1	19
508.255	1	11
508.425	1	5
508.595	1	3
508.766	1	3
508.936	1	4
509.106	1	11
509.276	1	6
509.446	1	1
509.616	1	2
509.787	1	10
509.957	1	2
510.127	1	7
510.297	1	4
510.467	1	-2
510.638	1	16
510.808	1	0
510.978	1	7
511.148	1	14
511.318	1	5
511.488	1	9
511.659	1	1
511.829	1	5
511.999	1	3
512.169	1	10
512.339	1	12
512.509	1	7
512.680	1	4
512.850	1	6
513.020	1	10
513.190	1	-4
513.360	1	7
513.530	1	-3
513.700	1	8
513.871	1	6
514.041	1	2
514.211	1	11
514.381	1	8
514.551	1	10
514.721	1	3
514.892	1	4
515.062	1	3
515.232	1	-1
515.402	1	10
515.572	1	-3
515.742	1	8
515.912	1	2
516.083	1	6
516.253	1	10
516.423	1	3
516.593	1	5
516.763	1	5
516.933	1	-5
517.104	1	0
517.274	1	2
517.444	1	11
517.614	1	2
517.784	1	14
517.954	1	16
518.124	1	0
518.294	1	2
518.465	1	1
518.635	1	1
518.805	1	18
518.975	1	1
519.145	1	6
519.315	1	14
519.485	1	8
519.656	1	10
519.826	1	15
519.996	1	6
520.166	1	10
520.336	1	6
520.506	1	-14
520.676	1	6
520.846	1	8
521.017	1	-10
521.187	1	11
521.357	1	7
521.527	1	1
521.697	1	8
521.867	1	13
522.037	1	1
522.207	1	-1
522.377	1	9
522.548	1	5
522.718	1	6
522.888	1	13
523.058	1	15
523.228	1	10
523.398	1	13
523.568	1	8
523.738	1	0
523.909	1	12
524.079	1	4
524.249	1	9
524.419	1	9
524.589	1	0
524.759	1	1
524.929	1	5
525.099	1	9
525.269	1	12
525.439	1	-5
525.610	1	4
525.780	1	-1
525.950	1	0
526.120	1	-10
526.290	1	6
526.460	1	2
526.630	1	11
526.800	1	6
526.970	1	15
527.140	1	6
527.311	1	0
527.481	1	4
527.651	1	11
527.821	1	-11
527.991	1	7
528.161	1	3
528.331	1	17
528.501	1	10
528.671	1	1
528.841	1	12
529.011	1	3
529.181	1	8
529.352	1	11
529.522	1	0
529.692	1	-3
529.862	1	6
530.032	1	12
530.202	1	6
530.372	1	4
530.542	1	-3
530.712	1	6
530.882	1	5
531.052	1	23
531.222	1	-11
531.392	1	4
531.563	1	-1
531.733	1	2
531.903	1	7
532.073	1	5
532.243	1	6
532.413	1	9
532.583	1	-4
532.753	1	-7
532.923	1	14
533.093	1	15
533.263	1	-8
533.433	1	12
533.603	1	16
533.773	1	4
533.943	1	5
534.113	1	-1
534.284	1	2
534.454	1	-5
534.624	1	3
534.794	1	3
534.964	1	11
535.134	1	12
535.304	1	6
535.474	1	-5
535.644	1	10
535.814	1	7
535.984	1	9
536.154	1	11
536.324	1	10
536.494	1	5
536.664	1	2
536.834	1	4
537.004	1	3
537.174	1	7
537.344	1	10
537.514	1	7
537.685	1	8
537.855	1	-5
538.025	1	2
538.195	1	2
538.365	1	-3
538.535	1	-2
538.705	1	14
538.875	1	7
539.045	1	3
539.215	1	-1
539.385	1	8
539.555	1	12
539.725	1	1
539.895	1	10
540.065	1	-6
540.235	1	5
540.405	1	5
540.575	1	0
540.745	1	5
540.915	1	7
541.085	1	-7
541.255	1	1
541.425	1	12
541.595	1	15
541.765	1	15
541.935	1	-15
542.105	1	3
542.275	1	5
542.445	1	1
542.615	1	4
542.785	1	-2
542.955	1	-1
543.125	1	4
543.295	1	-4
543.465	1	13
543.635	1	2
543.805	1	6
543.975	1	-5
544.145	1	6
544.315	1	2
544.485	1	1
544.655	1	11
544.825	1	4
544.995	1	11
545.165	1	0
545.335	1	-4
545.505	1	14
545.675	1	-12
545.845	1	1
546.015	1	9
546.185	1	9
546.355	1	6
546.525	1	3
546.695	1	4
546.865	1	7
547.035	1	7
547.205	1	9
547.375	1	13
547.545	1	18
547.715	1	8
547.885	1	15
548.055	1	6
548.225	1	2
548.395	1	-7
548.565	1	7
548.735	1	5
548.905	1	-6
549.075	1	0
549.245	1	-3
549.415	1	4
549.585	1	3
549.755	1	13
549.925	1	-2
550.095	1	1
550.265	1	3
550.435	1	-13
550.605	1	6
550.775	1	0
550.945	1	20
551.115	1	3
551.285	1	-1
551.455	1	2
551.625	1	-3
551.795	1	7
551.965	1	7
552.135	1	1
552.305	1	-4
552.475	1	4
552.645	1	4
552.815	1	3
552.985	1	3
553.155	1	-1
553.325	1	6
553.495	1	13
553.665	1	19
553.835	1	4
554.004	1	-6
554.174	1	6
554.344	1	0
554.514	1	6
554.684	1	3
554.854	1	3
555.024	1	8
555.194	1	3
555.364	1	7
555.534	1	-5
555.704	1	11
555.874	1	-8
556.044	1	16
556.214	1	5
556.384	1	7
556.554	1	13
556.724	1	9
556.894	1	-5
557.064	1	0
557.234	1	-5
557.404	1	-3
557.573	1	-2
557.743	1	9
557.913	1	-4
558.083	1	6
558.253	1	-7
558.423	1	1
558.593	1	8
558.763	1	11
558.933	1	2
559.103	1	13
559.273	1	4
559.443	1	5
559.613	1	13
559.783	1	6
559.953	1	8
560.122	1	1
560.292	1	0
560.462	1	-2
560.632	1	8
560.802	1	-4
560.972	1	11
561.142	1	11
561.312	1	4
561.482	1	4
561.652	1	7
561.822	1	-6
561.992	1	-4
562.162	1	7
562.331	1	9
562.501	1	0
562.671	1	15
562.841	1	0
563.011	1	1
563.181	1	10
563.351	1	3
563.521	1	3
563.691	1	8
563.861	1	-5
564.031	1	-1
564.201	1	2
564.370	1	-1
564.540	1	0
564.710	1	3
564.880	1	7
565.050	1	-5
565.220	1	4
565.390	1	1
565.560	1	-5
565.730	1	5
565.900	1	-6
566.069	1	-2
566.239	1	6
566.409	1	6
566.579	1	-2
566.749	1	-1
566.919	1	10
567.089	1	6
567.259	1	10
567.429	1	4
567.599	1	1
567.768	1	0
567.938	1	2
568.108	1	3
568.278	1	2
568.448	1	2
568.618	1	2
568.788	1	-12
568.958	1	-2
569.128	1	-6
569.297	1	-9
569.467	1	7
569.637	1	6
569.807	1	-3
569.977	1	13
570.147	1	-1
570.317	1	11
570.487	1	5
570.656	1	8
570.826	1	5
570.996	1	5
571.166	1	-2
571.336	1	-1
571.506	1	4
571.676	1	0
571.846	1	-1
572.015	1	5
572.185	1	3
572.355	1	2
572.525	1	-2
572.695	1	-5
572.865	1	5
573.035	1	-7
573.205	1	-7
573.374	1	10
573.544	1	3
573.714	1	-1
573.884	1	9
574.054	1	-2
574.224	1	-1
574.394	1	-3
574.563	1	10
574.733	1	10
574.903	1	5
575.073	1	1
575.243	1	4
575.413	1	5
575.583	1	-3
575.752	1	1
575.922	1	-1
576.092	1	0
576.262	1	10
576.432	1	12
576.602	1	1
576.772	1	0
576.941	1	17
577.111	1	7
577.281	1	12
577.451	1	-4
577.621	1	6
577.791	1	11
577.960	1	-4
578.130	1	4
578.300	1	4
578.470	1	14
578.640	1	3
578.810	1	-6
578.979	1	-2
579.149	1	-4
579.319	1	0
579.489	1	0
579.659	1	-5
579.829	1	5
579.998	1	3
580.168	1	-4
580.338	1	-1
580.508	1	1
580.678	1	4
580.848	1	-7
581.017	1	5
581.187	1	-6
581.357	1	-2
581.527	1	1
581.697	1	1
581.867	1	-2
582.036	1	5
582.206	1	-4
582.376	1	1
582.546	1	16
582.716	1	-1
582.885	1	3
583.055	1	-4
583.225	1	-2
583.395	1	-5
583.565	1	1
583.735	1	-3
583.904	1	-4
584.074	1	0
584.244	1	8
584.414	1	-2
584.584	1	9
584.753	1	9
584.923	1	8
585.093	1	1
585.263	1	1
585.433	1	16
585.602	1	4
585.772	1	6
585.942	1	-1
586.112	1	-3
586.282	1	2
586.451	1	0
586.621	1	-1
586.791	1	4
586.961	1	3
587.131	1	8
587.300	1	11
587.470	1	6
587.640	1	-10
587.810	1	-12
587.980	1	-9
588.149	1	12
588.319	1	15
588.489	1	-6
588.659	1	7
588.829	1	-7
588.998	1	0
589.168	1	2
589.338	1	6
589.508	1	4
589.677	1	1
589.847	1	9
590.017	1	10
590.187	1	-4
590.357	1	0
590.526	1	15
590.696	1	-10
590.866	1	5
591.036	1	-1
591.205	1	7
591.375	1	8
591.545	1	0
591.715	1	0
591.885	1	1
592.054	1	4
592.224	1	1
592.394	1	-2
592.564	1	1
592.733	1	10
592.903	1	1
593.073	1	-2
593.243	1	4
593.412	1	-3
593.582	1	8
593.752	1	6
593.922	1	11
594.091	1	-9
594.261	1	-8
594.431	1	8
594.601	1	1
594.771	1	11
594.940	1	3
595.110	1	3
595.280	1	10
595.450	1	12
595.619	1	0
595.789	1	12
595.959	1	5
596.129	1	-2
596.298	1	3
596.468	1	-3
596.638	1	-2
596.808	1	0
596.977	1	-5
597.147	1	6
597.317	1	3
597.487	1	2
597.656	1	8
597.826	1	-6
597.996	1	7
598.166	1	11
598.335	1	-4
598.505	1	-2
598.675	1	0
598.844	1	-5
599.014	1	8
599.184	1	9
599.354	1	-1
599.523	1	6
599.693	1	4
599.863	1	9
600.033	1	6
600.202	1	8
600.372	1	-2
600.542	1	0
600.712	1	17
600.881	1	20
601.051	1	7
601.221	1	14
601.390	1	9
601.560	1	6
601.730	1	-5
601.900	1	8
602.069	1	-8
602.239	1	5
602.409	1	12
602.578	1	12
602.748	1	0
602.918	1	9
603.088	1	17
603.257	1	6
603.427	1	17
603.597	1	-6
603.767	1	0
603.936	1	14
604.106	1	-2
604.276	1	3
604.445	1	4
604.615	1	10
604.785	1	4
604.954	1	6
605.124	1	9
605.294	1	2
605.464	1	-5
605.633	1	10
605.803	1	6
605.973	1	4
606.142	1	1
606.312	1	12
606.482	1	3
606.652	1	13
606.821	1	-2
606.991	1	3
607.161	1	12
607.330	1	5
607.500	1	15
607.670	1	3
607.839	1	-3
608.009	1	0
608.179	1	2
608.348	1	6
608.518	1	2
608.688	1	12
608.858	1	4
609.027	1	3
609.197	1	7
609.367	1	2
609.536	1	19
609.706	1	8
609.876	1	1
610.045	1	9
610.215	1	1
610.385	1	-1
610.554	1	1
610.724	1	1
610.894	1	11
611.063	1	6
611.233	1	3
611.403	1	-1
611.572	1	6
611.742	1	1
611.912	1	7
612.081	1	5
612.251	1	4
612.421	1	-6
612.590	1	2
612.760	1	10
612.930	1	2
613.099	1	2
613.269	1	-1
613.439	1	-3
613.608	1	9
613.778	1	0
613.948	1	15
614.117	1	4
614.287	1	-2
614.457	1	11
614.626	1	7
614.796	1	14
614.966	1	4
615.135	1	5
615.305	1	4
615.475	1	-1
615.644	1	6
615.814	1	7
615.984	1	10
616.153	1	4
616.323	1	2
616.493	1	14
616.662	1	7
616.832	1	-2
617.002	1	2
617.171	1	10
617.341	1	16
617.511	1	9
617.680	1	1
617.850	1	1
618.019	1	4
618.189	1	0
618.359	1	4
618.528	1	3
618.698	1	6
618.868	1	-1
619.037	1	11
619.207	1	11
619.377	1	6
619.546	1	-9
619.716	1	3
619.885	1	8
620.055	1	8
620.225	1	14
620.394	1	12
620.564	1	-3
620.734	1	6
620.903	1	-1
621.073	1	3
621.242	1	-4
621.412	1	7
621.582	1	0
621.751	1	15
621.921	1	12
622.091	1	-2
622.260	1	-2
622.430	1	12
622.599	1	11
622.769	1	-2
622.939	1	5
623.108	1	2
623.278	1	14
623.448	1	7
623.617	1	-3
623.787	1	17
623.956	1	11
624.126	1	-2
624.296	1	4
624.465	1	12
624.635	1	3
624.804	1	1
624.974	1	7
625.144	1	22
625.313	1	-3
625.483	1	13
625.652	1	9
625.822	1	9
625.992	1	13
626.161	1	-2
626.331	1	1
626.501	1	7
626.670	1	-2
626.840	1	3
627.009	1	-2
627.179	1	-7
627.348	1	7
627.518	1	7
627.688	1	10
627.857	1	6
628.027	1	-9
628.196	1	-2
628.366	1	4
628.536	1	3
628.705	1	0
628.875	1	7
629.044	1	15
629.214	1	4
629.384	1	5
629.553	1	2
629.723	1	-3
629.892	1	0
630.062	1	-2
630.232	1	10
630.401	1	2
630.571	1	3
630.740	1	1
630.910	1	-1
631.079	1	9
631.249	1	6
631.419	1	17
631.588	1	1
631.758	1	6
631.927	1	15
632.097	1	7
632.266	1	1
632.436	1	6
632.606	1	-4
632.775	1	5
632.945	1	-10
633.114	1	14
633.284	1	2
633.453	1	14
633.623	1	14
633.793	1	6
633.962	1	-4
634.132	1	11
634.301	1	-2
634.471	1	2
634.640	1	-2
634.810	1	4
634.979	1	6
635.149	1	3
635.319	1	5
635.488	1	-8
635.658	1	15
635.827	1	10
635.997	1	1
636.166	1	8
636.336	1	8
636.505	1	13
636.675	1	0
636.845	1	0
637.014	1	0
637.184	1	16
637.353	1	11
637.523	1	-1
637.692	1	4
637.862	1	3
638.031	1	-4
638.201	1	5
638.370	1	12
638.540	1	5
638.710	1	10
638.879	1	11
639.049	1	-3
639.218	1	19
639.388	1	7
639.557	1	9
639.727	1	7
639.896	1	12
640.066	1	2
640.235	1	7
640.405	1	3
640.574	1	-4
640.744	1	-4
640.914	1	4
641.083	1	-2
641.253	1	7
641.422	1	11
641.592	1	1
641.761	1	5
641.931	1	-1
642.100	1	12
642.270	1	-4
642.439	1	1
642.609	1	10
642.778	1	3
642.948	1	12
643.117	1	3
643.287	1	-1
643.456	1	0
643.626	1	8
643.795	1	7
643.965	1	6
644.134	1	-1
644.304	1	9
644.473	1	6
644.643	1	2
644.812	1	0
644.982	1	-2
645.151	1	7
645.321	1	-1
645.490	1	10
645.660	1	0
645.829	1	8
645.999	1	0
646.168	1	2
646.338	1	9
646.507	1	8
646.677	1	-3
646.846	1	9
647.016	1	0
647.185	1	18
647.355	1	-2
647.524	1	7
647.694	1	-5
647.863	1	7
648.033	1	6
648.202	1	6
648.372	1	-3
648.541	1	0
648.711	1	1
648.880	1	-5
649.050	1	2
649.219	1	8
649.389	1	3
649.558	1	12
649.728	1	5
649.897	1	3
650.067	1	4
650.236	1	1
650.406	1	10
650.575	1	7
650.745	1	-4
650.914	1	2
651.084	1	3
651.253	1	5
651.423	1	1
651.592	1	2
651.762	1	3
651.931	1	6
652.101	1	13
652.270	1	2
652.440	1	8
652.609	1	9
652.778	1	9
652.948	1	5
653.117	1	2
653.287	1	7
653.456	1	6
653.626	1	2
653.795	1	-7
653.965	1	-3
654.134	1	-2
654.304	1	4
654.473	1	-1
654.643	1	9
654.812	1	11
654.982	1	8
655.151	1	12
655.320	1	8
655.490	1	0
655.659	1	8
655.829	1	5
655.998	1	1
656.168	1	2
656.337	1	4
656.507	1	-3
656.676	1	5
656.846	1	13
657.015	1	5
657.184	1	0
657.354	1	11
657.523	1	-1
657.693	1	2
657.862	1	-5
658.032	1	12
658.201	1	15
658.371	1	3
658.540	1	3
658.709	1	-3
658.879	1	7
659.048	1	-2
659.218	1	1
659.387	1	3
659.557	1	9
659.726	1	6
659.895	1	5
660.065	1	6
660.234	1	-4
660.404	1	9
660.573	1	0
660.743	1	4
660.912	1	2
661.081	1	-14
661.251	1	4
661.420	1	12
661.590	1	10
661.759	1	9
661.929	1	2
662.098	1	6
662.267	1	12
662.437	1	7
662.606	1	9
662.776	1	3
662.945	1	10
663.115	1	14
663.284	1	10
663.453	1	11
663.623	1	9
663.792	1	2
663.962	1	3
664.131	1	-2
664.300	1	-7
664.470	1	5
664.639	1	9
664.809	1	9
664.978	1	2
665.148	1	-3
665.317	1	5
665.486	1	9
665.656	1	5
665.825	1	7
665.995	1	5
666.164	1	19
666.333	1	6
666.503	1	-1
666.672	1	14
666.842	1	-5
667.011	1	5
667.180	1	10
667.350	1	1
667.519	1	7
667.689	1	-2
667.858	1	8
668.027	1	10
668.197	1	11
668.366	1	6
668.536	1	-3
668.705	1	6
668.874	1	1
669.044	1	8
669.213	1	2
669.382	1	7
669.552	1	3
669.721	1	0
669.891	1	0
670.060	1	2
670.229	1	4
670.399	1	1
670.568	1	0
670.738	1	-1
670.907	1	10
671.076	1	4
671.246	1	1
671.415	1	-1
671.584	1	1
671.754	1	0
671.923	1	9
672.093	1	-3
672.262	1	6
672.431	1	8
672.601	1	11
672.770	1	8
672.939	1	5
673.109	1	10
673.278	1	-1
673.448	1	8
673.617	1	8
673.786	1	4
