325.333	1	4
325.504	1	5
325.675	1	-1
325.846	1	13
326.017	1	-6
326.188	1	10
326.359	1	10
326.531	1	12
326.702	1	1
326.873	1	-1
327.044	1	4
327.215	1	-11
327.386	1	7
327.557	1	10
327.728	1	-3
327.899	1	-3
328.070	1	6
328.241	1	2
328.412	1	-2
328.583	1	4
328.754	1	-1
328.926	1	5
329.097	1	-7
329.268	1	1
329.439	1	-7
329.610	1	9
329.781	1	1
329.952	1	1
330.123	1	-3
330.294	1	5
330.465	1	3
330.636	1	11
330.807	1	3
330.978	1	2
331.149	1	3
331.320	1	7
331.492	1	-2
331.663	1	1
331.834	1	1
332.005	1	-1
332.176	1	12
332.347	1	12
332.518	1	6
332.689	1	-3
332.860	1	5
333.031	1	1
333.202	1	4
333.373	1	2
333.544	1	3
333.715	1	-2
333.886	1	-4
334.057	1	2
334.228	1	0
334.399	1	2
334.570	1	-1
334.741	1	1
334.912	1	2
335.084	1	-1
335.255	1	15
335.426	1	10
335.597	1	11
335.768	1	0
335.939	1	-1
336.110	1	10
336.281	1	8
336.452	1	0
336.623	1	-6
336.794	1	2
336.965	1	-7
337.136	1	11
337.307	1	2
337.478	1	4
337.649	1	-9
337.820	1	-1
337.991	1	6
338.162	1	9
338.333	1	11
338.504	1	10
338.675	1	10
338.846	1	9
339.017	1	6
339.188	1	9
339.359	1	7
339.530	1	-3
339.701	1	-4
339.872	1	2
340.043	1	3
340.214	1	4
340.385	1	12
340.556	1	1
340.727	1	3
340.898	1	3
341.069	1	-11
341.240	1	-8
341.411	1	16
341.582	1	6
341.753	1	-6
341.924	1	11
342.095	1	11
342.266	1	-7
342.437	1	-14
342.608	1	12
342.779	1	2
342.950	1	-5
343.121	1	7
343.292	1	6
343.463	1	4
343.634	1	4
343.805	1	7
343.976	1	-4
344.147	1	13
344.318	1	5
344.489	1	10
344.660	1	11
344.831	1	7
345.002	1	2
345.173	1	8
345.344	1	-11
345.515	1	7
345.686	1	-3
345.857	1	3
346.028	1	-7
346.199	1	5
346.370	1	2
346.541	1	-1
346.712	1	10
346.883	1	15
347.054	1	3
347.225	1	-1
347.396	1	6
347.567	1	1
347.738	1	-2
347.909	1	0
348.080	1	8
348.251	1	4
348.422	1	-2
348.593	1	6
348.764	1	-4
348.935	1	6
349.106	1	6
349.277	1	12
349.448	1	2
349.619	1	-2
349.790	1	8
349.961	1	9
350.132	1	12
350.303	1	-4
350.474	1	-2
350.645	1	8
350.816	1	9
350.987	1	13
351.157	1	5
351.328	1	-4
351.499	1	0
351.670	1	-14
351.841	1	1
352.012	1	-6
352.183	1	9
352.354	1	7
352.525	1	8
352.696	1	5
352.867	1	4
353.038	1	2
353.209	1	-3
353.380	1	3
353.551	1	-10
353.722	1	11
353.893	1	1
354.064	1	-4
354.235	1	12
354.406	1	9
354.576	1	9
354.747	1	6
354.918	1	16
355.089	1	14
355.260	1	9
355.431	1	1
355.602	1	-1
355.773	1	-2
355.944	1	8
356.115	1	-2
356.286	1	8
356.457	1	2
356.628	1	-2
356.799	1	2
356.970	1	8
357.141	1	-1
357.311	1	6
357.482	1	2
357.653	1	11
357.824	1	5
357.995	1	23
358.166	1	-2
358.337	1	-1
358.508	1	-4
358.679	1	5
358.850	1	-2
359.021	1	0
359.192	1	4
359.363	1	1
359.533	1	4
359.704	1	5
359.875	1	4
360.046	1	0
360.217	1	-9
360.388	1	-7
360.559	1	2
360.730	1	5
360.901	1	-14
361.072	1	0
361.243	1	-3
361.414	1	2
361.584	1	7
361.755	1	-1
361.926	1	-2
362.097	1	-2
362.268	1	5
362.439	1	7
362.610	1	-6
362.781	1	12
362.952	1	-5
363.123	1	1
363.293	1	4
363.464	1	6
363.635	1	10
363.806	1	5
363.977	1	7
364.148	1	6
364.319	1	-4
364.490	1	9
364.661	1	0
364.832	1	1
365.002	1	0
365.173	1	-4
365.344	1	8
365.515	1	4
365.686	1	3
365.857	1	10
366.028	1	10
366.199	1	12
366.370	1	3
366.540	1	-3
366.711	1	-2
366.882	1	8
367.053	1	2
367.224	1	0
367.395	1	14
367.566	1	12
367.737	1	-3
367.908	1	-3
368.078	1	5
368.249	1	10
368.420	1	2
368.591	1	4
368.762	1	-5
368.933	1	8
369.104	1	3
369.274	1	11
369.445	1	17
369.616	1	1
369.787	1	3
369.958	1	16
370.129	1	4
370.300	1	0
370.471	1	1
370.641	1	1
370.812	1	3
370.983	1	3
371.154	1	15
371.325	1	0
371.496	1	0
371.667	1	7
371.837	1	7
372.008	1	19
372.179	1	-6
372.350	1	17
372.521	1	0
372.692	1	5
372.863	1	9
373.033	1	18
373.204	1	13
373.375	1	1
373.546	1	10
373.717	1	6
373.888	1	5
374.059	1	4
374.229	1	1
374.400	1	11
374.571	1	7
374.742	1	9
374.913	1	9
375.084	1	17
375.254	1	3
375.425	1	2
375.596	1	1
375.767	1	-7
375.938	1	-4
376.109	1	2
376.279	1	13
376.450	1	7
376.621	1	10
376.792	1	10
376.963	1	0
377.134	1	-3
377.304	1	4
377.475	1	-2
377.646	1	6
377.817	1	-4
377.988	1	3
378.159	1	7
378.329	1	17
378.500	1	2
378.671	1	-1
378.842	1	8
379.013	1	1
379.184	1	6
379.354	1	7
379.525	1	2
379.696	1	25
379.867	1	-5
380.038	1	-1
380.209	1	4
380.379	1	11
380.550	1	4
380.721	1	7
380.892	1	14
381.063	1	6
381.233	1	12
381.404	1	9
381.575	1	5
381.746	1	6
381.917	1	11
382.087	1	6
382.258	1	4
382.429	1	7
382.600	1	11
382.771	1	15
382.941	1	4
383.112	1	-9
383.283	1	16
383.454	1	-1
383.625	1	-5
383.795	1	2
383.966	1	19
384.137	1	3
384.308	1	-1
384.479	1	8
384.649	1	10
384.820	1	12
384.991	1	-9
385.162	1	16
385.333	1	8
385.503	1	16
385.674	1	12
385.845	1	9
386.016	1	9
386.187	1	4
386.357	1	0
386.528	1	2
386.699	1	14
386.870	1	6
387.041	1	3
387.211	1	4
387.382	1	2
387.553	1	7
387.724	1	-6
387.894	1	9
388.065	1	12
388.236	1	10
388.407	1	13
388.578	1	4
388.748	1	7
388.919	1	13
389.090	1	11
389.261	1	16
389.431	1	10
389.602	1	-3
389.773	1	2
389.944	1	9
390.114	1	13
390.285	1	9
390.456	1	10
390.627	1	5
390.798	1	10
390.968	1	3
391.139	1	1
391.310	1	16
391.481	1	-1
391.651	1	9
391.822	1	2
391.993	1	6
392.164	1	-1
392.334	1	4
392.505	1	10
392.676	1	7
392.847	1	12
393.017	1	-7
393.188	1	-2
393.359	1	6
393.530	1	8
393.700	1	17
393.871	1	6
394.042	1	12
394.213	1	12
394.383	1	13
394.554	1	15
394.725	1	5
394.896	1	8
395.066	1	5
395.237	1	12
395.408	1	7
395.579	1	7
395.749	1	10
395.920	1	4
396.091	1	12
396.262	1	4
396.432	1	3
396.603	1	10
396.774	1	11
396.945	1	-1
397.115	1	2
397.286	1	16
397.457	1	9
397.627	1	12
397.798	1	7
397.969	1	11
398.140	1	14
398.310	1	12
398.481	1	16
398.652	1	4
398.823	1	10
398.993	1	20
399.164	1	14
399.335	1	1
399.505	1	19
399.676	1	6
399.847	1	16
400.018	1	8
400.188	1	12
400.359	1	17
400.530	1	5
400.700	1	13
400.871	1	14
401.042	1	7
401.213	1	4
401.383	1	8
401.554	1	18
401.725	1	6
401.895	1	2
402.066	1	19
402.237	1	21
402.408	1	11
402.578	1	13
402.749	1	15
402.920	1	13
403.090	1	8
403.261	1	18
403.432	1	12
403.603	1	5
403.773	1	22
403.944	1	12
404.115	1	5
404.285	1	18
404.456	1	19
404.627	1	8
404.797	1	4
404.968	1	2
405.139	1	6
405.310	1	-4
405.480	1	13
405.651	1	10
405.822	1	15
405.992	1	14
406.163	1	14
406.334	1	14
406.504	1	8
406.675	1	8
406.846	1	11
407.016	1	9
407.187	1	7
407.358	1	5
407.528	1	21
407.699	1	8
407.870	1	22
408.041	1	4
408.211	1	2
408.382	1	12
408.553	1	3
408.723	1	14
408.894	1	18
409.065	1	16
409.235	1	7
409.406	1	12
409.577	1	5
409.747	1	18
409.918	1	7
410.089	1	-1
410.259	1	4
410.430	1	15
410.601	1	1
410.771	1	15
410.942	1	8
411.113	1	6
411.283	1	1
411.454	1	11
411.625	1	11
411.795	1	6
411.966	1	0
412.137	1	4
412.307	1	8
412.478	1	14
412.649	1	12
412.819	1	0
412.990	1	5
413.161	1	15
413.331	1	9
413.502	1	0
413.672	1	16
413.843	1	4
414.014	1	20
414.184	1	13
414.355	1	17
414.526	1	8
414.696	1	10
414.867	1	8
415.038	1	3
415.208	1	7
415.379	1	6
415.550	1	13
415.720	1	11
415.891	1	15
416.062	1	10
416.232	1	15
416.403	1	15
416.573	1	15
416.744	1	0
416.915	1	12
417.085	1	-8
417.256	1	11
417.427	1	8
417.597	1	12
417.768	1	6
417.939	1	16
418.109	1	-4
418.280	1	8
418.450	1	12
418.621	1	6
418.792	1	3
418.962	1	6
419.133	1	23
419.304	1	9
419.474	1	4
419.645	1	7
419.815	1	13
419.986	1	11
420.157	1	8
420.327	1	10
420.498	1	14
420.669	1	17
420.839	1	3
421.010	1	4
421.180	1	-8
421.351	1	25
421.522	1	17
421.692	1	13
421.863	1	16
422.033	1	22
422.204	1	7
422.375	1	11
422.545	1	9
422.716	1	7
422.886	1	15
423.057	1	11
423.228	1	11
423.398	1	16
423.569	1	23
423.740	1	-5
423.910	1	15
424.081	1	19
424.251	1	9
424.422	1	0
424.593	1	20
424.763	1	13
424.934	1	10
425.104	1	6
425.275	1	16
425.445	1	19
425.616	1	7
425.787	1	9
425.957	1	13
426.128	1	14
426.298	1	9
426.469	1	4
426.640	1	14
426.810	1	8
426.981	1	10
427.151	1	6
427.322	1	-2
427.493	1	-1
427.663	1	7
427.834	1	-3
428.004	1	9
428.175	1	16
428.345	1	15
428.516	1	13
428.687	1	13
428.857	1	7
429.028	1	4
429.198	1	2
429.369	1	4
429.540	1	6
429.710	1	18
429.881	1	13
430.051	1	6
430.222	1	3
430.392	1	17
430.563	1	6
430.734	1	17
430.904	1	6
431.075	1	0
431.245	1	8
431.416	1	-3
431.586	1	9
431.757	1	12
431.927	1	-2
432.098	1	14
432.269	1	14
432.439	1	10
432.610	1	12
432.780	1	9
432.951	1	11
433.121	1	18
433.292	1	6
433.462	1	13
433.633	1	11
433.804	1	-2
433.974	1	12
434.145	1	5
434.315	1	18
434.486	1	-1
434.656	1	19
434.827	1	8
434.997	1	21
435.168	1	11
435.339	1	14
435.509	1	3
435.680	1	5
435.850	1	4
436.021	1	13
436.191	1	9
436.362	1	10
436.532	1	6
436.703	1	23
436.873	1	13
437.044	1	5
437.214	1	20
437.385	1	20
437.556	1	11
437.726	1	3
437.897	1	9
438.067	1	10
438.238	1	12
438.408	1	14
438.579	1	10
438.749	1	-1
438.920	1	9
439.090	1	8
439.261	1	6
439.431	1	7
439.602	1	2
439.772	1	16
439.943	1	17
440.113	1	11
440.284	1	9
440.455	1	17
440.625	1	3
440.796	1	4
440.966	1	7
441.137	1	12
441.307	1	10
441.478	1	15
441.648	1	18
441.819	1	1
441.989	1	8
442.160	1	2
442.330	1	15
442.501	1	5
442.671	1	7
442.842	1	8
443.012	1	9
443.183	1	7
443.353	1	10
443.524	1	13
443.694	1	16
443.865	1	8
444.035	1	0
444.206	1	4
444.376	1	21
444.547	1	0
444.717	1	18
444.888	1	8
445.058	1	12
445.229	1	16
445.399	1	5
445.570	1	4
445.740	1	14
445.911	1	16
446.081	1	8
446.252	1	-5
446.422	1	15
446.593	1	9
446.763	1	13
446.934	1	14
447.104	1	6
447.275	1	13
447.445	1	5
447.616	1	3
447.786	1	17
447.957	1	12
448.127	1	23
448.298	1	0
448.468	1	23
448.639	1	16
448.809	1	12
448.979	1	13
449.150	1	0
449.320	1	23
449.491	1	11
449.661	1	9
449.832	1	17
450.002	1	19
450.173	1	4
450.343	1	8
450.514	1	16
450.684	1	1
450.855	1	2
451.025	1	9
451.196	1	18
451.366	1	11
451.537	1	14
451.707	1	17
451.878	1	6
452.048	1	8
452.218	1	3
452.389	1	9
452.559	1	3
452.730	1	12
452.900	1	13
453.071	1	9
453.241	1	13
453.412	1	4
453.582	1	2
453.753	1	11
453.923	1	13
454.093	1	14
454.264	1	1
454.434	1	14
454.605	1	13
454.775	1	9
454.946	1	10
455.116	1	4
455.287	1	6
455.457	1	-1
455.628	1	9
455.798	1	14
455.968	1	12
456.139	1	8
456.309	1	18
456.480	1	11
456.650	1	18
456.821	1	20
456.991	1	16
457.161	1	16
457.332	1	18
457.502	1	17
457.673	1	22
457.843	1	14
458.014	1	13
458.184	1	11
458.355	1	16
458.525	1	12
458.695	1	1
458.866	1	16
459.036	1	2
459.207	1	5
459.377	1	14
459.548	1	3
459.718	1	10
459.888	1	18
460.059	1	22
460.229	1	12
460.400	1	8
460.570	1	14
460.740	1	3
460.911	1	12
461.081	1	6
461.252	1	-1
461.422	1	7
461.593	1	10
461.763	1	12
461.933	1	12
462.104	1	9
462.274	1	3
462.445	1	10
462.615	1	7
462.785	1	6
462.956	1	4
463.126	1	10
463.297	1	11
463.467	1	12
463.638	1	9
463.808	1	14
463.978	1	2
464.149	1	0
464.319	1	15
464.490	1	23
464.660	1	15
464.830	1	6
465.001	1	14
465.171	1	2
465.342	1	4
465.512	1	3
465.682	1	-4
465.853	1	-7
466.023	1	9
466.194	1	13
466.364	1	20
466.534	1	12
466.705	1	2
466.875	1	13
467.045	1	1
467.216	1	11
467.386	1	12
467.557	1	12
467.727	1	11
467.897	1	8
468.068	1	0
468.238	1	7
468.409	1	1
468.579	1	7
468.749	1	7
468.920	1	7
469.090	1	3
469.260	1	4
469.431	1	17
469.601	1	4
469.772	1	1
469.942	1	14
470.112	1	3
470.283	1	11
470.453	1	17
470.623	1	7
470.794	1	3
470.964	1	9
471.135	1	15
471.305	1	8
471.475	1	7
471.646	1	6
471.816	1	10
471.986	1	9
472.157	1	17
472.327	1	11
472.497	1	17
472.668	1	4
472.838	1	19
473.009	1	9
473.179	1	10
473.349	1	14
473.520	1	4
473.690	1	11
473.860	1	7
474.031	1	6
474.201	1	13
474.371	1	7
474.542	1	15
474.712	1	7
474.882	1	-1
475.053	1	12
475.223	1	-5
475.394	1	8
475.564	1	6
475.734	1	13
475.905	1	3
476.075	1	5
476.245	1	16
476.416	1	3
476.586	1	2
476.756	1	4
476.927	1	3
477.097	1	-1
477.267	1	6
477.438	1	10
477.608	1	6
477.778	1	5
477.949	1	2
478.119	1	15
478.289	1	3
478.460	1	-7
478.630	1	20
478.800	1	9
478.971	1	8
479.141	1	11
479.311	1	7
479.482	1	9
479.652	1	13
479.822	1	7
479.993	1	13
480.163	1	8
480.333	1	-1
480.504	1	0
480.674	1	2
480.844	1	4
481.015	1	8
481.185	1	5
481.355	1	10
481.525	1	12
481.696	1	-3
481.866	1	7
482.036	1	11
482.207	1	10
482.377	1	7
482.547	1	-2
482.718	1	3
482.888	1	15
483.058	1	-2
483.229	1	8
483.399	1	17
483.569	1	16
483.740	1	7
483.910	1	-5
484.080	1	-2
484.250	1	3
484.421	1	9
484.591	1	-2
484.761	1	0
484.932	1	6
485.102	1	6
485.272	1	1
485.443	1	13
485.613	1	16
485.783	1	9
485.953	1	15
486.124	1	6
486.294	1	-1
486.464	1	-4
486.635	1	16
486.805	1	8
486.975	1	11
487.146	1	8
487.316	1	10
487.486	1	17
487.656	1	5
487.827	1	1
487.997	1	2
488.167	1	0
488.338	1	-4
488.508	1	6
488.678	1	7
488.848	1	6
489.019	1	-6
489.189	1	1
489.359	1	7
489.529	1	14
489.700	1	12
489.870	1	-1
490.040	1	-4
490.211	1	6
490.381	1	8
490.551	1	2
490.721	1	12
490.892	1	4
491.062	1	3
491.232	1	-3
491.402	1	6
491.573	1	-4
491.743	1	16
491.913	1	-4
492.084	1	9
492.254	1	0
492.424	1	14
492.594	1	16
492.765	1	-1
492.935	1	3
493.105	1	11
493.275	1	5
493.446	1	2
493.616	1	-2
493.786	1	-2
493.956	1	-7
494.127	1	12
494.297	1	0
494.467	1	8
494.637	1	7
494.808	1	15
494.978	1	-2
495.148	1	0
495.318	1	8
495.489	1	-8
495.659	1	0
495.829	1	4
495.999	1	-2
496.170	1	-6
496.340	1	9
496.510	1	10
496.680	1	1
496.851	1	12
497.021	1	1
497.191	1	6
497.361	1	-3
497.532	1	1
497.702	1	2
497.872	1	14
498.042	1	20
498.213	1	5
498.383	1	8
498.553	1	13
498.723	1	0
498.894	1	5
499.064	1	4
499.234	1	7
499.404	1	-2
499.574	1	1
499.745	1	7
499.915	1	-2
500.085	1	2
500.255	1	-2
500.426	1	3
500.596	1	-5
500.766	1	12
500.936	1	7
501.106	1	4
501.277	1	8
501.447	1	12
501.617	1	-3
501.787	1	8
501.958	1	3
502.128	1	-6
502.298	1	5
502.468	1	8
502.638	1	2
502.809	1	5
502.979	1	12
503.149	1	0
503.319	1	7
503.489	1	-7
503.660	1	-11
503.830	1	3
504.000	1	16
504.170	1	-3
504.340	1	-6
504.511	1	9
504.681	1	-5
504.851	1	2
505.021	1	7
505.192	1	3
505.362	1	5
505.532	1	10
505.702	1	5
505.872	1	4
506.043	1	8
506.213	1	9
506.383	1	6
506.553	1	19
506.723	1	7
506.893	1	-8
507.064	1	-1
507.234	1	9
507.404	1	7
507.574	1	5
507.744	1	4
507.915	1	6
508.085	1	10
508.255	1	5
508.425	1	2
508.595	1	1
508.766	1	0
508.936	1	8
509.106	1	9
509.276	1	1
509.446	1	2
509.616	1	-1
509.787	1	11
509.957	1	8
510.127	1	3
510.297	1	0
510.467	1	-1
510.638	1	5
510.808	1	-5
510.978	1	4
511.148	1	20
511.318	1	3
511.488	1	10
511.659	1	12
511.829	1	-1
511.999	1	3
512.169	1	-3
512.339	1	7
512.509	1	3
512.680	1	-8
512.850	1	8
513.020	1	2
513.190	1	-5
513.360	1	5
513.530	1	3
513.700	1	3
513.871	1	5
514.041	1	10
514.211	1	6
514.381	1	0
514.551	1	-1
514.721	1	3
514.892	1	4
515.062	1	2
515.232	1	-1
515.402	1	8
515.572	1	4
515.742	1	5
515.912	1	2
516.083	1	7
516.253	1	10
516.423	1	2
516.593	1	4
516.763	1	-9
516.933	1	-12
517.104	1	-4
517.274	1	0
517.444	1	3
517.614	1	5
517.784	1	5
517.954	1	11
518.124	1	-4
518.294	1	8
518.465	1	1
518.635	1	2
518.805	1	14
518.975	1	12
519.145	1	5
519.315	1	-6
519.485	1	-3
519.656	1	4
519.826	1	11
519.996	1	-4
520.166	1	3
520.336	1	-2
520.506	1	-5
520.676	1	-1
520.846	1	7
521.017	1	1
521.187	1	18
521.357	1	2
521.527	1	4
521.697	1	11
521.867	1	-6
522.037	1	-7
522.207	1	0
522.377	1	8
522.548	1	0
522.718	1	13
522.888	1	11
523.058	1	5
523.228	1	1
523.398	1	4
523.568	1	4
523.738	1	-2
523.909	1	10
524.079	1	3
524.249	1	3
524.419	1	-2
524.589	1	6
524.759	1	15
524.929	1	-2
525.099	1	1
525.269	1	14
525.439	1	10
525.610	1	1
525.780	1	-1
525.950	1	0
526.120	1	0
526.290	1	1
526.460	1	3
526.630	1	-1
526.800	1	1
526.970	1	10
527.140	1	1
527.311	1	2
527.481	1	-2
527.651	1	-1
527.821	1	-4
527.991	1	3
528.161	1	5
528.331	1	9
528.501	1	17
528.671	1	-1
528.841	1	6
529.011	1	-2
529.181	1	-2
529.352	1	-1
529.522	1	1
529.692	1	3
529.862	1	10
530.032	1	8
530.202	1	3
530.372	1	-5
530.542	1	-3
530.712	1	-6
530.882	1	-9
531.052	1	7
531.222	1	-13
531.392	1	0
531.563	1	1
531.733	1	7
531.903	1	10
532.073	1	-1
532.243	1	-1
532.413	1	13
532.583	1	-7
532.753	1	-5
532.923	1	12
533.093	1	9
533.263	1	-15
533.433	1	11
533.603	1	11
533.773	1	-4
533.943	1	1
534.113	1	2
534.284	1	4
534.454	1	3
534.624	1	5
534.794	1	3
534.964	1	5
535.134	1	11
535.304	1	6
535.474	1	-3
535.644	1	3
535.814	1	6
535.984	1	14
536.154	1	6
536.324	1	7
536.494	1	6
536.664	1	9
536.834	1	-1
537.004	1	1
537.174	1	4
537.344	1	3
537.514	1	1
537.685	1	1
537.855	1	1
538.025	1	1
538.195	1	1
538.365	1	-1
538.535	1	3
538.705	1	9
538.875	1	9
539.045	1	2
539.215	1	-8
539.385	1	-7
539.555	1	4
539.725	1	-4
539.895	1	9
540.065	1	-1
540.235	1	5
540.405	1	-3
540.575	1	-3
540.745	1	4
540.915	1	-4
541.085	1	-4
541.255	1	-9
541.425	1	5
541.595	1	12
541.765	1	8
541.935	1	0
542.105	1	1
542.275	1	-5
542.445	1	1
542.615	1	5
542.785	1	-7
542.955	1	-4
543.125	1	-2
543.295	1	3
543.465	1	8
543.635	1	6
543.805	1	18
543.975	1	4
544.145	1	-3
544.315	1	1
544.485	1	-5
544.655	1	10
544.825	1	0
544.995	1	2
545.165	1	7
545.335	1	0
545.505	1	9
545.675	1	-10
545.845	1	10
546.015	1	5
546.185	1	-1
546.355	1	4
546.525	1	4
546.695	1	-10
546.865	1	8
547.035	1	-5
547.205	1	7
547.375	1	6
547.545	1	15
547.715	1	8
547.885	1	13
548.055	1	-12
548.225	1	4
548.395	1	-8
548.565	1	1
548.735	1	0
548.905	1	-5
549.075	1	6
549.245	1	4
549.415	1	5
549.585	1	3
549.755	1	7
549.925	1	6
550.095	1	3
550.265	1	8
550.435	1	-9
550.605	1	-4
550.775	1	-2
550.945	1	13
551.115	1	8
551.285	1	4
551.455	1	7
551.625	1	-3
551.795	1	-1
551.965	1	9
552.135	1	0
552.305	1	-11
552.475	1	4
552.645	1	-2
552.815	1	-1
552.985	1	9
553.155	1	-3
553.325	1	15
553.495	1	3
553.665	1	16
553.835	1	1
554.004	1	-4
554.174	1	-2
554.344	1	-1
554.514	1	11
554.684	1	6
554.854	1	4
555.024	1	4
555.194	1	6
555.364	1	6
555.534	1	-7
555.704	1	8
555.874	1	-3
556.044	1	10
556.214	1	3
556.384	1	5
556.554	1	6
556.724	1	3
556.894	1	-2
557.064	1	6
557.234	1	0
557.404	1	7
557.573	1	-10
557.743	1	3
557.913	1	-13
558.083	1	10
558.253	1	-5
558.423	1	-7
558.593	1	5
558.763	1	2
558.933	1	-3
559.103	1	9
559.273	1	7
559.443	1	6
559.613	1	5
559.783	1	8
559.953	1	3
560.122	1	6
560.292	1	-7
560.462	1	-10
560.632	1	5
560.802	1	-7
560.972	1	-9
561.142	1	12
561.312	1	3
561.482	1	5
561.652	1	2
561.822	1	-5
561.992	1	-8
562.162	1	11
562.331	1	2
562.501	1	-9
562.671	1	14
562.841	1	-6
563.011	1	-12
563.181	1	15
563.351	1	-2
563.521	1	3
563.691	1	6
563.861	1	-1
564.031	1	-5
564.201	1	-2
564.370	1	-7
564.540	1	2
564.710	1	0
564.880	1	-12
565.050	1	2
565.220	1	7
565.390	1	-1
565.560	1	0
565.730	1	-4
565.900	1	-1
566.069	1	4
566.239	1	1
566.409	1	3
566.579	1	7
566.749	1	-3
566.919	1	7
567.089	1	8
567.259	1	4
567.429	1	5
567.599	1	3
567.768	1	-1
567.938	1	-5
568.108	1	1
568.278	1	-1
568.448	1	5
568.618	1	0
568.788	1	-16
568.958	1	-14
569.128	1	-1
569.297	1	-5
569.467	1	7
569.637	1	9
569.807	1	-4
569.977	1	0
570.147	1	0
570.317	1	2
570.487	1	8
570.656	1	7
570.826	1	-2
570.996	1	-1
571.166	1	3
571.336	1	-4
571.506	1	-5
571.676	1	-15
571.846	1	-3
572.015	1	7
572.185	1	0
572.355	1	5
572.525	1	-5
572.695	1	3
572.865	1	19
573.035	1	-7
573.205	1	-4
573.374	1	9
573.544	1	10
573.714	1	5
573.884	1	5
574.054	1	-7
574.224	1	7
574.394	1	3
574.563	1	0
574.733	1	8
574.903	1	6
575.073	1	-1
575.243	1	5
575.413	1	2
575.583	1	-5
575.752	1	2
575.922	1	3
576.092	1	-11
576.262	1	4
576.432	1	10
576.602	1	-2
576.772	1	-3
576.941	1	1
577.111	1	1
577.281	1	14
577.451	1	-5
577.621	1	8
577.791	1	7
577.960	1	1
578.130	1	0
578.300	1	6
578.470	1	-2
578.640	1	6
578.810	1	2
578.979	1	1
579.149	1	-12
579.319	1	2
579.489	1	2
579.659	1	-6
579.829	1	8
579.998	1	2
580.168	1	-9
580.338	1	-3
580.508	1	2
580.678	1	8
580.848	1	-1
581.017	1	-1
581.187	1	8
581.357	1	1
581.527	1	-10
581.697	1	-15
581.867	1	8
582.036	1	1
582.206	1	-3
582.376	1	-2
582.546	1	17
582.716	1	-6
582.885	1	0
583.055	1	0
583.225	1	-5
583.395	1	-1
583.565	1	-6
583.735	1	1
583.904	1	-4
584.074	1	-4
584.244	1	5
584.414	1	-4
584.584	1	1
584.753	1	10
584.923	1	7
585.093	1	-6
585.263	1	-2
585.433	1	18
585.602	1	-1
585.772	1	1
585.942	1	1
586.112	1	3
586.282	1	5
586.451	1	2
586.621	1	3
586.791	1	1
586.961	1	-1
587.131	1	1
587.300	1	10
587.470	1	-9
587.640	1	-8
587.810	1	-7
587.980	1	-6
588.149	1	5
588.319	1	3
588.489	1	1
588.659	1	11
588.829	1	-10
588.998	1	-4
589.168	1	8
589.338	1	10
589.508	1	5
589.677	1	-2
589.847	1	0
590.017	1	0
590.187	1	2
590.357	1	-4
590.526	1	12
590.696	1	2
590.866	1	3
591.036	1	-4
591.205	1	-2
591.375	1	7
591.545	1	-1
591.715	1	-7
591.885	1	-1
592.054	1	5
592.224	1	7
592.394	1	-1
592.564	1	-6
592.733	1	-5
592.903	1	5
593.073	1	-5
593.243	1	1
593.412	1	-2
593.582	1	3
593.752	1	13
593.922	1	12
594.091	1	-4
594.261	1	-5
594.431	1	-6
594.601	1	0
594.771	1	12
594.940	1	-7
595.110	1	-3
595.280	1	0
595.450	1	5
595.619	1	9
595.789	1	5
595.959	1	5
596.129	1	-6
596.298	1	2
596.468	1	8
596.638	1	8
596.808	1	2
596.977	1	1
597.147	1	0
597.317	1	-3
597.487	1	-1
597.656	1	0
597.826	1	-1
597.996	1	0
598.166	1	13
598.335	1	-8
598.505	1	-4
598.675	1	-7
598.844	1	-2
599.014	1	4
599.184	1	-10
599.354	1	6
599.523	1	-2
599.693	1	5
599.863	1	7
600.033	1	0
600.202	1	17
600.372	1	-4
600.542	1	2
600.712	1	13
600.881	1	6
601.051	1	1
601.221	1	13
601.390	1	9
601.560	1	11
601.730	1	6
601.900	1	12
602.069	1	-9
602.239	1	1
602.409	1	3
602.578	1	14
602.748	1	0
602.918	1	8
603.088	1	11
603.257	1	2
603.427	1	15
603.597	1	-3
603.767	1	6
603.936	1	11
604.106	1	8
604.276	1	-6
604.445	1	2
604.615	1	-5
604.785	1	5
604.954	1	8
605.124	1	4
605.294	1	4
605.464	1	-8
605.633	1	13
605.803	1	12
605.973	1	14
606.142	1	5
606.312	1	9
606.482	1	-4
606.652	1	4
606.821	1	0
606.991	1	4
607.161	1	5
607.330	1	5
607.500	1	8
607.670	1	5
607.839	1	0
608.009	1	14
608.179	1	-6
608.348	1	-4
608.518	1	-1
608.688	1	9
608.858	1	-7
609.027	1	2
609.197	1	3
609.367	1	-10
609.536	1	11
609.706	1	7
609.876	1	0
610.045	1	4
610.215	1	7
610.385	1	2
610.554	1	2
610.724	1	5
610.894	1	10
611.063	1	3
611.233	1	-2
611.403	1	-3
611.572	1	1
611.742	1	-4
611.912	1	5
612.081	1	2
612.251	1	7
612.421	1	-5
612.590	1	-6
612.760	1	7
612.930	1	-1
613.099	1	5
613.269	1	8
613.439	1	129
613.608	1	22
613.778	1	-2
613.948	1	5
614.117	1	0
614.287	1	0
614.457	1	1
614.626	1	11
614.796	1	11
614.966	1	2
615.135	1	14
615.305	1	6
615.475	1	3
615.644	1	4
615.814	1	-3
615.984	1	-1
616.153	1	14
616.323	1	0
616.493	1	12
616.662	1	3
616.832	1	0
617.002	1	-6
617.171	1	7
617.341	1	-1
617.511	1	-3
617.680	1	7
617.850	1	3
618.019	1	5
618.189	1	1
618.359	1	3
618.528	1	-2
618.698	1	6
618.868	1	5
619.037	1	1
619.207	1	6
619.377	1	-6
619.546	1	-1
619.716	1	1
619.885	1	-4
620.055	1	15
620.225	1	16
620.394	1	5
620.564	1	-4
620.734	1	2
620.903	1	3
621.073	1	2
621.242	1	-1
621.412	1	5
621.582	1	-2
621.751	1	8
621.921	1	7
622.091	1	3
622.260	1	0
622.430	1	4
622.599	1	10
622.769	1	-8
622.939	1	1
623.108	1	2
623.278	1	15
623.448	1	12
623.617	1	-1
623.787	1	12
623.956	1	16
624.126	1	-2
624.296	1	-1
624.465	1	-6
624.635	1	6
624.804	1	-2
624.974	1	1
625.144	1	16
625.313	1	-4
625.483	1	9
625.652	1	11
625.822	1	0
625.992	1	9
626.161	1	-2
626.331	1	8
626.501	1	-1
626.670	1	0
626.840	1	2
627.009	1	9
627.179	1	-18
627.348	1	-3
627.518	1	11
627.688	1	2
627.857	1	1
628.027	1	-8
628.196	1	-4
628.366	1	4
628.536	1	6
628.705	1	8
628.875	1	3
629.044	1	6
629.214	1	-9
629.384	1	1
629.553	1	0
629.723	1	-8
629.892	1	-5
630.062	1	-6
630.232	1	8
630.401	1	2
630.571	1	8
630.740	1	3
630.910	1	0
631.079	1	-1
631.249	1	0
631.419	1	16
631.588	1	3
631.758	1	-3
631.927	1	-3
632.097	1	1
632.266	1	-7
632.436	1	4
632.606	1	-2
632.775	1	14
632.945	1	-6
633.114	1	3
633.284	1	2
633.453	1	-3
633.623	1	9
633.793	1	-2
633.962	1	-11
634.132	1	6
634.301	1	-5
634.471	1	4
634.640	1	3
634.810	1	7
634.979	1	3
635.149	1	6
635.319	1	1
635.488	1	-6
635.658	1	13
635.827	1	-7
635.997	1	2
636.166	1	-2
636.336	1	0
636.505	1	-2
636.675	1	1
636.845	1	6
637.014	1	-1
637.184	1	1
637.353	1	6
637.523	1	3
637.692	1	12
637.862	1	-1
638.031	1	-5
638.201	1	-12
638.370	1	5
638.540	1	3
638.710	1	10
638.879	1	1
639.049	1	6
639.218	1	16
639.388	1	6
639.557	1	6
639.727	1	8
639.896	1	13
640.066	1	4
640.235	1	-2
640.405	1	5
640.574	1	2
640.744	1	-2
640.914	1	8
641.083	1	3
641.253	1	2
641.422	1	10
641.592	1	3
641.761	1	5
641.931	1	-4
642.100	1	12
642.270	1	-3
642.439	1	5
642.609	1	5
642.778	1	9
642.948	1	5
643.117	1	6
643.287	1	5
643.456	1	5
643.626	1	5
643.795	1	7
643.965	1	0
644.134	1	4
644.304	1	15
644.473	1	-5
644.643	1	-6
644.812	1	2
644.982	1	-4
645.151	1	13
645.321	1	-5
645.490	1	13
645.660	1	0
645.829	1	-6
645.999	1	3
646.168	1	5
646.338	1	9
646.507	1	1
646.677	1	6
646.846	1	-6
647.016	1	-2
647.185	1	8
647.355	1	0
647.524	1	-2
647.694	1	4
647.863	1	10
648.033	1	-2
648.202	1	1
648.372	1	2
648.541	1	1
648.711	1	-5
648.880	1	1
649.050	1	13
649.219	1	-1
649.389	1	8
649.558	1	-2
649.728	1	-1
649.897	1	-4
650.067	1	3
650.236	1	-3
650.406	1	4
650.575	1	7
650.745	1	2
650.914	1	0
651.084	1	5
651.253	1	2
651.423	1	2
651.592	1	-8
651.762	1	-2
651.931	1	0
652.101	1	1
652.270	1	-2
652.440	1	4
652.609	1	6
652.778	1	5
652.948	1	8
653.117	1	8
653.287	1	6
653.456	1	4
653.626	1	-3
653.795	1	-3
653.965	1	-6
654.134	1	-12
654.304	1	6
654.473	1	8
654.643	1	-3
654.812	1	1
654.982	1	1
655.151	1	9
655.320	1	8
655.490	1	12
655.659	1	5
655.829	1	-5
655.998	1	2
656.168	1	-1
656.337	1	-7
656.507	1	-5
656.676	1	-2
656.846	1	3
657.015	1	0
657.184	1	1
657.354	1	17
657.523	1	6
657.693	1	-1
657.862	1	-10
658.032	1	9
658.201	1	6
658.371	1	-7
658.540	1	-6
658.709	1	-1
658.879	1	10
659.048	1	8
659.218	1	-5
659.387	1	9
659.557	1	4
659.726	1	1
659.895	1	2
660.065	1	6
660.234	1	0
660.404	1	-1
660.573	1	-6
660.743	1	0
660.912	1	-4
661.081	1	-13
661.251	1	13
661.420	1	14
661.590	1	-4
661.759	1	0
661.929	1	8
662.098	1	4
662.267	1	12
662.437	1	4
662.606	1	9
662.776	1	1
662.945	1	14
663.115	1	2
663.284	1	3
663.453	1	13
663.623	1	9
663.792	1	9
663.962	1	-4
664.131	1	5
664.300	1	-14
664.470	1	5
664.639	1	-5
664.809	1	1
664.978	1	-2
665.148	1	-5
665.317	1	0
665.486	1	-5
665.656	1	11
665.825	1	15
665.995	1	3
666.164	1	7
666.333	1	-4
666.503	1	-1
666.672	1	3
666.842	1	-1
667.011	1	-6
667.180	1	6
667.350	1	6
667.519	1	2
667.689	1	4
667.858	1	7
668.027	1	9
668.197	1	12
668.366	1	-13
668.536	1	-8
668.705	1	5
668.874	1	1
669.044	1	-4
669.213	1	8
669.382	1	9
669.552	1	9
669.721	1	-6
669.891	1	-7
670.060	1	-1
670.229	1	-3
670.399	1	-10
670.568	1	-5
670.738	1	7
670.907	1	5
671.076	1	0
671.246	1	-2
671.415	1	4
671.584	1	-1
671.754	1	-1
671.923	1	7
672.093	1	-2
672.262	1	-11
672.431	1	2
672.601	1	8
672.770	1	-2
672.939	1	-3
673.109	1	8
673.278	1	2
673.448	1	7
673.617	1	6
673.786	1	6
