325.333	1	6
325.504	1	12
325.675	1	1
325.846	1	2
326.017	1	1
326.188	1	9
326.359	1	14
326.531	1	17
326.702	1	17
326.873	1	6
327.044	1	5
327.215	1	1
327.386	1	8
327.557	1	9
327.728	1	10
327.899	1	7
328.070	1	19
328.241	1	4
328.412	1	-1
328.583	1	6
328.754	1	2
328.926	1	1
329.097	1	4
329.268	1	-2
329.439	1	2
329.610	1	5
329.781	1	12
329.952	1	4
330.123	1	-3
330.294	1	9
330.465	1	8
330.636	1	16
330.807	1	4
330.978	1	4
331.149	1	12
331.320	1	12
331.492	1	6
331.663	1	9
331.834	1	5
332.005	1	3
332.176	1	9
332.347	1	18
332.518	1	16
332.689	1	5
332.860	1	17
333.031	1	14
333.202	1	10
333.373	1	14
333.544	1	6
333.715	1	-1
333.886	1	14
334.057	1	-4
334.228	1	2
334.399	1	15
334.570	1	-2
334.741	1	6
334.912	1	15
335.084	1	2
335.255	1	10
335.426	1	14
335.597	1	5
335.768	1	11
335.939	1	9
336.110	1	5
336.281	1	13
336.452	1	10
336.623	1	8
336.794	1	2
336.965	1	9
337.136	1	18
337.307	1	15
337.478	1	7
337.649	1	-3
337.820	1	-1
337.991	1	8
338.162	1	8
338.333	1	2
338.504	1	17
338.675	1	5
338.846	1	15
339.017	1	25
339.188	1	16
339.359	1	6
339.530	1	15
339.701	1	-6
339.872	1	3
340.043	1	2
340.214	1	7
340.385	1	14
340.556	1	3
340.727	1	6
340.898	1	6
341.069	1	3
341.240	1	4
341.411	1	17
341.582	1	20
341.753	1	-8
341.924	1	15
342.095	1	16
342.266	1	3
342.437	1	-2
342.608	1	5
342.779	1	16
342.950	1	0
343.121	1	16
343.292	1	17
343.463	1	12
343.634	1	7
343.805	1	0
343.976	1	4
344.147	1	10
344.318	1	11
344.489	1	14
344.660	1	10
344.831	1	9
345.002	1	7
345.173	1	28
345.344	1	3
345.515	1	15
345.686	1	5
345.857	1	18
346.028	1	2
346.199	1	9
346.370	1	14
346.541	1	11
346.712	1	5
346.883	1	26
347.054	1	6
347.225	1	7
347.396	1	8
347.567	1	6
347.738	1	16
347.909	1	11
348.080	1	15
348.251	1	6
348.422	1	6
348.593	1	11
348.764	1	12
348.935	1	5
349.106	1	17
349.277	1	8
349.448	1	12
349.619	1	16
349.790	1	12
349.961	1	8
350.132	1	15
350.303	1	1
350.474	1	13
350.645	1	19
350.816	1	5
350.987	1	15
351.157	1	10
351.328	1	11
351.499	1	11
351.670	1	12
351.841	1	1
352.012	1	11
352.183	1	10
352.354	1	11
352.525	1	11
352.696	1	6
352.867	1	8
353.038	1	2
353.209	1	12
353.380	1	12
353.551	1	3
353.722	1	14
353.893	1	5
354.064	1	11
354.235	1	13
354.406	1	13
354.576	1	13
354.747	1	14
354.918	1	19
355.089	1	19
355.260	1	13
355.431	1	26
355.602	1	11
355.773	1	10
355.944	1	3
356.115	1	3
356.286	1	21
356.457	1	9
356.628	1	13
356.799	1	19
356.970	1	13
357.141	1	16
357.311	1	6
357.482	1	12
357.653	1	15
357.824	1	17
357.995	1	20
358.166	1	14
358.337	1	9
358.508	1	11
358.679	1	12
358.850	1	11
359.021	1	15
359.192	1	9
359.363	1	5
359.533	1	7
359.704	1	14
359.875	1	8
360.046	1	14
360.217	1	-3
360.388	1	8
360.559	1	16
360.730	1	8
360.901	1	13
361.072	1	17
361.243	1	10
361.414	1	13
361.584	1	27
361.755	1	19
361.926	1	9
362.097	1	10
362.268	1	17
362.439	1	11
362.610	1	1
362.781	1	22
362.952	1	6
363.123	1	1
363.293	1	8
363.464	1	9
363.635	1	14
363.806	1	15
363.977	1	17
364.148	1	7
364.319	1	-2
364.490	1	11
364.661	1	6
364.832	1	16
365.002	1	-1
365.173	1	2
365.344	1	16
365.515	1	8
365.686	1	9
365.857	1	14
366.028	1	12
366.199	1	17
366.370	1	11
366.540	1	16
366.711	1	16
366.882	1	8
367.053	1	16
367.224	1	11
367.395	1	13
367.566	1	21
367.737	1	20
367.908	1	8
368.078	1	12
368.249	1	14
368.420	1	19
368.591	1	12
368.762	1	-5
368.933	1	23
369.104	1	15
369.274	1	21
369.445	1	29
369.616	1	7
369.787	1	16
369.958	1	20
370.129	1	7
370.300	1	16
370.471	1	23
370.641	1	9
370.812	1	17
370.983	1	3
371.154	1	32
371.325	1	12
371.496	1	10
371.667	1	20
371.837	1	10
372.008	1	21
372.179	1	15
372.350	1	18
372.521	1	17
372.692	1	13
372.863	1	2
373.033	1	17
373.204	1	27
373.375	1	6
373.546	1	14
373.717	1	23
373.888	1	20
374.059	1	23
374.229	1	27
374.400	1	21
374.571	1	15
374.742	1	7
374.913	1	17
375.084	1	19
375.254	1	11
375.425	1	9
375.596	1	10
375.767	1	6
375.938	1	11
376.109	1	9
376.279	1	16
376.450	1	12
376.621	1	18
376.792	1	20
376.963	1	9
377.134	1	15
377.304	1	15
377.475	1	13
377.646	1	12
377.817	1	10
377.988	1	15
378.159	1	24
378.329	1	27
378.500	1	8
378.671	1	5
378.842	1	21
379.013	1	7
379.184	1	13
379.354	1	18
379.525	1	6
379.696	1	27
379.867	1	7
380.038	1	15
380.209	1	18
380.379	1	30
380.550	1	17
380.721	1	11
380.892	1	18
381.063	1	20
381.233	1	15
381.404	1	10
381.575	1	24
381.746	1	10
381.917	1	10
382.087	1	7
382.258	1	27
382.429	1	14
382.600	1	21
382.771	1	20
382.941	1	11
383.112	1	12
383.283	1	23
383.454	1	21
383.625	1	17
383.795	1	20
383.966	1	26
384.137	1	16
384.308	1	19
384.479	1	20
384.649	1	18
384.820	1	20
384.991	1	9
385.162	1	11
385.333	1	21
385.503	1	22
385.674	1	23
385.845	1	17
386.016	1	27
386.187	1	15
386.357	1	22
386.528	1	15
386.699	1	10
386.870	1	23
387.041	1	11
387.211	1	13
387.382	1	25
387.553	1	18
387.724	1	14
387.894	1	31
388.065	1	31
388.236	1	24
388.407	1	22
388.578	1	30
388.748	1	28
388.919	1	25
389.090	1	22
389.261	1	27
389.431	1	28
389.602	1	17
389.773	1	15
389.944	1	14
390.114	1	31
390.285	1	28
390.456	1	23
390.627	1	24
390.798	1	20
390.968	1	8
391.139	1	17
391.310	1	23
391.481	1	22
391.651	1	18
391.822	1	22
391.993	1	24
392.164	1	14
392.334	1	22
392.505	1	22
392.676	1	34
392.847	1	44
393.017	1	14
393.188	1	24
393.359	1	20
393.530	1	25
393.700	1	26
393.871	1	22
394.042	1	23
394.213	1	26
394.383	1	24
394.554	1	24
394.725	1	18
394.896	1	15
395.066	1	19
395.237	1	20
395.408	1	16
395.579	1	13
395.749	1	21
395.920	1	27
396.091	1	35
396.262	1	8
396.432	1	18
396.603	1	20
396.774	1	22
396.945	1	10
397.115	1	14
397.286	1	34
397.457	1	18
397.627	1	20
397.798	1	21
397.969	1	23
398.140	1	21
398.310	1	20
398.481	1	26
398.652	1	10
398.823	1	12
398.993	1	35
399.164	1	11
399.335	1	16
399.505	1	31
399.676	1	27
399.847	1	20
400.018	1	26
400.188	1	17
400.359	1	33
400.530	1	21
400.700	1	31
400.871	1	30
401.042	1	27
401.213	1	26
401.383	1	19
401.554	1	34
401.725	1	25
401.895	1	16
402.066	1	24
402.237	1	30
402.408	1	25
402.578	1	23
402.749	1	31
402.920	1	25
403.090	1	28
403.261	1	25
403.432	1	26
403.603	1	8
403.773	1	30
403.944	1	30
404.115	1	19
404.285	1	39
404.456	1	28
404.627	1	14
404.797	1	29
404.968	1	31
405.139	1	27
405.310	1	18
405.480	1	33
405.651	1	33
405.822	1	38
405.992	1	32
406.163	1	19
406.334	1	27
406.504	1	26
406.675	1	19
406.846	1	21
407.016	1	17
407.187	1	17
407.358	1	32
407.528	1	40
407.699	1	16
407.870	1	37
408.041	1	20
408.211	1	14
408.382	1	25
408.553	1	11
408.723	1	27
408.894	1	19
409.065	1	34
409.235	1	18
409.406	1	25
409.577	1	25
409.747	1	37
409.918	1	14
410.089	1	18
410.259	1	30
410.430	1	24
410.601	1	27
410.771	1	31
410.942	1	16
411.113	1	40
411.283	1	22
411.454	1	29
411.625	1	37
411.795	1	19
411.966	1	18
412.137	1	31
412.307	1	25
412.478	1	22
412.649	1	39
412.819	1	16
412.990	1	25
413.161	1	29
413.331	1	28
413.502	1	16
413.672	1	27
413.843	1	22
414.014	1	32
414.184	1	18
414.355	1	20
414.526	1	23
414.696	1	29
414.867	1	22
415.038	1	21
415.208	1	24
415.379	1	24
415.550	1	32
415.720	1	24
415.891	1	35
416.062	1	25
416.232	1	28
416.403	1	26
416.573	1	20
416.744	1	24
416.915	1	30
417.085	1	16
417.256	1	25
417.427	1	38
417.597	1	19
417.768	1	25
417.939	1	38
418.109	1	11
418.280	1	20
418.450	1	38
418.621	1	27
418.792	1	12
418.962	1	31
419.133	1	22
419.304	1	19
419.474	1	21
419.645	1	26
419.815	1	26
419.986	1	18
420.157	1	30
420.327	1	20
420.498	1	13
420.669	1	26
420.839	1	25
421.010	1	26
421.180	1	20
421.351	1	31
421.522	1	35
421.692	1	22
421.863	1	30
422.033	1	47
422.204	1	35
422.375	1	25
422.545	1	26
422.716	1	28
422.886	1	34
423.057	1	17
423.228	1	32
423.398	1	29
423.569	1	24
423.740	1	20
423.910	1	25
424.081	1	38
424.251	1	20
424.422	1	10
424.593	1	30
424.763	1	23
424.934	1	21
425.104	1	33
425.275	1	25
425.445	1	28
425.616	1	32
425.787	1	26
425.957	1	21
426.128	1	30
426.298	1	23
426.469	1	11
426.640	1	20
426.810	1	23
426.981	1	25
427.151	1	18
427.322	1	10
427.493	1	20
427.663	1	24
427.834	1	25
428.004	1	28
428.175	1	28
428.345	1	25
428.516	1	23
428.687	1	22
428.857	1	16
429.028	1	29
429.198	1	29
429.369	1	22
429.540	1	20
429.710	1	24
429.881	1	27
430.051	1	24
430.222	1	20
430.392	1	25
430.563	1	23
430.734	1	28
430.904	1	16
431.075	1	6
431.245	1	34
431.416	1	21
431.586	1	27
431.757	1	29
431.927	1	22
432.098	1	23
432.269	1	32
432.439	1	37
432.610	1	20
432.780	1	26
432.951	1	28
433.121	1	27
433.292	1	26
433.462	1	37
433.633	1	34
433.804	1	18
433.974	1	26
434.145	1	28
434.315	1	32
434.486	1	9
434.656	1	13
434.827	1	33
434.997	1	36
435.168	1	26
435.339	1	26
435.509	1	28
435.680	1	18
435.850	1	24
436.021	1	30
436.191	1	24
436.362	1	29
436.532	1	30
436.703	1	37
436.873	1	23
437.044	1	27
437.214	1	37
437.385	1	29
437.556	1	22
437.726	1	24
437.897	1	21
438.067	1	22
438.238	1	40
438.408	1	21
438.579	1	26
438.749	1	21
438.920	1	23
439.090	1	24
439.261	1	25
439.431	1	19
439.602	1	15
439.772	1	31
439.943	1	22
440.113	1	33
440.284	1	26
440.455	1	37
440.625	1	25
440.796	1	17
440.966	1	35
441.137	1	21
441.307	1	29
441.478	1	32
441.648	1	20
441.819	1	26
441.989	1	15
442.160	1	21
442.330	1	29
442.501	1	22
442.671	1	24
442.842	1	34
443.012	1	17
443.183	1	24
443.353	1	38
443.524	1	23
443.694	1	25
443.865	1	33
444.035	1	15
444.206	1	22
444.376	1	40
444.547	1	26
444.717	1	22
444.888	1	27
445.058	1	36
445.229	1	22
445.399	1	17
445.570	1	12
445.740	1	21
445.911	1	26
446.081	1	31
446.252	1	17
446.422	1	32
446.593	1	26
446.763	1	20
446.934	1	25
447.104	1	17
447.275	1	26
447.445	1	18
447.616	1	28
447.786	1	23
447.957	1	24
448.127	1	31
448.298	1	26
448.468	1	26
448.639	1	9
448.809	1	29
448.979	1	30
449.150	1	20
449.320	1	38
449.491	1	29
449.661	1	34
449.832	1	33
450.002	1	19
450.173	1	12
450.343	1	22
450.514	1	24
450.684	1	18
450.855	1	14
451.025	1	28
451.196	1	15
451.366	1	28
451.537	1	22
451.707	1	30
451.878	1	31
452.048	1	18
452.218	1	9
452.389	1	29
452.559	1	27
452.730	1	19
452.900	1	18
453.071	1	17
453.241	1	21
453.412	1	12
453.582	1	19
453.753	1	31
453.923	1	35
454.093	1	22
454.264	1	10
454.434	1	33
454.605	1	23
454.775	1	22
454.946	1	32
455.116	1	22
455.287	1	23
455.457	1	27
455.628	1	21
455.798	1	20
455.968	1	22
456.139	1	21
456.309	1	32
456.480	1	24
456.650	1	31
456.821	1	41
456.991	1	22
457.161	1	33
457.332	1	19
457.502	1	29
457.673	1	25
457.843	1	22
458.014	1	15
458.184	1	18
458.355	1	25
458.525	1	23
458.695	1	18
458.866	1	33
459.036	1	27
459.207	1	23
459.377	1	26
459.548	1	7
459.718	1	18
459.888	1	27
460.059	1	27
460.229	1	20
460.400	1	18
460.570	1	33
460.740	1	21
460.911	1	26
461.081	1	25
461.252	1	13
461.422	1	25
461.593	1	24
461.763	1	29
461.933	1	19
462.104	1	15
462.274	1	13
462.445	1	16
462.615	1	19
462.785	1	20
462.956	1	21
463.126	1	23
463.297	1	22
463.467	1	17
463.638	1	23
463.808	1	27
463.978	1	31
464.149	1	20
464.319	1	29
464.490	1	27
464.660	1	24
464.830	1	19
465.001	1	29
465.171	1	19
465.342	1	17
465.512	1	18
465.682	1	17
465.853	1	14
466.023	1	21
466.194	1	24
466.364	1	19
466.534	1	20
466.705	1	15
466.875	1	26
467.045	1	18
467.216	1	30
467.386	1	32
467.557	1	21
467.727	1	20
467.897	1	17
468.068	1	-3
468.238	1	26
468.409	1	16
468.579	1	28
468.749	1	16
468.920	1	9
469.090	1	19
469.260	1	25
469.431	1	22
469.601	1	7
469.772	1	-1
469.942	1	22
470.112	1	22
470.283	1	33
470.453	1	20
470.623	1	24
470.794	1	21
470.964	1	21
471.135	1	28
471.305	1	23
471.475	1	20
471.646	1	20
471.816	1	11
471.986	1	27
472.157	1	20
472.327	1	21
472.497	1	28
472.668	1	20
472.838	1	25
473.009	1	17
473.179	1	25
473.349	1	17
473.520	1	10
473.690	1	35
473.860	1	15
474.031	1	21
474.201	1	12
474.371	1	23
474.542	1	30
474.712	1	21
474.882	1	15
475.053	1	19
475.223	1	4
475.394	1	6
475.564	1	13
475.734	1	21
475.905	1	12
476.075	1	17
476.245	1	21
476.416	1	11
476.586	1	10
476.756	1	17
476.927	1	13
477.097	1	14
477.267	1	24
477.438	1	21
477.608	1	18
477.778	1	20
477.949	1	20
478.119	1	19
478.289	1	10
478.460	1	14
478.630	1	32
478.800	1	21
478.971	1	20
479.141	1	21
479.311	1	29
479.482	1	19
479.652	1	21
479.822	1	17
479.993	1	22
480.163	1	17
480.333	1	19
480.504	1	7
480.674	1	15
480.844	1	16
481.015	1	15
481.185	1	13
481.355	1	25
481.525	1	21
481.696	1	19
481.866	1	18
482.036	1	19
482.207	1	21
482.377	1	25
482.547	1	4
482.718	1	11
482.888	1	21
483.058	1	14
483.229	1	15
483.399	1	24
483.569	1	23
483.740	1	9
483.910	1	5
484.080	1	7
484.250	1	10
484.421	1	11
484.591	1	24
484.761	1	16
484.932	1	13
485.102	1	17
485.272	1	10
485.443	1	22
485.613	1	20
485.783	1	20
485.953	1	12
486.124	1	20
486.294	1	4
486.464	1	10
486.635	1	19
486.805	1	17
486.975	1	18
487.146	1	1
487.316	1	17
487.486	1	14
487.656	1	8
487.827	1	4
487.997	1	14
488.167	1	16
488.338	1	11
488.508	1	11
488.678	1	14
488.848	1	12
489.019	1	13
489.189	1	27
489.359	1	14
489.529	1	15
489.700	1	23
489.870	1	-6
490.040	1	7
490.211	1	9
490.381	1	20
490.551	1	2
490.721	1	21
490.892	1	18
491.062	1	3
491.232	1	14
491.402	1	12
491.573	1	5
491.743	1	16
491.913	1	6
492.084	1	11
492.254	1	16
492.424	1	16
492.594	1	19
492.765	1	16
492.935	1	12
493.105	1	20
493.275	1	13
493.446	1	12
493.616	1	4
493.786	1	9
493.956	1	19
494.127	1	21
494.297	1	1
494.467	1	13
494.637	1	19
494.808	1	20
494.978	1	13
495.148	1	12
495.318	1	18
495.489	1	1
495.659	1	2
495.829	1	12
495.999	1	14
496.170	1	14
496.340	1	17
496.510	1	16
496.680	1	4
496.851	1	10
497.021	1	2
497.191	1	10
497.361	1	1
497.532	1	12
497.702	1	18
497.872	1	21
498.042	1	12
498.213	1	16
498.383	1	10
498.553	1	1
498.723	1	14
498.894	1	9
499.064	1	8
499.234	1	7
499.404	1	-1
499.574	1	8
499.745	1	12
499.915	1	12
500.085	1	6
500.255	1	0
500.426	1	14
500.596	1	5
500.766	1	6
500.936	1	12
501.106	1	20
501.277	1	11
501.447	1	14
501.617	1	7
501.787	1	10
501.958	1	5
502.128	1	1
502.298	1	4
502.468	1	18
502.638	1	15
502.809	1	14
502.979	1	18
503.149	1	5
503.319	1	12
503.489	1	1
503.660	1	7
503.830	1	13
504.000	1	14
504.170	1	8
504.340	1	4
504.511	1	18
504.681	1	9
504.851	1	16
505.021	1	16
505.192	1	3
505.362	1	6
505.532	1	13
505.702	1	9
505.872	1	12
506.043	1	17
506.213	1	18
506.383	1	8
506.553	1	16
506.723	1	8
506.893	1	-4
507.064	1	8
507.234	1	4
507.404	1	10
507.574	1	4
507.744	1	15
507.915	1	15
508.085	1	6
508.255	1	2
508.425	1	2
508.595	1	5
508.766	1	11
508.936	1	11
509.106	1	4
509.276	1	7
509.446	1	2
509.616	1	13
509.787	1	15
509.957	1	14
510.127	1	16
510.297	1	4
510.467	1	-1
510.638	1	9
510.808	1	4
510.978	1	15
511.148	1	27
511.318	1	12
511.488	1	21
511.659	1	-2
511.829	1	9
511.999	1	12
512.169	1	1
512.339	1	9
512.509	1	9
512.680	1	11
512.850	1	14
513.020	1	1
513.190	1	1
513.360	1	7
513.530	1	9
513.700	1	14
513.871	1	12
514.041	1	5
514.211	1	18
514.381	1	23
514.551	1	-2
514.721	1	8
514.892	1	9
515.062	1	6
515.232	1	12
515.402	1	4
515.572	1	6
515.742	1	8
515.912	1	6
516.083	1	7
516.253	1	20
516.423	1	9
516.593	1	12
516.763	1	16
516.933	1	1
517.104	1	6
517.274	1	2
517.444	1	4
517.614	1	8
517.784	1	16
517.954	1	17
518.124	1	5
518.294	1	16
518.465	1	9
518.635	1	9
518.805	1	15
518.975	1	4
519.145	1	11
519.315	1	2
519.485	1	-3
519.656	1	10
519.826	1	13
519.996	1	-1
520.166	1	16
520.336	1	7
520.506	1	4
520.676	1	2
520.846	1	1
521.017	1	1
521.187	1	12
521.357	1	6
521.527	1	8
521.697	1	16
521.867	1	1
522.037	1	-1
522.207	1	-8
522.377	1	9
522.548	1	2
522.718	1	11
522.888	1	15
523.058	1	8
523.228	1	17
523.398	1	5
523.568	1	14
523.738	1	4
523.909	1	13
524.079	1	7
524.249	1	5
524.419	1	3
524.589	1	6
524.759	1	5
524.929	1	6
525.099	1	6
525.269	1	18
525.439	1	8
525.610	1	6
525.780	1	5
525.950	1	10
526.120	1	4
526.290	1	7
526.460	1	0
526.630	1	3
526.800	1	16
526.970	1	17
527.140	1	11
527.311	1	3
527.481	1	8
527.651	1	7
527.821	1	-1
527.991	1	4
528.161	1	8
528.331	1	13
528.501	1	7
528.671	1	8
528.841	1	14
529.011	1	3
529.181	1	9
529.352	1	11
529.522	1	3
529.692	1	5
529.862	1	9
530.032	1	15
530.202	1	11
530.372	1	4
530.542	1	-1
530.712	1	8
530.882	1	9
531.052	1	10
531.222	1	0
531.392	1	4
531.563	1	7
531.733	1	5
531.903	1	8
532.073	1	6
532.243	1	3
532.413	1	20
532.583	1	8
532.753	1	4
532.923	1	10
533.093	1	10
533.263	1	0
533.433	1	20
533.603	1	10
533.773	1	-1
533.943	1	3
534.113	1	8
534.284	1	7
534.454	1	4
534.624	1	-1
534.794	1	-3
534.964	1	4
535.134	1	14
535.304	1	17
535.474	1	-6
535.644	1	9
535.814	1	14
535.984	1	16
536.154	1	0
536.324	1	7
536.494	1	12
536.664	1	11
536.834	1	0
537.004	1	0
537.174	1	4
537.344	1	12
537.514	1	9
537.685	1	9
537.855	1	-1
538.025	1	13
538.195	1	11
538.365	1	-2
538.535	1	-6
538.705	1	12
538.875	1	11
539.045	1	9
539.215	1	-8
539.385	1	5
539.555	1	-1
539.725	1	7
539.895	1	9
540.065	1	8
540.235	1	13
540.405	1	12
540.575	1	0
540.745	1	-1
540.915	1	0
541.085	1	-1
541.255	1	-7
541.425	1	8
541.595	1	6
541.765	1	11
541.935	1	-2
542.105	1	8
542.275	1	4
542.445	1	1
542.615	1	6
542.785	1	-5
542.955	1	-1
543.125	1	-3
543.295	1	-8
543.465	1	12
543.635	1	10
543.805	1	17
543.975	1	11
544.145	1	8
544.315	1	-4
544.485	1	6
544.655	1	15
544.825	1	3
544.995	1	11
545.165	1	10
545.335	1	0
545.505	1	13
545.675	1	-8
545.845	1	9
546.015	1	13
546.185	1	8
546.355	1	6
546.525	1	1
546.695	1	1
546.865	1	11
547.035	1	11
547.205	1	6
547.375	1	5
547.545	1	13
547.715	1	11
547.885	1	17
548.055	1	-2
548.225	1	13
548.395	1	0
548.565	1	8
548.735	1	17
548.905	1	-4
549.075	1	8
549.245	1	-1
549.415	1	3
549.585	1	10
549.755	1	6
549.925	1	6
550.095	1	1
550.265	1	8
550.435	1	-2
550.605	1	5
550.775	1	-1
550.945	1	2
551.115	1	13
551.285	1	2
551.455	1	6
551.625	1	-11
551.795	1	2
551.965	1	7
552.135	1	5
552.305	1	-2
552.475	1	3
552.645	1	9
552.815	1	1
552.985	1	2
553.155	1	-5
553.325	1	10
553.495	1	7
553.665	1	17
553.835	1	1
554.004	1	-5
554.174	1	5
554.344	1	2
554.514	1	14
554.684	1	3
554.854	1	1
555.024	1	2
555.194	1	-2
555.364	1	8
555.534	1	4
555.704	1	15
555.874	1	2
556.044	1	2
556.214	1	8
556.384	1	6
556.554	1	2
556.724	1	6
556.894	1	-3
557.064	1	9
557.234	1	-6
557.404	1	4
557.573	1	1
557.743	1	0
557.913	1	8
558.083	1	8
558.253	1	2
558.423	1	-3
558.593	1	18
558.763	1	9
558.933	1	10
559.103	1	9
559.273	1	3
559.443	1	9
559.613	1	14
559.783	1	6
559.953	1	11
560.122	1	4
560.292	1	1
560.462	1	4
560.632	1	12
560.802	1	11
560.972	1	6
561.142	1	9
561.312	1	2
561.482	1	16
561.652	1	4
561.822	1	1
561.992	1	2
562.162	1	13
562.331	1	8
562.501	1	-3
562.671	1	12
562.841	1	4
563.011	1	-7
563.181	1	10
563.351	1	6
563.521	1	0
563.691	1	-3
563.861	1	-9
564.031	1	8
564.201	1	-9
564.370	1	9
564.540	1	-4
564.710	1	6
564.880	1	0
565.050	1	2
565.220	1	3
565.390	1	5
565.560	1	4
565.730	1	-1
565.900	1	0
566.069	1	-9
566.239	1	2
566.409	1	6
566.579	1	0
566.749	1	12
566.919	1	6
567.089	1	9
567.259	1	10
567.429	1	0
567.599	1	4
567.768	1	4
567.938	1	2
568.108	1	9
568.278	1	1
568.448	1	12
568.618	1	8
568.788	1	-3
568.958	1	-6
569.128	1	-4
569.297	1	0
569.467	1	13
569.637	1	13
569.807	1	-1
569.977	1	-2
570.147	1	-5
570.317	1	7
570.487	1	3
570.656	1	3
570.826	1	3
570.996	1	3
571.166	1	4
571.336	1	-6
571.506	1	12
571.676	1	-4
571.846	1	1
572.015	1	0
572.185	1	2
572.355	1	8
572.525	1	6
572.695	1	4
572.865	1	12
573.035	1	-10
573.205	1	2
573.374	1	16
573.544	1	-1
573.714	1	5
573.884	1	8
574.054	1	3
574.224	1	2
574.394	1	1
574.563	1	11
574.733	1	7
574.903	1	2
575.073	1	-7
575.243	1	0
575.413	1	7
575.583	1	-4
575.752	1	6
575.922	1	8
576.092	1	-7
576.262	1	-1
576.432	1	5
576.602	1	-8
576.772	1	-1
576.941	1	8
577.111	1	9
577.281	1	22
577.451	1	2
577.621	1	3
577.791	1	5
577.960	1	-3
578.130	1	6
578.300	1	6
578.470	1	5
578.640	1	-5
578.810	1	2
578.979	1	3
579.149	1	0
579.319	1	8
579.489	1	6
579.659	1	2
579.829	1	10
579.998	1	0
580.168	1	0
580.338	1	9
580.508	1	1
580.678	1	13
580.848	1	-1
581.017	1	10
581.187	1	10
581.357	1	-1
581.527	1	-6
581.697	1	-6
581.867	1	10
582.036	1	14
582.206	1	9
582.376	1	0
582.546	1	18
582.716	1	5
582.885	1	0
583.055	1	-6
583.225	1	4
583.395	1	0
583.565	1	1
583.735	1	2
583.904	1	13
584.074	1	1
584.244	1	13
584.414	1	-5
584.584	1	5
584.753	1	7
584.923	1	12
585.093	1	-5
585.263	1	0
585.433	1	13
585.602	1	4
585.772	1	1
585.942	1	6
586.112	1	0
586.282	1	15
586.451	1	2
586.621	1	-4
586.791	1	2
586.961	1	14
587.131	1	1
587.300	1	13
587.470	1	1
587.640	1	3
587.810	1	-8
587.980	1	-4
588.149	1	6
588.319	1	2
588.489	1	2
588.659	1	12
588.829	1	-6
588.998	1	5
589.168	1	10
589.338	1	9
589.508	1	11
589.677	1	-2
589.847	1	12
590.017	1	-3
590.187	1	6
590.357	1	-3
590.526	1	4
590.696	1	-6
590.866	1	3
591.036	1	3
591.205	1	-1
591.375	1	5
591.545	1	9
591.715	1	-7
591.885	1	-3
592.054	1	9
592.224	1	6
592.394	1	2
592.564	1	-1
592.733	1	8
592.903	1	-1
593.073	1	-9
593.243	1	3
593.412	1	-5
593.582	1	3
593.752	1	12
593.922	1	13
594.091	1	-1
594.261	1	1
594.431	1	7
594.601	1	6
594.771	1	4
594.940	1	1
595.110	1	3
595.280	1	10
595.450	1	3
595.619	1	6
595.789	1	14
595.959	1	-1
596.129	1	-4
596.298	1	0
596.468	1	6
596.638	1	-2
596.808	1	-3
596.977	1	3
597.147	1	10
597.317	1	9
597.487	1	7
597.656	1	17
597.826	1	-5
597.996	1	1
598.166	1	12
598.335	1	-2
598.505	1	-6
598.675	1	-2
598.844	1	8
599.014	1	7
599.184	1	7
599.354	1	1
599.523	1	9
599.693	1	7
599.863	1	9
600.033	1	8
600.202	1	16
600.372	1	2
600.542	1	3
600.712	1	16
600.881	1	12
601.051	1	2
601.221	1	7
601.390	1	8
601.560	1	7
601.730	1	-5
601.900	1	4
602.069	1	-2
602.239	1	10
602.409	1	9
602.578	1	15
602.748	1	3
602.918	1	10
603.088	1	6
603.257	1	4
603.427	1	8
603.597	1	7
603.767	1	11
603.936	1	4
604.106	1	9
604.276	1	6
604.445	1	-4
604.615	1	2
604.785	1	14
604.954	1	9
605.124	1	13
605.294	1	7
605.464	1	-5
605.633	1	25
605.803	1	9
605.973	1	5
606.142	1	8
606.312	1	7
606.482	1	4
606.652	1	9
606.821	1	5
606.991	1	-1
607.161	1	8
607.330	1	12
607.500	1	16
607.670	1	8
607.839	1	1
608.009	1	3
608.179	1	4
608.348	1	-5
608.518	1	3
608.688	1	10
608.858	1	0
609.027	1	6
609.197	1	13
609.367	1	-2
609.536	1	10
609.706	1	-3
609.876	1	9
610.045	1	3
610.215	1	11
610.385	1	1
610.554	1	18
610.724	1	7
610.894	1	0
611.063	1	8
611.233	1	-6
611.403	1	5
611.572	1	4
611.742	1	7
611.912	1	7
612.081	1	4
612.251	1	12
612.421	1	8
612.590	1	0
612.760	1	7
612.930	1	-4
613.099	1	5
613.269	1	2
613.439	1	4
613.608	1	15
613.778	1	-4
613.948	1	12
614.117	1	10
614.287	1	2
614.457	1	15
614.626	1	11
614.796	1	4
614.966	1	7
615.135	1	6
615.305	1	9
615.475	1	-1
615.644	1	9
615.814	1	5
615.984	1	8
616.153	1	1
616.323	1	7
616.493	1	13
616.662	1	-2
616.832	1	-7
617.002	1	7
617.171	1	4
617.341	1	-1
617.511	1	-3
617.680	1	2
617.850	1	3
618.019	1	11
618.189	1	3
618.359	1	8
618.528	1	2
618.698	1	5
618.868	1	0
619.037	1	10
619.207	1	7
619.377	1	2
619.546	1	4
619.716	1	4
619.885	1	10
620.055	1	12
620.225	1	12
620.394	1	2
620.564	1	-1
620.734	1	10
620.903	1	9
621.073	1	6
621.242	1	2
621.412	1	11
621.582	1	8
621.751	1	11
621.921	1	16
622.091	1	7
622.260	1	2
622.430	1	12
622.599	1	13
622.769	1	5
622.939	1	7
623.108	1	8
623.278	1	19
623.448	1	12
623.617	1	-5
623.787	1	12
623.956	1	5
624.126	1	-2
624.296	1	10
624.465	1	2
624.635	1	13
624.804	1	9
624.974	1	4
625.144	1	16
625.313	1	4
625.483	1	12
625.652	1	8
625.822	1	5
625.992	1	8
626.161	1	2
626.331	1	0
626.501	1	-1
626.670	1	8
626.840	1	8
627.009	1	2
627.179	1	-13
627.348	1	9
627.518	1	7
627.688	1	8
627.857	1	4
628.027	1	-3
628.196	1	-3
628.366	1	-4
628.536	1	1
628.705	1	1
628.875	1	1
629.044	1	15
629.214	1	2
629.384	1	8
629.553	1	9
629.723	1	10
629.892	1	4
630.062	1	-7
630.232	1	21
630.401	1	5
630.571	1	15
630.740	1	3
630.910	1	3
631.079	1	3
631.249	1	13
631.419	1	5
631.588	1	9
631.758	1	6
631.927	1	15
632.097	1	4
632.266	1	-3
632.436	1	2
632.606	1	0
632.775	1	12
632.945	1	-3
633.114	1	9
633.284	1	9
633.453	1	16
633.623	1	7
633.793	1	8
633.962	1	7
634.132	1	0
634.301	1	1
634.471	1	1
634.640	1	1
634.810	1	15
634.979	1	10
635.149	1	9
635.319	1	10
635.488	1	1
635.658	1	13
635.827	1	5
635.997	1	3
636.166	1	-1
636.336	1	5
636.505	1	10
636.675	1	0
636.845	1	4
637.014	1	7
637.184	1	21
637.353	1	5
637.523	1	12
637.692	1	3
637.862	1	4
638.031	1	-5
638.201	1	5
638.370	1	1
638.540	1	4
638.710	1	9
638.879	1	11
639.049	1	8
639.218	1	22
639.388	1	5
639.557	1	3
639.727	1	6
639.896	1	4
640.066	1	17
640.235	1	8
640.405	1	11
640.574	1	10
640.744	1	1
640.914	1	3
641.083	1	5
641.253	1	7
641.422	1	11
641.592	1	-3
641.761	1	1
641.931	1	3
642.100	1	13
642.270	1	2
642.439	1	11
642.609	1	16
642.778	1	-1
642.948	1	9
643.117	1	11
643.287	1	2
643.456	1	1
643.626	1	10
643.795	1	9
643.965	1	5
644.134	1	0
644.304	1	15
644.473	1	-1
644.643	1	2
644.812	1	2
644.982	1	11
645.151	1	9
645.321	1	-3
645.490	1	10
645.660	1	8
645.829	1	0
645.999	1	4
646.168	1	6
646.338	1	2
646.507	1	5
646.677	1	2
646.846	1	12
647.016	1	-3
647.185	1	3
647.355	1	5
647.524	1	12
647.694	1	1
647.863	1	10
648.033	1	3
648.202	1	8
648.372	1	16
648.541	1	2
648.711	1	3
648.880	1	-2
649.050	1	8
649.219	1	3
649.389	1	6
649.558	1	10
649.728	1	18
649.897	1	4
650.067	1	6
650.236	1	-2
650.406	1	11
650.575	1	8
650.745	1	7
650.914	1	15
651.084	1	9
651.253	1	1
651.423	1	16
651.592	1	0
651.762	1	2
651.931	1	10
652.101	1	10
652.270	1	-1
652.440	1	15
652.609	1	9
652.778	1	5
652.948	1	1
653.117	1	11
653.287	1	-3
653.456	1	6
653.626	1	12
653.795	1	3
653.965	1	4
654.134	1	-6
654.304	1	18
654.473	1	0
654.643	1	16
654.812	1	3
654.982	1	13
655.151	1	10
655.320	1	6
655.490	1	5
655.659	1	9
655.829	1	7
655.998	1	-2
656.168	1	4
656.337	1	6
656.507	1	3
656.676	1	6
656.846	1	4
657.015	1	-2
657.184	1	0
657.354	1	14
657.523	1	3
657.693	1	7
657.862	1	-5
658.032	1	14
658.201	1	7
658.371	1	-12
658.540	1	7
658.709	1	2
658.879	1	5
659.048	1	7
659.218	1	-6
659.387	1	12
659.557	1	6
659.726	1	8
659.895	1	6
660.065	1	11
660.234	1	2
660.404	1	9
660.573	1	15
660.743	1	-1
660.912	1	5
661.081	1	-9
661.251	1	10
661.420	1	16
661.590	1	9
661.759	1	1
661.929	1	3
662.098	1	14
662.267	1	10
662.437	1	8
662.606	1	9
662.776	1	-4
662.945	1	10
663.115	1	6
663.284	1	7
663.453	1	12
663.623	1	20
663.792	1	5
663.962	1	-8
664.131	1	5
664.300	1	-10
664.470	1	10
664.639	1	2
664.809	1	9
664.978	1	7
665.148	1	-1
665.317	1	5
665.486	1	11
665.656	1	11
665.825	1	18
665.995	1	0
666.164	1	13
666.333	1	1
666.503	1	4
666.672	1	12
666.842	1	-2
667.011	1	-3
667.180	1	6
667.350	1	6
667.519	1	3
667.689	1	1
667.858	1	7
668.027	1	4
668.197	1	19
668.366	1	1
668.536	1	-1
668.705	1	9
668.874	1	9
669.044	1	8
669.213	1	5
669.382	1	8
669.552	1	7
669.721	1	9
669.891	1	0
670.060	1	8
670.229	1	-9
670.399	1	2
670.568	1	-2
670.738	1	4
670.907	1	0
671.076	1	4
671.246	1	4
671.415	1	8
671.584	1	1
671.754	1	5
671.923	1	12
672.093	1	3
672.262	1	-5
672.431	1	14
672.601	1	6
672.770	1	-3
672.939	1	6
673.109	1	10
673.278	1	7
673.448	1	9
673.617	1	5
673.786	1	3
