325.333	1	3
325.504	1	-1
325.675	1	5
325.846	1	-7
326.017	1	4
326.188	1	6
326.359	1	7
326.531	1	13
326.702	1	4
326.873	1	7
327.044	1	8
327.215	1	-1
327.386	1	3
327.557	1	3
327.728	1	4
327.899	1	3
328.070	1	13
328.241	1	6
328.412	1	-14
328.583	1	1
328.754	1	-4
328.926	1	11
329.097	1	-4
329.268	1	-4
329.439	1	4
329.610	1	2
329.781	1	3
329.952	1	2
330.123	1	0
330.294	1	1
330.465	1	8
330.636	1	7
330.807	1	5
330.978	1	-5
331.149	1	8
331.320	1	7
331.492	1	-5
331.663	1	-8
331.834	1	-7
332.005	1	9
332.176	1	0
332.347	1	4
332.518	1	8
332.689	1	13
332.860	1	8
333.031	1	5
333.202	1	1
333.373	1	-1
333.544	1	-4
333.715	1	4
333.886	1	-4
334.057	1	0
334.228	1	-5
334.399	1	7
334.570	1	-11
334.741	1	-8
334.912	1	5
335.084	1	-3
335.255	1	-5
335.426	1	6
335.597	1	2
335.768	1	-3
335.939	1	0
336.110	1	7
336.281	1	1
336.452	1	-2
336.623	1	-6
336.794	1	-3
336.965	1	1
337.136	1	4
337.307	1	8
337.478	1	0
337.649	1	-4
337.820	1	-2
337.991	1	14
338.162	1	5
338.333	1	6
338.504	1	11
338.675	1	13
338.846	1	-6
339.017	1	10
339.188	1	19
339.359	1	11
339.530	1	-4
339.701	1	-4
339.872	1	8
340.043	1	-12
340.214	1	0
340.385	1	7
340.556	1	-5
340.727	1	7
340.898	1	9
341.069	1	-8
341.240	1	-7
341.411	1	10
341.582	1	10
341.753	1	-12
341.924	1	2
342.095	1	5
342.266	1	-4
342.437	1	1
342.608	1	3
342.779	1	9
342.950	1	4
343.121	1	1
343.292	1	9
343.463	1	6
343.634	1	7
343.805	1	6
343.976	1	-9
344.147	1	3
344.318	1	-8
344.489	1	9
344.660	1	11
344.831	1	1
345.002	1	10
345.173	1	6
345.344	1	-2
345.515	1	4
345.686	1	-3
345.857	1	4
346.028	1	-5
346.199	1	6
346.370	1	6
346.541	1	3
346.712	1	-2
346.883	1	13
347.054	1	1
347.225	1	-2
347.396	1	-7
347.567	1	2
347.738	1	2
347.909	1	5
348.080	1	5
348.251	1	7
348.422	1	-4
348.593	1	8
348.764	1	-1
348.935	1	-1
349.106	1	-2
349.277	1	-4
349.448	1	-4
349.619	1	9
349.790	1	-2
349.961	1	-1
350.132	1	5
350.303	1	2
350.474	1	2
350.645	1	15
350.816	1	-1
350.987	1	3
351.157	1	-2
351.328	1	-3
351.499	1	3
351.670	1	-1
351.841	1	2
352.012	1	5
352.183	1	5
352.354	1	-1
352.525	1	4
352.696	1	2
352.867	1	-1
353.038	1	0
353.209	1	7
353.380	1	-4
353.551	1	-10
353.722	1	5
353.893	1	10
354.064	1	-1
354.235	1	16
354.406	1	10
354.576	1	-4
354.747	1	5
354.918	1	14
355.089	1	5
355.260	1	12
355.431	1	7
355.602	1	10
355.773	1	3
355.944	1	2
356.115	1	-2
356.286	1	11
356.457	1	0
356.628	1	1
356.799	1	7
356.970	1	13
357.141	1	11
357.311	1	-1
357.482	1	-5
357.653	1	3
357.824	1	5
357.995	1	6
358.166	1	2
358.337	1	1
358.508	1	-1
358.679	1	6
358.850	1	-1
359.021	1	10
359.192	1	0
359.363	1	-10
359.533	1	0
359.704	1	-2
359.875	1	3
360.046	1	-11
360.217	1	-6
360.388	1	-4
360.559	1	6
360.730	1	2
360.901	1	0
361.072	1	8
361.243	1	-2
361.414	1	4
361.584	1	14
361.755	1	-3
361.926	1	-5
362.097	1	-8
362.268	1	13
362.439	1	9
362.610	1	-2
362.781	1	3
362.952	1	1
363.123	1	4
363.293	1	-4
363.464	1	5
363.635	1	10
363.806	1	8
363.977	1	-1
364.148	1	7
364.319	1	-4
364.490	1	9
364.661	1	0
364.832	1	4
365.002	1	-1
365.173	1	-6
365.344	1	4
365.515	1	3
365.686	1	3
365.857	1	-2
366.028	1	9
366.199	1	12
366.370	1	12
366.540	1	-7
366.711	1	7
366.882	1	-3
367.053	1	4
367.224	1	-1
367.395	1	13
367.566	1	7
367.737	1	7
367.908	1	0
368.078	1	0
368.249	1	-3
368.420	1	-1
368.591	1	4
368.762	1	-4
368.933	1	14
369.104	1	8
369.274	1	13
369.445	1	17
369.616	1	-7
369.787	1	0
369.958	1	2
370.129	1	3
370.300	1	4
370.471	1	-2
370.641	1	-1
370.812	1	11
370.983	1	-1
371.154	1	5
371.325	1	3
371.496	1	-10
371.667	1	2
371.837	1	3
372.008	1	11
372.179	1	0
372.350	1	9
372.521	1	5
372.692	1	0
372.863	1	-5
373.033	1	11
373.204	1	13
373.375	1	-2
373.546	1	13
373.717	1	7
373.888	1	9
374.059	1	0
374.229	1	5
374.400	1	5
374.571	1	3
374.742	1	2
374.913	1	16
375.084	1	13
375.254	1	4
375.425	1	0
375.596	1	-4
375.767	1	0
375.938	1	8
376.109	1	1
376.279	1	14
376.450	1	1
376.621	1	9
376.792	1	8
376.963	1	0
377.134	1	-2
377.304	1	5
377.475	1	5
377.646	1	-1
377.817	1	7
377.988	1	11
378.159	1	10
378.329	1	19
378.500	1	2
378.671	1	-3
378.842	1	0
379.013	1	5
379.184	1	10
379.354	1	21
379.525	1	-2
379.696	1	12
379.867	1	1
380.038	1	-5
380.209	1	-7
380.379	1	10
380.550	1	-9
380.721	1	5
380.892	1	15
381.063	1	3
381.233	1	14
381.404	1	5
381.575	1	5
381.746	1	11
381.917	1	3
382.087	1	2
382.258	1	5
382.429	1	3
382.600	1	5
382.771	1	7
382.941	1	4
383.112	1	5
383.283	1	17
383.454	1	8
383.625	1	-3
383.795	1	7
383.966	1	-2
384.137	1	6
384.308	1	8
384.479	1	10
384.649	1	11
384.820	1	9
384.991	1	3
385.162	1	10
385.333	1	9
385.503	1	14
385.674	1	15
385.845	1	3
386.016	1	9
386.187	1	6
386.357	1	-6
386.528	1	-8
386.699	1	0
386.870	1	10
387.041	1	17
387.211	1	5
387.382	1	1
387.553	1	8
387.724	1	-5
387.894	1	6
388.065	1	5
388.236	1	8
388.407	1	10
388.578	1	10
388.748	1	13
388.919	1	15
389.090	1	10
389.261	1	4
389.431	1	16
389.602	1	7
389.773	1	6
389.944	1	9
390.114	1	6
390.285	1	14
390.456	1	5
390.627	1	8
390.798	1	11
390.968	1	5
391.139	1	2
391.310	1	10
391.481	1	11
391.651	1	1
391.822	1	8
391.993	1	9
392.164	1	-7
392.334	1	-2
392.505	1	6
392.676	1	4
392.847	1	7
393.017	1	7
393.188	1	4
393.359	1	8
393.530	1	6
393.700	1	13
393.871	1	-3
394.042	1	10
394.213	1	10
394.383	1	14
394.554	1	13
394.725	1	4
394.896	1	8
395.066	1	7
395.237	1	2
395.408	1	9
395.579	1	13
395.749	1	8
395.920	1	9
396.091	1	11
396.262	1	1
396.432	1	4
396.603	1	-2
396.774	1	14
396.945	1	2
397.115	1	0
397.286	1	15
397.457	1	11
397.627	1	6
397.798	1	7
397.969	1	13
398.140	1	-1
398.310	1	6
398.481	1	6
398.652	1	2
398.823	1	7
398.993	1	22
399.164	1	4
399.335	1	-1
399.505	1	13
399.676	1	9
399.847	1	13
400.018	1	8
400.188	1	11
400.359	1	19
400.530	1	-2
400.700	1	5
400.871	1	14
401.042	1	15
401.213	1	8
401.383	1	2
401.554	1	17
401.725	1	0
401.895	1	3
402.066	1	17
402.237	1	12
402.408	1	14
402.578	1	3
402.749	1	9
402.920	1	15
403.090	1	11
403.261	1	-2
403.432	1	11
403.603	1	-2
403.773	1	9
403.944	1	11
404.115	1	8
404.285	1	15
404.456	1	12
404.627	1	6
404.797	1	9
404.968	1	3
405.139	1	8
405.310	1	11
405.480	1	10
405.651	1	19
405.822	1	22
405.992	1	4
406.163	1	11
406.334	1	15
406.504	1	1
406.675	1	6
406.846	1	6
407.016	1	2
407.187	1	5
407.358	1	9
407.528	1	10
407.699	1	5
407.870	1	12
408.041	1	-1
408.211	1	1
408.382	1	12
408.553	1	-3
408.723	1	11
408.894	1	9
409.065	1	19
409.235	1	6
409.406	1	6
409.577	1	4
409.747	1	9
409.918	1	9
410.089	1	3
410.259	1	0
410.430	1	3
410.601	1	1
410.771	1	8
410.942	1	5
411.113	1	14
411.283	1	12
411.454	1	10
411.625	1	8
411.795	1	5
411.966	1	5
412.137	1	2
412.307	1	4
412.478	1	8
412.649	1	7
412.819	1	3
412.990	1	5
413.161	1	20
413.331	1	7
413.502	1	0
413.672	1	12
413.843	1	8
414.014	1	19
414.184	1	10
414.355	1	10
414.526	1	5
414.696	1	13
414.867	1	5
415.038	1	2
415.208	1	5
415.379	1	3
415.550	1	13
415.720	1	12
415.891	1	21
416.062	1	11
416.232	1	4
416.403	1	10
416.573	1	13
416.744	1	6
416.915	1	9
417.085	1	1
417.256	1	11
417.427	1	7
417.597	1	7
417.768	1	8
417.939	1	11
418.109	1	-6
418.280	1	6
418.450	1	16
418.621	1	5
418.792	1	-3
418.962	1	10
419.133	1	7
419.304	1	5
419.474	1	-2
419.645	1	5
419.815	1	11
419.986	1	9
420.157	1	13
420.327	1	7
420.498	1	5
420.669	1	11
420.839	1	4
421.010	1	6
421.180	1	6
421.351	1	9
421.522	1	16
421.692	1	16
421.863	1	8
422.033	1	14
422.204	1	2
422.375	1	10
422.545	1	7
422.716	1	9
422.886	1	17
423.057	1	-3
423.228	1	6
423.398	1	13
423.569	1	10
423.740	1	-2
423.910	1	15
424.081	1	13
424.251	1	4
424.422	1	6
424.593	1	10
424.763	1	18
424.934	1	11
425.104	1	5
425.275	1	7
425.445	1	18
425.616	1	5
425.787	1	10
425.957	1	0
426.128	1	15
426.298	1	3
426.469	1	-2
426.640	1	16
426.810	1	10
426.981	1	18
427.151	1	5
427.322	1	-2
427.493	1	8
427.663	1	15
427.834	1	8
428.004	1	4
428.175	1	10
428.345	1	21
428.516	1	7
428.687	1	0
428.857	1	4
429.028	1	11
429.198	1	5
429.369	1	13
429.540	1	1
429.710	1	17
429.881	1	9
430.051	1	3
430.222	1	3
430.392	1	9
430.563	1	5
430.734	1	13
430.904	1	8
431.075	1	5
431.245	1	18
431.416	1	-2
431.586	1	9
431.757	1	16
431.927	1	-6
432.098	1	3
432.269	1	4
432.439	1	9
432.610	1	9
432.780	1	13
432.951	1	6
433.121	1	16
433.292	1	12
433.462	1	10
433.633	1	19
433.804	1	0
433.974	1	3
434.145	1	8
434.315	1	13
434.486	1	-2
434.656	1	0
434.827	1	8
434.997	1	18
435.168	1	6
435.339	1	3
435.509	1	6
435.680	1	14
435.850	1	0
436.021	1	14
436.191	1	10
436.362	1	11
436.532	1	14
436.703	1	15
436.873	1	7
437.044	1	2
437.214	1	16
437.385	1	9
437.556	1	2
437.726	1	-2
437.897	1	7
438.067	1	2
438.238	1	14
438.408	1	12
438.579	1	13
438.749	1	-2
438.920	1	2
439.090	1	5
439.261	1	5
439.431	1	16
439.602	1	6
439.772	1	15
439.943	1	5
440.113	1	10
440.284	1	7
440.455	1	15
440.625	1	-1
440.796	1	0
440.966	1	-1
441.137	1	3
441.307	1	10
441.478	1	15
441.648	1	4
441.819	1	2
441.989	1	2
442.160	1	13
442.330	1	16
442.501	1	6
442.671	1	5
442.842	1	18
443.012	1	-2
443.183	1	7
443.353	1	10
443.524	1	12
443.694	1	7
443.865	1	11
444.035	1	4
444.206	1	9
444.376	1	6
444.547	1	-2
444.717	1	18
444.888	1	0
445.058	1	7
445.229	1	16
445.399	1	21
445.570	1	-6
445.740	1	12
445.911	1	16
446.081	1	17
446.252	1	-3
446.422	1	7
446.593	1	14
446.763	1	11
446.934	1	10
447.104	1	6
447.275	1	22
447.445	1	9
447.616	1	10
447.786	1	12
447.957	1	8
448.127	1	25
448.298	1	16
448.468	1	9
448.639	1	4
448.809	1	2
448.979	1	13
449.150	1	10
449.320	1	9
449.491	1	6
449.661	1	10
449.832	1	15
450.002	1	17
450.173	1	2
450.343	1	6
450.514	1	8
450.684	1	8
450.855	1	3
451.025	1	11
451.196	1	16
451.366	1	1
451.537	1	8
451.707	1	4
451.878	1	3
452.048	1	17
452.218	1	6
452.389	1	4
452.559	1	3
452.730	1	12
452.900	1	19
453.071	1	6
453.241	1	13
453.412	1	5
453.582	1	-3
453.753	1	11
453.923	1	8
454.093	1	10
454.264	1	-5
454.434	1	14
454.605	1	11
454.775	1	10
454.946	1	-2
455.116	1	7
455.287	1	11
455.457	1	9
455.628	1	-4
455.798	1	5
455.968	1	7
456.139	1	13
456.309	1	17
456.480	1	9
456.650	1	20
456.821	1	8
456.991	1	6
457.161	1	7
457.332	1	9
457.502	1	11
457.673	1	6
457.843	1	4
458.014	1	8
458.184	1	6
458.355	1	9
458.525	1	15
458.695	1	6
458.866	1	20
459.036	1	7
459.207	1	8
459.377	1	7
459.548	1	-7
459.718	1	13
459.888	1	13
460.059	1	17
460.229	1	10
460.400	1	3
460.570	1	-1
460.740	1	7
460.911	1	11
461.081	1	15
461.252	1	3
461.422	1	12
461.593	1	12
461.763	1	14
461.933	1	4
462.104	1	-1
462.274	1	2
462.445	1	7
462.615	1	0
462.785	1	1
462.956	1	6
463.126	1	13
463.297	1	16
463.467	1	2
463.638	1	4
463.808	1	17
463.978	1	11
464.149	1	-5
464.319	1	12
464.490	1	15
464.660	1	10
464.830	1	0
465.001	1	12
465.171	1	-3
465.342	1	2
465.512	1	7
465.682	1	11
465.853	1	-7
466.023	1	14
466.194	1	8
466.364	1	5
466.534	1	19
466.705	1	-7
466.875	1	10
467.045	1	10
467.216	1	-1
467.386	1	13
467.557	1	3
467.727	1	7
467.897	1	2
468.068	1	-1
468.238	1	10
468.409	1	4
468.579	1	9
468.749	1	9
468.920	1	-3
469.090	1	13
469.260	1	8
469.431	1	17
469.601	1	-1
469.772	1	-1
469.942	1	11
470.112	1	7
470.283	1	12
470.453	1	21
470.623	1	8
470.794	1	1
470.964	1	9
471.135	1	8
471.305	1	4
471.475	1	1
471.646	1	5
471.816	1	7
471.986	1	10
472.157	1	10
472.327	1	11
472.497	1	16
472.668	1	2
472.838	1	10
473.009	1	16
473.179	1	7
473.349	1	12
473.520	1	9
473.690	1	18
473.860	1	16
474.031	1	14
474.201	1	1
474.371	1	10
474.542	1	11
474.712	1	9
474.882	1	-2
475.053	1	16
475.223	1	-2
475.394	1	1
475.564	1	3
475.734	1	8
475.905	1	13
476.075	1	9
476.245	1	13
476.416	1	-2
476.586	1	9
476.756	1	10
476.927	1	12
477.097	1	3
477.267	1	5
477.438	1	12
477.608	1	4
477.778	1	12
477.949	1	2
478.119	1	9
478.289	1	0
478.460	1	-4
478.630	1	18
478.800	1	12
478.971	1	10
479.141	1	11
479.311	1	6
479.482	1	9
479.652	1	4
479.822	1	3
479.993	1	6
480.163	1	8
480.333	1	5
480.504	1	6
480.674	1	7
480.844	1	3
481.015	1	11
481.185	1	-4
481.355	1	10
481.525	1	4
481.696	1	9
481.866	1	10
482.036	1	11
482.207	1	9
482.377	1	10
482.547	1	-8
482.718	1	2
482.888	1	10
483.058	1	4
483.229	1	3
483.399	1	10
483.569	1	-1
483.740	1	5
483.910	1	1
484.080	1	0
484.250	1	6
484.421	1	1
484.591	1	11
484.761	1	6
484.932	1	15
485.102	1	19
485.272	1	2
485.443	1	8
485.613	1	6
485.783	1	12
485.953	1	7
486.124	1	4
486.294	1	1
486.464	1	-2
486.635	1	9
486.805	1	4
486.975	1	16
487.146	1	1
487.316	1	7
487.486	1	7
487.656	1	1
487.827	1	-1
487.997	1	5
488.167	1	6
488.338	1	2
488.508	1	7
488.678	1	2
488.848	1	0
489.019	1	10
489.189	1	9
489.359	1	10
489.529	1	14
489.700	1	9
489.870	1	2
490.040	1	5
490.211	1	2
490.381	1	1
490.551	1	-9
490.721	1	13
490.892	1	13
491.062	1	-4
491.232	1	-1
491.402	1	9
491.573	1	0
491.743	1	4
491.913	1	-6
492.084	1	8
492.254	1	4
492.424	1	12
492.594	1	8
492.765	1	6
492.935	1	2
493.105	1	18
493.275	1	6
493.446	1	-1
493.616	1	3
493.786	1	1
493.956	1	2
494.127	1	15
494.297	1	2
494.467	1	3
494.637	1	11
494.808	1	11
494.978	1	0
495.148	1	3
495.318	1	7
495.489	1	-6
495.659	1	-9
495.829	1	0
495.999	1	11
496.170	1	-3
496.340	1	0
496.510	1	-5
496.680	1	-7
496.851	1	-3
497.021	1	3
497.191	1	3
497.361	1	2
497.532	1	1
497.702	1	8
497.872	1	11
498.042	1	6
498.213	1	1
498.383	1	10
498.553	1	-6
498.723	1	0
498.894	1	-3
499.064	1	0
499.234	1	4
499.404	1	4
499.574	1	-2
499.745	1	3
499.915	1	3
500.085	1	6
500.255	1	5
500.426	1	13
500.596	1	-8
500.766	1	-2
500.936	1	8
501.106	1	3
501.277	1	11
501.447	1	6
501.617	1	3
501.787	1	9
501.958	1	11
502.128	1	-7
502.298	1	4
502.468	1	5
502.638	1	3
502.809	1	-4
502.979	1	8
503.149	1	2
503.319	1	11
503.489	1	0
503.660	1	-5
503.830	1	8
504.000	1	5
504.170	1	13
504.340	1	-1
504.511	1	6
504.681	1	-2
504.851	1	-3
505.021	1	9
505.192	1	-5
505.362	1	-4
505.532	1	7
505.702	1	7
505.872	1	2
506.043	1	10
506.213	1	12
506.383	1	-8
506.553	1	1
506.723	1	14
506.893	1	-13
507.064	1	3
507.234	1	-2
507.404	1	8
507.574	1	5
507.744	1	7
507.915	1	-6
508.085	1	6
508.255	1	13
508.425	1	-1
508.595	1	-4
508.766	1	-9
508.936	1	9
509.106	1	5
509.276	1	4
509.446	1	-2
509.616	1	-1
509.787	1	5
509.957	1	11
510.127	1	6
510.297	1	4
510.467	1	-2
510.638	1	6
510.808	1	3
510.978	1	0
511.148	1	10
511.318	1	2
511.488	1	8
511.659	1	-13
511.829	1	4
511.999	1	1
512.169	1	-4
512.339	1	2
512.509	1	8
512.680	1	5
512.850	1	10
513.020	1	-2
513.190	1	3
513.360	1	1
513.530	1	8
513.700	1	3
513.871	1	13
514.041	1	9
514.211	1	13
514.381	1	14
514.551	1	-2
514.721	1	8
514.892	1	1
515.062	1	-2
515.232	1	3
515.402	1	4
515.572	1	-4
515.742	1	9
515.912	1	-5
516.083	1	6
516.253	1	16
516.423	1	0
516.593	1	5
516.763	1	2
516.933	1	0
517.104	1	5
517.274	1	-5
517.444	1	-6
517.614	1	0
517.784	1	8
517.954	1	20
518.124	1	-4
518.294	1	8
518.465	1	7
518.635	1	0
518.805	1	22
518.975	1	-1
519.145	1	4
519.315	1	-7
519.485	1	-2
519.656	1	6
519.826	1	11
519.996	1	0
520.166	1	13
520.336	1	3
520.506	1	-3
520.676	1	5
520.846	1	-9
521.017	1	1
521.187	1	4
521.357	1	1
521.527	1	10
521.697	1	2
521.867	1	5
522.037	1	-2
522.207	1	4
522.377	1	2
522.548	1	5
522.718	1	5
522.888	1	10
523.058	1	0
523.228	1	9
523.398	1	0
523.568	1	7
523.738	1	-2
523.909	1	-4
524.079	1	4
524.249	1	3
524.419	1	0
524.589	1	-7
524.759	1	9
524.929	1	-9
525.099	1	7
525.269	1	10
525.439	1	1
525.610	1	5
525.780	1	-1
525.950	1	10
526.120	1	-16
526.290	1	-5
526.460	1	1
526.630	1	9
526.800	1	11
526.970	1	13
527.140	1	4
527.311	1	-4
527.481	1	2
527.651	1	-6
527.821	1	-4
527.991	1	2
528.161	1	-7
528.331	1	10
528.501	1	17
528.671	1	-3
528.841	1	10
529.011	1	-1
529.181	1	3
529.352	1	1
529.522	1	0
529.692	1	0
529.862	1	9
530.032	1	2
530.202	1	10
530.372	1	7
530.542	1	12
530.712	1	0
530.882	1	-6
531.052	1	15
531.222	1	1
531.392	1	-6
531.563	1	10
531.733	1	1
531.903	1	2
532.073	1	-10
532.243	1	1
532.413	1	17
532.583	1	0
532.753	1	-2
532.923	1	6
533.093	1	11
533.263	1	-10
533.433	1	17
533.603	1	9
533.773	1	2
533.943	1	-4
534.113	1	-2
534.284	1	4
534.454	1	-12
534.624	1	-3
534.794	1	2
534.964	1	-5
535.134	1	9
535.304	1	-2
535.474	1	-10
535.644	1	-1
535.814	1	7
535.984	1	10
536.154	1	4
536.324	1	12
536.494	1	5
536.664	1	3
536.834	1	-5
537.004	1	7
537.174	1	5
537.344	1	7
537.514	1	3
537.685	1	2
537.855	1	0
538.025	1	-2
538.195	1	5
538.365	1	-4
538.535	1	-12
538.705	1	0
538.875	1	8
539.045	1	-3
539.215	1	-8
539.385	1	-8
539.555	1	3
539.725	1	9
539.895	1	8
540.065	1	4
540.235	1	-2
540.405	1	3
540.575	1	6
540.745	1	-4
540.915	1	11
541.085	1	0
541.255	1	-6
541.425	1	-3
541.595	1	9
541.765	1	13
541.935	1	-6
542.105	1	0
542.275	1	-3
542.445	1	-3
542.615	1	5
542.785	1	-8
542.955	1	-2
543.125	1	-5
543.295	1	-5
543.465	1	9
543.635	1	-1
543.805	1	11
543.975	1	-1
544.145	1	-6
544.315	1	-2
544.485	1	5
544.655	1	14
544.825	1	-3
544.995	1	2
545.165	1	-2
545.335	1	-3
545.505	1	16
545.675	1	-8
545.845	1	9
546.015	1	6
546.185	1	-3
546.355	1	4
546.525	1	3
546.695	1	-6
546.865	1	13
547.035	1	12
547.205	1	2
547.375	1	3
547.545	1	16
547.715	1	13
547.885	1	18
548.055	1	-1
548.225	1	4
548.395	1	-4
548.565	1	7
548.735	1	-2
548.905	1	-14
549.075	1	5
549.245	1	7
549.415	1	3
549.585	1	9
549.755	1	2
549.925	1	2
550.095	1	1
550.265	1	0
550.435	1	-13
550.605	1	1
550.775	1	3
550.945	1	18
551.115	1	-3
551.285	1	5
551.455	1	4
551.625	1	-6
551.795	1	-1
551.965	1	8
552.135	1	5
552.305	1	-8
552.475	1	1
552.645	1	-1
552.815	1	-6
552.985	1	5
553.155	1	0
553.325	1	6
553.495	1	-1
553.665	1	6
553.835	1	-4
554.004	1	-9
554.174	1	7
554.344	1	-2
554.514	1	8
554.684	1	-4
554.854	1	3
555.024	1	6
555.194	1	5
555.364	1	7
555.534	1	1
555.704	1	8
555.874	1	-11
556.044	1	11
556.214	1	7
556.384	1	1
556.554	1	1
556.724	1	3
556.894	1	-2
557.064	1	5
557.234	1	-1
557.404	1	-4
557.573	1	0
557.743	1	4
557.913	1	-4
558.083	1	3
558.253	1	-8
558.423	1	-6
558.593	1	11
558.763	1	11
558.933	1	-7
559.103	1	19
559.273	1	8
559.443	1	2
559.613	1	4
559.783	1	6
559.953	1	7
560.122	1	-3
560.292	1	4
560.462	1	-1
560.632	1	-3
560.802	1	-3
560.972	1	18
561.142	1	5
561.312	1	5
561.482	1	13
561.652	1	-2
561.822	1	-7
561.992	1	-7
562.162	1	14
562.331	1	15
562.501	1	-4
562.671	1	7
562.841	1	-5
563.011	1	0
563.181	1	4
563.351	1	-2
563.521	1	2
563.691	1	10
563.861	1	-6
564.031	1	-9
564.201	1	0
564.370	1	1
564.540	1	-8
564.710	1	0
564.880	1	4
565.050	1	1
565.220	1	0
565.390	1	-1
565.560	1	2
565.730	1	-1
565.900	1	-5
566.069	1	-3
566.239	1	7
566.409	1	6
566.579	1	-5
566.749	1	-9
566.919	1	-3
567.089	1	2
567.259	1	1
567.429	1	3
567.599	1	4
567.768	1	3
567.938	1	-3
568.108	1	5
568.278	1	1
568.448	1	-2
568.618	1	1
568.788	1	-14
568.958	1	-13
569.128	1	-1
569.297	1	-5
569.467	1	-5
569.637	1	-1
569.807	1	1
569.977	1	6
570.147	1	-2
570.317	1	0
570.487	1	10
570.656	1	7
570.826	1	-2
570.996	1	3
571.166	1	-2
571.336	1	-3
571.506	1	-5
571.676	1	4
571.846	1	-3
572.015	1	2
572.185	1	4
572.355	1	5
572.525	1	-5
572.695	1	-2
572.865	1	13
573.035	1	-14
573.205	1	-13
573.374	1	10
573.544	1	-4
573.714	1	6
573.884	1	1
574.054	1	1
574.224	1	3
574.394	1	2
574.563	1	16
574.733	1	8
574.903	1	2
575.073	1	1
575.243	1	3
575.413	1	7
575.583	1	-1
575.752	1	9
575.922	1	-1
576.092	1	-5
576.262	1	4
576.432	1	15
576.602	1	5
576.772	1	-6
576.941	1	13
577.111	1	4
577.281	1	14
577.451	1	-6
577.621	1	8
577.791	1	8
577.960	1	-10
578.130	1	5
578.300	1	3
578.470	1	4
578.640	1	1
578.810	1	0
578.979	1	2
579.149	1	-3
579.319	1	8
579.489	1	7
579.659	1	1
579.829	1	1
579.998	1	1
580.168	1	4
580.338	1	2
580.508	1	6
580.678	1	4
580.848	1	2
581.017	1	5
581.187	1	-5
581.357	1	-10
581.527	1	-4
581.697	1	-3
581.867	1	4
582.036	1	6
582.206	1	3
582.376	1	4
582.546	1	21
582.716	1	-4
582.885	1	3
583.055	1	1
583.225	1	-12
583.395	1	5
583.565	1	0
583.735	1	0
583.904	1	0
584.074	1	2
584.244	1	5
584.414	1	6
584.584	1	3
584.753	1	4
584.923	1	-8
585.093	1	-3
585.263	1	3
585.433	1	7
585.602	1	9
585.772	1	11
585.942	1	-6
586.112	1	-7
586.282	1	1
586.451	1	-4
586.621	1	-5
586.791	1	1
586.961	1	3
587.131	1	-3
587.300	1	5
587.470	1	-10
587.640	1	-11
587.810	1	-4
587.980	1	-15
588.149	1	1
588.319	1	9
588.489	1	-7
588.659	1	17
588.829	1	-12
588.998	1	0
589.168	1	-5
589.338	1	2
589.508	1	1
589.677	1	2
589.847	1	2
590.017	1	3
590.187	1	4
590.357	1	8
590.526	1	9
590.696	1	3
590.866	1	-2
591.036	1	4
591.205	1	8
591.375	1	-1
591.545	1	2
591.715	1	-2
591.885	1	-5
592.054	1	6
592.224	1	6
592.394	1	5
592.564	1	1
592.733	1	2
592.903	1	0
593.073	1	-16
593.243	1	13
593.412	1	2
593.582	1	3
593.752	1	4
593.922	1	12
594.091	1	-9
594.261	1	0
594.431	1	5
594.601	1	0
594.771	1	5
594.940	1	0
595.110	1	6
595.280	1	4
595.450	1	8
595.619	1	4
595.789	1	2
595.959	1	10
596.129	1	-4
596.298	1	5
596.468	1	-6
596.638	1	1
596.808	1	-4
596.977	1	-6
597.147	1	-2
597.317	1	8
597.487	1	-8
597.656	1	3
597.826	1	-4
597.996	1	3
598.166	1	7
598.335	1	5
598.505	1	1
598.675	1	-3
598.844	1	-1
599.014	1	-2
599.184	1	-1
599.354	1	-2
599.523	1	8
599.693	1	6
599.863	1	9
600.033	1	-8
600.202	1	6
600.372	1	0
600.542	1	0
600.712	1	4
600.881	1	5
601.051	1	8
601.221	1	-2
601.390	1	3
601.560	1	2
601.730	1	3
601.900	1	10
602.069	1	-11
602.239	1	5
602.409	1	3
602.578	1	7
602.748	1	0
602.918	1	8
603.088	1	8
603.257	1	4
603.427	1	14
603.597	1	15
603.767	1	1
603.936	1	5
604.106	1	2
604.276	1	5
604.445	1	-4
604.615	1	-3
604.785	1	0
604.954	1	13
605.124	1	0
605.294	1	-4
605.464	1	-8
605.633	1	6
605.803	1	7
605.973	1	8
606.142	1	6
606.312	1	4
606.482	1	-6
606.652	1	9
606.821	1	3
606.991	1	-5
607.161	1	12
607.330	1	4
607.500	1	6
607.670	1	-2
607.839	1	-4
608.009	1	-5
608.179	1	-10
608.348	1	5
608.518	1	-8
608.688	1	6
608.858	1	2
609.027	1	0
609.197	1	15
609.367	1	-4
609.536	1	6
609.706	1	-5
609.876	1	0
610.045	1	-2
610.215	1	9
610.385	1	2
610.554	1	0
610.724	1	10
610.894	1	10
611.063	1	-5
611.233	1	-1
611.403	1	-2
611.572	1	12
611.742	1	2
611.912	1	-2
612.081	1	-2
612.251	1	2
612.421	1	1
612.590	1	-2
612.760	1	15
612.930	1	-7
613.099	1	1
613.269	1	-3
613.439	1	-1
613.608	1	-1
613.778	1	-1
613.948	1	11
614.117	1	-6
614.287	1	-4
614.457	1	-1
614.626	1	5
614.796	1	10
614.966	1	-10
615.135	1	2
615.305	1	2
615.475	1	-3
615.644	1	4
615.814	1	-5
615.984	1	1
616.153	1	2
616.323	1	5
616.493	1	11
616.662	1	-3
616.832	1	1
617.002	1	-2
617.171	1	6
617.341	1	3
617.511	1	0
617.680	1	-8
617.850	1	0
618.019	1	5
618.189	1	-1
618.359	1	0
618.528	1	2
618.698	1	3
618.868	1	-6
619.037	1	5
619.207	1	7
619.377	1	3
619.546	1	-9
619.716	1	1
619.885	1	4
620.055	1	12
620.225	1	7
620.394	1	-5
620.564	1	-1
620.734	1	1
620.903	1	8
621.073	1	5
621.242	1	-5
621.412	1	5
621.582	1	-6
621.751	1	-5
621.921	1	16
622.091	1	-2
622.260	1	-2
622.430	1	6
622.599	1	17
622.769	1	6
622.939	1	-6
623.108	1	9
623.278	1	16
623.448	1	7
623.617	1	2
623.787	1	19
623.956	1	15
624.126	1	5
624.296	1	3
624.465	1	0
624.635	1	5
624.804	1	-7
624.974	1	-1
625.144	1	10
625.313	1	-1
625.483	1	18
625.652	1	15
625.822	1	9
625.992	1	10
626.161	1	-9
626.331	1	0
626.501	1	6
626.670	1	2
626.840	1	4
627.009	1	-2
627.179	1	-14
627.348	1	11
627.518	1	9
627.688	1	5
627.857	1	-6
628.027	1	-2
628.196	1	-5
628.366	1	-2
628.536	1	3
628.705	1	3
628.875	1	2
629.044	1	1
629.214	1	0
629.384	1	0
629.553	1	4
629.723	1	-11
629.892	1	-9
630.062	1	-13
630.232	1	1
630.401	1	-8
630.571	1	12
630.740	1	-7
630.910	1	1
631.079	1	-5
631.249	1	4
631.419	1	9
631.588	1	4
631.758	1	-1
631.927	1	11
632.097	1	2
632.266	1	-2
632.436	1	-6
632.606	1	-3
632.775	1	7
632.945	1	-9
633.114	1	3
633.284	1	5
633.453	1	7
633.623	1	8
633.793	1	2
633.962	1	-3
634.132	1	7
634.301	1	5
634.471	1	-4
634.640	1	-2
634.810	1	0
634.979	1	8
635.149	1	5
635.319	1	1
635.488	1	-8
635.658	1	10
635.827	1	-2
635.997	1	-1
636.166	1	-6
636.336	1	11
636.505	1	3
636.675	1	3
636.845	1	1
637.014	1	-1
637.184	1	10
637.353	1	2
637.523	1	7
637.692	1	1
637.862	1	-2
638.031	1	-4
638.201	1	1
638.370	1	5
638.540	1	-1
638.710	1	6
638.879	1	8
639.049	1	0
639.218	1	17
639.388	1	9
639.557	1	6
639.727	1	8
639.896	1	3
640.066	1	4
640.235	1	-2
640.405	1	6
640.574	1	-7
640.744	1	-1
640.914	1	3
641.083	1	-1
641.253	1	0
641.422	1	0
641.592	1	5
641.761	1	5
641.931	1	-7
642.100	1	8
642.270	1	-4
642.439	1	1
642.609	1	10
642.778	1	4
642.948	1	7
643.117	1	14
643.287	1	-9
643.456	1	-3
643.626	1	0
643.795	1	0
643.965	1	1
644.134	1	2
644.304	1	4
644.473	1	5
644.643	1	2
644.812	1	8
644.982	1	-2
645.151	1	3
645.321	1	-4
645.490	1	12
645.660	1	1
645.829	1	-5
645.999	1	8
646.168	1	3
646.338	1	0
646.507	1	-3
646.677	1	4
646.846	1	8
647.016	1	-4
647.185	1	-4
647.355	1	3
647.524	1	3
647.694	1	-6
647.863	1	5
648.033	1	7
648.202	1	13
648.372	1	2
648.541	1	-2
648.711	1	0
648.880	1	-8
649.050	1	3
649.219	1	7
649.389	1	-1
649.558	1	4
649.728	1	7
649.897	1	-2
650.067	1	2
650.236	1	0
650.406	1	9
650.575	1	-5
650.745	1	2
650.914	1	11
651.084	1	4
651.253	1	2
651.423	1	3
651.592	1	-3
651.762	1	-1
651.931	1	1
652.101	1	8
652.270	1	-5
652.440	1	0
652.609	1	5
652.778	1	8
652.948	1	1
653.117	1	3
653.287	1	-2
653.456	1	5
653.626	1	-1
653.795	1	5
653.965	1	-3
654.134	1	-3
654.304	1	1
654.473	1	-4
654.643	1	10
654.812	1	-1
654.982	1	5
655.151	1	3
655.320	1	13
655.490	1	-3
655.659	1	2
655.829	1	12
655.998	1	-9
656.168	1	-5
656.337	1	-3
656.507	1	-6
656.676	1	4
656.846	1	9
657.015	1	-2
657.184	1	-2
657.354	1	10
657.523	1	0
657.693	1	-4
657.862	1	-12
658.032	1	5
658.201	1	4
658.371	1	-12
658.540	1	0
658.709	1	-9
658.879	1	4
659.048	1	1
659.218	1	-2
659.387	1	4
659.557	1	-7
659.726	1	1
659.895	1	-6
660.065	1	15
660.234	1	-3
660.404	1	-4
660.573	1	7
660.743	1	5
660.912	1	-5
661.081	1	-14
661.251	1	14
661.420	1	9
661.590	1	5
661.759	1	-3
661.929	1	8
662.098	1	1
662.267	1	4
662.437	1	1
662.606	1	-4
662.776	1	-1
662.945	1	4
663.115	1	0
663.284	1	-4
663.453	1	8
663.623	1	7
663.792	1	-4
663.962	1	-6
664.131	1	4
664.300	1	-14
664.470	1	5
664.639	1	4
664.809	1	-2
664.978	1	1
665.148	1	-10
665.317	1	-8
665.486	1	1
665.656	1	2
665.825	1	7
665.995	1	0
666.164	1	13
666.333	1	7
666.503	1	6
666.672	1	6
666.842	1	0
667.011	1	0
667.180	1	11
667.350	1	7
667.519	1	4
667.689	1	-4
667.858	1	1
668.027	1	4
668.197	1	8
668.366	1	-4
668.536	1	2
668.705	1	4
668.874	1	5
669.044	1	2
669.213	1	11
669.382	1	11
669.552	1	5
669.721	1	4
669.891	1	12
670.060	1	-1
670.229	1	-3
670.399	1	4
670.568	1	-4
670.738	1	-6
670.907	1	-1
671.076	1	4
671.246	1	-1
671.415	1	0
671.584	1	-6
671.754	1	7
671.923	1	7
672.093	1	-4
672.262	1	5
672.431	1	7
672.601	1	6
672.770	1	4
672.939	1	1
673.109	1	6
673.278	1	-9
673.448	1	4
673.617	1	-3
673.786	1	-1
