325.333	1	-6
325.504	1	-2
325.675	1	-6
325.846	1	5
326.017	1	-9
326.188	1	10
326.359	1	5
326.531	1	-12
326.702	1	3
326.873	1	-4
327.044	1	-4
327.215	1	-10
327.386	1	-5
327.557	1	-1
327.728	1	0
327.899	1	-13
328.070	1	1
328.241	1	-7
328.412	1	12
328.583	1	-8
328.754	1	-9
328.926	1	3
329.097	1	4
329.268	1	-8
329.439	1	-8
329.610	1	-9
329.781	1	-1
329.952	1	9
330.123	1	3
330.294	1	8
330.465	1	0
330.636	1	2
330.807	1	4
330.978	1	-4
331.149	1	3
331.320	1	3
331.492	1	-2
331.663	1	-16
331.834	1	11
332.005	1	3
332.176	1	-3
332.347	1	4
332.518	1	10
332.689	1	9
332.860	1	-3
333.031	1	-2
333.202	1	-3
333.373	1	-2
333.544	1	1
333.715	1	-3
333.886	1	3
334.057	1	-6
334.228	1	-4
334.399	1	-7
334.570	1	-3
334.741	1	-3
334.912	1	-6
335.084	1	-3
335.255	1	0
335.426	1	2
335.597	1	-4
335.768	1	5
335.939	1	-2
336.110	1	-6
336.281	1	-9
336.452	1	-4
336.623	1	8
336.794	1	-6
336.965	1	-3
337.136	1	-5
337.307	1	6
337.478	1	1
337.649	1	5
337.820	1	13
337.991	1	7
338.162	1	-2
338.333	1	-7
338.504	1	-2
338.675	1	4
338.846	1	-6
339.017	1	4
339.188	1	5
339.359	1	4
339.530	1	-2
339.701	1	2
339.872	1	0
340.043	1	2
340.214	1	-7
340.385	1	4
340.556	1	1
340.727	1	-7
340.898	1	3
341.069	1	4
341.240	1	-2
341.411	1	-3
341.582	1	-9
341.753	1	3
341.924	1	-9
342.095	1	0
342.266	1	-11
342.437	1	4
342.608	1	3
342.779	1	-8
342.950	1	3
343.121	1	12
343.292	1	-7
343.463	1	0
343.634	1	-2
343.805	1	3
343.976	1	-1
344.147	1	-12
344.318	1	-3
344.489	1	-11
344.660	1	13
344.831	1	-7
345.002	1	0
345.173	1	-4
345.344	1	-5
345.515	1	-5
345.686	1	-1
345.857	1	-6
346.028	1	-6
346.199	1	-2
346.370	1	4
346.541	1	0
346.712	1	-3
346.883	1	1
347.054	1	-3
347.225	1	-3
347.396	1	-2
347.567	1	-4
347.738	1	6
347.909	1	6
348.080	1	-10
348.251	1	4
348.422	1	15
348.593	1	-2
348.764	1	-1
348.935	1	3
349.106	1	5
349.277	1	-13
349.448	1	-7
349.619	1	-1
349.790	1	-1
349.961	1	-5
350.132	1	-6
350.303	1	-6
350.474	1	4
350.645	1	-2
350.816	1	-7
350.987	1	-6
351.157	1	4
351.328	1	-3
351.499	1	-5
351.670	1	6
351.841	1	2
352.012	1	-12
352.183	1	-2
352.354	1	-1
352.525	1	-1
352.696	1	-4
352.867	1	-3
353.038	1	13
353.209	1	-1
353.380	1	5
353.551	1	0
353.722	1	6
353.893	1	-1
354.064	1	7
354.235	1	0
354.406	1	-8
354.576	1	1
354.747	1	-8
354.918	1	-7
355.089	1	-3
355.260	1	-3
355.431	1	7
355.602	1	7
355.773	1	-1
355.944	1	-3
356.115	1	-6
356.286	1	1
356.457	1	-8
356.628	1	5
356.799	1	6
356.970	1	-5
357.141	1	-4
357.311	1	6
357.482	1	0
357.653	1	-2
357.824	1	-4
357.995	1	-3
358.166	1	8
358.337	1	4
358.508	1	-4
358.679	1	8
358.850	1	-3
359.021	1	-12
359.192	1	0
359.363	1	9
359.533	1	-4
359.704	1	-1
359.875	1	-3
360.046	1	0
360.217	1	6
360.388	1	3
360.559	1	10
360.730	1	5
360.901	1	5
361.072	1	1
361.243	1	3
361.414	1	4
361.584	1	1
361.755	1	5
361.926	1	8
362.097	1	4
362.268	1	9
362.439	1	12
362.610	1	-11
362.781	1	-1
362.952	1	8
363.123	1	3
363.293	1	-6
363.464	1	11
363.635	1	10
363.806	1	-2
363.977	1	9
364.148	1	-6
364.319	1	-7
364.490	1	-4
364.661	1	4
364.832	1	3
365.002	1	2
365.173	1	-1
365.344	1	0
365.515	1	11
365.686	1	4
365.857	1	2
366.028	1	0
366.199	1	5
366.370	1	7
366.540	1	7
366.711	1	16
366.882	1	8
367.053	1	9
367.224	1	14
367.395	1	4
367.566	1	0
367.737	1	0
367.908	1	-1
368.078	1	8
368.249	1	4
368.420	1	5
368.591	1	19
368.762	1	-6
368.933	1	8
369.104	1	10
369.274	1	11
369.445	1	2
369.616	1	-1
369.787	1	-1
369.958	1	-15
370.129	1	11
370.300	1	-14
370.471	1	19
370.641	1	6
370.812	1	2
370.983	1	7
371.154	1	3
371.325	1	5
371.496	1	-1
371.667	1	-3
371.837	1	-7
372.008	1	0
372.179	1	7
372.350	1	2
372.521	1	1
372.692	1	9
372.863	1	3
373.033	1	-3
373.204	1	2
373.375	1	2
373.546	1	-3
373.717	1	0
373.888	1	-4
374.059	1	-1
374.229	1	-4
374.400	1	1
374.571	1	1
374.742	1	4
374.913	1	-7
375.084	1	1
375.254	1	9
375.425	1	-2
375.596	1	-8
375.767	1	1
375.938	1	3
376.109	1	-2
376.279	1	-7
376.450	1	-1
376.621	1	16
376.792	1	-2
376.963	1	3
377.134	1	-9
377.304	1	2
377.475	1	3
377.646	1	-4
377.817	1	8
377.988	1	2
378.159	1	3
378.329	1	1
378.500	1	-2
378.671	1	-2
378.842	1	-2
379.013	1	4
379.184	1	4
379.354	1	5
379.525	1	8
379.696	1	-12
379.867	1	5
380.038	1	1
380.209	1	11
380.379	1	-5
380.550	1	6
380.721	1	13
380.892	1	0
381.063	1	0
381.233	1	10
381.404	1	2
381.575	1	1
381.746	1	8
381.917	1	4
382.087	1	2
382.258	1	8
382.429	1	-5
382.600	1	5
382.771	1	9
382.941	1	3
383.112	1	-2
383.283	1	13
383.454	1	5
383.625	1	0
383.795	1	9
383.966	1	1
384.137	1	0
384.308	1	11
384.479	1	23
384.649	1	0
384.820	1	-3
384.991	1	15
385.162	1	10
385.333	1	12
385.503	1	2
385.674	1	8
385.845	1	15
386.016	1	17
386.187	1	9
386.357	1	3
386.528	1	11
386.699	1	28
386.870	1	17
387.041	1	0
387.211	1	7
387.382	1	11
387.553	1	5
387.724	1	3
387.894	1	13
388.065	1	8
388.236	1	17
388.407	1	11
388.578	1	8
388.748	1	12
388.919	1	-2
389.090	1	13
389.261	1	-10
389.431	1	15
389.602	1	15
389.773	1	2
389.944	1	11
390.114	1	11
390.285	1	1
390.456	1	4
390.627	1	2
390.798	1	14
390.968	1	9
391.139	1	0
391.310	1	10
391.481	1	11
391.651	1	12
391.822	1	15
391.993	1	13
392.164	1	2
392.334	1	18
392.505	1	10
392.676	1	12
392.847	1	12
393.017	1	-1
393.188	1	3
393.359	1	14
393.530	1	11
393.700	1	13
393.871	1	-3
394.042	1	12
394.213	1	16
394.383	1	9
394.554	1	8
394.725	1	6
394.896	1	1
395.066	1	11
395.237	1	23
395.408	1	10
395.579	1	9
395.749	1	13
395.920	1	6
396.091	1	1
396.262	1	9
396.432	1	-2
396.603	1	5
396.774	1	-6
396.945	1	7
397.115	1	17
397.286	1	12
397.457	1	3
397.627	1	3
397.798	1	0
397.969	1	9
398.140	1	2
398.310	1	18
398.481	1	-2
398.652	1	15
398.823	1	21
398.993	1	-3
399.164	1	15
399.335	1	5
399.505	1	5
399.676	1	17
399.847	1	-4
400.018	1	9
400.188	1	9
400.359	1	9
400.530	1	9
400.700	1	6
400.871	1	-1
401.042	1	-1
401.213	1	5
401.383	1	17
401.554	1	11
401.725	1	4
401.895	1	19
402.066	1	10
402.237	1	5
402.408	1	5
402.578	1	8
402.749	1	1
402.920	1	1
403.090	1	4
403.261	1	8
403.432	1	0
403.603	1	2
403.773	1	6
403.944	1	13
404.115	1	-9
404.285	1	-2
404.456	1	16
404.627	1	11
404.797	1	18
404.968	1	9
405.139	1	-2
405.310	1	3
405.480	1	8
405.651	1	9
405.822	1	15
405.992	1	-1
406.163	1	5
406.334	1	11
406.504	1	-1
406.675	1	17
406.846	1	2
407.016	1	7
407.187	1	5
407.358	1	-2
407.528	1	11
407.699	1	17
407.870	1	8
408.041	1	-4
408.211	1	-2
408.382	1	13
408.553	1	14
408.723	1	1
408.894	1	-12
409.065	1	13
409.235	1	-4
409.406	1	13
409.577	1	6
409.747	1	-2
409.918	1	6
410.089	1	7
410.259	1	-10
410.430	1	12
410.601	1	0
410.771	1	8
410.942	1	13
411.113	1	0
411.283	1	-4
411.454	1	5
411.625	1	-4
411.795	1	15
411.966	1	-7
412.137	1	4
412.307	1	7
412.478	1	12
412.649	1	0
412.819	1	12
412.990	1	9
413.161	1	4
413.331	1	-8
413.502	1	17
413.672	1	0
413.843	1	10
414.014	1	6
414.184	1	1
414.355	1	3
414.526	1	5
414.696	1	-9
414.867	1	8
415.038	1	0
415.208	1	0
415.379	1	12
415.550	1	10
415.720	1	4
415.891	1	3
416.062	1	15
416.232	1	6
416.403	1	12
416.573	1	5
416.744	1	4
416.915	1	9
417.085	1	5
417.256	1	3
417.427	1	5
417.597	1	-7
417.768	1	-2
417.939	1	2
418.109	1	9
418.280	1	-1
418.450	1	-6
418.621	1	8
418.792	1	-2
418.962	1	4
419.133	1	-3
419.304	1	8
419.474	1	-3
419.645	1	18
419.815	1	0
419.986	1	3
420.157	1	1
420.327	1	6
420.498	1	7
420.669	1	7
420.839	1	9
421.010	1	13
421.180	1	0
421.351	1	1
421.522	1	8
421.692	1	5
421.863	1	-7
422.033	1	0
422.204	1	-10
422.375	1	3
422.545	1	7
422.716	1	5
422.886	1	-4
423.057	1	4
423.228	1	-11
423.398	1	-9
423.569	1	-2
423.740	1	-2
423.910	1	-6
424.081	1	5
424.251	1	-2
424.422	1	5
424.593	1	4
424.763	1	-4
424.934	1	3
425.104	1	2
425.275	1	-9
425.445	1	-6
425.616	1	4
425.787	1	-5
425.957	1	16
426.128	1	-3
426.298	1	5
426.469	1	12
426.640	1	-9
426.810	1	6
426.981	1	-10
427.151	1	-6
427.322	1	2
427.493	1	4
427.663	1	-5
427.834	1	-5
428.004	1	11
428.175	1	2
428.345	1	10
428.516	1	-3
428.687	1	-6
428.857	1	-2
429.028	1	-5
429.198	1	-7
429.369	1	15
429.540	1	3
429.710	1	-5
429.881	1	6
430.051	1	6
430.222	1	-6
430.392	1	5
430.563	1	9
430.734	1	3
430.904	1	-1
431.075	1	17
431.245	1	4
431.416	1	3
431.586	1	-14
431.757	1	-4
431.927	1	7
432.098	1	-4
432.269	1	-3
432.439	1	-7
432.610	1	-9
432.780	1	-5
432.951	1	3
433.121	1	11
433.292	1	7
433.462	1	5
433.633	1	-1
433.804	1	-3
433.974	1	-4
434.145	1	-3
434.315	1	-2
434.486	1	5
434.656	1	0
434.827	1	-6
434.997	1	6
435.168	1	1
435.339	1	7
435.509	1	11
435.680	1	2
435.850	1	-2
436.021	1	3
436.191	1	-4
436.362	1	0
436.532	1	4
436.703	1	3
436.873	1	2
437.044	1	5
437.214	1	0
437.385	1	-2
437.556	1	-9
437.726	1	-3
437.897	1	-3
438.067	1	-2
438.238	1	-8
438.408	1	2
438.579	1	7
438.749	1	5
438.920	1	-5
439.090	1	11
439.261	1	7
439.431	1	-11
439.602	1	3
439.772	1	12
439.943	1	2
440.113	1	-2
440.284	1	7
440.455	1	-1
440.625	1	8
440.796	1	-2
440.966	1	3
441.137	1	-8
441.307	1	-6
441.478	1	6
441.648	1	-5
441.819	1	5
441.989	1	0
442.160	1	-2
442.330	1	6
442.501	1	-8
442.671	1	2
442.842	1	12
443.012	1	-2
443.183	1	-1
443.353	1	2
443.524	1	5
443.694	1	9
443.865	1	2
444.035	1	0
444.206	1	7
444.376	1	0
444.547	1	0
444.717	1	10
444.888	1	-9
445.058	1	4
445.229	1	4
445.399	1	8
445.570	1	5
445.740	1	15
445.911	1	8
446.081	1	8
446.252	1	1
446.422	1	-3
446.593	1	-6
446.763	1	1
446.934	1	5
447.104	1	-12
447.275	1	-1
447.445	1	-2
447.616	1	-6
447.786	1	12
447.957	1	0
448.127	1	8
448.298	1	-1
448.468	1	6
448.639	1	4
448.809	1	-6
448.979	1	3
449.150	1	9
449.320	1	-1
449.491	1	8
449.661	1	3
449.832	1	-4
450.002	1	-12
450.173	1	0
450.343	1	5
450.514	1	2
450.684	1	-6
450.855	1	5
451.025	1	-3
451.196	1	3
451.366	1	1
451.537	1	1
451.707	1	-1
451.878	1	-6
452.048	1	9
452.218	1	-1
452.389	1	3
452.559	1	-11
452.730	1	8
452.900	1	4
453.071	1	6
453.241	1	-2
453.412	1	-7
453.582	1	10
453.753	1	-16
453.923	1	4
454.093	1	1
454.264	1	-6
454.434	1	-4
454.605	1	6
454.775	1	16
454.946	1	0
455.116	1	-10
455.287	1	6
455.457	1	0
455.628	1	2
455.798	1	-5
455.968	1	2
456.139	1	7
456.309	1	-6
456.480	1	-8
456.650	1	5
456.821	1	-1
456.991	1	6
457.161	1	6
457.332	1	3
457.502	1	1
457.673	1	-7
457.843	1	2
458.014	1	-6
458.184	1	11
458.355	1	4
458.525	1	-1
458.695	1	2
458.866	1	1
459.036	1	13
459.207	1	2
459.377	1	-2
459.548	1	-4
459.718	1	-8
459.888	1	3
460.059	1	2
460.229	1	11
460.400	1	8
460.570	1	-9
460.740	1	-3
460.911	1	6
461.081	1	0
461.252	1	-5
461.422	1	2
461.593	1	1
461.763	1	7
461.933	1	-4
462.104	1	0
462.274	1	-1
462.445	1	-15
462.615	1	-10
462.785	1	-2
462.956	1	-12
463.126	1	-13
463.297	1	0
463.467	1	-3
463.638	1	6
463.808	1	4
463.978	1	-11
464.149	1	-8
464.319	1	4
464.490	1	-11
464.660	1	-9
464.830	1	0
465.001	1	3
465.171	1	-5
465.342	1	-1
465.512	1	1
465.682	1	-3
465.853	1	5
466.023	1	12
466.194	1	-5
466.364	1	3
466.534	1	0
466.705	1	-1
466.875	1	9
467.045	1	-3
467.216	1	-7
467.386	1	-3
467.557	1	4
467.727	1	4
467.897	1	8
468.068	1	3
468.238	1	-7
468.409	1	6
468.579	1	11
468.749	1	0
468.920	1	-1
469.090	1	-1
469.260	1	0
469.431	1	2
469.601	1	2
469.772	1	-6
469.942	1	-2
470.112	1	2
470.283	1	19
470.453	1	5
470.623	1	-5
470.794	1	3
470.964	1	0
471.135	1	-18
471.305	1	0
471.475	1	4
471.646	1	8
471.816	1	-10
471.986	1	1
472.157	1	-1
472.327	1	0
472.497	1	2
472.668	1	-5
472.838	1	13
473.009	1	3
473.179	1	2
473.349	1	-1
473.520	1	6
473.690	1	8
473.860	1	-3
474.031	1	5
474.201	1	-3
474.371	1	8
474.542	1	-4
474.712	1	4
474.882	1	-2
475.053	1	0
475.223	1	2
475.394	1	4
475.564	1	15
475.734	1	-4
475.905	1	-3
476.075	1	-2
476.245	1	-2
476.416	1	3
476.586	1	-4
476.756	1	-1
476.927	1	9
477.097	1	-2
477.267	1	-6
477.438	1	1
477.608	1	7
477.778	1	0
477.949	1	5
478.119	1	7
478.289	1	0
478.460	1	-7
478.630	1	-9
478.800	1	-5
478.971	1	-5
479.141	1	4
479.311	1	-3
479.482	1	-8
479.652	1	5
479.822	1	-9
479.993	1	3
480.163	1	-11
480.333	1	-2
480.504	1	-3
480.674	1	2
480.844	1	8
481.015	1	-2
481.185	1	9
481.355	1	7
481.525	1	4
481.696	1	2
481.866	1	3
482.036	1	-4
482.207	1	6
482.377	1	-4
482.547	1	1
482.718	1	10
482.888	1	-6
483.058	1	-3
483.229	1	2
483.399	1	-1
483.569	1	3
483.740	1	-7
483.910	1	10
484.080	1	-5
484.250	1	1
484.421	1	2
484.591	1	8
484.761	1	-4
484.932	1	2
485.102	1	-2
485.272	1	-1
485.443	1	16
485.613	1	-12
485.783	1	6
485.953	1	0
486.124	1	10
486.294	1	8
486.464	1	-8
486.635	1	12
486.805	1	9
486.975	1	-4
487.146	1	-4
487.316	1	10
487.486	1	0
487.656	1	-5
487.827	1	5
487.997	1	1
488.167	1	0
488.338	1	11
488.508	1	4
488.678	1	2
488.848	1	-8
489.019	1	3
489.189	1	-5
489.359	1	-10
489.529	1	6
489.700	1	0
489.870	1	-2
490.040	1	-5
490.211	1	17
490.381	1	-15
490.551	1	-1
490.721	1	2
490.892	1	4
491.062	1	4
491.232	1	-1
491.402	1	1
491.573	1	8
491.743	1	-22
491.913	1	-3
492.084	1	2
492.254	1	-5
492.424	1	-5
492.594	1	4
492.765	1	8
492.935	1	-9
493.105	1	10
493.275	1	0
493.446	1	-6
493.616	1	6
493.786	1	-2
493.956	1	-1
494.127	1	-6
494.297	1	7
494.467	1	2
494.637	1	11
494.808	1	4
494.978	1	11
495.148	1	9
495.318	1	12
495.489	1	0
495.659	1	4
495.829	1	-3
495.999	1	0
496.170	1	-1
496.340	1	2
496.510	1	7
496.680	1	1
496.851	1	3
497.021	1	-1
497.191	1	-6
497.361	1	-5
497.532	1	6
497.702	1	-3
497.872	1	-3
498.042	1	5
498.213	1	10
498.383	1	3
498.553	1	6
498.723	1	-4
498.894	1	6
499.064	1	13
499.234	1	-7
499.404	1	-1
499.574	1	7
499.745	1	0
499.915	1	3
500.085	1	-7
500.255	1	10
500.426	1	1
500.596	1	-2
500.766	1	11
500.936	1	-2
501.106	1	-4
501.277	1	2
501.447	1	-2
501.617	1	0
501.787	1	-8
501.958	1	2
502.128	1	4
502.298	1	0
502.468	1	8
502.638	1	9
502.809	1	1
502.979	1	7
503.149	1	-1
503.319	1	13
503.489	1	-3
503.660	1	-1
503.830	1	2
504.000	1	-13
504.170	1	2
504.340	1	-1
504.511	1	0
504.681	1	-4
504.851	1	6
505.021	1	-8
505.192	1	7
505.362	1	4
505.532	1	-1
505.702	1	4
505.872	1	-6
506.043	1	4
506.213	1	9
506.383	1	-1
506.553	1	7
506.723	1	10
506.893	1	3
507.064	1	-3
507.234	1	2
507.404	1	4
507.574	1	-8
507.744	1	-6
507.915	1	6
508.085	1	15
508.255	1	0
508.425	1	1
508.595	1	-1
508.766	1	-3
508.936	1	4
509.106	1	-3
509.276	1	7
509.446	1	-4
509.616	1	7
509.787	1	-9
509.957	1	2
510.127	1	9
510.297	1	-12
510.467	1	-6
510.638	1	-10
510.808	1	4
510.978	1	-5
511.148	1	11
511.318	1	-5
511.488	1	11
511.659	1	0
511.829	1	4
511.999	1	13
512.169	1	-3
512.339	1	-1
512.509	1	4
512.680	1	11
512.850	1	4
513.020	1	-1
513.190	1	-4
513.360	1	9
513.530	1	-1
513.700	1	5
513.871	1	13
514.041	1	-4
514.211	1	-5
514.381	1	3
514.551	1	4
514.721	1	9
514.892	1	11
515.062	1	1
515.232	1	14
515.402	1	2
515.572	1	-2
515.742	1	9
515.912	1	-5
516.083	1	-1
516.253	1	2
516.423	1	14
516.593	1	-5
516.763	1	0
516.933	1	0
517.104	1	7
517.274	1	10
517.444	1	9
517.614	1	-10
517.784	1	-1
517.954	1	1
518.124	1	21
518.294	1	12
518.465	1	7
518.635	1	3
518.805	1	7
518.975	1	2
519.145	1	12
519.315	1	6
519.485	1	0
519.656	1	-3
519.826	1	8
519.996	1	7
520.166	1	9
520.336	1	-2
520.506	1	7
520.676	1	-2
520.846	1	-1
521.017	1	-7
521.187	1	4
521.357	1	2
521.527	1	5
521.697	1	9
521.867	1	10
522.037	1	1
522.207	1	1
522.377	1	10
522.548	1	-11
522.718	1	-10
522.888	1	1
523.058	1	22
523.228	1	9
523.398	1	9
523.568	1	-5
523.738	1	-10
523.909	1	10
524.079	1	9
524.249	1	7
524.419	1	6
524.589	1	2
524.759	1	11
524.929	1	3
525.099	1	4
525.269	1	14
525.439	1	0
525.610	1	6
525.780	1	6
525.950	1	-2
526.120	1	6
526.290	1	-3
526.460	1	9
526.630	1	7
526.800	1	2
526.970	1	-3
527.140	1	1
527.311	1	6
527.481	1	7
527.651	1	10
527.821	1	3
527.991	1	11
528.161	1	4
528.331	1	7
528.501	1	-12
528.671	1	3
528.841	1	10
529.011	1	9
529.181	1	-1
529.352	1	14
529.522	1	-1
529.692	1	12
529.862	1	2
530.032	1	-4
530.202	1	-1
530.372	1	3
530.542	1	11
530.712	1	15
530.882	1	2
531.052	1	5
531.222	1	-10
531.392	1	1
531.563	1	2
531.733	1	2
531.903	1	7
532.073	1	9
532.243	1	4
532.413	1	7
532.583	1	5
532.753	1	7
532.923	1	5
533.093	1	8
533.263	1	0
533.433	1	9
533.603	1	8
533.773	1	9
533.943	1	3
534.113	1	-2
534.284	1	5
534.454	1	12
534.624	1	13
534.794	1	2
534.964	1	-7
535.134	1	-2
535.304	1	14
535.474	1	-1
535.644	1	10
535.814	1	10
535.984	1	5
536.154	1	5
536.324	1	-3
536.494	1	9
536.664	1	7
536.834	1	14
537.004	1	18
537.174	1	4
537.344	1	8
537.514	1	9
537.685	1	-2
537.855	1	12
538.025	1	6
538.195	1	2
538.365	1	8
538.535	1	10
538.705	1	5
538.875	1	-3
539.045	1	6
539.215	1	-2
539.385	1	6
539.555	1	-1
539.725	1	6
539.895	1	6
540.065	1	3
540.235	1	-13
540.405	1	5
540.575	1	14
540.745	1	6
540.915	1	14
541.085	1	-4
541.255	1	5
541.425	1	-2
541.595	1	-1
541.765	1	-5
541.935	1	9
542.105	1	7
542.275	1	-3
542.445	1	9
542.615	1	3
542.785	1	7
542.955	1	7
543.125	1	2
543.295	1	5
543.465	1	13
543.635	1	9
543.805	1	1
543.975	1	9
544.145	1	1
544.315	1	4
544.485	1	-1
544.655	1	1
544.825	1	6
544.995	1	14
545.165	1	3
545.335	1	9
545.505	1	2
545.675	1	4
545.845	1	3
546.015	1	5
546.185	1	10
546.355	1	6
546.525	1	4
546.695	1	-7
546.865	1	0
547.035	1	7
547.205	1	-2
547.375	1	1
547.545	1	8
547.715	1	-3
547.885	1	6
548.055	1	5
548.225	1	4
548.395	1	10
548.565	1	5
548.735	1	3
548.905	1	-5
549.075	1	-1
549.245	1	7
549.415	1	-2
549.585	1	-5
549.755	1	0
549.925	1	12
550.095	1	6
550.265	1	9
550.435	1	11
550.605	1	7
550.775	1	-5
550.945	1	10
551.115	1	-3
551.285	1	7
551.455	1	1
551.625	1	-1
551.795	1	4
551.965	1	6
552.135	1	9
552.305	1	2
552.475	1	2
552.645	1	-2
552.815	1	2
552.985	1	1
553.155	1	15
553.325	1	5
553.495	1	-1
553.665	1	7
553.835	1	8
554.004	1	2
554.174	1	-7
554.344	1	-2
554.514	1	4
554.684	1	0
554.854	1	3
555.024	1	4
555.194	1	7
555.364	1	9
555.534	1	-1
555.704	1	0
555.874	1	1
556.044	1	2
556.214	1	3
556.384	1	1
556.554	1	-1
556.724	1	-4
556.894	1	15
557.064	1	2
557.234	1	7
557.404	1	-6
557.573	1	3
557.743	1	4
557.913	1	5
558.083	1	-11
558.253	1	-2
558.423	1	-11
558.593	1	7
558.763	1	-1
558.933	1	9
559.103	1	6
559.273	1	6
559.443	1	5
559.613	1	1
559.783	1	9
559.953	1	0
560.122	1	-6
560.292	1	4
560.462	1	0
560.632	1	1
560.802	1	4
560.972	1	11
561.142	1	13
561.312	1	4
561.482	1	4
561.652	1	1
561.822	1	4
561.992	1	11
562.162	1	-1
562.331	1	10
562.501	1	5
562.671	1	-3
562.841	1	0
563.011	1	-4
563.181	1	14
563.351	1	2
563.521	1	4
563.691	1	0
563.861	1	6
564.031	1	9
564.201	1	2
564.370	1	16
564.540	1	-1
564.710	1	-6
564.880	1	-8
565.050	1	3
565.220	1	9
565.390	1	-12
565.560	1	10
565.730	1	-3
565.900	1	7
566.069	1	10
566.239	1	7
566.409	1	5
566.579	1	-1
566.749	1	2
566.919	1	13
567.089	1	13
567.259	1	12
567.429	1	-6
567.599	1	7
567.768	1	7
567.938	1	-3
568.108	1	2
568.278	1	-14
568.448	1	-11
568.618	1	6
568.788	1	-5
568.958	1	2
569.128	1	7
569.297	1	1
569.467	1	2
569.637	1	2
569.807	1	1
569.977	1	1
570.147	1	-4
570.317	1	17
570.487	1	7
570.656	1	0
570.826	1	1
570.996	1	-1
571.166	1	-5
571.336	1	4
571.506	1	8
571.676	1	6
571.846	1	18
572.015	1	-2
572.185	1	-2
572.355	1	11
572.525	1	-6
572.695	1	11
572.865	1	4
573.035	1	5
573.205	1	12
573.374	1	2
573.544	1	-4
573.714	1	5
573.884	1	-5
574.054	1	-2
574.224	1	-1
574.394	1	1
574.563	1	12
574.733	1	-5
574.903	1	1
575.073	1	2
575.243	1	-3
575.413	1	-6
575.583	1	8
575.752	1	-1
575.922	1	0
576.092	1	5
576.262	1	5
576.432	1	-8
576.602	1	10
576.772	1	0
576.941	1	7
577.111	1	2
577.281	1	1
577.451	1	-6
577.621	1	-4
577.791	1	9
577.960	1	-2
578.130	1	0
578.300	1	1
578.470	1	0
578.640	1	-6
578.810	1	0
578.979	1	3
579.149	1	1
579.319	1	2
579.489	1	-4
579.659	1	4
579.829	1	8
579.998	1	1
580.168	1	8
580.338	1	-17
580.508	1	-1
580.678	1	-5
580.848	1	-6
581.017	1	-1
581.187	1	12
581.357	1	1
581.527	1	12
581.697	1	-11
581.867	1	6
582.036	1	2
582.206	1	-9
582.376	1	-1
582.546	1	8
582.716	1	10
582.885	1	2
583.055	1	0
583.225	1	-1
583.395	1	7
583.565	1	8
583.735	1	4
583.904	1	-1
584.074	1	-12
584.244	1	-3
584.414	1	1
584.584	1	7
584.753	1	-3
584.923	1	-3
585.093	1	8
585.263	1	0
585.433	1	-2
585.602	1	2
585.772	1	-4
585.942	1	7
586.112	1	2
586.282	1	1
586.451	1	3
586.621	1	6
586.791	1	8
586.961	1	3
587.131	1	-3
587.300	1	-7
587.470	1	4
587.640	1	7
587.810	1	1
587.980	1	0
588.149	1	1
588.319	1	2
588.489	1	10
588.659	1	-8
588.829	1	4
588.998	1	-7
589.168	1	10
589.338	1	5
589.508	1	5
589.677	1	2
589.847	1	5
590.017	1	-5
590.187	1	-9
590.357	1	-6
590.526	1	2
590.696	1	-2
590.866	1	7
591.036	1	12
591.205	1	5
591.375	1	-9
591.545	1	-7
591.715	1	-4
591.885	1	3
592.054	1	1
592.224	1	6
592.394	1	10
592.564	1	-6
592.733	1	2
592.903	1	-7
593.073	1	7
593.243	1	-1
593.412	1	1
593.582	1	3
593.752	1	-3
593.922	1	-1
594.091	1	0
594.261	1	11
594.431	1	0
594.601	1	-5
594.771	1	4
594.940	1	0
595.110	1	5
595.280	1	-3
595.450	1	0
595.619	1	0
595.789	1	10
595.959	1	-1
596.129	1	-2
596.298	1	12
596.468	1	4
596.638	1	2
596.808	1	6
596.977	1	-17
597.147	1	3
597.317	1	13
597.487	1	-5
597.656	1	-7
597.826	1	-1
597.996	1	-4
598.166	1	4
598.335	1	-4
598.505	1	-5
598.675	1	3
598.844	1	-7
599.014	1	-3
599.184	1	-1
599.354	1	-10
599.523	1	-2
599.693	1	12
599.863	1	6
600.033	1	-4
600.202	1	-2
600.372	1	5
600.542	1	-2
600.712	1	5
600.881	1	5
601.051	1	6
601.221	1	-17
601.390	1	-12
601.560	1	-1
601.730	1	-3
601.900	1	-4
602.069	1	-3
602.239	1	-3
602.409	1	-6
602.578	1	-9
602.748	1	-6
602.918	1	2
603.088	1	12
603.257	1	0
603.427	1	-7
603.597	1	10
603.767	1	-1
603.936	1	-4
604.106	1	1
604.276	1	0
604.445	1	17
604.615	1	-1
604.785	1	-4
604.954	1	1
605.124	1	-7
605.294	1	-7
605.464	1	4
605.633	1	8
605.803	1	3
605.973	1	-6
606.142	1	-2
606.312	1	3
606.482	1	-5
606.652	1	-6
606.821	1	1
606.991	1	-4
607.161	1	0
607.330	1	12
607.500	1	6
607.670	1	-4
607.839	1	2
608.009	1	-15
608.179	1	4
608.348	1	-5
608.518	1	5
608.688	1	10
608.858	1	-1
609.027	1	3
609.197	1	-11
609.367	1	-6
609.536	1	2
609.706	1	0
609.876	1	10
610.045	1	-3
610.215	1	-3
610.385	1	-3
610.554	1	2
610.724	1	5
610.894	1	2
611.063	1	7
611.233	1	1
611.403	1	7
611.572	1	-2
611.742	1	-7
611.912	1	-5
612.081	1	-4
612.251	1	5
612.421	1	15
612.590	1	-7
612.760	1	-5
612.930	1	7
613.099	1	-15
613.269	1	-3
613.439	1	3
613.608	1	-1
613.778	1	3
613.948	1	14
614.117	1	7
614.287	1	-3
614.457	1	6
614.626	1	-1
614.796	1	2
614.966	1	1
615.135	1	0
615.305	1	-5
615.475	1	8
615.644	1	-5
615.814	1	10
615.984	1	9
616.153	1	5
616.323	1	-5
616.493	1	0
616.662	1	-1
616.832	1	-11
617.002	1	-3
617.171	1	-3
617.341	1	7
617.511	1	-8
617.680	1	6
617.850	1	3
618.019	1	-5
618.189	1	-8
618.359	1	3
618.528	1	-10
618.698	1	-3
618.868	1	8
619.037	1	6
619.207	1	-8
619.377	1	-14
619.546	1	-4
619.716	1	-2
619.885	1	4
620.055	1	4
620.225	1	6
620.394	1	-3
620.564	1	3
620.734	1	0
620.903	1	4
621.073	1	-5
621.242	1	-1
621.412	1	4
621.582	1	-5
621.751	1	4
621.921	1	2
622.091	1	-14
622.260	1	1
622.430	1	4
622.599	1	10
622.769	1	0
622.939	1	1
623.108	1	-2
623.278	1	-4
623.448	1	-9
623.617	1	13
623.787	1	4
623.956	1	-3
624.126	1	-1
624.296	1	-5
624.465	1	-1
624.635	1	10
624.804	1	-7
624.974	1	-8
625.144	1	-1
625.313	1	-1
625.483	1	8
625.652	1	7
625.822	1	5
625.992	1	-1
626.161	1	2
626.331	1	7
626.501	1	7
626.670	1	-3
626.840	1	6
627.009	1	-11
627.179	1	-4
627.348	1	2
627.518	1	3
627.688	1	3
627.857	1	4
628.027	1	9
628.196	1	4
628.366	1	-1
628.536	1	1
628.705	1	10
628.875	1	-8
629.044	1	0
629.214	1	8
629.384	1	-5
629.553	1	2
629.723	1	1
629.892	1	2
630.062	1	-1
630.232	1	10
630.401	1	-4
630.571	1	2
630.740	1	7
630.910	1	9
631.079	1	5
631.249	1	-9
631.419	1	2
631.588	1	-6
631.758	1	-4
631.927	1	-6
632.097	1	7
632.266	1	-8
632.436	1	-2
632.606	1	5
632.775	1	-2
632.945	1	7
633.114	1	4
633.284	1	-4
633.453	1	-2
633.623	1	3
633.793	1	-3
633.962	1	-2
634.132	1	8
634.301	1	-1
634.471	1	-12
634.640	1	-2
634.810	1	-5
634.979	1	1
635.149	1	-4
635.319	1	3
635.488	1	3
635.658	1	-6
635.827	1	-2
635.997	1	5
636.166	1	4
636.336	1	5
636.505	1	0
636.675	1	-2
636.845	1	10
637.014	1	4
637.184	1	-3
637.353	1	13
637.523	1	-4
637.692	1	-1
637.862	1	-9
638.031	1	10
638.201	1	-1
638.370	1	8
638.540	1	-7
638.710	1	0
638.879	1	8
639.049	1	6
639.218	1	9
639.388	1	-1
639.557	1	-2
639.727	1	2
639.896	1	2
640.066	1	2
640.235	1	-2
640.405	1	-3
640.574	1	-3
640.744	1	1
640.914	1	2
641.083	1	3
641.253	1	-5
641.422	1	-8
641.592	1	-6
641.761	1	4
641.931	1	6
642.100	1	-7
642.270	1	-4
642.439	1	6
642.609	1	5
642.778	1	-5
642.948	1	0
643.117	1	-4
643.287	1	1
643.456	1	2
643.626	1	6
643.795	1	3
643.965	1	-5
644.134	1	9
644.304	1	6
644.473	1	5
644.643	1	-5
644.812	1	6
644.982	1	19
645.151	1	-5
645.321	1	10
645.490	1	2
645.660	1	4
645.829	1	-6
645.999	1	-6
646.168	1	-1
646.338	1	8
646.507	1	0
646.677	1	-6
646.846	1	14
647.016	1	-2
647.185	1	1
647.355	1	0
647.524	1	2
647.694	1	-15
647.863	1	-12
648.033	1	-9
648.202	1	-1
648.372	1	9
648.541	1	2
648.711	1	0
648.880	1	-4
649.050	1	2
649.219	1	5
649.389	1	-6
649.558	1	-1
649.728	1	-1
649.897	1	0
650.067	1	-10
650.236	1	7
650.406	1	7
650.575	1	0
650.745	1	-14
650.914	1	-1
651.084	1	-3
651.253	1	1
651.423	1	7
651.592	1	4
651.762	1	2
651.931	1	-3
652.101	1	6
652.270	1	12
652.440	1	0
652.609	1	4
652.778	1	-5
652.948	1	5
653.117	1	7
653.287	1	1
653.456	1	0
653.626	1	6
653.795	1	5
653.965	1	9
654.134	1	8
654.304	1	7
654.473	1	3
654.643	1	10
654.812	1	2
654.982	1	-15
655.151	1	-1
655.320	1	-6
655.490	1	9
655.659	1	0
655.829	1	2
655.998	1	10
656.168	1	-9
656.337	1	-11
656.507	1	11
656.676	1	-10
656.846	1	-9
657.015	1	-3
657.184	1	-6
657.354	1	1
657.523	1	-1
657.693	1	10
657.862	1	4
658.032	1	10
658.201	1	-4
658.371	1	-1
658.540	1	3
658.709	1	-7
658.879	1	-12
659.048	1	9
659.218	1	5
659.387	1	-5
659.557	1	0
659.726	1	0
659.895	1	-1
660.065	1	-1
660.234	1	-6
660.404	1	5
660.573	1	-7
660.743	1	1
660.912	1	-3
661.081	1	-2
661.251	1	5
661.420	1	-4
661.590	1	-4
661.759	1	2
661.929	1	2
662.098	1	-10
662.267	1	5
662.437	1	0
662.606	1	3
662.776	1	-7
662.945	1	-2
663.115	1	-4
663.284	1	-9
663.453	1	-1
663.623	1	-4
663.792	1	3
663.962	1	-7
664.131	1	-3
664.300	1	2
664.470	1	-4
664.639	1	-6
664.809	1	-7
664.978	1	-2
665.148	1	-11
665.317	1	-12
665.486	1	2
665.656	1	-9
665.825	1	-5
665.995	1	3
666.164	1	1
666.333	1	12
666.503	1	1
666.672	1	-12
666.842	1	1
667.011	1	7
667.180	1	-4
667.350	1	1
667.519	1	7
667.689	1	-3
667.858	1	9
668.027	1	-10
668.197	1	3
668.366	1	-8
668.536	1	-3
668.705	1	5
668.874	1	-4
669.044	1	-2
669.213	1	5
669.382	1	3
669.552	1	4
669.721	1	-1
669.891	1	1
670.060	1	11
670.229	1	-3
670.399	1	10
670.568	1	0
670.738	1	-2
670.907	1	-12
671.076	1	10
671.246	1	1
671.415	1	-3
671.584	1	-5
671.754	1	-4
671.923	1	-8
672.093	1	5
672.262	1	2
672.431	1	-5
672.601	1	-13
672.770	1	-4
672.939	1	-14
673.109	1	0
673.278	1	-3
673.448	1	0
673.617	1	6
673.786	1	-2
