325.333	1	-2
325.504	1	9
325.675	1	4
325.846	1	2
326.017	1	4
326.188	1	13
326.359	1	6
326.531	1	-3
326.702	1	-2
326.873	1	1
327.044	1	-4
327.215	1	3
327.386	1	0
327.557	1	6
327.728	1	4
327.899	1	0
328.070	1	3
328.241	1	4
328.412	1	5
328.583	1	2
328.754	1	-2
328.926	1	0
329.097	1	5
329.268	1	12
329.439	1	-4
329.610	1	-4
329.781	1	-3
329.952	1	19
330.123	1	-2
330.294	1	12
330.465	1	1
330.636	1	6
330.807	1	-6
330.978	1	2
331.149	1	2
331.320	1	7
331.492	1	-4
331.663	1	0
331.834	1	16
332.005	1	5
332.176	1	-7
332.347	1	7
332.518	1	8
332.689	1	8
332.860	1	2
333.031	1	6
333.202	1	0
333.373	1	-1
333.544	1	0
333.715	1	10
333.886	1	2
334.057	1	-10
334.228	1	-3
334.399	1	11
334.570	1	-5
334.741	1	-9
334.912	1	4
335.084	1	-2
335.255	1	1
335.426	1	0
335.597	1	5
335.768	1	2
335.939	1	10
336.110	1	-7
336.281	1	-5
336.452	1	3
336.623	1	3
336.794	1	-6
336.965	1	3
337.136	1	2
337.307	1	13
337.478	1	5
337.649	1	3
337.820	1	12
337.991	1	9
338.162	1	5
338.333	1	-3
338.504	1	1
338.675	1	8
338.846	1	5
339.017	1	-2
339.188	1	5
339.359	1	4
339.530	1	10
339.701	1	6
339.872	1	10
340.043	1	5
340.214	1	0
340.385	1	4
340.556	1	7
340.727	1	1
340.898	1	7
341.069	1	4
341.240	1	3
341.411	1	3
341.582	1	-2
341.753	1	4
341.924	1	1
342.095	1	2
342.266	1	1
342.437	1	10
342.608	1	3
342.779	1	0
342.950	1	6
343.121	1	7
343.292	1	-2
343.463	1	2
343.634	1	-9
343.805	1	8
343.976	1	3
344.147	1	-4
344.318	1	6
344.489	1	-10
344.660	1	21
344.831	1	5
345.002	1	8
345.173	1	-1
345.344	1	-6
345.515	1	1
345.686	1	4
345.857	1	-3
346.028	1	3
346.199	1	4
346.370	1	9
346.541	1	-5
346.712	1	7
346.883	1	2
347.054	1	5
347.225	1	5
347.396	1	5
347.567	1	2
347.738	1	3
347.909	1	7
348.080	1	-3
348.251	1	0
348.422	1	8
348.593	1	3
348.764	1	7
348.935	1	10
349.106	1	13
349.277	1	2
349.448	1	10
349.619	1	2
349.790	1	9
349.961	1	4
350.132	1	3
350.303	1	-12
350.474	1	7
350.645	1	4
350.816	1	-3
350.987	1	9
351.157	1	12
351.328	1	13
351.499	1	10
351.670	1	12
351.841	1	2
352.012	1	-4
352.183	1	13
352.354	1	13
352.525	1	4
352.696	1	-1
352.867	1	5
353.038	1	25
353.209	1	8
353.380	1	7
353.551	1	13
353.722	1	2
353.893	1	6
354.064	1	19
354.235	1	7
354.406	1	0
354.576	1	21
354.747	1	-3
354.918	1	12
355.089	1	9
355.260	1	8
355.431	1	20
355.602	1	11
355.773	1	8
355.944	1	20
356.115	1	8
356.286	1	6
356.457	1	15
356.628	1	18
356.799	1	17
356.970	1	2
357.141	1	1
357.311	1	13
357.482	1	8
357.653	1	15
357.824	1	24
357.995	1	20
358.166	1	24
358.337	1	32
358.508	1	26
358.679	1	26
358.850	1	31
359.021	1	15
359.192	1	22
359.363	1	31
359.533	1	17
359.704	1	14
359.875	1	35
360.046	1	20
360.217	1	36
360.388	1	39
360.559	1	26
360.730	1	34
360.901	1	36
361.072	1	33
361.243	1	37
361.414	1	43
361.584	1	43
361.755	1	57
361.926	1	54
362.097	1	46
362.268	1	46
362.439	1	52
362.610	1	52
362.781	1	59
362.952	1	56
363.123	1	68
363.293	1	53
363.464	1	70
363.635	1	76
363.806	1	76
363.977	1	71
364.148	1	74
364.319	1	76
364.490	1	71
364.661	1	89
364.832	1	87
365.002	1	101
365.173	1	98
365.344	1	96
365.515	1	100
365.686	1	104
365.857	1	100
366.028	1	104
366.199	1	104
366.370	1	99
366.540	1	113
366.711	1	106
366.882	1	102
367.053	1	107
367.224	1	108
367.395	1	92
367.566	1	98
367.737	1	86
367.908	1	92
368.078	1	92
368.249	1	86
368.420	1	87
368.591	1	96
368.762	1	82
368.933	1	78
369.104	1	89
369.274	1	79
369.445	1	77
369.616	1	75
369.787	1	74
369.958	1	78
370.129	1	68
370.300	1	58
370.471	1	75
370.641	1	69
370.812	1	67
370.983	1	63
371.154	1	59
371.325	1	66
371.496	1	62
371.667	1	38
371.837	1	46
372.008	1	59
372.179	1	58
372.350	1	53
372.521	1	53
372.692	1	51
372.863	1	52
373.033	1	46
373.204	1	62
373.375	1	47
373.546	1	47
373.717	1	48
373.888	1	45
374.059	1	62
374.229	1	36
374.400	1	42
374.571	1	49
374.742	1	45
374.913	1	34
375.084	1	43
375.254	1	50
375.425	1	42
375.596	1	37
375.767	1	48
375.938	1	39
376.109	1	36
376.279	1	32
376.450	1	32
376.621	1	45
376.792	1	32
376.963	1	42
377.134	1	40
377.304	1	38
377.475	1	36
377.646	1	37
377.817	1	43
377.988	1	30
378.159	1	28
378.329	1	39
378.500	1	25
378.671	1	29
378.842	1	29
379.013	1	37
379.184	1	41
379.354	1	38
379.525	1	41
379.696	1	23
379.867	1	41
380.038	1	47
380.209	1	43
380.379	1	28
380.550	1	38
380.721	1	52
380.892	1	38
381.063	1	43
381.233	1	59
381.404	1	59
381.575	1	55
381.746	1	67
381.917	1	60
382.087	1	68
382.258	1	75
382.429	1	71
382.600	1	90
382.771	1	69
382.941	1	84
383.112	1	91
383.283	1	85
383.454	1	90
383.625	1	78
383.795	1	105
383.966	1	111
384.137	1	113
384.308	1	125
384.479	1	124
384.649	1	121
384.820	1	122
384.991	1	130
385.162	1	131
385.333	1	138
385.503	1	137
385.674	1	137
385.845	1	150
386.016	1	144
386.187	1	154
386.357	1	147
386.528	1	156
386.699	1	151
386.870	1	154
387.041	1	131
387.211	1	139
387.382	1	137
387.553	1	152
387.724	1	131
387.894	1	156
388.065	1	153
388.236	1	150
388.407	1	144
388.578	1	134
388.748	1	144
388.919	1	126
389.090	1	142
389.261	1	108
389.431	1	136
389.602	1	152
389.773	1	122
389.944	1	134
390.114	1	127
390.285	1	122
390.456	1	132
390.627	1	121
390.798	1	131
390.968	1	128
391.139	1	109
391.310	1	132
391.481	1	130
391.651	1	130
391.822	1	118
391.993	1	118
392.164	1	118
392.334	1	129
392.505	1	114
392.676	1	116
392.847	1	118
393.017	1	107
393.188	1	104
393.359	1	112
393.530	1	115
393.700	1	109
393.871	1	100
394.042	1	107
394.213	1	121
394.383	1	109
394.554	1	107
394.725	1	121
394.896	1	106
395.066	1	112
395.237	1	129
395.408	1	126
395.579	1	134
395.749	1	120
395.920	1	128
396.091	1	120
396.262	1	132
396.432	1	114
396.603	1	134
396.774	1	133
396.945	1	137
397.115	1	146
397.286	1	139
397.457	1	139
397.627	1	143
397.798	1	119
397.969	1	129
398.140	1	126
398.310	1	131
398.481	1	120
398.652	1	130
398.823	1	137
398.993	1	125
399.164	1	144
399.335	1	127
399.505	1	129
399.676	1	118
399.847	1	119
400.018	1	117
400.188	1	108
400.359	1	103
400.530	1	117
400.700	1	110
400.871	1	91
401.042	1	100
401.213	1	102
401.383	1	102
401.554	1	104
401.725	1	92
401.895	1	93
402.066	1	92
402.237	1	100
402.408	1	84
402.578	1	89
402.749	1	92
402.920	1	74
403.090	1	90
403.261	1	86
403.432	1	95
403.603	1	88
403.773	1	82
403.944	1	83
404.115	1	80
404.285	1	85
404.456	1	79
404.627	1	85
404.797	1	105
404.968	1	83
405.139	1	86
405.310	1	87
405.480	1	93
405.651	1	83
405.822	1	89
405.992	1	77
406.163	1	89
406.334	1	85
406.504	1	86
406.675	1	86
406.846	1	74
407.016	1	83
407.187	1	70
407.358	1	70
407.528	1	83
407.699	1	90
407.870	1	90
408.041	1	74
408.211	1	78
408.382	1	79
408.553	1	81
408.723	1	77
408.894	1	70
409.065	1	89
409.235	1	61
409.406	1	76
409.577	1	79
409.747	1	79
409.918	1	79
410.089	1	77
410.259	1	51
410.430	1	73
410.601	1	75
410.771	1	61
410.942	1	81
411.113	1	75
411.283	1	68
411.454	1	67
411.625	1	64
411.795	1	75
411.966	1	70
412.137	1	70
412.307	1	60
412.478	1	69
412.649	1	61
412.819	1	72
412.990	1	69
413.161	1	67
413.331	1	58
413.502	1	64
413.672	1	60
413.843	1	54
414.014	1	55
414.184	1	47
414.355	1	46
414.526	1	51
414.696	1	53
414.867	1	49
415.038	1	53
415.208	1	48
415.379	1	59
415.550	1	54
415.720	1	54
415.891	1	59
416.062	1	56
416.232	1	54
416.403	1	53
416.573	1	41
416.744	1	48
416.915	1	49
417.085	1	45
417.256	1	53
417.427	1	47
417.597	1	43
417.768	1	47
417.939	1	54
418.109	1	54
418.280	1	43
418.450	1	49
418.621	1	45
418.792	1	47
418.962	1	38
419.133	1	59
419.304	1	46
419.474	1	39
419.645	1	54
419.815	1	51
419.986	1	51
420.157	1	50
420.327	1	57
420.498	1	44
420.669	1	43
420.839	1	37
421.010	1	42
421.180	1	43
421.351	1	39
421.522	1	49
421.692	1	44
421.863	1	38
422.033	1	43
422.204	1	25
422.375	1	34
422.545	1	41
422.716	1	41
422.886	1	39
423.057	1	29
423.228	1	25
423.398	1	43
423.569	1	36
423.740	1	38
423.910	1	32
424.081	1	28
424.251	1	24
424.422	1	44
424.593	1	30
424.763	1	26
424.934	1	33
425.104	1	33
425.275	1	18
425.445	1	30
425.616	1	17
425.787	1	18
425.957	1	46
426.128	1	24
426.298	1	20
426.469	1	30
426.640	1	25
426.810	1	32
426.981	1	29
427.151	1	25
427.322	1	23
427.493	1	33
427.663	1	20
427.834	1	14
428.004	1	24
428.175	1	15
428.345	1	25
428.516	1	24
428.687	1	19
428.857	1	16
429.028	1	21
429.198	1	19
429.369	1	33
429.540	1	23
429.710	1	6
429.881	1	36
430.051	1	37
430.222	1	23
430.392	1	17
430.563	1	34
430.734	1	25
430.904	1	27
431.075	1	20
431.245	1	26
431.416	1	20
431.586	1	18
431.757	1	20
431.927	1	21
432.098	1	17
432.269	1	25
432.439	1	17
432.610	1	14
432.780	1	21
432.951	1	19
433.121	1	23
433.292	1	31
433.462	1	26
433.633	1	10
433.804	1	19
433.974	1	9
434.145	1	19
434.315	1	15
434.486	1	25
434.656	1	13
434.827	1	19
434.997	1	13
435.168	1	28
435.339	1	17
435.509	1	15
435.680	1	16
435.850	1	18
436.021	1	20
436.191	1	14
436.362	1	18
436.532	1	18
436.703	1	19
436.873	1	13
437.044	1	19
437.214	1	9
437.385	1	15
437.556	1	11
437.726	1	13
437.897	1	22
438.067	1	15
438.238	1	3
438.408	1	13
438.579	1	16
438.749	1	15
438.920	1	6
439.090	1	20
439.261	1	13
439.431	1	18
439.602	1	12
439.772	1	22
439.943	1	18
440.113	1	14
440.284	1	19
440.455	1	4
440.625	1	13
440.796	1	11
440.966	1	10
441.137	1	4
441.307	1	-3
441.478	1	11
441.648	1	11
441.819	1	19
441.989	1	13
442.160	1	18
442.330	1	15
442.501	1	2
442.671	1	17
442.842	1	12
443.012	1	19
443.183	1	6
443.353	1	15
443.524	1	15
443.694	1	12
443.865	1	18
444.035	1	15
444.206	1	10
444.376	1	13
444.547	1	11
444.717	1	27
444.888	1	6
445.058	1	6
445.229	1	6
445.399	1	14
445.570	1	17
445.740	1	20
445.911	1	16
446.081	1	8
446.252	1	2
446.422	1	8
446.593	1	7
446.763	1	22
446.934	1	17
447.104	1	1
447.275	1	5
447.445	1	16
447.616	1	13
447.786	1	13
447.957	1	19
448.127	1	20
448.298	1	18
448.468	1	9
448.639	1	5
448.809	1	14
448.979	1	17
449.150	1	6
449.320	1	6
449.491	1	11
449.661	1	21
449.832	1	0
450.002	1	11
450.173	1	5
450.343	1	11
450.514	1	9
450.684	1	13
450.855	1	14
451.025	1	6
451.196	1	4
451.366	1	8
451.537	1	6
451.707	1	13
451.878	1	4
452.048	1	9
452.218	1	8
452.389	1	5
452.559	1	4
452.730	1	9
452.900	1	14
453.071	1	6
453.241	1	8
453.412	1	4
453.582	1	17
453.753	1	10
453.923	1	7
454.093	1	11
454.264	1	0
454.434	1	20
454.605	1	8
454.775	1	22
454.946	1	15
455.116	1	-3
455.287	1	12
455.457	1	7
455.628	1	1
455.798	1	2
455.968	1	17
456.139	1	10
456.309	1	-7
456.480	1	2
456.650	1	2
456.821	1	8
456.991	1	18
457.161	1	10
457.332	1	10
457.502	1	14
457.673	1	8
457.843	1	9
458.014	1	8
458.184	1	14
458.355	1	15
458.525	1	8
458.695	1	-3
458.866	1	5
459.036	1	16
459.207	1	8
459.377	1	-3
459.548	1	3
459.718	1	-4
459.888	1	12
460.059	1	6
460.229	1	17
460.400	1	8
460.570	1	7
460.740	1	9
460.911	1	19
461.081	1	16
461.252	1	6
461.422	1	6
461.593	1	-2
461.763	1	3
461.933	1	1
462.104	1	10
462.274	1	5
462.445	1	-3
462.615	1	3
462.785	1	6
462.956	1	10
463.126	1	6
463.297	1	7
463.467	1	-1
463.638	1	2
463.808	1	14
463.978	1	5
464.149	1	14
464.319	1	4
464.490	1	-2
464.660	1	9
464.830	1	12
465.001	1	13
465.171	1	8
465.342	1	3
465.512	1	6
465.682	1	7
465.853	1	13
466.023	1	8
466.194	1	2
466.364	1	19
466.534	1	4
466.705	1	6
466.875	1	8
467.045	1	10
467.216	1	6
467.386	1	7
467.557	1	6
467.727	1	-1
467.897	1	19
468.068	1	12
468.238	1	9
468.409	1	4
468.579	1	14
468.749	1	7
468.920	1	10
469.090	1	14
469.260	1	15
469.431	1	5
469.601	1	13
469.772	1	-4
469.942	1	14
470.112	1	5
470.283	1	15
470.453	1	-1
470.623	1	7
470.794	1	8
470.964	1	1
471.135	1	-1
471.305	1	2
471.475	1	-2
471.646	1	11
471.816	1	5
471.986	1	17
472.157	1	4
472.327	1	2
472.497	1	3
472.668	1	3
472.838	1	13
473.009	1	20
473.179	1	-1
473.349	1	11
473.520	1	5
473.690	1	13
473.860	1	10
474.031	1	4
474.201	1	4
474.371	1	12
474.542	1	4
474.712	1	8
474.882	1	1
475.053	1	-4
475.223	1	7
475.394	1	7
475.564	1	11
475.734	1	5
475.905	1	8
476.075	1	9
476.245	1	-5
476.416	1	2
476.586	1	3
476.756	1	9
476.927	1	4
477.097	1	1
477.267	1	2
477.438	1	7
477.608	1	6
477.778	1	10
477.949	1	11
478.119	1	17
478.289	1	2
478.460	1	12
478.630	1	3
478.800	1	-3
478.971	1	10
479.141	1	11
479.311	1	10
479.482	1	-8
479.652	1	18
479.822	1	9
479.993	1	7
480.163	1	-3
480.333	1	2
480.504	1	11
480.674	1	3
480.844	1	11
481.015	1	0
481.185	1	14
481.355	1	11
481.525	1	4
481.696	1	11
481.866	1	9
482.036	1	4
482.207	1	14
482.377	1	6
482.547	1	5
482.718	1	14
482.888	1	3
483.058	1	5
483.229	1	10
483.399	1	9
483.569	1	13
483.740	1	-6
483.910	1	13
484.080	1	-1
484.250	1	7
484.421	1	-2
484.591	1	18
484.761	1	4
484.932	1	17
485.102	1	2
485.272	1	12
485.443	1	23
485.613	1	4
485.783	1	18
485.953	1	6
486.124	1	20
486.294	1	18
486.464	1	-1
486.635	1	20
486.805	1	27
486.975	1	5
487.146	1	6
487.316	1	18
487.486	1	13
487.656	1	-2
487.827	1	14
487.997	1	12
488.167	1	15
488.338	1	35
488.508	1	15
488.678	1	11
488.848	1	12
489.019	1	6
489.189	1	13
489.359	1	15
489.529	1	15
489.700	1	21
489.870	1	7
490.040	1	16
490.211	1	21
490.381	1	17
490.551	1	10
490.721	1	18
490.892	1	17
491.062	1	31
491.232	1	11
491.402	1	8
491.573	1	25
491.743	1	1
491.913	1	22
492.084	1	22
492.254	1	28
492.424	1	16
492.594	1	18
492.765	1	28
492.935	1	12
493.105	1	19
493.275	1	24
493.446	1	20
493.616	1	25
493.786	1	20
493.956	1	22
494.127	1	19
494.297	1	17
494.467	1	16
494.637	1	16
494.808	1	25
494.978	1	24
495.148	1	24
495.318	1	28
495.489	1	25
495.659	1	16
495.829	1	17
495.999	1	15
496.170	1	21
496.340	1	17
496.510	1	33
496.680	1	18
496.851	1	29
497.021	1	22
497.191	1	26
497.361	1	20
497.532	1	27
497.702	1	17
497.872	1	28
498.042	1	17
498.213	1	32
498.383	1	17
498.553	1	28
498.723	1	25
498.894	1	25
499.064	1	41
499.234	1	19
499.404	1	23
499.574	1	27
499.745	1	23
499.915	1	35
500.085	1	26
500.255	1	41
500.426	1	27
500.596	1	17
500.766	1	38
500.936	1	32
501.106	1	23
501.277	1	31
501.447	1	36
501.617	1	37
501.787	1	36
501.958	1	33
502.128	1	38
502.298	1	45
502.468	1	46
502.638	1	42
502.809	1	56
502.979	1	35
503.149	1	47
503.319	1	46
503.489	1	48
503.660	1	45
503.830	1	41
504.000	1	31
504.170	1	57
504.340	1	46
504.511	1	50
504.681	1	50
504.851	1	49
505.021	1	52
505.192	1	51
505.362	1	50
505.532	1	53
505.702	1	58
505.872	1	37
506.043	1	52
506.213	1	51
506.383	1	43
506.553	1	54
506.723	1	64
506.893	1	58
507.064	1	39
507.234	1	60
507.404	1	56
507.574	1	56
507.744	1	40
507.915	1	53
508.085	1	59
508.255	1	63
508.425	1	65
508.595	1	51
508.766	1	43
508.936	1	48
509.106	1	51
509.276	1	63
509.446	1	51
509.616	1	58
509.787	1	57
509.957	1	59
510.127	1	66
510.297	1	63
510.467	1	66
510.638	1	49
510.808	1	48
510.978	1	57
511.148	1	66
511.318	1	61
511.488	1	66
511.659	1	68
511.829	1	60
511.999	1	65
512.169	1	56
512.339	1	61
512.509	1	61
512.680	1	61
512.850	1	57
513.020	1	54
513.190	1	55
513.360	1	59
513.530	1	59
513.700	1	63
513.871	1	72
514.041	1	68
514.211	1	58
514.381	1	61
514.551	1	67
514.721	1	78
514.892	1	64
515.062	1	72
515.232	1	67
515.402	1	76
515.572	1	56
515.742	1	71
515.912	1	74
516.083	1	66
516.253	1	71
516.423	1	86
516.593	1	66
516.763	1	61
516.933	1	73
517.104	1	75
517.274	1	77
517.444	1	78
517.614	1	70
517.784	1	60
517.954	1	71
518.124	1	88
518.294	1	75
518.465	1	81
518.635	1	67
518.805	1	81
518.975	1	76
519.145	1	88
519.315	1	74
519.485	1	73
519.656	1	72
519.826	1	75
519.996	1	81
520.166	1	77
520.336	1	79
520.506	1	84
520.676	1	60
520.846	1	67
521.017	1	63
521.187	1	67
521.357	1	73
521.527	1	72
521.697	1	76
521.867	1	79
522.037	1	76
522.207	1	82
522.377	1	79
522.548	1	78
522.718	1	64
522.888	1	71
523.058	1	90
523.228	1	90
523.398	1	93
523.568	1	80
523.738	1	68
523.909	1	88
524.079	1	87
524.249	1	88
524.419	1	88
524.589	1	77
524.759	1	71
524.929	1	85
525.099	1	76
525.269	1	91
525.439	1	67
525.610	1	97
525.780	1	81
525.950	1	61
526.120	1	81
526.290	1	77
526.460	1	82
526.630	1	81
526.800	1	98
526.970	1	84
527.140	1	80
527.311	1	84
527.481	1	88
527.651	1	88
527.821	1	86
527.991	1	80
528.161	1	71
528.331	1	86
528.501	1	81
528.671	1	91
528.841	1	92
529.011	1	83
529.181	1	89
529.352	1	94
529.522	1	89
529.692	1	97
529.862	1	85
530.032	1	88
530.202	1	88
530.372	1	75
530.542	1	97
530.712	1	99
530.882	1	76
531.052	1	92
531.222	1	69
531.392	1	89
531.563	1	89
531.733	1	91
531.903	1	99
532.073	1	91
532.243	1	96
532.413	1	107
532.583	1	82
532.753	1	94
532.923	1	92
533.093	1	95
533.263	1	86
533.433	1	91
533.603	1	88
533.773	1	90
533.943	1	83
534.113	1	99
534.284	1	94
534.454	1	87
534.624	1	91
534.794	1	95
534.964	1	83
535.134	1	90
535.304	1	105
535.474	1	87
535.644	1	96
535.814	1	95
535.984	1	85
536.154	1	92
536.324	1	97
536.494	1	89
536.664	1	93
536.834	1	85
537.004	1	101
537.174	1	97
537.344	1	91
537.514	1	87
537.685	1	91
537.855	1	101
538.025	1	96
538.195	1	96
538.365	1	85
538.535	1	96
538.705	1	82
538.875	1	86
539.045	1	82
539.215	1	72
539.385	1	83
539.555	1	82
539.725	1	88
539.895	1	78
540.065	1	72
540.235	1	71
540.405	1	73
540.575	1	86
540.745	1	87
540.915	1	81
541.085	1	63
541.255	1	74
541.425	1	77
541.595	1	84
541.765	1	77
541.935	1	89
542.105	1	84
542.275	1	75
542.445	1	74
542.615	1	76
542.785	1	66
542.955	1	82
543.125	1	75
543.295	1	79
543.465	1	89
543.635	1	81
543.805	1	80
543.975	1	85
544.145	1	88
544.315	1	70
544.485	1	71
544.655	1	85
544.825	1	84
544.995	1	82
545.165	1	82
545.335	1	79
545.505	1	77
545.675	1	79
545.845	1	74
546.015	1	84
546.185	1	69
546.355	1	78
546.525	1	84
546.695	1	65
546.865	1	71
547.035	1	79
547.205	1	73
547.375	1	76
547.545	1	62
547.715	1	70
547.885	1	80
548.055	1	88
548.225	1	83
548.395	1	74
548.565	1	76
548.735	1	74
548.905	1	72
549.075	1	61
549.245	1	77
549.415	1	75
549.585	1	73
549.755	1	73
549.925	1	82
550.095	1	86
550.265	1	76
550.435	1	83
550.605	1	70
550.775	1	65
550.945	1	80
551.115	1	63
551.285	1	74
551.455	1	83
551.625	1	71
551.795	1	67
551.965	1	76
552.135	1	70
552.305	1	80
552.475	1	61
552.645	1	83
552.815	1	66
552.985	1	73
553.155	1	68
553.325	1	79
553.495	1	74
553.665	1	72
553.835	1	63
554.004	1	66
554.174	1	53
554.344	1	57
554.514	1	77
554.684	1	65
554.854	1	70
555.024	1	64
555.194	1	66
555.364	1	67
555.534	1	61
555.704	1	61
555.874	1	55
556.044	1	60
556.214	1	55
556.384	1	60
556.554	1	56
556.724	1	56
556.894	1	66
557.064	1	66
557.234	1	57
557.404	1	41
557.573	1	59
557.743	1	62
557.913	1	57
558.083	1	47
558.253	1	49
558.423	1	41
558.593	1	46
558.763	1	61
558.933	1	66
559.103	1	52
559.273	1	58
559.443	1	50
559.613	1	49
559.783	1	49
559.953	1	51
560.122	1	44
560.292	1	56
560.462	1	57
560.632	1	45
560.802	1	52
560.972	1	59
561.142	1	66
561.312	1	51
561.482	1	53
561.652	1	53
561.822	1	51
561.992	1	53
562.162	1	54
562.331	1	48
562.501	1	47
562.671	1	42
562.841	1	51
563.011	1	48
563.181	1	48
563.351	1	41
563.521	1	56
563.691	1	41
563.861	1	58
564.031	1	46
564.201	1	47
564.370	1	57
564.540	1	56
564.710	1	35
564.880	1	51
565.050	1	43
565.220	1	42
565.390	1	35
565.560	1	58
565.730	1	49
565.900	1	42
566.069	1	60
566.239	1	42
566.409	1	46
566.579	1	49
566.749	1	53
566.919	1	47
567.089	1	39
567.259	1	56
567.429	1	49
567.599	1	38
567.768	1	42
567.938	1	47
568.108	1	47
568.278	1	38
568.448	1	33
568.618	1	47
568.788	1	38
568.958	1	39
569.128	1	44
569.297	1	41
569.467	1	36
569.637	1	35
569.807	1	35
569.977	1	52
570.147	1	38
570.317	1	48
570.487	1	46
570.656	1	45
570.826	1	37
570.996	1	24
571.166	1	38
571.336	1	38
571.506	1	46
571.676	1	44
571.846	1	42
572.015	1	32
572.185	1	30
572.355	1	56
572.525	1	34
572.695	1	42
572.865	1	28
573.035	1	28
573.205	1	50
573.374	1	32
573.544	1	28
573.714	1	44
573.884	1	36
574.054	1	31
574.224	1	35
574.394	1	32
574.563	1	36
574.733	1	29
574.903	1	29
575.073	1	39
575.243	1	35
575.413	1	30
575.583	1	42
575.752	1	34
575.922	1	23
576.092	1	46
576.262	1	36
576.432	1	29
576.602	1	29
576.772	1	27
576.941	1	38
577.111	1	43
577.281	1	25
577.451	1	30
577.621	1	28
577.791	1	29
577.960	1	28
578.130	1	33
578.300	1	24
578.470	1	37
578.640	1	26
578.810	1	29
578.979	1	27
579.149	1	31
579.319	1	27
579.489	1	21
579.659	1	33
579.829	1	42
579.998	1	21
580.168	1	29
580.338	1	14
580.508	1	24
580.678	1	22
580.848	1	31
581.017	1	29
581.187	1	28
581.357	1	31
581.527	1	32
581.697	1	12
581.867	1	26
582.036	1	29
582.206	1	21
582.376	1	36
582.546	1	27
582.716	1	25
582.885	1	30
583.055	1	23
583.225	1	21
583.395	1	32
583.565	1	37
583.735	1	24
583.904	1	25
584.074	1	17
584.244	1	22
584.414	1	21
584.584	1	31
584.753	1	23
584.923	1	17
585.093	1	25
585.263	1	23
585.433	1	25
585.602	1	12
585.772	1	22
585.942	1	21
586.112	1	21
586.282	1	19
586.451	1	27
586.621	1	15
586.791	1	22
586.961	1	15
587.131	1	14
587.300	1	15
587.470	1	17
587.640	1	10
587.810	1	18
587.980	1	22
588.149	1	27
588.319	1	25
588.489	1	27
588.659	1	15
588.829	1	17
588.998	1	10
589.168	1	28
589.338	1	23
589.508	1	30
589.677	1	12
589.847	1	30
590.017	1	2
590.187	1	20
590.357	1	28
590.526	1	16
590.696	1	20
590.866	1	26
591.036	1	21
591.205	1	13
591.375	1	4
591.545	1	13
591.715	1	16
591.885	1	24
592.054	1	15
592.224	1	26
592.394	1	20
592.564	1	10
592.733	1	18
592.903	1	15
593.073	1	24
593.243	1	9
593.412	1	14
593.582	1	17
593.752	1	16
593.922	1	21
594.091	1	21
594.261	1	21
594.431	1	19
594.601	1	12
594.771	1	21
594.940	1	18
595.110	1	13
595.280	1	10
595.450	1	10
595.619	1	17
595.789	1	21
595.959	1	15
596.129	1	14
596.298	1	20
596.468	1	19
596.638	1	12
596.808	1	27
596.977	1	9
597.147	1	11
597.317	1	18
597.487	1	18
597.656	1	18
597.826	1	23
597.996	1	12
598.166	1	18
598.335	1	12
598.505	1	11
598.675	1	12
598.844	1	9
599.014	1	17
599.184	1	8
599.354	1	0
599.523	1	16
599.693	1	20
599.863	1	18
600.033	1	3
600.202	1	15
600.372	1	13
600.542	1	18
600.712	1	12
600.881	1	19
601.051	1	17
601.221	1	6
601.390	1	10
601.560	1	9
601.730	1	17
601.900	1	10
602.069	1	2
602.239	1	4
602.409	1	12
602.578	1	24
602.748	1	9
602.918	1	18
603.088	1	19
603.257	1	20
603.427	1	19
603.597	1	30
603.767	1	3
603.936	1	14
604.106	1	22
604.276	1	12
604.445	1	23
604.615	1	4
604.785	1	12
604.954	1	18
605.124	1	8
605.294	1	18
605.464	1	6
605.633	1	22
605.803	1	15
605.973	1	11
606.142	1	19
606.312	1	9
606.482	1	1
606.652	1	-2
606.821	1	20
606.991	1	10
607.161	1	19
607.330	1	18
607.500	1	10
607.670	1	12
607.839	1	11
608.009	1	7
608.179	1	28
608.348	1	11
608.518	1	17
608.688	1	22
608.858	1	19
609.027	1	22
609.197	1	-9
609.367	1	6
609.536	1	5
609.706	1	13
609.876	1	6
610.045	1	18
610.215	1	12
610.385	1	20
610.554	1	7
610.724	1	18
610.894	1	20
611.063	1	22
611.233	1	19
611.403	1	13
611.572	1	12
611.742	1	5
611.912	1	15
612.081	1	7
612.251	1	11
612.421	1	24
612.590	1	13
612.760	1	11
612.930	1	15
613.099	1	1
613.269	1	6
613.439	1	-4
613.608	1	9
613.778	1	13
613.948	1	26
614.117	1	15
614.287	1	10
614.457	1	24
614.626	1	9
614.796	1	14
614.966	1	13
615.135	1	8
615.305	1	20
615.475	1	21
615.644	1	-2
615.814	1	12
615.984	1	21
616.153	1	18
616.323	1	5
616.493	1	10
616.662	1	20
616.832	1	0
617.002	1	4
617.171	1	7
617.341	1	8
617.511	1	1
617.680	1	12
617.850	1	11
618.019	1	10
618.189	1	2
618.359	1	9
618.528	1	7
618.698	1	13
618.868	1	16
619.037	1	20
619.207	1	7
619.377	1	-8
619.546	1	18
619.716	1	4
619.885	1	14
620.055	1	18
620.225	1	15
620.394	1	8
620.564	1	3
620.734	1	10
620.903	1	9
621.073	1	-3
621.242	1	1
621.412	1	10
621.582	1	6
621.751	1	7
621.921	1	9
622.091	1	2
622.260	1	13
622.430	1	18
622.599	1	17
622.769	1	8
622.939	1	11
623.108	1	9
623.278	1	3
623.448	1	3
623.617	1	16
623.787	1	3
623.956	1	10
624.126	1	10
624.296	1	0
624.465	1	13
624.635	1	11
624.804	1	3
624.974	1	-2
625.144	1	15
625.313	1	10
625.483	1	14
625.652	1	17
625.822	1	12
625.992	1	6
626.161	1	5
626.331	1	11
626.501	1	9
626.670	1	10
626.840	1	13
627.009	1	-1
627.179	1	10
627.348	1	7
627.518	1	10
627.688	1	13
627.857	1	15
628.027	1	-2
628.196	1	20
628.366	1	13
628.536	1	9
628.705	1	14
628.875	1	6
629.044	1	8
629.214	1	8
629.384	1	-7
629.553	1	13
629.723	1	15
629.892	1	16
630.062	1	2
630.232	1	21
630.401	1	6
630.571	1	13
630.740	1	15
630.910	1	8
631.079	1	18
631.249	1	3
631.419	1	15
631.588	1	5
631.758	1	13
631.927	1	4
632.097	1	15
632.266	1	-4
632.436	1	8
632.606	1	11
632.775	1	3
632.945	1	5
633.114	1	12
633.284	1	0
633.453	1	16
633.623	1	12
633.793	1	2
633.962	1	15
634.132	1	15
634.301	1	2
634.471	1	1
634.640	1	12
634.810	1	18
634.979	1	9
635.149	1	11
635.319	1	12
635.488	1	11
635.658	1	6
635.827	1	8
635.997	1	4
636.166	1	2
636.336	1	10
636.505	1	10
636.675	1	4
636.845	1	9
637.014	1	7
637.184	1	5
637.353	1	6
637.523	1	9
637.692	1	2
637.862	1	1
638.031	1	20
638.201	1	20
638.370	1	3
638.540	1	16
638.710	1	12
638.879	1	7
639.049	1	9
639.218	1	4
639.388	1	9
639.557	1	4
639.727	1	8
639.896	1	5
640.066	1	-1
640.235	1	15
640.405	1	6
640.574	1	5
640.744	1	7
640.914	1	6
641.083	1	1
641.253	1	6
641.422	1	-4
641.592	1	-3
641.761	1	8
641.931	1	16
642.100	1	-5
642.270	1	0
642.439	1	4
642.609	1	18
642.778	1	8
642.948	1	4
643.117	1	-2
643.287	1	11
643.456	1	16
643.626	1	20
643.795	1	9
643.965	1	1
644.134	1	15
644.304	1	8
644.473	1	14
644.643	1	16
644.812	1	18
644.982	1	17
645.151	1	7
645.321	1	16
645.490	1	16
645.660	1	5
645.829	1	-1
645.999	1	8
646.168	1	4
646.338	1	10
646.507	1	5
646.677	1	4
646.846	1	11
647.016	1	5
647.185	1	6
647.355	1	3
647.524	1	13
647.694	1	8
647.863	1	-4
648.033	1	-9
648.202	1	8
648.372	1	15
648.541	1	8
648.711	1	13
648.880	1	-2
649.050	1	7
649.219	1	8
649.389	1	5
649.558	1	8
649.728	1	7
649.897	1	3
650.067	1	-9
650.236	1	17
650.406	1	2
650.575	1	12
650.745	1	-2
650.914	1	7
651.084	1	-1
651.253	1	3
651.423	1	10
651.592	1	11
651.762	1	14
651.931	1	2
652.101	1	11
652.270	1	18
652.440	1	8
652.609	1	12
652.778	1	4
652.948	1	4
653.117	1	3
653.287	1	9
653.456	1	2
653.626	1	11
653.795	1	0
653.965	1	27
654.134	1	13
654.304	1	4
654.473	1	4
654.643	1	16
654.812	1	4
654.982	1	-2
655.151	1	1
655.320	1	2
655.490	1	10
655.659	1	7
655.829	1	7
655.998	1	16
656.168	1	12
656.337	1	-11
656.507	1	20
656.676	1	-2
656.846	1	-2
657.015	1	9
657.184	1	13
657.354	1	11
657.523	1	3
657.693	1	12
657.862	1	8
658.032	1	17
658.201	1	-1
658.371	1	-7
658.540	1	13
658.709	1	-1
658.879	1	5
659.048	1	18
659.218	1	4
659.387	1	0
659.557	1	9
659.726	1	10
659.895	1	3
660.065	1	14
660.234	1	15
660.404	1	2
660.573	1	-6
660.743	1	6
660.912	1	1
661.081	1	8
661.251	1	11
661.420	1	2
661.590	1	7
661.759	1	14
661.929	1	-1
662.098	1	-10
662.267	1	11
662.437	1	15
662.606	1	10
662.776	1	7
662.945	1	1
663.115	1	-12
663.284	1	6
663.453	1	10
663.623	1	6
663.792	1	7
663.962	1	3
664.131	1	7
664.300	1	9
664.470	1	5
664.639	1	4
664.809	1	6
664.978	1	6
665.148	1	5
665.317	1	3
665.486	1	-4
665.656	1	7
665.825	1	14
665.995	1	12
666.164	1	7
666.333	1	18
666.503	1	11
666.672	1	-5
666.842	1	1
667.011	1	18
667.180	1	0
667.350	1	11
667.519	1	-1
667.689	1	8
667.858	1	21
668.027	1	4
668.197	1	12
668.366	1	-2
668.536	1	-1
668.705	1	4
668.874	1	2
669.044	1	2
669.213	1	5
669.382	1	5
669.552	1	8
669.721	1	-3
669.891	1	14
670.060	1	15
670.229	1	-1
670.399	1	9
670.568	1	7
670.738	1	4
670.907	1	-2
671.076	1	19
671.246	1	11
671.415	1	7
671.584	1	1
671.754	1	0
671.923	1	-3
672.093	1	4
672.262	1	8
672.431	1	5
672.601	1	3
672.770	1	-4
672.939	1	0
673.109	1	-4
673.278	1	-4
673.448	1	10
673.617	1	15
673.786	1	2
