325.333	1	-2
325.504	1	8
325.675	1	6
325.846	1	-5
326.017	1	-8
326.188	1	5
326.359	1	7
326.531	1	-7
326.702	1	1
326.873	1	8
327.044	1	5
327.215	1	-6
327.386	1	-2
327.557	1	8
327.728	1	-2
327.899	1	-1
328.070	1	-2
328.241	1	-8
328.412	1	2
328.583	1	3
328.754	1	0
328.926	1	5
329.097	1	10
329.268	1	-1
329.439	1	0
329.610	1	-1
329.781	1	-1
329.952	1	12
330.123	1	7
330.294	1	7
330.465	1	-3
330.636	1	13
330.807	1	4
330.978	1	1
331.149	1	8
331.320	1	7
331.492	1	-2
331.663	1	-11
331.834	1	10
332.005	1	5
332.176	1	6
332.347	1	8
332.518	1	5
332.689	1	5
332.860	1	-2
333.031	1	9
333.202	1	0
333.373	1	-3
333.544	1	-13
333.715	1	5
333.886	1	-6
334.057	1	-3
334.228	1	-3
334.399	1	10
334.570	1	4
334.741	1	-1
334.912	1	-7
335.084	1	0
335.255	1	6
335.426	1	-6
335.597	1	4
335.768	1	6
335.939	1	-3
336.110	1	-2
336.281	1	0
336.452	1	3
336.623	1	7
336.794	1	-2
336.965	1	-1
337.136	1	-8
337.307	1	6
337.478	1	5
337.649	1	6
337.820	1	16
337.991	1	9
338.162	1	5
338.333	1	-1
338.504	1	0
338.675	1	3
338.846	1	4
339.017	1	-5
339.188	1	4
339.359	1	6
339.530	1	13
339.701	1	1
339.872	1	0
340.043	1	0
340.214	1	1
340.385	1	5
340.556	1	3
340.727	1	-2
340.898	1	-13
341.069	1	5
341.240	1	1
341.411	1	6
341.582	1	5
341.753	1	11
341.924	1	-5
342.095	1	-6
342.266	1	-9
342.437	1	6
342.608	1	-3
342.779	1	-5
342.950	1	7
343.121	1	19
343.292	1	-4
343.463	1	-6
343.634	1	1
343.805	1	9
343.976	1	4
344.147	1	-3
344.318	1	8
344.489	1	-5
344.660	1	8
344.831	1	-3
345.002	1	13
345.173	1	1
345.344	1	2
345.515	1	4
345.686	1	3
345.857	1	-2
346.028	1	-7
346.199	1	2
346.370	1	4
346.541	1	-2
346.712	1	5
346.883	1	3
347.054	1	4
347.225	1	6
347.396	1	8
347.567	1	11
347.738	1	5
347.909	1	4
348.080	1	-2
348.251	1	15
348.422	1	2
348.593	1	10
348.764	1	5
348.935	1	9
349.106	1	7
349.277	1	-3
349.448	1	4
349.619	1	-1
349.790	1	7
349.961	1	5
350.132	1	8
350.303	1	1
350.474	1	2
350.645	1	2
350.816	1	-5
350.987	1	1
351.157	1	9
351.328	1	-2
351.499	1	8
351.670	1	8
351.841	1	9
352.012	1	1
352.183	1	7
352.354	1	5
352.525	1	5
352.696	1	1
352.867	1	5
353.038	1	14
353.209	1	6
353.380	1	7
353.551	1	0
353.722	1	3
353.893	1	8
354.064	1	11
354.235	1	7
354.406	1	-2
354.576	1	7
354.747	1	5
354.918	1	-5
355.089	1	8
355.260	1	7
355.431	1	13
355.602	1	22
355.773	1	2
355.944	1	6
356.115	1	0
356.286	1	12
356.457	1	11
356.628	1	8
356.799	1	8
356.970	1	5
357.141	1	0
357.311	1	5
357.482	1	9
357.653	1	17
357.824	1	4
357.995	1	4
358.166	1	15
358.337	1	19
358.508	1	10
358.679	1	22
358.850	1	10
359.021	1	9
359.192	1	11
359.363	1	20
359.533	1	7
359.704	1	11
359.875	1	9
360.046	1	19
360.217	1	27
360.388	1	22
360.559	1	12
360.730	1	16
360.901	1	33
361.072	1	8
361.243	1	17
361.414	1	33
361.584	1	16
361.755	1	30
361.926	1	31
362.097	1	21
362.268	1	26
362.439	1	31
362.610	1	22
362.781	1	26
362.952	1	42
363.123	1	32
363.293	1	21
363.464	1	50
363.635	1	29
363.806	1	49
363.977	1	42
364.148	1	49
364.319	1	44
364.490	1	35
364.661	1	48
364.832	1	39
365.002	1	54
365.173	1	50
365.344	1	49
365.515	1	51
365.686	1	55
365.857	1	53
366.028	1	55
366.199	1	53
366.370	1	58
366.540	1	60
366.711	1	61
366.882	1	57
367.053	1	56
367.224	1	50
367.395	1	56
367.566	1	57
367.737	1	39
367.908	1	52
368.078	1	62
368.249	1	46
368.420	1	48
368.591	1	63
368.762	1	44
368.933	1	45
369.104	1	50
369.274	1	37
369.445	1	43
369.616	1	38
369.787	1	46
369.958	1	41
370.129	1	34
370.300	1	24
370.471	1	42
370.641	1	36
370.812	1	39
370.983	1	42
371.154	1	39
371.325	1	30
371.496	1	37
371.667	1	37
371.837	1	32
372.008	1	25
372.179	1	35
372.350	1	29
372.521	1	18
372.692	1	35
372.863	1	42
373.033	1	31
373.204	1	30
373.375	1	24
373.546	1	29
373.717	1	26
373.888	1	17
374.059	1	30
374.229	1	19
374.400	1	21
374.571	1	26
374.742	1	27
374.913	1	19
375.084	1	13
375.254	1	29
375.425	1	24
375.596	1	12
375.767	1	20
375.938	1	24
376.109	1	13
376.279	1	15
376.450	1	18
376.621	1	27
376.792	1	17
376.963	1	15
377.134	1	18
377.304	1	28
377.475	1	16
377.646	1	11
377.817	1	24
377.988	1	21
378.159	1	19
378.329	1	16
378.500	1	6
378.671	1	12
378.842	1	8
379.013	1	22
379.184	1	25
379.354	1	16
379.525	1	30
379.696	1	12
379.867	1	23
380.038	1	18
380.209	1	36
380.379	1	16
380.550	1	21
380.721	1	30
380.892	1	22
381.063	1	25
381.233	1	30
381.404	1	31
381.575	1	29
381.746	1	28
381.917	1	29
382.087	1	45
382.258	1	44
382.429	1	45
382.600	1	48
382.771	1	42
382.941	1	34
383.112	1	56
383.283	1	53
383.454	1	59
383.625	1	67
383.795	1	58
383.966	1	62
384.137	1	64
384.308	1	62
384.479	1	83
384.649	1	67
384.820	1	65
384.991	1	76
385.162	1	80
385.333	1	88
385.503	1	65
385.674	1	79
385.845	1	79
386.016	1	80
386.187	1	90
386.357	1	77
386.528	1	85
386.699	1	87
386.870	1	101
387.041	1	83
387.211	1	73
387.382	1	87
387.553	1	84
387.724	1	82
387.894	1	91
388.065	1	80
388.236	1	90
388.407	1	84
388.578	1	75
388.748	1	89
388.919	1	61
389.090	1	79
389.261	1	64
389.431	1	77
389.602	1	74
389.773	1	76
389.944	1	72
390.114	1	80
390.285	1	73
390.456	1	78
390.627	1	74
390.798	1	72
390.968	1	59
391.139	1	57
391.310	1	66
391.481	1	75
391.651	1	69
391.822	1	84
391.993	1	75
392.164	1	61
392.334	1	79
392.505	1	71
392.676	1	63
392.847	1	63
393.017	1	62
393.188	1	61
393.359	1	71
393.530	1	66
393.700	1	73
393.871	1	57
394.042	1	80
394.213	1	65
394.383	1	74
394.554	1	66
394.725	1	66
394.896	1	59
395.066	1	72
395.237	1	80
395.408	1	78
395.579	1	81
395.749	1	78
395.920	1	77
396.091	1	68
396.262	1	73
396.432	1	61
396.603	1	76
396.774	1	71
396.945	1	65
397.115	1	80
397.286	1	92
397.457	1	85
397.627	1	76
397.798	1	60
397.969	1	77
398.140	1	74
398.310	1	69
398.481	1	63
398.652	1	79
398.823	1	79
398.993	1	64
399.164	1	77
399.335	1	74
399.505	1	73
399.676	1	77
399.847	1	66
400.018	1	65
400.188	1	65
400.359	1	63
400.530	1	76
400.700	1	55
400.871	1	56
401.042	1	54
401.213	1	56
401.383	1	69
401.554	1	57
401.725	1	48
401.895	1	62
402.066	1	56
402.237	1	66
402.408	1	51
402.578	1	54
402.749	1	48
402.920	1	46
403.090	1	50
403.261	1	56
403.432	1	51
403.603	1	51
403.773	1	50
403.944	1	57
404.115	1	44
404.285	1	50
404.456	1	48
404.627	1	56
404.797	1	61
404.968	1	45
405.139	1	48
405.310	1	49
405.480	1	51
405.651	1	52
405.822	1	60
405.992	1	57
406.163	1	49
406.334	1	43
406.504	1	46
406.675	1	57
406.846	1	44
407.016	1	36
407.187	1	51
407.358	1	40
407.528	1	48
407.699	1	60
407.870	1	53
408.041	1	41
408.211	1	41
408.382	1	50
408.553	1	50
408.723	1	41
408.894	1	37
409.065	1	59
409.235	1	34
409.406	1	53
409.577	1	59
409.747	1	49
409.918	1	42
410.089	1	56
410.259	1	44
410.430	1	45
410.601	1	27
410.771	1	52
410.942	1	50
411.113	1	38
411.283	1	42
411.454	1	39
411.625	1	36
411.795	1	48
411.966	1	32
412.137	1	40
412.307	1	38
412.478	1	43
412.649	1	35
412.819	1	37
412.990	1	46
413.161	1	40
413.331	1	32
413.502	1	45
413.672	1	31
413.843	1	33
414.014	1	38
414.184	1	26
414.355	1	30
414.526	1	37
414.696	1	31
414.867	1	40
415.038	1	31
415.208	1	34
415.379	1	35
415.550	1	33
415.720	1	35
415.891	1	36
416.062	1	30
416.232	1	30
416.403	1	32
416.573	1	21
416.744	1	28
416.915	1	22
417.085	1	26
417.256	1	28
417.427	1	27
417.597	1	30
417.768	1	27
417.939	1	22
418.109	1	33
418.280	1	40
418.450	1	18
418.621	1	35
418.792	1	24
418.962	1	15
419.133	1	31
419.304	1	27
419.474	1	21
419.645	1	43
419.815	1	17
419.986	1	24
420.157	1	27
420.327	1	27
420.498	1	23
420.669	1	26
420.839	1	17
421.010	1	35
421.180	1	26
421.351	1	27
421.522	1	36
421.692	1	21
421.863	1	12
422.033	1	17
422.204	1	13
422.375	1	15
422.545	1	35
422.716	1	17
422.886	1	27
423.057	1	22
423.228	1	5
423.398	1	19
423.569	1	17
423.740	1	14
423.910	1	13
424.081	1	22
424.251	1	14
424.422	1	21
424.593	1	20
424.763	1	21
424.934	1	21
425.104	1	20
425.275	1	9
425.445	1	11
425.616	1	19
425.787	1	7
425.957	1	31
426.128	1	14
426.298	1	12
426.469	1	14
426.640	1	10
426.810	1	12
426.981	1	15
427.151	1	19
427.322	1	14
427.493	1	16
427.663	1	16
427.834	1	10
428.004	1	17
428.175	1	8
428.345	1	25
428.516	1	23
428.687	1	15
428.857	1	5
429.028	1	13
429.198	1	5
429.369	1	17
429.540	1	20
429.710	1	7
429.881	1	19
430.051	1	21
430.222	1	13
430.392	1	8
430.563	1	23
430.734	1	15
430.904	1	3
431.075	1	13
431.245	1	19
431.416	1	19
431.586	1	12
431.757	1	12
431.927	1	25
432.098	1	9
432.269	1	16
432.439	1	0
432.610	1	16
432.780	1	5
432.951	1	12
433.121	1	21
433.292	1	10
433.462	1	6
433.633	1	5
433.804	1	12
433.974	1	9
434.145	1	8
434.315	1	11
434.486	1	21
434.656	1	10
434.827	1	11
434.997	1	12
435.168	1	8
435.339	1	6
435.509	1	10
435.680	1	-1
435.850	1	11
436.021	1	15
436.191	1	9
436.362	1	8
436.532	1	20
436.703	1	17
436.873	1	10
437.044	1	16
437.214	1	-2
437.385	1	13
437.556	1	3
437.726	1	15
437.897	1	25
438.067	1	3
438.238	1	6
438.408	1	13
438.579	1	18
438.749	1	10
438.920	1	8
439.090	1	15
439.261	1	9
439.431	1	4
439.602	1	16
439.772	1	5
439.943	1	11
440.113	1	12
440.284	1	18
440.455	1	-5
440.625	1	1
440.796	1	14
440.966	1	12
441.137	1	2
441.307	1	10
441.478	1	9
441.648	1	-1
441.819	1	8
441.989	1	7
442.160	1	0
442.330	1	5
442.501	1	-7
442.671	1	13
442.842	1	11
443.012	1	6
443.183	1	4
443.353	1	5
443.524	1	12
443.694	1	14
443.865	1	12
444.035	1	1
444.206	1	9
444.376	1	7
444.547	1	6
444.717	1	20
444.888	1	3
445.058	1	14
445.229	1	3
445.399	1	14
445.570	1	0
445.740	1	6
445.911	1	21
446.081	1	11
446.252	1	1
446.422	1	4
446.593	1	13
446.763	1	16
446.934	1	4
447.104	1	2
447.275	1	11
447.445	1	-5
447.616	1	-2
447.786	1	7
447.957	1	12
448.127	1	8
448.298	1	0
448.468	1	14
448.639	1	11
448.809	1	3
448.979	1	-1
449.150	1	7
449.320	1	9
449.491	1	-2
449.661	1	8
449.832	1	11
450.002	1	5
450.173	1	-1
450.343	1	7
450.514	1	-3
450.684	1	1
450.855	1	5
451.025	1	7
451.196	1	-5
451.366	1	15
451.537	1	1
451.707	1	15
451.878	1	6
452.048	1	2
452.218	1	2
452.389	1	3
452.559	1	1
452.730	1	6
452.900	1	0
453.071	1	3
453.241	1	4
453.412	1	3
453.582	1	22
453.753	1	2
453.923	1	2
454.093	1	-3
454.264	1	-7
454.434	1	2
454.605	1	3
454.775	1	7
454.946	1	1
455.116	1	2
455.287	1	20
455.457	1	6
455.628	1	-4
455.798	1	-2
455.968	1	10
456.139	1	4
456.309	1	1
456.480	1	-3
456.650	1	5
456.821	1	1
456.991	1	16
457.161	1	15
457.332	1	4
457.502	1	7
457.673	1	-3
457.843	1	6
458.014	1	2
458.184	1	10
458.355	1	10
458.525	1	7
458.695	1	8
458.866	1	-1
459.036	1	14
459.207	1	-1
459.377	1	4
459.548	1	8
459.718	1	-10
459.888	1	8
460.059	1	3
460.229	1	14
460.400	1	16
460.570	1	-3
460.740	1	4
460.911	1	13
461.081	1	-3
461.252	1	2
461.422	1	10
461.593	1	7
461.763	1	6
461.933	1	-7
462.104	1	6
462.274	1	10
462.445	1	-4
462.615	1	-2
462.785	1	-4
462.956	1	-5
463.126	1	-3
463.297	1	2
463.467	1	3
463.638	1	14
463.808	1	13
463.978	1	2
464.149	1	2
464.319	1	-4
464.490	1	3
464.660	1	7
464.830	1	0
465.001	1	10
465.171	1	8
465.342	1	2
465.512	1	9
465.682	1	10
465.853	1	5
466.023	1	7
466.194	1	5
466.364	1	17
466.534	1	0
466.705	1	5
466.875	1	11
467.045	1	11
467.216	1	-10
467.386	1	-1
467.557	1	9
467.727	1	2
467.897	1	10
468.068	1	16
468.238	1	7
468.409	1	7
468.579	1	11
468.749	1	3
468.920	1	6
469.090	1	8
469.260	1	0
469.431	1	9
469.601	1	13
469.772	1	-3
469.942	1	9
470.112	1	11
470.283	1	12
470.453	1	0
470.623	1	1
470.794	1	-1
470.964	1	-6
471.135	1	-2
471.305	1	3
471.475	1	5
471.646	1	6
471.816	1	-1
471.986	1	3
472.157	1	6
472.327	1	3
472.497	1	10
472.668	1	-5
472.838	1	11
473.009	1	6
473.179	1	6
473.349	1	10
473.520	1	9
473.690	1	17
473.860	1	3
474.031	1	5
474.201	1	-2
474.371	1	16
474.542	1	7
474.712	1	9
474.882	1	-8
475.053	1	-7
475.223	1	6
475.394	1	7
475.564	1	17
475.734	1	8
475.905	1	9
476.075	1	14
476.245	1	0
476.416	1	11
476.586	1	-3
476.756	1	6
476.927	1	11
477.097	1	16
477.267	1	-1
477.438	1	4
477.608	1	1
477.778	1	18
477.949	1	4
478.119	1	11
478.289	1	1
478.460	1	-1
478.630	1	1
478.800	1	6
478.971	1	2
479.141	1	11
479.311	1	11
479.482	1	-3
479.652	1	8
479.822	1	0
479.993	1	5
480.163	1	0
480.333	1	4
480.504	1	0
480.674	1	13
480.844	1	9
481.015	1	1
481.185	1	1
481.355	1	5
481.525	1	0
481.696	1	5
481.866	1	4
482.036	1	-3
482.207	1	8
482.377	1	1
482.547	1	-2
482.718	1	11
482.888	1	2
483.058	1	9
483.229	1	8
483.399	1	5
483.569	1	4
483.740	1	-6
483.910	1	11
484.080	1	1
484.250	1	3
484.421	1	5
484.591	1	7
484.761	1	5
484.932	1	9
485.102	1	11
485.272	1	7
485.443	1	15
485.613	1	1
485.783	1	17
485.953	1	8
486.124	1	10
486.294	1	11
486.464	1	7
486.635	1	11
486.805	1	19
486.975	1	-6
487.146	1	14
487.316	1	17
487.486	1	10
487.656	1	5
487.827	1	7
487.997	1	18
488.167	1	9
488.338	1	22
488.508	1	12
488.678	1	20
488.848	1	-6
489.019	1	4
489.189	1	2
489.359	1	7
489.529	1	4
489.700	1	3
489.870	1	-1
490.040	1	10
490.211	1	7
490.381	1	4
490.551	1	4
490.721	1	11
490.892	1	11
491.062	1	10
491.232	1	12
491.402	1	-6
491.573	1	14
491.743	1	1
491.913	1	9
492.084	1	13
492.254	1	13
492.424	1	6
492.594	1	7
492.765	1	19
492.935	1	3
493.105	1	20
493.275	1	10
493.446	1	7
493.616	1	12
493.786	1	13
493.956	1	10
494.127	1	5
494.297	1	15
494.467	1	15
494.637	1	16
494.808	1	21
494.978	1	21
495.148	1	21
495.318	1	18
495.489	1	14
495.659	1	23
495.829	1	5
495.999	1	16
496.170	1	3
496.340	1	5
496.510	1	16
496.680	1	15
496.851	1	21
497.021	1	11
497.191	1	15
497.361	1	15
497.532	1	14
497.702	1	12
497.872	1	12
498.042	1	22
498.213	1	30
498.383	1	4
498.553	1	13
498.723	1	11
498.894	1	4
499.064	1	29
499.234	1	14
499.404	1	18
499.574	1	8
499.745	1	20
499.915	1	16
500.085	1	16
500.255	1	25
500.426	1	16
500.596	1	12
500.766	1	21
500.936	1	13
501.106	1	14
501.277	1	17
501.447	1	18
501.617	1	22
501.787	1	8
501.958	1	11
502.128	1	18
502.298	1	23
502.468	1	33
502.638	1	14
502.809	1	13
502.979	1	18
503.149	1	20
503.319	1	24
503.489	1	20
503.660	1	21
503.830	1	21
504.000	1	12
504.170	1	26
504.340	1	28
504.511	1	30
504.681	1	23
504.851	1	15
505.021	1	13
505.192	1	21
505.362	1	23
505.532	1	21
505.702	1	22
505.872	1	15
506.043	1	27
506.213	1	30
506.383	1	30
506.553	1	34
506.723	1	21
506.893	1	34
507.064	1	14
507.234	1	20
507.404	1	21
507.574	1	33
507.744	1	14
507.915	1	30
508.085	1	42
508.255	1	40
508.425	1	32
508.595	1	27
508.766	1	35
508.936	1	23
509.106	1	17
509.276	1	37
509.446	1	28
509.616	1	27
509.787	1	30
509.957	1	34
510.127	1	36
510.297	1	19
510.467	1	32
510.638	1	30
510.808	1	23
510.978	1	23
511.148	1	47
511.318	1	30
511.488	1	43
511.659	1	29
511.829	1	39
511.999	1	45
512.169	1	37
512.339	1	30
512.509	1	36
512.680	1	27
512.850	1	34
513.020	1	29
513.190	1	22
513.360	1	51
513.530	1	29
513.700	1	32
513.871	1	46
514.041	1	32
514.211	1	28
514.381	1	36
514.551	1	39
514.721	1	47
514.892	1	43
515.062	1	32
515.232	1	41
515.402	1	31
515.572	1	31
515.742	1	44
515.912	1	36
516.083	1	41
516.253	1	36
516.423	1	54
516.593	1	36
516.763	1	49
516.933	1	42
517.104	1	46
517.274	1	42
517.444	1	39
517.614	1	34
517.784	1	33
517.954	1	42
518.124	1	51
518.294	1	47
518.465	1	41
518.635	1	28
518.805	1	44
518.975	1	48
519.145	1	43
519.315	1	29
519.485	1	31
519.656	1	40
519.826	1	54
519.996	1	52
520.166	1	46
520.336	1	44
520.506	1	54
520.676	1	35
520.846	1	38
521.017	1	32
521.187	1	48
521.357	1	49
521.527	1	47
521.697	1	43
521.867	1	44
522.037	1	39
522.207	1	40
522.377	1	39
522.548	1	37
522.718	1	40
522.888	1	42
523.058	1	56
523.228	1	52
523.398	1	53
523.568	1	41
523.738	1	38
523.909	1	40
524.079	1	47
524.249	1	49
524.419	1	50
524.589	1	52
524.759	1	43
524.929	1	45
525.099	1	41
525.269	1	53
525.439	1	36
525.610	1	41
525.780	1	45
525.950	1	37
526.120	1	41
526.290	1	44
526.460	1	57
526.630	1	52
526.800	1	53
526.970	1	45
527.140	1	46
527.311	1	49
527.481	1	50
527.651	1	51
527.821	1	50
527.991	1	44
528.161	1	46
528.331	1	55
528.501	1	45
528.671	1	48
528.841	1	46
529.011	1	41
529.181	1	51
529.352	1	49
529.522	1	48
529.692	1	62
529.862	1	41
530.032	1	42
530.202	1	53
530.372	1	40
530.542	1	53
530.712	1	60
530.882	1	51
531.052	1	53
531.222	1	35
531.392	1	53
531.563	1	58
531.733	1	64
531.903	1	57
532.073	1	46
532.243	1	51
532.413	1	61
532.583	1	51
532.753	1	51
532.923	1	40
533.093	1	55
533.263	1	58
533.433	1	47
533.603	1	57
533.773	1	50
533.943	1	47
534.113	1	57
534.284	1	53
534.454	1	49
534.624	1	47
534.794	1	58
534.964	1	40
535.134	1	54
535.304	1	54
535.474	1	52
535.644	1	48
535.814	1	58
535.984	1	51
536.154	1	53
536.324	1	46
536.494	1	63
536.664	1	56
536.834	1	54
537.004	1	60
537.174	1	53
537.344	1	54
537.514	1	41
537.685	1	49
537.855	1	36
538.025	1	51
538.195	1	60
538.365	1	55
538.535	1	59
538.705	1	43
538.875	1	55
539.045	1	52
539.215	1	35
539.385	1	47
539.555	1	49
539.725	1	49
539.895	1	49
540.065	1	42
540.235	1	42
540.405	1	49
540.575	1	43
540.745	1	40
540.915	1	49
541.085	1	32
541.255	1	50
541.425	1	40
541.595	1	51
541.765	1	40
541.935	1	50
542.105	1	42
542.275	1	43
542.445	1	51
542.615	1	39
542.785	1	44
542.955	1	46
543.125	1	42
543.295	1	42
543.465	1	59
543.635	1	36
543.805	1	46
543.975	1	40
544.145	1	46
544.315	1	37
544.485	1	42
544.655	1	40
544.825	1	44
544.995	1	40
545.165	1	33
545.335	1	39
545.505	1	39
545.675	1	45
545.845	1	41
546.015	1	44
546.185	1	34
546.355	1	56
546.525	1	45
546.695	1	33
546.865	1	45
547.035	1	47
547.205	1	42
547.375	1	51
547.545	1	39
547.715	1	47
547.885	1	38
548.055	1	38
548.225	1	41
548.395	1	50
548.565	1	41
548.735	1	46
548.905	1	34
549.075	1	37
549.245	1	49
549.415	1	39
549.585	1	41
549.755	1	27
549.925	1	43
550.095	1	43
550.265	1	37
550.435	1	48
550.605	1	40
550.775	1	37
550.945	1	59
551.115	1	35
551.285	1	39
551.455	1	43
551.625	1	32
551.795	1	41
551.965	1	34
552.135	1	39
552.305	1	42
552.475	1	33
552.645	1	50
552.815	1	41
552.985	1	44
553.155	1	40
553.325	1	44
553.495	1	42
553.665	1	42
553.835	1	39
554.004	1	40
554.174	1	36
554.344	1	36
554.514	1	38
554.684	1	37
554.854	1	37
555.024	1	38
555.194	1	42
555.364	1	39
555.534	1	28
555.704	1	42
555.874	1	21
556.044	1	45
556.214	1	42
556.384	1	31
556.554	1	26
556.724	1	25
556.894	1	40
557.064	1	33
557.234	1	34
557.404	1	37
557.573	1	34
557.743	1	39
557.913	1	28
558.083	1	25
558.253	1	30
558.423	1	32
558.593	1	34
558.763	1	33
558.933	1	34
559.103	1	28
559.273	1	34
559.443	1	34
559.613	1	42
559.783	1	32
559.953	1	28
560.122	1	15
560.292	1	35
560.462	1	32
560.632	1	23
560.802	1	24
560.972	1	39
561.142	1	28
561.312	1	22
561.482	1	30
561.652	1	28
561.822	1	30
561.992	1	45
562.162	1	27
562.331	1	39
562.501	1	27
562.671	1	25
562.841	1	28
563.011	1	19
563.181	1	30
563.351	1	17
563.521	1	32
563.691	1	27
563.861	1	35
564.031	1	28
564.201	1	22
564.370	1	38
564.540	1	35
564.710	1	19
564.880	1	29
565.050	1	26
565.220	1	17
565.390	1	27
565.560	1	22
565.730	1	28
565.900	1	33
566.069	1	27
566.239	1	28
566.409	1	24
566.579	1	26
566.749	1	26
566.919	1	25
567.089	1	31
567.259	1	31
567.429	1	23
567.599	1	11
567.768	1	29
567.938	1	20
568.108	1	22
568.278	1	14
568.448	1	8
568.618	1	14
568.788	1	11
568.958	1	33
569.128	1	20
569.297	1	36
569.467	1	33
569.637	1	20
569.807	1	12
569.977	1	29
570.147	1	22
570.317	1	38
570.487	1	23
570.656	1	21
570.826	1	24
570.996	1	13
571.166	1	25
571.336	1	21
571.506	1	14
571.676	1	32
571.846	1	17
572.015	1	8
572.185	1	15
572.355	1	34
572.525	1	21
572.695	1	28
572.865	1	22
573.035	1	20
573.205	1	24
573.374	1	14
573.544	1	9
573.714	1	30
573.884	1	16
574.054	1	20
574.224	1	13
574.394	1	19
574.563	1	20
574.733	1	11
574.903	1	20
575.073	1	21
575.243	1	4
575.413	1	13
575.583	1	26
575.752	1	22
575.922	1	18
576.092	1	28
576.262	1	16
576.432	1	6
576.602	1	16
576.772	1	25
576.941	1	12
577.111	1	11
577.281	1	11
577.451	1	18
577.621	1	10
577.791	1	13
577.960	1	12
578.130	1	19
578.300	1	15
578.470	1	7
578.640	1	5
578.810	1	21
578.979	1	15
579.149	1	18
579.319	1	22
579.489	1	15
579.659	1	18
579.829	1	22
579.998	1	11
580.168	1	21
580.338	1	3
580.508	1	14
580.678	1	12
580.848	1	26
581.017	1	11
581.187	1	25
581.357	1	10
581.527	1	22
581.697	1	-1
581.867	1	10
582.036	1	20
582.206	1	4
582.376	1	15
582.546	1	12
582.716	1	17
582.885	1	6
583.055	1	5
583.225	1	8
583.395	1	20
583.565	1	22
583.735	1	15
583.904	1	13
584.074	1	16
584.244	1	22
584.414	1	18
584.584	1	22
584.753	1	4
584.923	1	0
585.093	1	16
585.263	1	24
585.433	1	17
585.602	1	3
585.772	1	18
585.942	1	15
586.112	1	27
586.282	1	10
586.451	1	11
586.621	1	13
586.791	1	12
586.961	1	12
587.131	1	5
587.300	1	5
587.470	1	12
587.640	1	-1
587.810	1	16
587.980	1	10
588.149	1	16
588.319	1	13
588.489	1	14
588.659	1	12
588.829	1	18
588.998	1	4
589.168	1	15
589.338	1	15
589.508	1	16
589.677	1	10
589.847	1	20
590.017	1	9
590.187	1	18
590.357	1	11
590.526	1	14
590.696	1	13
590.866	1	10
591.036	1	22
591.205	1	14
591.375	1	-4
591.545	1	10
591.715	1	2
591.885	1	11
592.054	1	2
592.224	1	6
592.394	1	14
592.564	1	9
592.733	1	15
592.903	1	6
593.073	1	15
593.243	1	-11
593.412	1	10
593.582	1	16
593.752	1	7
593.922	1	3
594.091	1	17
594.261	1	12
594.431	1	9
594.601	1	4
594.771	1	14
594.940	1	8
595.110	1	14
595.280	1	3
595.450	1	10
595.619	1	10
595.789	1	15
595.959	1	12
596.129	1	5
596.298	1	4
596.468	1	14
596.638	1	11
596.808	1	16
596.977	1	4
597.147	1	18
597.317	1	10
597.487	1	9
597.656	1	12
597.826	1	12
597.996	1	4
598.166	1	-3
598.335	1	6
598.505	1	10
598.675	1	11
598.844	1	6
599.014	1	9
599.184	1	1
599.354	1	0
599.523	1	0
599.693	1	20
599.863	1	8
600.033	1	7
600.202	1	7
600.372	1	8
600.542	1	3
600.712	1	4
600.881	1	5
601.051	1	20
601.221	1	4
601.390	1	4
601.560	1	4
601.730	1	7
601.900	1	8
602.069	1	4
602.239	1	0
602.409	1	0
602.578	1	14
602.748	1	1
602.918	1	-1
603.088	1	16
603.257	1	13
603.427	1	3
603.597	1	17
603.767	1	9
603.936	1	18
604.106	1	10
604.276	1	10
604.445	1	21
604.615	1	10
604.785	1	7
604.954	1	15
605.124	1	-2
605.294	1	10
605.464	1	6
605.633	1	16
605.803	1	6
605.973	1	8
606.142	1	4
606.312	1	8
606.482	1	5
606.652	1	-3
606.821	1	10
606.991	1	9
607.161	1	12
607.330	1	23
607.500	1	10
607.670	1	6
607.839	1	17
608.009	1	3
608.179	1	3
608.348	1	15
608.518	1	19
608.688	1	11
608.858	1	9
609.027	1	10
609.197	1	2
609.367	1	4
609.536	1	9
609.706	1	9
609.876	1	-3
610.045	1	1
610.215	1	10
610.385	1	7
610.554	1	-1
610.724	1	9
610.894	1	11
611.063	1	20
611.233	1	3
611.403	1	14
611.572	1	7
611.742	1	8
611.912	1	5
612.081	1	5
612.251	1	6
612.421	1	11
612.590	1	2
612.760	1	12
612.930	1	9
613.099	1	-2
613.269	1	3
613.439	1	13
613.608	1	19
613.778	1	8
613.948	1	19
614.117	1	8
614.287	1	-1
614.457	1	10
614.626	1	9
614.796	1	8
614.966	1	4
615.135	1	6
615.305	1	4
615.475	1	10
615.644	1	-4
615.814	1	0
615.984	1	16
616.153	1	7
616.323	1	11
616.493	1	2
616.662	1	2
616.832	1	4
617.002	1	7
617.171	1	4
617.341	1	14
617.511	1	-4
617.680	1	6
617.850	1	2
618.019	1	5
618.189	1	2
618.359	1	7
618.528	1	1
618.698	1	10
618.868	1	14
619.037	1	6
619.207	1	-5
619.377	1	-5
619.546	1	11
619.716	1	-4
619.885	1	8
620.055	1	11
620.225	1	8
620.394	1	1
620.564	1	-1
620.734	1	13
620.903	1	15
621.073	1	0
621.242	1	-2
621.412	1	6
621.582	1	9
621.751	1	11
621.921	1	15
622.091	1	0
622.260	1	2
622.430	1	8
622.599	1	14
622.769	1	3
622.939	1	8
623.108	1	1
623.278	1	1
623.448	1	5
623.617	1	16
623.787	1	7
623.956	1	9
624.126	1	1
624.296	1	-2
624.465	1	-1
624.635	1	7
624.804	1	-2
624.974	1	-5
625.144	1	13
625.313	1	8
625.483	1	8
625.652	1	13
625.822	1	16
625.992	1	10
626.161	1	14
626.331	1	12
626.501	1	14
626.670	1	3
626.840	1	8
627.009	1	-8
627.179	1	5
627.348	1	2
627.518	1	13
627.688	1	3
627.857	1	9
628.027	1	4
628.196	1	16
628.366	1	17
628.536	1	2
628.705	1	8
628.875	1	8
629.044	1	14
629.214	1	17
629.384	1	-1
629.553	1	6
629.723	1	8
629.892	1	4
630.062	1	-6
630.232	1	20
630.401	1	11
630.571	1	8
630.740	1	13
630.910	1	1
631.079	1	16
631.249	1	-2
631.419	1	3
631.588	1	-4
631.758	1	2
631.927	1	0
632.097	1	2
632.266	1	-1
632.436	1	6
632.606	1	14
632.775	1	2
632.945	1	3
633.114	1	8
633.284	1	9
633.453	1	3
633.623	1	-3
633.793	1	5
633.962	1	13
634.132	1	16
634.301	1	5
634.471	1	-4
634.640	1	-1
634.810	1	5
634.979	1	18
635.149	1	3
635.319	1	6
635.488	1	10
635.658	1	3
635.827	1	-3
635.997	1	8
636.166	1	10
636.336	1	9
636.505	1	2
636.675	1	2
636.845	1	11
637.014	1	-4
637.184	1	7
637.353	1	8
637.523	1	8
637.692	1	3
637.862	1	-7
638.031	1	1
638.201	1	11
638.370	1	4
638.540	1	11
638.710	1	-2
638.879	1	5
639.049	1	2
639.218	1	5
639.388	1	14
639.557	1	20
639.727	1	9
639.896	1	0
640.066	1	11
640.235	1	10
640.405	1	3
640.574	1	11
640.744	1	7
640.914	1	10
641.083	1	2
641.253	1	-1
641.422	1	-5
641.592	1	0
641.761	1	1
641.931	1	9
642.100	1	-6
642.270	1	-1
642.439	1	5
642.609	1	1
642.778	1	7
642.948	1	12
643.117	1	5
643.287	1	7
643.456	1	10
643.626	1	11
643.795	1	17
643.965	1	3
644.134	1	9
644.304	1	6
644.473	1	9
644.643	1	7
644.812	1	14
644.982	1	8
645.151	1	3
645.321	1	14
645.490	1	16
645.660	1	0
645.829	1	0
645.999	1	0
646.168	1	15
646.338	1	10
646.507	1	4
646.677	1	9
646.846	1	16
647.016	1	5
647.185	1	-3
647.355	1	1
647.524	1	7
647.694	1	-3
647.863	1	-6
648.033	1	-12
648.202	1	12
648.372	1	9
648.541	1	9
648.711	1	10
648.880	1	11
649.050	1	-1
649.219	1	1
649.389	1	7
649.558	1	1
649.728	1	8
649.897	1	0
650.067	1	8
650.236	1	17
650.406	1	13
650.575	1	-5
650.745	1	5
650.914	1	-3
651.084	1	-1
651.253	1	2
651.423	1	16
651.592	1	2
651.762	1	17
651.931	1	10
652.101	1	12
652.270	1	-2
652.440	1	9
652.609	1	1
652.778	1	-9
652.948	1	3
653.117	1	2
653.287	1	17
653.456	1	1
653.626	1	15
653.795	1	18
653.965	1	14
654.134	1	7
654.304	1	6
654.473	1	2
654.643	1	13
654.812	1	4
654.982	1	-10
655.151	1	-2
655.320	1	-2
655.490	1	14
655.659	1	-3
655.829	1	1
655.998	1	10
656.168	1	4
656.337	1	0
656.507	1	10
656.676	1	9
656.846	1	-5
657.015	1	6
657.184	1	5
657.354	1	9
657.523	1	7
657.693	1	5
657.862	1	7
658.032	1	12
658.201	1	2
658.371	1	-2
658.540	1	4
658.709	1	-2
658.879	1	4
659.048	1	11
659.218	1	1
659.387	1	8
659.557	1	-1
659.726	1	2
659.895	1	1
660.065	1	11
660.234	1	9
660.404	1	8
660.573	1	-1
660.743	1	1
660.912	1	3
661.081	1	5
661.251	1	4
661.420	1	6
661.590	1	6
661.759	1	8
661.929	1	3
662.098	1	-4
662.267	1	11
662.437	1	8
662.606	1	9
662.776	1	10
662.945	1	-5
663.115	1	-4
663.284	1	-2
663.453	1	1
663.623	1	11
663.792	1	7
663.962	1	-2
664.131	1	-9
664.300	1	-3
664.470	1	7
664.639	1	2
664.809	1	-9
664.978	1	-3
665.148	1	1
665.317	1	-4
665.486	1	7
665.656	1	7
665.825	1	5
665.995	1	4
666.164	1	11
666.333	1	14
666.503	1	3
666.672	1	-5
666.842	1	3
667.011	1	14
667.180	1	-3
667.350	1	10
667.519	1	-1
667.689	1	1
667.858	1	-4
668.027	1	-6
668.197	1	8
668.366	1	3
668.536	1	-1
668.705	1	3
668.874	1	4
669.044	1	0
669.213	1	4
669.382	1	0
669.552	1	14
669.721	1	-1
669.891	1	8
670.060	1	3
670.229	1	8
670.399	1	9
670.568	1	13
670.738	1	-5
670.907	1	0
671.076	1	9
671.246	1	9
671.415	1	2
671.584	1	4
671.754	1	-2
671.923	1	3
672.093	1	4
672.262	1	1
672.431	1	2
672.601	1	1
672.770	1	11
672.939	1	-8
673.109	1	-1
673.278	1	12
673.448	1	2
673.617	1	13
673.786	1	0
