325.333	1	-2
325.504	1	7
325.675	1	-1
325.846	1	1
326.017	1	5
326.188	1	7
326.359	1	5
326.531	1	-2
326.702	1	0
326.873	1	1
327.044	1	3
327.215	1	-6
327.386	1	2
327.557	1	5
327.728	1	-4
327.899	1	-2
328.070	1	7
328.241	1	-6
328.412	1	5
328.583	1	2
328.754	1	-3
328.926	1	5
329.097	1	14
329.268	1	8
329.439	1	1
329.610	1	1
329.781	1	-4
329.952	1	11
330.123	1	1
330.294	1	11
330.465	1	2
330.636	1	4
330.807	1	3
330.978	1	5
331.149	1	8
331.320	1	6
331.492	1	4
331.663	1	-10
331.834	1	7
332.005	1	2
332.176	1	-4
332.347	1	0
332.518	1	11
332.689	1	9
332.860	1	2
333.031	1	-1
333.202	1	2
333.373	1	5
333.544	1	-3
333.715	1	-2
333.886	1	2
334.057	1	-18
334.228	1	5
334.399	1	1
334.570	1	-4
334.741	1	-16
334.912	1	-6
335.084	1	2
335.255	1	3
335.426	1	-2
335.597	1	-3
335.768	1	10
335.939	1	4
336.110	1	-4
336.281	1	-12
336.452	1	4
336.623	1	-2
336.794	1	-9
336.965	1	-3
337.136	1	-7
337.307	1	16
337.478	1	13
337.649	1	5
337.820	1	14
337.991	1	4
338.162	1	-7
338.333	1	-4
338.504	1	-3
338.675	1	4
338.846	1	5
339.017	1	3
339.188	1	6
339.359	1	5
339.530	1	4
339.701	1	0
339.872	1	3
340.043	1	5
340.214	1	-3
340.385	1	5
340.556	1	11
340.727	1	1
340.898	1	6
341.069	1	10
341.240	1	-3
341.411	1	4
341.582	1	-11
341.753	1	4
341.924	1	-4
342.095	1	8
342.266	1	-4
342.437	1	2
342.608	1	-7
342.779	1	-2
342.950	1	-1
343.121	1	13
343.292	1	4
343.463	1	2
343.634	1	-7
343.805	1	7
343.976	1	3
344.147	1	5
344.318	1	13
344.489	1	-6
344.660	1	12
344.831	1	-5
345.002	1	-3
345.173	1	-2
345.344	1	-2
345.515	1	3
345.686	1	3
345.857	1	-1
346.028	1	0
346.199	1	-3
346.370	1	4
346.541	1	3
346.712	1	5
346.883	1	-3
347.054	1	8
347.225	1	-9
347.396	1	2
347.567	1	7
347.738	1	0
347.909	1	5
348.080	1	-5
348.251	1	0
348.422	1	8
348.593	1	4
348.764	1	4
348.935	1	15
349.106	1	7
349.277	1	-5
349.448	1	1
349.619	1	-3
349.790	1	5
349.961	1	0
350.132	1	-1
350.303	1	-10
350.474	1	9
350.645	1	14
350.816	1	-6
350.987	1	3
351.157	1	11
351.328	1	1
351.499	1	7
351.670	1	7
351.841	1	2
352.012	1	-9
352.183	1	12
352.354	1	13
352.525	1	9
352.696	1	-8
352.867	1	0
353.038	1	19
353.209	1	5
353.380	1	9
353.551	1	5
353.722	1	2
353.893	1	-4
354.064	1	5
354.235	1	7
354.406	1	-9
354.576	1	1
354.747	1	2
354.918	1	-3
355.089	1	4
355.260	1	6
355.431	1	9
355.602	1	12
355.773	1	2
355.944	1	9
356.115	1	-6
356.286	1	2
356.457	1	2
356.628	1	2
356.799	1	15
356.970	1	7
357.141	1	-3
357.311	1	6
357.482	1	-1
357.653	1	3
357.824	1	5
357.995	1	6
358.166	1	4
358.337	1	13
358.508	1	15
358.679	1	18
358.850	1	5
359.021	1	5
359.192	1	6
359.363	1	15
359.533	1	3
359.704	1	10
359.875	1	2
360.046	1	7
360.217	1	27
360.388	1	8
360.559	1	15
360.730	1	13
360.901	1	15
361.072	1	11
361.243	1	16
361.414	1	15
361.584	1	18
361.755	1	17
361.926	1	20
362.097	1	15
362.268	1	13
362.439	1	23
362.610	1	13
362.781	1	12
362.952	1	24
363.123	1	17
363.293	1	14
363.464	1	25
363.635	1	20
363.806	1	25
363.977	1	25
364.148	1	25
364.319	1	31
364.490	1	15
364.661	1	31
364.832	1	35
365.002	1	33
365.173	1	39
365.344	1	33
365.515	1	38
365.686	1	32
365.857	1	36
366.028	1	29
366.199	1	36
366.370	1	24
366.540	1	39
366.711	1	44
366.882	1	36
367.053	1	40
367.224	1	36
367.395	1	35
367.566	1	34
367.737	1	31
367.908	1	35
368.078	1	30
368.249	1	31
368.420	1	34
368.591	1	35
368.762	1	20
368.933	1	31
369.104	1	26
369.274	1	23
369.445	1	25
369.616	1	16
369.787	1	30
369.958	1	27
370.129	1	29
370.300	1	12
370.471	1	27
370.641	1	8
370.812	1	13
370.983	1	23
371.154	1	15
371.325	1	17
371.496	1	17
371.667	1	10
371.837	1	12
372.008	1	21
372.179	1	26
372.350	1	6
372.521	1	20
372.692	1	17
372.863	1	18
373.033	1	9
373.204	1	17
373.375	1	17
373.546	1	10
373.717	1	20
373.888	1	12
374.059	1	14
374.229	1	4
374.400	1	14
374.571	1	8
374.742	1	24
374.913	1	12
375.084	1	6
375.254	1	20
375.425	1	15
375.596	1	6
375.767	1	15
375.938	1	16
376.109	1	8
376.279	1	8
376.450	1	17
376.621	1	21
376.792	1	12
376.963	1	20
377.134	1	6
377.304	1	16
377.475	1	19
377.646	1	13
377.817	1	12
377.988	1	2
378.159	1	15
378.329	1	11
378.500	1	-2
378.671	1	9
378.842	1	-2
379.013	1	14
379.184	1	17
379.354	1	7
379.525	1	12
379.696	1	7
379.867	1	22
380.038	1	7
380.209	1	16
380.379	1	1
380.550	1	20
380.721	1	15
380.892	1	16
381.063	1	23
381.233	1	21
381.404	1	21
381.575	1	15
381.746	1	34
381.917	1	10
382.087	1	21
382.258	1	44
382.429	1	27
382.600	1	25
382.771	1	28
382.941	1	25
383.112	1	23
383.283	1	37
383.454	1	30
383.625	1	34
383.795	1	42
383.966	1	40
384.137	1	41
384.308	1	49
384.479	1	48
384.649	1	51
384.820	1	39
384.991	1	53
385.162	1	49
385.333	1	60
385.503	1	46
385.674	1	41
385.845	1	53
386.016	1	66
386.187	1	68
386.357	1	52
386.528	1	62
386.699	1	64
386.870	1	69
387.041	1	56
387.211	1	61
387.382	1	55
387.553	1	53
387.724	1	52
387.894	1	62
388.065	1	52
388.236	1	58
388.407	1	60
388.578	1	64
388.748	1	63
388.919	1	57
389.090	1	59
389.261	1	32
389.431	1	61
389.602	1	47
389.773	1	53
389.944	1	53
390.114	1	58
390.285	1	48
390.456	1	47
390.627	1	41
390.798	1	51
390.968	1	41
391.139	1	46
391.310	1	48
391.481	1	59
391.651	1	41
391.822	1	59
391.993	1	57
392.164	1	44
392.334	1	56
392.505	1	41
392.676	1	42
392.847	1	50
393.017	1	32
393.188	1	41
393.359	1	56
393.530	1	47
393.700	1	54
393.871	1	31
394.042	1	51
394.213	1	52
394.383	1	42
394.554	1	46
394.725	1	36
394.896	1	46
395.066	1	49
395.237	1	56
395.408	1	47
395.579	1	57
395.749	1	48
395.920	1	54
396.091	1	49
396.262	1	51
396.432	1	46
396.603	1	52
396.774	1	46
396.945	1	58
397.115	1	62
397.286	1	71
397.457	1	54
397.627	1	53
397.798	1	45
397.969	1	48
398.140	1	45
398.310	1	57
398.481	1	41
398.652	1	59
398.823	1	67
398.993	1	41
399.164	1	50
399.335	1	45
399.505	1	47
399.676	1	53
399.847	1	47
400.018	1	56
400.188	1	51
400.359	1	41
400.530	1	42
400.700	1	41
400.871	1	29
401.042	1	46
401.213	1	32
401.383	1	41
401.554	1	41
401.725	1	34
401.895	1	49
402.066	1	33
402.237	1	31
402.408	1	42
402.578	1	31
402.749	1	43
402.920	1	29
403.090	1	42
403.261	1	33
403.432	1	46
403.603	1	28
403.773	1	42
403.944	1	43
404.115	1	19
404.285	1	30
404.456	1	36
404.627	1	51
404.797	1	49
404.968	1	34
405.139	1	38
405.310	1	33
405.480	1	38
405.651	1	34
405.822	1	47
405.992	1	37
406.163	1	47
406.334	1	31
406.504	1	40
406.675	1	43
406.846	1	23
407.016	1	36
407.187	1	27
407.358	1	24
407.528	1	36
407.699	1	47
407.870	1	43
408.041	1	23
408.211	1	33
408.382	1	31
408.553	1	31
408.723	1	35
408.894	1	24
409.065	1	28
409.235	1	30
409.406	1	32
409.577	1	34
409.747	1	22
409.918	1	33
410.089	1	22
410.259	1	23
410.430	1	32
410.601	1	17
410.771	1	34
410.942	1	28
411.113	1	23
411.283	1	29
411.454	1	14
411.625	1	21
411.795	1	36
411.966	1	9
412.137	1	23
412.307	1	29
412.478	1	42
412.649	1	27
412.819	1	27
412.990	1	27
413.161	1	31
413.331	1	14
413.502	1	33
413.672	1	26
413.843	1	12
414.014	1	25
414.184	1	13
414.355	1	10
414.526	1	21
414.696	1	26
414.867	1	30
415.038	1	18
415.208	1	20
415.379	1	26
415.550	1	17
415.720	1	21
415.891	1	23
416.062	1	22
416.232	1	17
416.403	1	11
416.573	1	17
416.744	1	14
416.915	1	22
417.085	1	13
417.256	1	14
417.427	1	19
417.597	1	10
417.768	1	18
417.939	1	13
418.109	1	22
418.280	1	16
418.450	1	11
418.621	1	18
418.792	1	16
418.962	1	11
419.133	1	8
419.304	1	15
419.474	1	7
419.645	1	23
419.815	1	18
419.986	1	11
420.157	1	25
420.327	1	17
420.498	1	18
420.669	1	14
420.839	1	8
421.010	1	22
421.180	1	11
421.351	1	16
421.522	1	19
421.692	1	15
421.863	1	12
422.033	1	6
422.204	1	15
422.375	1	11
422.545	1	23
422.716	1	4
422.886	1	16
423.057	1	7
423.228	1	10
423.398	1	15
423.569	1	14
423.740	1	9
423.910	1	6
424.081	1	23
424.251	1	-1
424.422	1	15
424.593	1	16
424.763	1	12
424.934	1	12
425.104	1	27
425.275	1	7
425.445	1	7
425.616	1	14
425.787	1	0
425.957	1	28
426.128	1	-1
426.298	1	7
426.469	1	14
426.640	1	5
426.810	1	14
426.981	1	8
427.151	1	15
427.322	1	12
427.493	1	15
427.663	1	12
427.834	1	5
428.004	1	15
428.175	1	0
428.345	1	14
428.516	1	10
428.687	1	5
428.857	1	15
429.028	1	8
429.198	1	5
429.369	1	7
429.540	1	18
429.710	1	6
429.881	1	18
430.051	1	10
430.222	1	6
430.392	1	9
430.563	1	15
430.734	1	19
430.904	1	5
431.075	1	19
431.245	1	14
431.416	1	7
431.586	1	5
431.757	1	2
431.927	1	10
432.098	1	4
432.269	1	11
432.439	1	1
432.610	1	0
432.780	1	6
432.951	1	11
433.121	1	14
433.292	1	12
433.462	1	13
433.633	1	8
433.804	1	2
433.974	1	4
434.145	1	9
434.315	1	9
434.486	1	10
434.656	1	8
434.827	1	6
434.997	1	11
435.168	1	2
435.339	1	15
435.509	1	15
435.680	1	0
435.850	1	5
436.021	1	9
436.191	1	0
436.362	1	10
436.532	1	14
436.703	1	6
436.873	1	-1
437.044	1	8
437.214	1	11
437.385	1	10
437.556	1	-3
437.726	1	12
437.897	1	14
438.067	1	2
438.238	1	-2
438.408	1	13
438.579	1	12
438.749	1	8
438.920	1	6
439.090	1	21
439.261	1	14
439.431	1	5
439.602	1	7
439.772	1	14
439.943	1	10
440.113	1	6
440.284	1	14
440.455	1	3
440.625	1	10
440.796	1	15
440.966	1	4
441.137	1	-6
441.307	1	3
441.478	1	14
441.648	1	-4
441.819	1	10
441.989	1	10
442.160	1	11
442.330	1	13
442.501	1	-7
442.671	1	4
442.842	1	10
443.012	1	5
443.183	1	8
443.353	1	5
443.524	1	4
443.694	1	2
443.865	1	10
444.035	1	2
444.206	1	10
444.376	1	12
444.547	1	5
444.717	1	21
444.888	1	2
445.058	1	6
445.229	1	4
445.399	1	6
445.570	1	9
445.740	1	18
445.911	1	8
446.081	1	15
446.252	1	-4
446.422	1	8
446.593	1	7
446.763	1	11
446.934	1	7
447.104	1	-6
447.275	1	-2
447.445	1	3
447.616	1	9
447.786	1	-5
447.957	1	6
448.127	1	4
448.298	1	0
448.468	1	15
448.639	1	3
448.809	1	8
448.979	1	-1
449.150	1	6
449.320	1	2
449.491	1	1
449.661	1	12
449.832	1	-3
450.002	1	9
450.173	1	1
450.343	1	5
450.514	1	3
450.684	1	-3
450.855	1	6
451.025	1	0
451.196	1	-8
451.366	1	4
451.537	1	6
451.707	1	7
451.878	1	4
452.048	1	1
452.218	1	-3
452.389	1	0
452.559	1	1
452.730	1	6
452.900	1	0
453.071	1	15
453.241	1	-6
453.412	1	4
453.582	1	22
453.753	1	0
453.923	1	8
454.093	1	3
454.264	1	1
454.434	1	8
454.605	1	5
454.775	1	5
454.946	1	7
455.116	1	4
455.287	1	12
455.457	1	5
455.628	1	-4
455.798	1	-2
455.968	1	8
456.139	1	-1
456.309	1	-5
456.480	1	-4
456.650	1	8
456.821	1	6
456.991	1	14
457.161	1	12
457.332	1	13
457.502	1	1
457.673	1	2
457.843	1	10
458.014	1	0
458.184	1	7
458.355	1	9
458.525	1	5
458.695	1	4
458.866	1	2
459.036	1	9
459.207	1	3
459.377	1	8
459.548	1	-5
459.718	1	-3
459.888	1	10
460.059	1	7
460.229	1	7
460.400	1	2
460.570	1	-4
460.740	1	-7
460.911	1	15
461.081	1	2
461.252	1	10
461.422	1	7
461.593	1	3
461.763	1	0
461.933	1	-10
462.104	1	5
462.274	1	8
462.445	1	-4
462.615	1	1
462.785	1	-7
462.956	1	4
463.126	1	-4
463.297	1	3
463.467	1	3
463.638	1	12
463.808	1	15
463.978	1	-7
464.149	1	-2
464.319	1	-1
464.490	1	-2
464.660	1	11
464.830	1	8
465.001	1	11
465.171	1	10
465.342	1	2
465.512	1	4
465.682	1	3
465.853	1	0
466.023	1	1
466.194	1	-1
466.364	1	0
466.534	1	1
466.705	1	11
466.875	1	6
467.045	1	14
467.216	1	-3
467.386	1	3
467.557	1	7
467.727	1	2
467.897	1	10
468.068	1	2
468.238	1	-8
468.409	1	7
468.579	1	10
468.749	1	8
468.920	1	1
469.090	1	7
469.260	1	4
469.431	1	5
469.601	1	14
469.772	1	-8
469.942	1	9
470.112	1	4
470.283	1	8
470.453	1	5
470.623	1	2
470.794	1	8
470.964	1	-4
471.135	1	-7
471.305	1	1
471.475	1	0
471.646	1	6
471.816	1	-5
471.986	1	4
472.157	1	8
472.327	1	-8
472.497	1	-9
472.668	1	5
472.838	1	10
473.009	1	4
473.179	1	11
473.349	1	6
473.520	1	6
473.690	1	12
473.860	1	6
474.031	1	-1
474.201	1	1
474.371	1	9
474.542	1	2
474.712	1	8
474.882	1	4
475.053	1	-2
475.223	1	7
475.394	1	15
475.564	1	19
475.734	1	13
475.905	1	3
476.075	1	3
476.245	1	0
476.416	1	1
476.586	1	8
476.756	1	7
476.927	1	6
477.097	1	-2
477.267	1	2
477.438	1	11
477.608	1	13
477.778	1	5
477.949	1	2
478.119	1	10
478.289	1	12
478.460	1	0
478.630	1	0
478.800	1	-5
478.971	1	10
479.141	1	2
479.311	1	1
479.482	1	-14
479.652	1	8
479.822	1	1
479.993	1	5
480.163	1	-8
480.333	1	2
480.504	1	2
480.674	1	14
480.844	1	6
481.015	1	-6
481.185	1	9
481.355	1	10
481.525	1	6
481.696	1	3
481.866	1	-1
482.036	1	5
482.207	1	6
482.377	1	-2
482.547	1	-2
482.718	1	8
482.888	1	-5
483.058	1	4
483.229	1	9
483.399	1	1
483.569	1	9
483.740	1	-4
483.910	1	16
484.080	1	-9
484.250	1	-2
484.421	1	5
484.591	1	6
484.761	1	-7
484.932	1	14
485.102	1	4
485.272	1	11
485.443	1	10
485.613	1	-5
485.783	1	19
485.953	1	1
486.124	1	12
486.294	1	8
486.464	1	-2
486.635	1	14
486.805	1	12
486.975	1	-8
487.146	1	4
487.316	1	9
487.486	1	6
487.656	1	-9
487.827	1	11
487.997	1	10
488.167	1	16
488.338	1	21
488.508	1	8
488.678	1	6
488.848	1	-3
489.019	1	2
489.189	1	2
489.359	1	3
489.529	1	5
489.700	1	5
489.870	1	-4
490.040	1	10
490.211	1	20
490.381	1	5
490.551	1	3
490.721	1	7
490.892	1	10
491.062	1	17
491.232	1	13
491.402	1	1
491.573	1	3
491.743	1	-10
491.913	1	1
492.084	1	17
492.254	1	9
492.424	1	3
492.594	1	7
492.765	1	6
492.935	1	-1
493.105	1	23
493.275	1	9
493.446	1	2
493.616	1	4
493.786	1	8
493.956	1	4
494.127	1	2
494.297	1	1
494.467	1	10
494.637	1	11
494.808	1	13
494.978	1	9
495.148	1	15
495.318	1	25
495.489	1	4
495.659	1	11
495.829	1	9
495.999	1	11
496.170	1	3
496.340	1	9
496.510	1	8
496.680	1	13
496.851	1	17
497.021	1	10
497.191	1	7
497.361	1	7
497.532	1	9
497.702	1	4
497.872	1	-2
498.042	1	13
498.213	1	23
498.383	1	10
498.553	1	12
498.723	1	13
498.894	1	6
499.064	1	26
499.234	1	11
499.404	1	9
499.574	1	9
499.745	1	12
499.915	1	9
500.085	1	7
500.255	1	18
500.426	1	9
500.596	1	5
500.766	1	10
500.936	1	-1
501.106	1	7
501.277	1	16
501.447	1	12
501.617	1	17
501.787	1	12
501.958	1	10
502.128	1	14
502.298	1	17
502.468	1	20
502.638	1	18
502.809	1	14
502.979	1	14
503.149	1	13
503.319	1	11
503.489	1	17
503.660	1	2
503.830	1	18
504.000	1	5
504.170	1	12
504.340	1	17
504.511	1	21
504.681	1	11
504.851	1	6
505.021	1	12
505.192	1	16
505.362	1	13
505.532	1	12
505.702	1	10
505.872	1	3
506.043	1	18
506.213	1	15
506.383	1	11
506.553	1	29
506.723	1	13
506.893	1	30
507.064	1	12
507.234	1	10
507.404	1	18
507.574	1	17
507.744	1	0
507.915	1	23
508.085	1	23
508.255	1	23
508.425	1	23
508.595	1	21
508.766	1	13
508.936	1	12
509.106	1	9
509.276	1	24
509.446	1	12
509.616	1	20
509.787	1	9
509.957	1	15
510.127	1	28
510.297	1	9
510.467	1	14
510.638	1	12
510.808	1	10
510.978	1	3
511.148	1	26
511.318	1	21
511.488	1	18
511.659	1	21
511.829	1	29
511.999	1	31
512.169	1	24
512.339	1	23
512.509	1	23
512.680	1	25
512.850	1	14
513.020	1	29
513.190	1	13
513.360	1	21
513.530	1	8
513.700	1	17
513.871	1	29
514.041	1	17
514.211	1	17
514.381	1	21
514.551	1	27
514.721	1	25
514.892	1	18
515.062	1	14
515.232	1	22
515.402	1	26
515.572	1	16
515.742	1	24
515.912	1	26
516.083	1	18
516.253	1	19
516.423	1	30
516.593	1	13
516.763	1	18
516.933	1	27
517.104	1	30
517.274	1	30
517.444	1	22
517.614	1	17
517.784	1	22
517.954	1	19
518.124	1	23
518.294	1	28
518.465	1	31
518.635	1	22
518.805	1	24
518.975	1	39
519.145	1	24
519.315	1	33
519.485	1	20
519.656	1	17
519.826	1	22
519.996	1	27
520.166	1	31
520.336	1	23
520.506	1	28
520.676	1	33
520.846	1	14
521.017	1	23
521.187	1	35
521.357	1	22
521.527	1	36
521.697	1	20
521.867	1	21
522.037	1	20
522.207	1	15
522.377	1	24
522.548	1	14
522.718	1	22
522.888	1	28
523.058	1	49
523.228	1	34
523.398	1	30
523.568	1	28
523.738	1	22
523.909	1	39
524.079	1	31
524.249	1	30
524.419	1	27
524.589	1	33
524.759	1	16
524.929	1	23
525.099	1	26
525.269	1	26
525.439	1	21
525.610	1	17
525.780	1	33
525.950	1	18
526.120	1	29
526.290	1	23
526.460	1	26
526.630	1	35
526.800	1	36
526.970	1	23
527.140	1	28
527.311	1	23
527.481	1	30
527.651	1	36
527.821	1	25
527.991	1	33
528.161	1	26
528.331	1	31
528.501	1	32
528.671	1	17
528.841	1	36
529.011	1	33
529.181	1	30
529.352	1	42
529.522	1	34
529.692	1	34
529.862	1	25
530.032	1	33
530.202	1	35
530.372	1	21
530.542	1	41
530.712	1	42
530.882	1	24
531.052	1	37
531.222	1	34
531.392	1	19
531.563	1	36
531.733	1	29
531.903	1	40
532.073	1	38
532.243	1	14
532.413	1	37
532.583	1	30
532.753	1	28
532.923	1	34
533.093	1	43
533.263	1	33
533.433	1	40
533.603	1	30
533.773	1	25
533.943	1	33
534.113	1	33
534.284	1	24
534.454	1	37
534.624	1	37
534.794	1	35
534.964	1	18
535.134	1	26
535.304	1	34
535.474	1	25
535.644	1	39
535.814	1	30
535.984	1	26
536.154	1	30
536.324	1	30
536.494	1	43
536.664	1	35
536.834	1	27
537.004	1	36
537.174	1	40
537.344	1	33
537.514	1	33
537.685	1	31
537.855	1	38
538.025	1	31
538.195	1	28
538.365	1	38
538.535	1	36
538.705	1	21
538.875	1	39
539.045	1	37
539.215	1	8
539.385	1	26
539.555	1	27
539.725	1	36
539.895	1	31
540.065	1	31
540.235	1	20
540.405	1	34
540.575	1	34
540.745	1	27
540.915	1	39
541.085	1	26
541.255	1	12
541.425	1	25
541.595	1	32
541.765	1	22
541.935	1	39
542.105	1	29
542.275	1	17
542.445	1	34
542.615	1	28
542.785	1	17
542.955	1	31
543.125	1	26
543.295	1	15
543.465	1	37
543.635	1	33
543.805	1	26
543.975	1	35
544.145	1	34
544.315	1	25
544.485	1	30
544.655	1	20
544.825	1	34
544.995	1	21
545.165	1	20
545.335	1	21
545.505	1	26
545.675	1	32
545.845	1	25
546.015	1	21
546.185	1	21
546.355	1	30
546.525	1	37
546.695	1	8
546.865	1	15
547.035	1	24
547.205	1	24
547.375	1	26
547.545	1	25
547.715	1	31
547.885	1	26
548.055	1	20
548.225	1	30
548.395	1	38
548.565	1	22
548.735	1	29
548.905	1	13
549.075	1	17
549.245	1	22
549.415	1	18
549.585	1	23
549.755	1	17
549.925	1	40
550.095	1	24
550.265	1	13
550.435	1	39
550.605	1	30
550.775	1	15
550.945	1	36
551.115	1	23
551.285	1	23
551.455	1	34
551.625	1	25
551.795	1	29
551.965	1	27
552.135	1	17
552.305	1	27
552.475	1	25
552.645	1	24
552.815	1	20
552.985	1	35
553.155	1	17
553.325	1	27
553.495	1	28
553.665	1	28
553.835	1	13
554.004	1	25
554.174	1	22
554.344	1	21
554.514	1	21
554.684	1	22
554.854	1	27
555.024	1	23
555.194	1	22
555.364	1	33
555.534	1	11
555.704	1	20
555.874	1	18
556.044	1	28
556.214	1	19
556.384	1	25
556.554	1	18
556.724	1	14
556.894	1	30
557.064	1	15
557.234	1	21
557.404	1	13
557.573	1	18
557.743	1	19
557.913	1	21
558.083	1	11
558.253	1	11
558.423	1	8
558.593	1	15
558.763	1	22
558.933	1	27
559.103	1	16
559.273	1	16
559.443	1	19
559.613	1	18
559.783	1	21
559.953	1	13
560.122	1	8
560.292	1	19
560.462	1	12
560.632	1	17
560.802	1	11
560.972	1	24
561.142	1	18
561.312	1	20
561.482	1	16
561.652	1	16
561.822	1	18
561.992	1	15
562.162	1	18
562.331	1	13
562.501	1	9
562.671	1	10
562.841	1	14
563.011	1	13
563.181	1	26
563.351	1	7
563.521	1	14
563.691	1	20
563.861	1	21
564.031	1	19
564.201	1	19
564.370	1	18
564.540	1	25
564.710	1	7
564.880	1	12
565.050	1	17
565.220	1	13
565.390	1	-2
565.560	1	26
565.730	1	19
565.900	1	13
566.069	1	19
566.239	1	11
566.409	1	15
566.579	1	15
566.749	1	24
566.919	1	17
567.089	1	20
567.259	1	18
567.429	1	15
567.599	1	20
567.768	1	7
567.938	1	19
568.108	1	3
568.278	1	5
568.448	1	7
568.618	1	15
568.788	1	5
568.958	1	28
569.128	1	11
569.297	1	9
569.467	1	14
569.637	1	13
569.807	1	9
569.977	1	13
570.147	1	6
570.317	1	18
570.487	1	9
570.656	1	8
570.826	1	12
570.996	1	17
571.166	1	9
571.336	1	18
571.506	1	9
571.676	1	23
571.846	1	14
572.015	1	13
572.185	1	-2
572.355	1	37
572.525	1	15
572.695	1	23
572.865	1	8
573.035	1	11
573.205	1	24
573.374	1	15
573.544	1	0
573.714	1	23
573.884	1	10
574.054	1	5
574.224	1	3
574.394	1	10
574.563	1	16
574.733	1	5
574.903	1	16
575.073	1	10
575.243	1	-3
575.413	1	12
575.583	1	19
575.752	1	10
575.922	1	9
576.092	1	26
576.262	1	7
576.432	1	-4
576.602	1	7
576.772	1	12
576.941	1	13
577.111	1	12
577.281	1	14
577.451	1	7
577.621	1	12
577.791	1	15
577.960	1	6
578.130	1	4
578.300	1	9
578.470	1	3
578.640	1	3
578.810	1	12
578.979	1	5
579.149	1	17
579.319	1	15
579.489	1	7
579.659	1	12
579.829	1	17
579.998	1	6
580.168	1	13
580.338	1	-3
580.508	1	1
580.678	1	3
580.848	1	9
581.017	1	12
581.187	1	8
581.357	1	-1
581.527	1	19
581.697	1	-3
581.867	1	16
582.036	1	18
582.206	1	1
582.376	1	12
582.546	1	13
582.716	1	21
582.885	1	10
583.055	1	3
583.225	1	3
583.395	1	7
583.565	1	23
583.735	1	-1
583.904	1	12
584.074	1	3
584.244	1	14
584.414	1	5
584.584	1	16
584.753	1	12
584.923	1	12
585.093	1	10
585.263	1	18
585.433	1	9
585.602	1	5
585.772	1	1
585.942	1	12
586.112	1	20
586.282	1	13
586.451	1	7
586.621	1	10
586.791	1	15
586.961	1	12
587.131	1	-5
587.300	1	5
587.470	1	10
587.640	1	4
587.810	1	14
587.980	1	3
588.149	1	7
588.319	1	13
588.489	1	13
588.659	1	3
588.829	1	6
588.998	1	4
589.168	1	16
589.338	1	11
589.508	1	22
589.677	1	4
589.847	1	9
590.017	1	4
590.187	1	10
590.357	1	-2
590.526	1	16
590.696	1	6
590.866	1	8
591.036	1	13
591.205	1	10
591.375	1	4
591.545	1	1
591.715	1	-4
591.885	1	17
592.054	1	4
592.224	1	15
592.394	1	19
592.564	1	1
592.733	1	7
592.903	1	8
593.073	1	14
593.243	1	4
593.412	1	2
593.582	1	12
593.752	1	7
593.922	1	-2
594.091	1	7
594.261	1	4
594.431	1	2
594.601	1	3
594.771	1	12
594.940	1	-3
595.110	1	3
595.280	1	13
595.450	1	9
595.619	1	7
595.789	1	12
595.959	1	3
596.129	1	4
596.298	1	7
596.468	1	7
596.638	1	4
596.808	1	12
596.977	1	-2
597.147	1	9
597.317	1	13
597.487	1	13
597.656	1	4
597.826	1	-1
597.996	1	12
598.166	1	3
598.335	1	9
598.505	1	6
598.675	1	11
598.844	1	3
599.014	1	6
599.184	1	2
599.354	1	-3
599.523	1	2
599.693	1	11
599.863	1	5
600.033	1	4
600.202	1	5
600.372	1	9
600.542	1	6
600.712	1	6
600.881	1	10
601.051	1	13
601.221	1	11
601.390	1	0
601.560	1	8
601.730	1	4
601.900	1	-2
602.069	1	6
602.239	1	-6
602.409	1	8
602.578	1	0
602.748	1	9
602.918	1	-1
603.088	1	7
603.257	1	15
603.427	1	7
603.597	1	26
603.767	1	-1
603.936	1	11
604.106	1	8
604.276	1	10
604.445	1	4
604.615	1	7
604.785	1	8
604.954	1	16
605.124	1	2
605.294	1	2
605.464	1	-1
605.633	1	10
605.803	1	0
605.973	1	-1
606.142	1	13
606.312	1	2
606.482	1	-7
606.652	1	3
606.821	1	9
606.991	1	13
607.161	1	3
607.330	1	11
607.500	1	10
607.670	1	-4
607.839	1	2
608.009	1	0
608.179	1	4
608.348	1	9
608.518	1	-4
608.688	1	18
608.858	1	11
609.027	1	5
609.197	1	0
609.367	1	-3
609.536	1	7
609.706	1	-4
609.876	1	-1
610.045	1	3
610.215	1	11
610.385	1	5
610.554	1	3
610.724	1	10
610.894	1	12
611.063	1	14
611.233	1	-6
611.403	1	3
611.572	1	1
611.742	1	5
611.912	1	4
612.081	1	3
612.251	1	4
612.421	1	21
612.590	1	4
612.760	1	7
612.930	1	3
613.099	1	0
613.269	1	4
613.439	1	2
613.608	1	9
613.778	1	7
613.948	1	11
614.117	1	1
614.287	1	13
614.457	1	3
614.626	1	10
614.796	1	9
614.966	1	5
615.135	1	-4
615.305	1	-2
615.475	1	15
615.644	1	2
615.814	1	9
615.984	1	14
616.153	1	9
616.323	1	4
616.493	1	4
616.662	1	0
616.832	1	8
617.002	1	2
617.171	1	-2
617.341	1	12
617.511	1	5
617.680	1	13
617.850	1	3
618.019	1	4
618.189	1	3
618.359	1	7
618.528	1	0
618.698	1	6
618.868	1	16
619.037	1	10
619.207	1	-3
619.377	1	-5
619.546	1	11
619.716	1	-2
619.885	1	-1
620.055	1	3
620.225	1	-2
620.394	1	3
620.564	1	5
620.734	1	0
620.903	1	4
621.073	1	-8
621.242	1	0
621.412	1	4
621.582	1	4
621.751	1	5
621.921	1	13
622.091	1	-5
622.260	1	-2
622.430	1	6
622.599	1	10
622.769	1	3
622.939	1	0
623.108	1	1
623.278	1	0
623.448	1	0
623.617	1	-1
623.787	1	-1
623.956	1	13
624.126	1	-5
624.296	1	2
624.465	1	9
624.635	1	10
624.804	1	-2
624.974	1	-5
625.144	1	8
625.313	1	12
625.483	1	2
625.652	1	10
625.822	1	3
625.992	1	5
626.161	1	12
626.331	1	12
626.501	1	4
626.670	1	11
626.840	1	9
627.009	1	5
627.179	1	2
627.348	1	2
627.518	1	16
627.688	1	7
627.857	1	2
628.027	1	5
628.196	1	13
628.366	1	-2
628.536	1	2
628.705	1	5
628.875	1	5
629.044	1	2
629.214	1	8
629.384	1	-3
629.553	1	2
629.723	1	12
629.892	1	3
630.062	1	2
630.232	1	7
630.401	1	1
630.571	1	9
630.740	1	11
630.910	1	8
631.079	1	14
631.249	1	7
631.419	1	6
631.588	1	-1
631.758	1	2
631.927	1	2
632.097	1	8
632.266	1	-8
632.436	1	8
632.606	1	10
632.775	1	8
632.945	1	6
633.114	1	11
633.284	1	-11
633.453	1	9
633.623	1	2
633.793	1	1
633.962	1	0
634.132	1	6
634.301	1	3
634.471	1	-11
634.640	1	8
634.810	1	6
634.979	1	8
635.149	1	-1
635.319	1	2
635.488	1	0
635.658	1	3
635.827	1	-1
635.997	1	8
636.166	1	0
636.336	1	17
636.505	1	-7
636.675	1	5
636.845	1	8
637.014	1	-3
637.184	1	-5
637.353	1	9
637.523	1	7
637.692	1	7
637.862	1	2
638.031	1	15
638.201	1	15
638.370	1	2
638.540	1	6
638.710	1	1
638.879	1	4
639.049	1	7
639.218	1	-3
639.388	1	11
639.557	1	6
639.727	1	10
639.896	1	7
640.066	1	10
640.235	1	4
640.405	1	2
640.574	1	-1
640.744	1	1
640.914	1	-2
641.083	1	1
641.253	1	-1
641.422	1	-1
641.592	1	-8
641.761	1	0
641.931	1	6
642.100	1	-4
642.270	1	5
642.439	1	0
642.609	1	11
642.778	1	-2
642.948	1	3
643.117	1	1
643.287	1	11
643.456	1	2
643.626	1	11
643.795	1	5
643.965	1	-3
644.134	1	9
644.304	1	4
644.473	1	12
644.643	1	7
644.812	1	8
644.982	1	11
645.151	1	-1
645.321	1	6
645.490	1	6
645.660	1	-8
645.829	1	1
645.999	1	3
646.168	1	10
646.338	1	16
646.507	1	6
646.677	1	1
646.846	1	11
647.016	1	-1
647.185	1	3
647.355	1	-1
647.524	1	6
647.694	1	-2
647.863	1	-5
648.033	1	-6
648.202	1	4
648.372	1	11
648.541	1	2
648.711	1	12
648.880	1	0
649.050	1	1
649.219	1	8
649.389	1	6
649.558	1	-1
649.728	1	6
649.897	1	5
650.067	1	-3
650.236	1	11
650.406	1	8
650.575	1	5
650.745	1	-1
650.914	1	6
651.084	1	1
651.253	1	7
651.423	1	17
651.592	1	-5
651.762	1	14
651.931	1	6
652.101	1	8
652.270	1	-4
652.440	1	15
652.609	1	4
652.778	1	-4
652.948	1	5
653.117	1	8
653.287	1	11
653.456	1	8
653.626	1	5
653.795	1	3
653.965	1	8
654.134	1	5
654.304	1	7
654.473	1	12
654.643	1	15
654.812	1	7
654.982	1	-7
655.151	1	-2
655.320	1	-8
655.490	1	6
655.659	1	-3
655.829	1	1
655.998	1	1
656.168	1	1
656.337	1	0
656.507	1	13
656.676	1	-1
656.846	1	-7
657.015	1	4
657.184	1	6
657.354	1	4
657.523	1	0
657.693	1	8
657.862	1	0
658.032	1	10
658.201	1	-4
658.371	1	-8
658.540	1	5
658.709	1	-4
658.879	1	5
659.048	1	11
659.218	1	6
659.387	1	-3
659.557	1	1
659.726	1	-7
659.895	1	0
660.065	1	7
660.234	1	0
660.404	1	8
660.573	1	-8
660.743	1	4
660.912	1	-5
661.081	1	-1
661.251	1	8
661.420	1	-1
661.590	1	-2
661.759	1	-5
661.929	1	5
662.098	1	-8
662.267	1	16
662.437	1	2
662.606	1	7
662.776	1	6
662.945	1	4
663.115	1	3
663.284	1	2
663.453	1	4
663.623	1	-1
663.792	1	6
663.962	1	-10
664.131	1	-9
664.300	1	12
664.470	1	1
664.639	1	-3
664.809	1	-4
664.978	1	3
665.148	1	2
665.317	1	-4
665.486	1	0
665.656	1	3
665.825	1	9
665.995	1	6
666.164	1	9
666.333	1	12
666.503	1	1
666.672	1	-8
666.842	1	-4
667.011	1	14
667.180	1	3
667.350	1	11
667.519	1	5
667.689	1	-7
667.858	1	3
668.027	1	-5
668.197	1	0
668.366	1	1
668.536	1	12
668.705	1	-8
668.874	1	2
669.044	1	-2
669.213	1	0
669.382	1	1
669.552	1	14
669.721	1	-3
669.891	1	4
670.060	1	7
670.229	1	-1
670.399	1	10
670.568	1	1
670.738	1	4
670.907	1	0
671.076	1	19
671.246	1	0
671.415	1	5
671.584	1	1
671.754	1	-7
671.923	1	-6
672.093	1	14
672.262	1	4
672.431	1	-2
672.601	1	-2
672.770	1	6
672.939	1	-4
673.109	1	-6
673.278	1	5
673.448	1	4
673.617	1	8
673.786	1	2
