325.333	1	-2
325.504	1	10
325.675	1	2
325.846	1	-3
326.017	1	-5
326.188	1	7
326.359	1	2
326.531	1	-14
326.702	1	-3
326.873	1	-1
327.044	1	-6
327.215	1	-7
327.386	1	-5
327.557	1	1
327.728	1	-3
327.899	1	-14
328.070	1	5
328.241	1	-1
328.412	1	14
328.583	1	-13
328.754	1	-1
328.926	1	-6
329.097	1	1
329.268	1	4
329.439	1	-4
329.610	1	-11
329.781	1	-2
329.952	1	8
330.123	1	-7
330.294	1	13
330.465	1	-8
330.636	1	5
330.807	1	-2
330.978	1	7
331.149	1	-2
331.320	1	7
331.492	1	2
331.663	1	-10
331.834	1	12
332.005	1	11
332.176	1	-3
332.347	1	-4
332.518	1	3
332.689	1	-9
332.860	1	-10
333.031	1	5
333.202	1	-4
333.373	1	-1
333.544	1	-8
333.715	1	-2
333.886	1	-6
334.057	1	-10
334.228	1	-6
334.399	1	2
334.570	1	-6
334.741	1	-9
334.912	1	-4
335.084	1	-4
335.255	1	1
335.426	1	-2
335.597	1	-9
335.768	1	-1
335.939	1	-7
336.110	1	-4
336.281	1	-9
336.452	1	3
336.623	1	5
336.794	1	-8
336.965	1	-3
337.136	1	-5
337.307	1	4
337.478	1	12
337.649	1	8
337.820	1	16
337.991	1	5
338.162	1	3
338.333	1	0
338.504	1	-4
338.675	1	3
338.846	1	1
339.017	1	10
339.188	1	4
339.359	1	-2
339.530	1	2
339.701	1	-11
339.872	1	-3
340.043	1	-1
340.214	1	-2
340.385	1	-4
340.556	1	10
340.727	1	-7
340.898	1	0
341.069	1	-5
341.240	1	1
341.411	1	4
341.582	1	-12
341.753	1	-3
341.924	1	-5
342.095	1	-5
342.266	1	-4
342.437	1	8
342.608	1	0
342.779	1	-2
342.950	1	-3
343.121	1	4
343.292	1	-13
343.463	1	-1
343.634	1	-2
343.805	1	-1
343.976	1	3
344.147	1	1
344.318	1	10
344.489	1	1
344.660	1	19
344.831	1	-7
345.002	1	2
345.173	1	-6
345.344	1	-5
345.515	1	1
345.686	1	2
345.857	1	-9
346.028	1	-6
346.199	1	0
346.370	1	2
346.541	1	-7
346.712	1	5
346.883	1	-7
347.054	1	1
347.225	1	-4
347.396	1	1
347.567	1	-1
347.738	1	4
347.909	1	5
348.080	1	-18
348.251	1	2
348.422	1	2
348.593	1	0
348.764	1	-2
348.935	1	1
349.106	1	-1
349.277	1	-16
349.448	1	-7
349.619	1	2
349.790	1	1
349.961	1	-1
350.132	1	-8
350.303	1	-10
350.474	1	4
350.645	1	-5
350.816	1	-10
350.987	1	-10
351.157	1	0
351.328	1	-6
351.499	1	-9
351.670	1	5
351.841	1	1
352.012	1	-8
352.183	1	0
352.354	1	-1
352.525	1	3
352.696	1	-4
352.867	1	-9
353.038	1	13
353.209	1	8
353.380	1	3
353.551	1	1
353.722	1	-2
353.893	1	0
354.064	1	3
354.235	1	-6
354.406	1	-9
354.576	1	3
354.747	1	-16
354.918	1	-6
355.089	1	1
355.260	1	-1
355.431	1	1
355.602	1	4
355.773	1	-4
355.944	1	0
356.115	1	-12
356.286	1	7
356.457	1	-3
356.628	1	-5
356.799	1	2
356.970	1	-8
357.141	1	-19
357.311	1	-4
357.482	1	9
357.653	1	-9
357.824	1	-4
357.995	1	3
358.166	1	7
358.337	1	5
358.508	1	-1
358.679	1	11
358.850	1	1
359.021	1	-9
359.192	1	-4
359.363	1	3
359.533	1	-5
359.704	1	-13
359.875	1	-1
360.046	1	1
360.217	1	5
360.388	1	0
360.559	1	1
360.730	1	-8
360.901	1	-3
361.072	1	-12
361.243	1	2
361.414	1	10
361.584	1	-5
361.755	1	3
361.926	1	12
362.097	1	-1
362.268	1	4
362.439	1	-4
362.610	1	2
362.781	1	-1
362.952	1	7
363.123	1	9
363.293	1	2
363.464	1	8
363.635	1	-1
363.806	1	9
363.977	1	4
364.148	1	1
364.319	1	3
364.490	1	-3
364.661	1	5
364.832	1	-2
365.002	1	8
365.173	1	10
365.344	1	0
365.515	1	7
365.686	1	9
365.857	1	9
366.028	1	-1
366.199	1	3
366.370	1	16
366.540	1	8
366.711	1	5
366.882	1	4
367.053	1	14
367.224	1	0
367.395	1	7
367.566	1	10
367.737	1	8
367.908	1	0
368.078	1	5
368.249	1	2
368.420	1	1
368.591	1	20
368.762	1	-2
368.933	1	8
369.104	1	11
369.274	1	-1
369.445	1	-5
369.616	1	0
369.787	1	13
369.958	1	4
370.129	1	8
370.300	1	-7
370.471	1	4
370.641	1	-4
370.812	1	3
370.983	1	6
371.154	1	4
371.325	1	-3
371.496	1	-4
371.667	1	2
371.837	1	-8
372.008	1	-1
372.179	1	-3
372.350	1	-5
372.521	1	4
372.692	1	3
372.863	1	3
373.033	1	4
373.204	1	5
373.375	1	1
373.546	1	-2
373.717	1	0
373.888	1	0
374.059	1	5
374.229	1	-6
374.400	1	-5
374.571	1	3
374.742	1	7
374.913	1	-7
375.084	1	-4
375.254	1	-2
375.425	1	8
375.596	1	-9
375.767	1	4
375.938	1	-1
376.109	1	-5
376.279	1	-4
376.450	1	-8
376.621	1	17
376.792	1	-2
376.963	1	0
377.134	1	-8
377.304	1	4
377.475	1	2
377.646	1	9
377.817	1	1
377.988	1	-1
378.159	1	3
378.329	1	1
378.500	1	-9
378.671	1	-3
378.842	1	-5
379.013	1	-1
379.184	1	9
379.354	1	2
379.525	1	8
379.696	1	3
379.867	1	2
380.038	1	3
380.209	1	11
380.379	1	-5
380.550	1	-4
380.721	1	13
380.892	1	1
381.063	1	-6
381.233	1	14
381.404	1	5
381.575	1	-4
381.746	1	9
381.917	1	-11
382.087	1	5
382.258	1	8
382.429	1	12
382.600	1	4
382.771	1	3
382.941	1	1
383.112	1	2
383.283	1	0
383.454	1	1
383.625	1	2
383.795	1	7
383.966	1	-3
384.137	1	1
384.308	1	1
384.479	1	15
384.649	1	11
384.820	1	-1
384.991	1	9
385.162	1	13
385.333	1	12
385.503	1	7
385.674	1	-3
385.845	1	9
386.016	1	4
386.187	1	22
386.357	1	8
386.528	1	17
386.699	1	20
386.870	1	18
387.041	1	-9
387.211	1	8
387.382	1	6
387.553	1	10
387.724	1	-3
387.894	1	9
388.065	1	5
388.236	1	15
388.407	1	15
388.578	1	1
388.748	1	15
388.919	1	1
389.090	1	12
389.261	1	-15
389.431	1	7
389.602	1	10
389.773	1	9
389.944	1	8
390.114	1	19
390.285	1	5
390.456	1	12
390.627	1	0
390.798	1	7
390.968	1	4
391.139	1	-2
391.310	1	8
391.481	1	-1
391.651	1	9
391.822	1	16
391.993	1	14
392.164	1	10
392.334	1	7
392.505	1	0
392.676	1	13
392.847	1	9
393.017	1	-5
393.188	1	10
393.359	1	7
393.530	1	5
393.700	1	8
393.871	1	4
394.042	1	11
394.213	1	8
394.383	1	4
394.554	1	6
394.725	1	-1
394.896	1	-10
395.066	1	6
395.237	1	19
395.408	1	7
395.579	1	12
395.749	1	14
395.920	1	16
396.091	1	9
396.262	1	7
396.432	1	6
396.603	1	0
396.774	1	-1
396.945	1	7
397.115	1	17
397.286	1	17
397.457	1	9
397.627	1	3
397.798	1	1
397.969	1	0
398.140	1	-3
398.310	1	11
398.481	1	-3
398.652	1	22
398.823	1	20
398.993	1	7
399.164	1	21
399.335	1	5
399.505	1	17
399.676	1	18
399.847	1	6
400.018	1	16
400.188	1	16
400.359	1	9
400.530	1	2
400.700	1	7
400.871	1	-4
401.042	1	2
401.213	1	-3
401.383	1	11
401.554	1	9
401.725	1	7
401.895	1	13
402.066	1	6
402.237	1	2
402.408	1	4
402.578	1	10
402.749	1	-3
402.920	1	-7
403.090	1	3
403.261	1	10
403.432	1	2
403.603	1	6
403.773	1	10
403.944	1	7
404.115	1	-3
404.285	1	1
404.456	1	6
404.627	1	11
404.797	1	19
404.968	1	1
405.139	1	-3
405.310	1	-7
405.480	1	16
405.651	1	8
405.822	1	10
405.992	1	-4
406.163	1	10
406.334	1	8
406.504	1	6
406.675	1	16
406.846	1	4
407.016	1	-5
407.187	1	0
407.358	1	4
407.528	1	12
407.699	1	5
407.870	1	4
408.041	1	-6
408.211	1	-3
408.382	1	11
408.553	1	7
408.723	1	-10
408.894	1	-6
409.065	1	13
409.235	1	-7
409.406	1	4
409.577	1	7
409.747	1	6
409.918	1	8
410.089	1	7
410.259	1	1
410.430	1	16
410.601	1	-3
410.771	1	0
410.942	1	10
411.113	1	5
411.283	1	5
411.454	1	-9
411.625	1	-2
411.795	1	10
411.966	1	-6
412.137	1	0
412.307	1	-4
412.478	1	6
412.649	1	0
412.819	1	8
412.990	1	9
413.161	1	5
413.331	1	-10
413.502	1	12
413.672	1	10
413.843	1	4
414.014	1	4
414.184	1	-2
414.355	1	1
414.526	1	5
414.696	1	-1
414.867	1	8
415.038	1	-3
415.208	1	5
415.379	1	8
415.550	1	2
415.720	1	8
415.891	1	11
416.062	1	6
416.232	1	7
416.403	1	5
416.573	1	2
416.744	1	1
416.915	1	-1
417.085	1	-3
417.256	1	0
417.427	1	3
417.597	1	-14
417.768	1	-1
417.939	1	3
418.109	1	15
418.280	1	-1
418.450	1	3
418.621	1	-5
418.792	1	5
418.962	1	0
419.133	1	4
419.304	1	-5
419.474	1	0
419.645	1	1
419.815	1	-12
419.986	1	-1
420.157	1	3
420.327	1	12
420.498	1	4
420.669	1	3
420.839	1	-1
421.010	1	9
421.180	1	-4
421.351	1	-4
421.522	1	2
421.692	1	0
421.863	1	-5
422.033	1	1
422.204	1	-4
422.375	1	0
422.545	1	10
422.716	1	-2
422.886	1	0
423.057	1	1
423.228	1	-4
423.398	1	2
423.569	1	2
423.740	1	-7
423.910	1	-5
424.081	1	6
424.251	1	2
424.422	1	4
424.593	1	1
424.763	1	-4
424.934	1	3
425.104	1	5
425.275	1	-4
425.445	1	2
425.616	1	2
425.787	1	-11
425.957	1	7
426.128	1	5
426.298	1	4
426.469	1	1
426.640	1	-2
426.810	1	4
426.981	1	-9
427.151	1	1
427.322	1	1
427.493	1	5
427.663	1	1
427.834	1	6
428.004	1	8
428.175	1	0
428.345	1	5
428.516	1	-2
428.687	1	-2
428.857	1	-5
429.028	1	0
429.198	1	-5
429.369	1	-4
429.540	1	3
429.710	1	-4
429.881	1	11
430.051	1	11
430.222	1	-6
430.392	1	-1
430.563	1	2
430.734	1	11
430.904	1	-4
431.075	1	5
431.245	1	4
431.416	1	1
431.586	1	2
431.757	1	-8
431.927	1	7
432.098	1	-2
432.269	1	-3
432.439	1	-7
432.610	1	-2
432.780	1	-9
432.951	1	-12
433.121	1	10
433.292	1	7
433.462	1	-4
433.633	1	-3
433.804	1	-17
433.974	1	-7
434.145	1	-1
434.315	1	-2
434.486	1	7
434.656	1	1
434.827	1	1
434.997	1	-1
435.168	1	-1
435.339	1	-3
435.509	1	-2
435.680	1	-5
435.850	1	-3
436.021	1	7
436.191	1	-10
436.362	1	7
436.532	1	2
436.703	1	4
436.873	1	0
437.044	1	5
437.214	1	3
437.385	1	-3
437.556	1	-1
437.726	1	3
437.897	1	1
438.067	1	2
438.238	1	-8
438.408	1	6
438.579	1	9
438.749	1	-4
438.920	1	-2
439.090	1	5
439.261	1	3
439.431	1	-4
439.602	1	-9
439.772	1	5
439.943	1	-1
440.113	1	5
440.284	1	10
440.455	1	0
440.625	1	2
440.796	1	-2
440.966	1	1
441.137	1	-12
441.307	1	3
441.478	1	4
441.648	1	-3
441.819	1	6
441.989	1	-5
442.160	1	-4
442.330	1	10
442.501	1	-9
442.671	1	-2
442.842	1	2
443.012	1	2
443.183	1	-2
443.353	1	1
443.524	1	8
443.694	1	-3
443.865	1	5
444.035	1	-1
444.206	1	5
444.376	1	7
444.547	1	-4
444.717	1	13
444.888	1	-1
445.058	1	-3
445.229	1	4
445.399	1	4
445.570	1	6
445.740	1	10
445.911	1	5
446.081	1	4
446.252	1	-21
446.422	1	-4
446.593	1	-2
446.763	1	9
446.934	1	-7
447.104	1	-15
447.275	1	-3
447.445	1	9
447.616	1	4
447.786	1	0
447.957	1	-1
448.127	1	4
448.298	1	-4
448.468	1	13
448.639	1	0
448.809	1	-7
448.979	1	2
449.150	1	10
449.320	1	1
449.491	1	1
449.661	1	2
449.832	1	0
450.002	1	-3
450.173	1	-4
450.343	1	-3
450.514	1	3
450.684	1	-8
450.855	1	2
451.025	1	-1
451.196	1	-11
451.366	1	2
451.537	1	0
451.707	1	7
451.878	1	-1
452.048	1	-7
452.218	1	4
452.389	1	3
452.559	1	-8
452.730	1	-1
452.900	1	2
453.071	1	0
453.241	1	-3
453.412	1	1
453.582	1	8
453.753	1	-10
453.923	1	-2
454.093	1	-1
454.264	1	-13
454.434	1	5
454.605	1	5
454.775	1	11
454.946	1	-2
455.116	1	-1
455.287	1	6
455.457	1	-2
455.628	1	-5
455.798	1	-11
455.968	1	4
456.139	1	9
456.309	1	-11
456.480	1	-6
456.650	1	-4
456.821	1	-5
456.991	1	10
457.161	1	9
457.332	1	-7
457.502	1	1
457.673	1	-5
457.843	1	1
458.014	1	0
458.184	1	4
458.355	1	7
458.525	1	-7
458.695	1	2
458.866	1	-2
459.036	1	6
459.207	1	-1
459.377	1	-11
459.548	1	2
459.718	1	-6
459.888	1	4
460.059	1	11
460.229	1	12
460.400	1	6
460.570	1	-8
460.740	1	-4
460.911	1	13
461.081	1	-5
461.252	1	-8
461.422	1	0
461.593	1	0
461.763	1	-1
461.933	1	-3
462.104	1	-4
462.274	1	4
462.445	1	-11
462.615	1	-6
462.785	1	-10
462.956	1	-4
463.126	1	-7
463.297	1	-11
463.467	1	10
463.638	1	4
463.808	1	8
463.978	1	-3
464.149	1	4
464.319	1	4
464.490	1	-12
464.660	1	6
464.830	1	-3
465.001	1	1
465.171	1	7
465.342	1	9
465.512	1	6
465.682	1	-4
465.853	1	0
466.023	1	3
466.194	1	4
466.364	1	0
466.534	1	-5
466.705	1	-3
466.875	1	-1
467.045	1	-2
467.216	1	-8
467.386	1	-4
467.557	1	6
467.727	1	0
467.897	1	10
468.068	1	2
468.238	1	-5
468.409	1	1
468.579	1	2
468.749	1	-4
468.920	1	-6
469.090	1	2
469.260	1	8
469.431	1	-4
469.601	1	6
469.772	1	-9
469.942	1	6
470.112	1	-1
470.283	1	8
470.453	1	-2
470.623	1	-2
470.794	1	6
470.964	1	-5
471.135	1	-16
471.305	1	-7
471.475	1	-1
471.646	1	8
471.816	1	-6
471.986	1	5
472.157	1	2
472.327	1	-1
472.497	1	-7
472.668	1	-1
472.838	1	6
473.009	1	-5
473.179	1	5
473.349	1	3
473.520	1	1
473.690	1	4
473.860	1	-5
474.031	1	1
474.201	1	-8
474.371	1	6
474.542	1	-3
474.712	1	1
474.882	1	-7
475.053	1	1
475.223	1	2
475.394	1	-14
475.564	1	11
475.734	1	-1
475.905	1	9
476.075	1	6
476.245	1	-6
476.416	1	-10
476.586	1	-11
476.756	1	5
476.927	1	3
477.097	1	-6
477.267	1	-9
477.438	1	-6
477.608	1	2
477.778	1	14
477.949	1	-1
478.119	1	7
478.289	1	-11
478.460	1	2
478.630	1	-9
478.800	1	-4
478.971	1	1
479.141	1	6
479.311	1	3
479.482	1	-9
479.652	1	3
479.822	1	-2
479.993	1	6
480.163	1	-8
480.333	1	-2
480.504	1	-4
480.674	1	5
480.844	1	11
481.015	1	-7
481.185	1	9
481.355	1	5
481.525	1	0
481.696	1	-3
481.866	1	0
482.036	1	-17
482.207	1	-2
482.377	1	-7
482.547	1	-12
482.718	1	10
482.888	1	-4
483.058	1	2
483.229	1	1
483.399	1	-1
483.569	1	7
483.740	1	-15
483.910	1	4
484.080	1	-12
484.250	1	2
484.421	1	-5
484.591	1	-5
484.761	1	-2
484.932	1	4
485.102	1	0
485.272	1	-2
485.443	1	5
485.613	1	-16
485.783	1	4
485.953	1	-2
486.124	1	0
486.294	1	-5
486.464	1	-4
486.635	1	7
486.805	1	9
486.975	1	-14
487.146	1	-5
487.316	1	8
487.486	1	-4
487.656	1	-7
487.827	1	1
487.997	1	-4
488.167	1	0
488.338	1	15
488.508	1	-4
488.678	1	14
488.848	1	0
489.019	1	-10
489.189	1	1
489.359	1	-7
489.529	1	-5
489.700	1	-2
489.870	1	-10
490.040	1	-6
490.211	1	15
490.381	1	-13
490.551	1	-5
490.721	1	7
490.892	1	-1
491.062	1	10
491.232	1	3
491.402	1	-11
491.573	1	-1
491.743	1	-13
491.913	1	2
492.084	1	11
492.254	1	-4
492.424	1	6
492.594	1	-5
492.765	1	13
492.935	1	-10
493.105	1	11
493.275	1	6
493.446	1	-1
493.616	1	4
493.786	1	7
493.956	1	4
494.127	1	6
494.297	1	2
494.467	1	4
494.637	1	2
494.808	1	7
494.978	1	-5
495.148	1	6
495.318	1	14
495.489	1	-2
495.659	1	7
495.829	1	0
495.999	1	-2
496.170	1	-12
496.340	1	17
496.510	1	4
496.680	1	-6
496.851	1	7
497.021	1	-5
497.191	1	-7
497.361	1	1
497.532	1	5
497.702	1	-6
497.872	1	0
498.042	1	-1
498.213	1	8
498.383	1	-2
498.553	1	5
498.723	1	6
498.894	1	1
499.064	1	13
499.234	1	-4
499.404	1	9
499.574	1	-7
499.745	1	9
499.915	1	-7
500.085	1	1
500.255	1	13
500.426	1	4
500.596	1	-3
500.766	1	3
500.936	1	-3
501.106	1	0
501.277	1	1
501.447	1	-1
501.617	1	5
501.787	1	-4
501.958	1	-9
502.128	1	-1
502.298	1	2
502.468	1	1
502.638	1	8
502.809	1	2
502.979	1	-4
503.149	1	9
503.319	1	5
503.489	1	10
503.660	1	-7
503.830	1	4
504.000	1	-3
504.170	1	12
504.340	1	6
504.511	1	4
504.681	1	-5
504.851	1	-5
505.021	1	-4
505.192	1	7
505.362	1	9
505.532	1	-1
505.702	1	3
505.872	1	-10
506.043	1	-4
506.213	1	2
506.383	1	11
506.553	1	3
506.723	1	-2
506.893	1	10
507.064	1	-4
507.234	1	2
507.404	1	-7
507.574	1	7
507.744	1	-4
507.915	1	3
508.085	1	4
508.255	1	5
508.425	1	5
508.595	1	4
508.766	1	5
508.936	1	3
509.106	1	-5
509.276	1	8
509.446	1	1
509.616	1	6
509.787	1	-1
509.957	1	0
510.127	1	15
510.297	1	-4
510.467	1	1
510.638	1	-4
510.808	1	-1
510.978	1	-16
511.148	1	14
511.318	1	-6
511.488	1	-2
511.659	1	5
511.829	1	-3
511.999	1	16
512.169	1	4
512.339	1	-2
512.509	1	10
512.680	1	-2
512.850	1	1
513.020	1	-1
513.190	1	-2
513.360	1	0
513.530	1	-2
513.700	1	7
513.871	1	4
514.041	1	2
514.211	1	-6
514.381	1	3
514.551	1	5
514.721	1	12
514.892	1	6
515.062	1	3
515.232	1	3
515.402	1	1
515.572	1	-9
515.742	1	1
515.912	1	6
516.083	1	9
516.253	1	-5
516.423	1	16
516.593	1	-1
516.763	1	0
516.933	1	4
517.104	1	6
517.274	1	-1
517.444	1	4
517.614	1	2
517.784	1	-3
517.954	1	-2
518.124	1	11
518.294	1	3
518.465	1	6
518.635	1	-4
518.805	1	5
518.975	1	1
519.145	1	-5
519.315	1	-6
519.485	1	-3
519.656	1	5
519.826	1	-8
519.996	1	11
520.166	1	1
520.336	1	7
520.506	1	3
520.676	1	1
520.846	1	-2
521.017	1	-3
521.187	1	-2
521.357	1	-4
521.527	1	-4
521.697	1	11
521.867	1	13
522.037	1	1
522.207	1	-1
522.377	1	1
522.548	1	-2
522.718	1	-4
522.888	1	2
523.058	1	23
523.228	1	10
523.398	1	0
523.568	1	-5
523.738	1	4
523.909	1	8
524.079	1	13
524.249	1	-2
524.419	1	8
524.589	1	4
524.759	1	-4
524.929	1	7
525.099	1	6
525.269	1	12
525.439	1	-1
525.610	1	0
525.780	1	8
525.950	1	-10
526.120	1	-2
526.290	1	-3
526.460	1	11
526.630	1	-3
526.800	1	11
526.970	1	-7
527.140	1	-2
527.311	1	5
527.481	1	11
527.651	1	12
527.821	1	7
527.991	1	9
528.161	1	-5
528.331	1	5
528.501	1	-8
528.671	1	0
528.841	1	0
529.011	1	-1
529.181	1	3
529.352	1	4
529.522	1	4
529.692	1	9
529.862	1	7
530.032	1	-6
530.202	1	11
530.372	1	-1
530.542	1	11
530.712	1	15
530.882	1	0
531.052	1	10
531.222	1	-5
531.392	1	-1
531.563	1	0
531.733	1	8
531.903	1	13
532.073	1	8
532.243	1	1
532.413	1	9
532.583	1	3
532.753	1	0
532.923	1	-6
533.093	1	6
533.263	1	6
533.433	1	-7
533.603	1	2
533.773	1	1
533.943	1	5
534.113	1	6
534.284	1	5
534.454	1	-2
534.624	1	5
534.794	1	-1
534.964	1	-7
535.134	1	-1
535.304	1	18
535.474	1	6
535.644	1	12
535.814	1	13
535.984	1	6
536.154	1	1
536.324	1	4
536.494	1	6
536.664	1	10
536.834	1	2
537.004	1	16
537.174	1	10
537.344	1	1
537.514	1	4
537.685	1	-4
537.855	1	10
538.025	1	6
538.195	1	4
538.365	1	9
538.535	1	10
538.705	1	-7
538.875	1	8
539.045	1	12
539.215	1	-4
539.385	1	2
539.555	1	3
539.725	1	6
539.895	1	8
540.065	1	8
540.235	1	-9
540.405	1	5
540.575	1	6
540.745	1	4
540.915	1	3
541.085	1	-6
541.255	1	-2
541.425	1	1
541.595	1	7
541.765	1	3
541.935	1	11
542.105	1	5
542.275	1	2
542.445	1	7
542.615	1	10
542.785	1	-2
542.955	1	-3
543.125	1	-5
543.295	1	6
543.465	1	12
543.635	1	5
543.805	1	13
543.975	1	6
544.145	1	2
544.315	1	-11
544.485	1	5
544.655	1	4
544.825	1	14
544.995	1	12
545.165	1	7
545.335	1	-2
545.505	1	-4
545.675	1	6
545.845	1	-1
546.015	1	5
546.185	1	-9
546.355	1	4
546.525	1	5
546.695	1	-3
546.865	1	0
547.035	1	10
547.205	1	3
547.375	1	10
547.545	1	7
547.715	1	-3
547.885	1	3
548.055	1	5
548.225	1	-6
548.395	1	-1
548.565	1	0
548.735	1	9
548.905	1	1
549.075	1	-3
549.245	1	5
549.415	1	1
549.585	1	-2
549.755	1	-2
549.925	1	7
550.095	1	3
550.265	1	-4
550.435	1	8
550.605	1	-1
550.775	1	1
550.945	1	9
551.115	1	-2
551.285	1	0
551.455	1	-1
551.625	1	-5
551.795	1	4
551.965	1	4
552.135	1	2
552.305	1	3
552.475	1	-2
552.645	1	11
552.815	1	2
552.985	1	0
553.155	1	10
553.325	1	21
553.495	1	3
553.665	1	0
553.835	1	-2
554.004	1	2
554.174	1	1
554.344	1	-3
554.514	1	7
554.684	1	1
554.854	1	3
555.024	1	2
555.194	1	5
555.364	1	8
555.534	1	2
555.704	1	12
555.874	1	-3
556.044	1	2
556.214	1	-1
556.384	1	-1
556.554	1	9
556.724	1	-9
556.894	1	10
557.064	1	3
557.234	1	-3
557.404	1	-11
557.573	1	9
557.743	1	16
557.913	1	3
558.083	1	-9
558.253	1	6
558.423	1	-7
558.593	1	-8
558.763	1	-4
558.933	1	9
559.103	1	3
559.273	1	2
559.443	1	8
559.613	1	8
559.783	1	0
559.953	1	1
560.122	1	1
560.292	1	5
560.462	1	-5
560.632	1	-4
560.802	1	-1
560.972	1	14
561.142	1	7
561.312	1	5
561.482	1	-2
561.652	1	0
561.822	1	9
561.992	1	11
562.162	1	2
562.331	1	-2
562.501	1	7
562.671	1	-2
562.841	1	-9
563.011	1	2
563.181	1	14
563.351	1	1
563.521	1	0
563.691	1	7
563.861	1	3
564.031	1	5
564.201	1	5
564.370	1	7
564.540	1	6
564.710	1	-11
564.880	1	3
565.050	1	4
565.220	1	11
565.390	1	-5
565.560	1	7
565.730	1	-2
565.900	1	-8
566.069	1	8
566.239	1	4
566.409	1	2
566.579	1	0
566.749	1	-2
566.919	1	13
567.089	1	0
567.259	1	8
567.429	1	9
567.599	1	2
567.768	1	0
567.938	1	2
568.108	1	3
568.278	1	-6
568.448	1	1
568.618	1	2
568.788	1	-4
568.958	1	11
569.128	1	4
569.297	1	7
569.467	1	-2
569.637	1	-1
569.807	1	-4
569.977	1	12
570.147	1	2
570.317	1	16
570.487	1	3
570.656	1	0
570.826	1	4
570.996	1	-2
571.166	1	-4
571.336	1	-4
571.506	1	0
571.676	1	6
571.846	1	9
572.015	1	-7
572.185	1	-5
572.355	1	14
572.525	1	5
572.695	1	5
572.865	1	-1
573.035	1	9
573.205	1	13
573.374	1	-6
573.544	1	-3
573.714	1	6
573.884	1	-11
574.054	1	5
574.224	1	2
574.394	1	3
574.563	1	6
574.733	1	1
574.903	1	5
575.073	1	6
575.243	1	-7
575.413	1	1
575.583	1	7
575.752	1	-2
575.922	1	3
576.092	1	-1
576.262	1	-1
576.432	1	-13
576.602	1	2
576.772	1	7
576.941	1	1
577.111	1	4
577.281	1	1
577.451	1	-3
577.621	1	-3
577.791	1	-1
577.960	1	-4
578.130	1	-8
578.300	1	0
578.470	1	-2
578.640	1	8
578.810	1	0
578.979	1	5
579.149	1	-1
579.319	1	12
579.489	1	2
579.659	1	10
579.829	1	2
579.998	1	2
580.168	1	2
580.338	1	-3
580.508	1	-5
580.678	1	2
580.848	1	2
581.017	1	2
581.187	1	11
581.357	1	-2
581.527	1	5
581.697	1	-10
581.867	1	0
582.036	1	0
582.206	1	-6
582.376	1	4
582.546	1	0
582.716	1	14
582.885	1	2
583.055	1	1
583.225	1	5
583.395	1	-2
583.565	1	7
583.735	1	-2
583.904	1	-1
584.074	1	-7
584.244	1	2
584.414	1	-5
584.584	1	10
584.753	1	3
584.923	1	0
585.093	1	7
585.263	1	0
585.433	1	-1
585.602	1	5
585.772	1	0
585.942	1	1
586.112	1	2
586.282	1	-4
586.451	1	0
586.621	1	1
586.791	1	1
586.961	1	-3
587.131	1	-8
587.300	1	1
587.470	1	-1
587.640	1	-4
587.810	1	0
587.980	1	3
588.149	1	1
588.319	1	4
588.489	1	4
588.659	1	-3
588.829	1	-4
588.998	1	3
589.168	1	4
589.338	1	4
589.508	1	6
589.677	1	3
589.847	1	0
590.017	1	-6
590.187	1	7
590.357	1	-5
590.526	1	0
590.696	1	0
590.866	1	10
591.036	1	8
591.205	1	0
591.375	1	-15
591.545	1	-3
591.715	1	-13
591.885	1	10
592.054	1	-7
592.224	1	0
592.394	1	9
592.564	1	-9
592.733	1	-5
592.903	1	-4
593.073	1	-4
593.243	1	0
593.412	1	-4
593.582	1	10
593.752	1	-2
593.922	1	-1
594.091	1	-4
594.261	1	-8
594.431	1	0
594.601	1	-4
594.771	1	0
594.940	1	-4
595.110	1	7
595.280	1	-2
595.450	1	5
595.619	1	2
595.789	1	0
595.959	1	2
596.129	1	-2
596.298	1	4
596.468	1	1
596.638	1	-3
596.808	1	1
596.977	1	2
597.147	1	11
597.317	1	8
597.487	1	4
597.656	1	-3
597.826	1	3
597.996	1	0
598.166	1	6
598.335	1	-5
598.505	1	-4
598.675	1	-2
598.844	1	6
599.014	1	0
599.184	1	6
599.354	1	-6
599.523	1	3
599.693	1	4
599.863	1	1
600.033	1	-6
600.202	1	-8
600.372	1	-7
600.542	1	1
600.712	1	4
600.881	1	2
601.051	1	4
601.221	1	1
601.390	1	-7
601.560	1	4
601.730	1	-5
601.900	1	-3
602.069	1	2
602.239	1	-7
602.409	1	1
602.578	1	0
602.748	1	7
602.918	1	-7
603.088	1	-5
603.257	1	11
603.427	1	-14
603.597	1	8
603.767	1	-9
603.936	1	4
604.106	1	2
604.276	1	2
604.445	1	7
604.615	1	-6
604.785	1	3
604.954	1	8
605.124	1	-4
605.294	1	3
605.464	1	-2
605.633	1	3
605.803	1	5
605.973	1	-3
606.142	1	2
606.312	1	-10
606.482	1	-9
606.652	1	-6
606.821	1	4
606.991	1	-3
607.161	1	6
607.330	1	4
607.500	1	-1
607.670	1	0
607.839	1	1
608.009	1	-17
608.179	1	8
608.348	1	6
608.518	1	-2
608.688	1	6
608.858	1	5
609.027	1	4
609.197	1	-9
609.367	1	-8
609.536	1	2
609.706	1	-2
609.876	1	8
610.045	1	-2
610.215	1	1
610.385	1	-4
610.554	1	-2
610.724	1	4
610.894	1	0
611.063	1	4
611.233	1	-1
611.403	1	0
611.572	1	3
611.742	1	0
611.912	1	-1
612.081	1	-13
612.251	1	-5
612.421	1	5
612.590	1	-2
612.760	1	0
612.930	1	3
613.099	1	-3
613.269	1	-5
613.439	1	-8
613.608	1	-9
613.778	1	-2
613.948	1	-2
614.117	1	6
614.287	1	-5
614.457	1	0
614.626	1	11
614.796	1	8
614.966	1	-9
615.135	1	-10
615.305	1	1
615.475	1	6
615.644	1	-13
615.814	1	1
615.984	1	8
616.153	1	3
616.323	1	3
616.493	1	3
616.662	1	0
616.832	1	-2
617.002	1	-5
617.171	1	-11
617.341	1	5
617.511	1	-10
617.680	1	1
617.850	1	8
618.019	1	1
618.189	1	-4
618.359	1	-1
618.528	1	-11
618.698	1	-10
618.868	1	12
619.037	1	5
619.207	1	-10
619.377	1	-13
619.546	1	-1
619.716	1	-9
619.885	1	2
620.055	1	9
620.225	1	9
620.394	1	-5
620.564	1	-4
620.734	1	3
620.903	1	9
621.073	1	-6
621.242	1	-5
621.412	1	2
621.582	1	1
621.751	1	-9
621.921	1	4
622.091	1	-7
622.260	1	-8
622.430	1	-2
622.599	1	13
622.769	1	2
622.939	1	-8
623.108	1	11
623.278	1	-4
623.448	1	-2
623.617	1	3
623.787	1	3
623.956	1	0
624.126	1	2
624.296	1	-8
624.465	1	16
624.635	1	2
624.804	1	-9
624.974	1	-9
625.144	1	2
625.313	1	-6
625.483	1	-7
625.652	1	1
625.822	1	-3
625.992	1	-12
626.161	1	-4
626.331	1	4
626.501	1	-2
626.670	1	-3
626.840	1	8
627.009	1	-16
627.179	1	-7
627.348	1	-2
627.518	1	2
627.688	1	-4
627.857	1	10
628.027	1	2
628.196	1	1
628.366	1	6
628.536	1	6
628.705	1	5
628.875	1	-4
629.044	1	0
629.214	1	-1
629.384	1	-18
629.553	1	6
629.723	1	4
629.892	1	-7
630.062	1	-2
630.232	1	2
630.401	1	-1
630.571	1	-8
630.740	1	-7
630.910	1	4
631.079	1	18
631.249	1	3
631.419	1	-2
631.588	1	-13
631.758	1	-11
631.927	1	-14
632.097	1	0
632.266	1	-8
632.436	1	-6
632.606	1	3
632.775	1	-9
632.945	1	4
633.114	1	5
633.284	1	-6
633.453	1	1
633.623	1	0
633.793	1	0
633.962	1	5
634.132	1	4
634.301	1	-5
634.471	1	-7
634.640	1	0
634.810	1	3
634.979	1	8
635.149	1	6
635.319	1	6
635.488	1	1
635.658	1	-1
635.827	1	3
635.997	1	-1
636.166	1	-6
636.336	1	6
636.505	1	4
636.675	1	-3
636.845	1	10
637.014	1	5
637.184	1	4
637.353	1	8
637.523	1	-3
637.692	1	3
637.862	1	-9
638.031	1	9
638.201	1	1
638.370	1	4
638.540	1	6
638.710	1	3
638.879	1	-7
639.049	1	4
639.218	1	6
639.388	1	3
639.557	1	5
639.727	1	-1
639.896	1	4
640.066	1	0
640.235	1	-1
640.405	1	0
640.574	1	-5
640.744	1	-5
640.914	1	0
641.083	1	-11
641.253	1	-12
641.422	1	-9
641.592	1	-8
641.761	1	-1
641.931	1	8
642.100	1	-4
642.270	1	1
642.439	1	0
642.609	1	-1
642.778	1	-6
642.948	1	10
643.117	1	8
643.287	1	-7
643.456	1	9
643.626	1	2
643.795	1	-2
643.965	1	-2
644.134	1	3
644.304	1	-3
644.473	1	13
644.643	1	-6
644.812	1	-2
644.982	1	16
645.151	1	-10
645.321	1	2
645.490	1	-3
645.660	1	-6
645.829	1	-13
645.999	1	-9
646.168	1	1
646.338	1	2
646.507	1	-3
646.677	1	-1
646.846	1	0
647.016	1	-1
647.185	1	1
647.355	1	-14
647.524	1	0
647.694	1	-8
647.863	1	-12
648.033	1	-12
648.202	1	10
648.372	1	0
648.541	1	4
648.711	1	6
648.880	1	6
649.050	1	-11
649.219	1	-2
649.389	1	-3
649.558	1	-6
649.728	1	-3
649.897	1	-7
650.067	1	-3
650.236	1	3
650.406	1	-2
650.575	1	4
650.745	1	-13
650.914	1	-7
651.084	1	-5
651.253	1	0
651.423	1	0
651.592	1	1
651.762	1	4
651.931	1	1
652.101	1	-6
652.270	1	3
652.440	1	6
652.609	1	2
652.778	1	-4
652.948	1	-8
653.117	1	-4
653.287	1	7
653.456	1	-4
653.626	1	8
653.795	1	3
653.965	1	8
654.134	1	6
654.304	1	2
654.473	1	5
654.643	1	12
654.812	1	-12
654.982	1	-12
655.151	1	-6
655.320	1	-6
655.490	1	8
655.659	1	-5
655.829	1	-3
655.998	1	5
656.168	1	-5
656.337	1	-11
656.507	1	13
656.676	1	-16
656.846	1	-6
657.015	1	-3
657.184	1	-2
657.354	1	-3
657.523	1	-4
657.693	1	-1
657.862	1	-2
658.032	1	8
658.201	1	6
658.371	1	-3
658.540	1	-6
658.709	1	-5
658.879	1	3
659.048	1	1
659.218	1	-4
659.387	1	-10
659.557	1	3
659.726	1	2
659.895	1	-2
660.065	1	-3
660.234	1	3
660.404	1	8
660.573	1	-8
660.743	1	-5
660.912	1	-7
661.081	1	-11
661.251	1	11
661.420	1	-7
661.590	1	5
661.759	1	5
661.929	1	1
662.098	1	-21
662.267	1	9
662.437	1	-10
662.606	1	3
662.776	1	8
662.945	1	4
663.115	1	-5
663.284	1	1
663.453	1	2
663.623	1	4
663.792	1	10
663.962	1	-12
664.131	1	-8
664.300	1	-2
664.470	1	-3
664.639	1	-3
664.809	1	-4
664.978	1	3
665.148	1	4
665.317	1	-7
665.486	1	-17
665.656	1	4
665.825	1	4
665.995	1	8
666.164	1	3
666.333	1	10
666.503	1	4
666.672	1	-23
666.842	1	-9
667.011	1	10
667.180	1	-6
667.350	1	6
667.519	1	-2
667.689	1	-3
667.858	1	2
668.027	1	-4
668.197	1	-1
668.366	1	-8
668.536	1	-6
668.705	1	-4
668.874	1	-2
669.044	1	-11
669.213	1	-12
669.382	1	-3
669.552	1	6
669.721	1	-8
669.891	1	-3
670.060	1	2
670.229	1	-6
670.399	1	0
670.568	1	2
670.738	1	-4
670.907	1	-17
671.076	1	8
671.246	1	4
671.415	1	-7
671.584	1	-6
671.754	1	-5
671.923	1	-8
672.093	1	-2
672.262	1	2
672.431	1	0
672.601	1	-10
672.770	1	0
672.939	1	-15
673.109	1	2
673.278	1	9
673.448	1	-1
673.617	1	7
673.786	1	-3
