325.333	1	-2
325.504	1	5
325.675	1	-8
325.846	1	-8
326.017	1	1
326.188	1	7
326.359	1	0
326.531	1	-11
326.702	1	-1
326.873	1	-1
327.044	1	-11
327.215	1	-3
327.386	1	-6
327.557	1	7
327.728	1	-3
327.899	1	-3
328.070	1	5
328.241	1	-6
328.412	1	12
328.583	1	-5
328.754	1	4
328.926	1	1
329.097	1	12
329.268	1	-11
329.439	1	1
329.610	1	-11
329.781	1	2
329.952	1	14
330.123	1	-3
330.294	1	-1
330.465	1	-4
330.636	1	2
330.807	1	-6
330.978	1	1
331.149	1	-7
331.320	1	3
331.492	1	-3
331.663	1	-9
331.834	1	13
332.005	1	2
332.176	1	-4
332.347	1	-3
332.518	1	4
332.689	1	11
332.860	1	-2
333.031	1	-2
333.202	1	-6
333.373	1	-6
333.544	1	2
333.715	1	-4
333.886	1	-3
334.057	1	-11
334.228	1	-2
334.399	1	4
334.570	1	-8
334.741	1	-5
334.912	1	-7
335.084	1	-2
335.255	1	2
335.426	1	-3
335.597	1	0
335.768	1	6
335.939	1	2
336.110	1	-9
336.281	1	-8
336.452	1	-1
336.623	1	3
336.794	1	-17
336.965	1	-5
337.136	1	-6
337.307	1	5
337.478	1	5
337.649	1	7
337.820	1	11
337.991	1	3
338.162	1	2
338.333	1	3
338.504	1	1
338.675	1	-6
338.846	1	2
339.017	1	-6
339.188	1	1
339.359	1	-5
339.530	1	6
339.701	1	-5
339.872	1	-2
340.043	1	0
340.214	1	-8
340.385	1	-1
340.556	1	-9
340.727	1	-7
340.898	1	-6
341.069	1	2
341.240	1	2
341.411	1	5
341.582	1	-6
341.753	1	-5
341.924	1	-5
342.095	1	4
342.266	1	-9
342.437	1	2
342.608	1	2
342.779	1	-9
342.950	1	-8
343.121	1	9
343.292	1	-3
343.463	1	-7
343.634	1	1
343.805	1	-7
343.976	1	11
344.147	1	-5
344.318	1	7
344.489	1	-10
344.660	1	14
344.831	1	-10
345.002	1	2
345.173	1	-7
345.344	1	-9
345.515	1	4
345.686	1	5
345.857	1	-1
346.028	1	-6
346.199	1	-10
346.370	1	-8
346.541	1	-4
346.712	1	5
346.883	1	-3
347.054	1	0
347.225	1	-7
347.396	1	-2
347.567	1	-3
347.738	1	4
347.909	1	10
348.080	1	-15
348.251	1	-3
348.422	1	4
348.593	1	-5
348.764	1	-3
348.935	1	2
349.106	1	5
349.277	1	-7
349.448	1	-2
349.619	1	-8
349.790	1	0
349.961	1	6
350.132	1	-3
350.303	1	-7
350.474	1	4
350.645	1	-6
350.816	1	-12
350.987	1	0
351.157	1	0
351.328	1	-5
351.499	1	0
351.670	1	5
351.841	1	2
352.012	1	-14
352.183	1	-8
352.354	1	3
352.525	1	-3
352.696	1	-16
352.867	1	-5
353.038	1	9
353.209	1	7
353.380	1	1
353.551	1	5
353.722	1	10
353.893	1	3
354.064	1	4
354.235	1	2
354.406	1	-7
354.576	1	0
354.747	1	-12
354.918	1	-8
355.089	1	3
355.260	1	-7
355.431	1	9
355.602	1	1
355.773	1	4
355.944	1	1
356.115	1	-11
356.286	1	-3
356.457	1	-2
356.628	1	-6
356.799	1	-2
356.970	1	-10
357.141	1	-7
357.311	1	3
357.482	1	-9
357.653	1	3
357.824	1	1
357.995	1	0
358.166	1	-1
358.337	1	9
358.508	1	0
358.679	1	2
358.850	1	-2
359.021	1	-9
359.192	1	-3
359.363	1	4
359.533	1	5
359.704	1	-8
359.875	1	0
360.046	1	-4
360.217	1	0
360.388	1	-1
360.559	1	6
360.730	1	0
360.901	1	5
361.072	1	-4
361.243	1	2
361.414	1	6
361.584	1	10
361.755	1	8
361.926	1	13
362.097	1	-6
362.268	1	7
362.439	1	-8
362.610	1	-5
362.781	1	5
362.952	1	7
363.123	1	8
363.293	1	3
363.464	1	7
363.635	1	5
363.806	1	-5
363.977	1	9
364.148	1	0
364.319	1	-5
364.490	1	-8
364.661	1	2
364.832	1	-6
365.002	1	14
365.173	1	1
365.344	1	-1
365.515	1	-5
365.686	1	7
365.857	1	1
366.028	1	6
366.199	1	4
366.370	1	4
366.540	1	-2
366.711	1	17
366.882	1	-1
367.053	1	7
367.224	1	2
367.395	1	8
367.566	1	-1
367.737	1	-8
367.908	1	-1
368.078	1	7
368.249	1	-5
368.420	1	5
368.591	1	18
368.762	1	-8
368.933	1	4
369.104	1	7
369.274	1	3
369.445	1	-6
369.616	1	-4
369.787	1	-2
369.958	1	2
370.129	1	4
370.300	1	-4
370.471	1	10
370.641	1	-3
370.812	1	4
370.983	1	4
371.154	1	-5
371.325	1	-1
371.496	1	-4
371.667	1	-4
371.837	1	-10
372.008	1	1
372.179	1	6
372.350	1	6
372.521	1	-3
372.692	1	3
372.863	1	-5
373.033	1	-1
373.204	1	5
373.375	1	1
373.546	1	1
373.717	1	0
373.888	1	0
374.059	1	5
374.229	1	-3
374.400	1	-3
374.571	1	3
374.742	1	3
374.913	1	-9
375.084	1	-6
375.254	1	8
375.425	1	-3
375.596	1	-5
375.767	1	-3
375.938	1	5
376.109	1	-12
376.279	1	-11
376.450	1	-3
376.621	1	12
376.792	1	1
376.963	1	6
377.134	1	-3
377.304	1	4
377.475	1	0
377.646	1	-1
377.817	1	5
377.988	1	-6
378.159	1	3
378.329	1	-6
378.500	1	-11
378.671	1	5
378.842	1	-12
379.013	1	1
379.184	1	3
379.354	1	-3
379.525	1	3
379.696	1	-10
379.867	1	0
380.038	1	6
380.209	1	7
380.379	1	4
380.550	1	3
380.721	1	4
380.892	1	4
381.063	1	1
381.233	1	3
381.404	1	5
381.575	1	-6
381.746	1	12
381.917	1	-6
382.087	1	2
382.258	1	8
382.429	1	3
382.600	1	8
382.771	1	5
382.941	1	9
383.112	1	5
383.283	1	2
383.454	1	-2
383.625	1	-4
383.795	1	13
383.966	1	3
384.137	1	6
384.308	1	8
384.479	1	10
384.649	1	-1
384.820	1	1
384.991	1	6
385.162	1	9
385.333	1	14
385.503	1	13
385.674	1	7
385.845	1	1
386.016	1	5
386.187	1	11
386.357	1	7
386.528	1	18
386.699	1	22
386.870	1	18
387.041	1	1
387.211	1	11
387.382	1	6
387.553	1	11
387.724	1	10
387.894	1	13
388.065	1	6
388.236	1	4
388.407	1	13
388.578	1	1
388.748	1	15
388.919	1	12
389.090	1	18
389.261	1	-16
389.431	1	15
389.602	1	-4
389.773	1	11
389.944	1	3
390.114	1	9
390.285	1	6
390.456	1	9
390.627	1	0
390.798	1	7
390.968	1	8
391.139	1	-4
391.310	1	20
391.481	1	11
391.651	1	6
391.822	1	9
391.993	1	12
392.164	1	6
392.334	1	19
392.505	1	1
392.676	1	-1
392.847	1	3
393.017	1	0
393.188	1	6
393.359	1	9
393.530	1	2
393.700	1	2
393.871	1	8
394.042	1	4
394.213	1	11
394.383	1	10
394.554	1	15
394.725	1	4
394.896	1	-9
395.066	1	12
395.237	1	14
395.408	1	10
395.579	1	13
395.749	1	16
395.920	1	6
396.091	1	-2
396.262	1	14
396.432	1	4
396.603	1	8
396.774	1	-5
396.945	1	8
397.115	1	19
397.286	1	21
397.457	1	13
397.627	1	11
397.798	1	-3
397.969	1	-1
398.140	1	8
398.310	1	7
398.481	1	3
398.652	1	10
398.823	1	24
398.993	1	-1
399.164	1	24
399.335	1	7
399.505	1	4
399.676	1	8
399.847	1	2
400.018	1	8
400.188	1	12
400.359	1	15
400.530	1	10
400.700	1	6
400.871	1	-1
401.042	1	1
401.213	1	7
401.383	1	12
401.554	1	6
401.725	1	18
401.895	1	13
402.066	1	12
402.237	1	5
402.408	1	5
402.578	1	-5
402.749	1	6
402.920	1	0
403.090	1	4
403.261	1	3
403.432	1	2
403.603	1	8
403.773	1	10
403.944	1	4
404.115	1	-3
404.285	1	8
404.456	1	9
404.627	1	4
404.797	1	17
404.968	1	11
405.139	1	8
405.310	1	5
405.480	1	1
405.651	1	5
405.822	1	9
405.992	1	2
406.163	1	11
406.334	1	13
406.504	1	6
406.675	1	8
406.846	1	3
407.016	1	1
407.187	1	5
407.358	1	4
407.528	1	7
407.699	1	10
407.870	1	12
408.041	1	9
408.211	1	9
408.382	1	4
408.553	1	8
408.723	1	-6
408.894	1	8
409.065	1	13
409.235	1	2
409.406	1	7
409.577	1	2
409.747	1	-3
409.918	1	6
410.089	1	3
410.259	1	-4
410.430	1	16
410.601	1	-4
410.771	1	11
410.942	1	7
411.113	1	2
411.283	1	3
411.454	1	0
411.625	1	3
411.795	1	10
411.966	1	-6
412.137	1	1
412.307	1	2
412.478	1	14
412.649	1	5
412.819	1	2
412.990	1	9
413.161	1	10
413.331	1	-5
413.502	1	5
413.672	1	1
413.843	1	3
414.014	1	9
414.184	1	-3
414.355	1	1
414.526	1	-2
414.696	1	4
414.867	1	14
415.038	1	6
415.208	1	0
415.379	1	10
415.550	1	6
415.720	1	2
415.891	1	2
416.062	1	1
416.232	1	2
416.403	1	4
416.573	1	11
416.744	1	4
416.915	1	1
417.085	1	-6
417.256	1	-1
417.427	1	1
417.597	1	-5
417.768	1	-1
417.939	1	9
418.109	1	5
418.280	1	1
418.450	1	5
418.621	1	2
418.792	1	4
418.962	1	-6
419.133	1	-3
419.304	1	-3
419.474	1	0
419.645	1	20
419.815	1	-8
419.986	1	10
420.157	1	0
420.327	1	9
420.498	1	8
420.669	1	5
420.839	1	5
421.010	1	6
421.180	1	-5
421.351	1	0
421.522	1	4
421.692	1	-10
421.863	1	-1
422.033	1	3
422.204	1	-8
422.375	1	1
422.545	1	5
422.716	1	1
422.886	1	9
423.057	1	-2
423.228	1	-11
423.398	1	11
423.569	1	-2
423.740	1	-4
423.910	1	-9
424.081	1	6
424.251	1	1
424.422	1	8
424.593	1	9
424.763	1	4
424.934	1	-2
425.104	1	13
425.275	1	-13
425.445	1	-9
425.616	1	2
425.787	1	-13
425.957	1	14
426.128	1	-6
426.298	1	-3
426.469	1	-2
426.640	1	-3
426.810	1	8
426.981	1	-7
427.151	1	7
427.322	1	2
427.493	1	3
427.663	1	-1
427.834	1	-5
428.004	1	4
428.175	1	1
428.345	1	15
428.516	1	-7
428.687	1	2
428.857	1	4
429.028	1	-9
429.198	1	-13
429.369	1	1
429.540	1	6
429.710	1	-4
429.881	1	12
430.051	1	4
430.222	1	-1
430.392	1	4
430.563	1	13
430.734	1	-3
430.904	1	-8
431.075	1	8
431.245	1	7
431.416	1	1
431.586	1	-10
431.757	1	6
431.927	1	-2
432.098	1	5
432.269	1	-4
432.439	1	-6
432.610	1	-10
432.780	1	-6
432.951	1	2
433.121	1	6
433.292	1	9
433.462	1	0
433.633	1	-8
433.804	1	-11
433.974	1	-6
434.145	1	-3
434.315	1	4
434.486	1	7
434.656	1	4
434.827	1	4
434.997	1	7
435.168	1	8
435.339	1	1
435.509	1	2
435.680	1	-7
435.850	1	4
436.021	1	4
436.191	1	1
436.362	1	2
436.532	1	2
436.703	1	8
436.873	1	-6
437.044	1	5
437.214	1	-3
437.385	1	-1
437.556	1	-3
437.726	1	5
437.897	1	10
438.067	1	-1
438.238	1	-3
438.408	1	-2
438.579	1	11
438.749	1	2
438.920	1	-3
439.090	1	9
439.261	1	0
439.431	1	2
439.602	1	-2
439.772	1	16
439.943	1	6
440.113	1	1
440.284	1	2
440.455	1	-4
440.625	1	3
440.796	1	6
440.966	1	4
441.137	1	-1
441.307	1	-5
441.478	1	14
441.648	1	-7
441.819	1	9
441.989	1	4
442.160	1	2
442.330	1	0
442.501	1	-10
442.671	1	1
442.842	1	4
443.012	1	3
443.183	1	-3
443.353	1	0
443.524	1	10
443.694	1	6
443.865	1	8
444.035	1	-6
444.206	1	7
444.376	1	4
444.547	1	-3
444.717	1	24
444.888	1	-6
445.058	1	4
445.229	1	-7
445.399	1	11
445.570	1	8
445.740	1	2
445.911	1	4
446.081	1	-1
446.252	1	-11
446.422	1	0
446.593	1	8
446.763	1	3
446.934	1	-5
447.104	1	-8
447.275	1	-3
447.445	1	-7
447.616	1	6
447.786	1	0
447.957	1	0
448.127	1	1
448.298	1	0
448.468	1	13
448.639	1	-3
448.809	1	-6
448.979	1	0
449.150	1	5
449.320	1	1
449.491	1	8
449.661	1	1
449.832	1	-3
450.002	1	-6
450.173	1	-4
450.343	1	-1
450.514	1	-1
450.684	1	-1
450.855	1	6
451.025	1	-2
451.196	1	2
451.366	1	-5
451.537	1	-1
451.707	1	0
451.878	1	-2
452.048	1	-4
452.218	1	-2
452.389	1	-4
452.559	1	-6
452.730	1	5
452.900	1	1
453.071	1	5
453.241	1	-8
453.412	1	-4
453.582	1	6
453.753	1	2
453.923	1	-7
454.093	1	13
454.264	1	-7
454.434	1	0
454.605	1	7
454.775	1	10
454.946	1	-5
455.116	1	-4
455.287	1	7
455.457	1	-4
455.628	1	-6
455.798	1	-7
455.968	1	4
456.139	1	1
456.309	1	-12
456.480	1	-4
456.650	1	-4
456.821	1	3
456.991	1	5
457.161	1	6
457.332	1	0
457.502	1	2
457.673	1	-11
457.843	1	3
458.014	1	-2
458.184	1	9
458.355	1	7
458.525	1	1
458.695	1	-3
458.866	1	-2
459.036	1	14
459.207	1	-5
459.377	1	0
459.548	1	-9
459.718	1	-18
459.888	1	10
460.059	1	5
460.229	1	14
460.400	1	5
460.570	1	-8
460.740	1	-5
460.911	1	12
461.081	1	-1
461.252	1	-3
461.422	1	-1
461.593	1	-5
461.763	1	-4
461.933	1	-11
462.104	1	-8
462.274	1	6
462.445	1	4
462.615	1	-15
462.785	1	-9
462.956	1	-3
463.126	1	-8
463.297	1	-2
463.467	1	0
463.638	1	8
463.808	1	3
463.978	1	1
464.149	1	-5
464.319	1	1
464.490	1	-9
464.660	1	0
464.830	1	11
465.001	1	7
465.171	1	3
465.342	1	1
465.512	1	0
465.682	1	-1
465.853	1	-4
466.023	1	2
466.194	1	6
466.364	1	7
466.534	1	-3
466.705	1	7
466.875	1	3
467.045	1	1
467.216	1	-12
467.386	1	2
467.557	1	9
467.727	1	-8
467.897	1	5
468.068	1	-1
468.238	1	-6
468.409	1	5
468.579	1	4
468.749	1	-2
468.920	1	-4
469.090	1	5
469.260	1	7
469.431	1	1
469.601	1	3
469.772	1	-17
469.942	1	8
470.112	1	6
470.283	1	5
470.453	1	0
470.623	1	4
470.794	1	10
470.964	1	4
471.135	1	-18
471.305	1	-1
471.475	1	-1
471.646	1	6
471.816	1	1
471.986	1	2
472.157	1	1
472.327	1	-1
472.497	1	4
472.668	1	-4
472.838	1	6
473.009	1	-7
473.179	1	1
473.349	1	9
473.520	1	-1
473.690	1	6
473.860	1	-1
474.031	1	2
474.201	1	-7
474.371	1	3
474.542	1	-6
474.712	1	0
474.882	1	-3
475.053	1	-7
475.223	1	-4
475.394	1	5
475.564	1	10
475.734	1	-3
475.905	1	1
476.075	1	-1
476.245	1	-8
476.416	1	-13
476.586	1	5
476.756	1	-3
476.927	1	8
477.097	1	2
477.267	1	-2
477.438	1	-8
477.608	1	0
477.778	1	4
477.949	1	-2
478.119	1	-3
478.289	1	1
478.460	1	-7
478.630	1	3
478.800	1	0
478.971	1	-5
479.141	1	8
479.311	1	7
479.482	1	-15
479.652	1	3
479.822	1	1
479.993	1	1
480.163	1	-4
480.333	1	-8
480.504	1	2
480.674	1	-1
480.844	1	-4
481.015	1	-4
481.185	1	-5
481.355	1	10
481.525	1	1
481.696	1	0
481.866	1	-1
482.036	1	-7
482.207	1	8
482.377	1	-4
482.547	1	-8
482.718	1	4
482.888	1	-3
483.058	1	-13
483.229	1	-5
483.399	1	3
483.569	1	8
483.740	1	-19
483.910	1	1
484.080	1	-5
484.250	1	0
484.421	1	1
484.591	1	5
484.761	1	1
484.932	1	4
485.102	1	6
485.272	1	-4
485.443	1	9
485.613	1	-2
485.783	1	7
485.953	1	-1
486.124	1	6
486.294	1	10
486.464	1	-2
486.635	1	1
486.805	1	6
486.975	1	-14
487.146	1	7
487.316	1	7
487.486	1	-7
487.656	1	-9
487.827	1	3
487.997	1	12
488.167	1	7
488.338	1	12
488.508	1	2
488.678	1	1
488.848	1	5
489.019	1	-5
489.189	1	-3
489.359	1	0
489.529	1	2
489.700	1	4
489.870	1	-7
490.040	1	-6
490.211	1	9
490.381	1	0
490.551	1	1
490.721	1	-1
490.892	1	2
491.062	1	10
491.232	1	10
491.402	1	-11
491.573	1	-4
491.743	1	-14
491.913	1	3
492.084	1	5
492.254	1	5
492.424	1	-3
492.594	1	3
492.765	1	2
492.935	1	1
493.105	1	7
493.275	1	11
493.446	1	-3
493.616	1	7
493.786	1	1
493.956	1	-1
494.127	1	-1
494.297	1	7
494.467	1	9
494.637	1	0
494.808	1	3
494.978	1	3
495.148	1	1
495.318	1	9
495.489	1	4
495.659	1	-1
495.829	1	2
495.999	1	2
496.170	1	-14
496.340	1	7
496.510	1	5
496.680	1	3
496.851	1	3
497.021	1	-4
497.191	1	-5
497.361	1	8
497.532	1	-12
497.702	1	3
497.872	1	4
498.042	1	2
498.213	1	15
498.383	1	-4
498.553	1	9
498.723	1	3
498.894	1	-5
499.064	1	18
499.234	1	-7
499.404	1	9
499.574	1	-4
499.745	1	6
499.915	1	-1
500.085	1	1
500.255	1	8
500.426	1	6
500.596	1	-4
500.766	1	11
500.936	1	-14
501.106	1	-6
501.277	1	2
501.447	1	1
501.617	1	8
501.787	1	-13
501.958	1	4
502.128	1	-9
502.298	1	7
502.468	1	9
502.638	1	5
502.809	1	7
502.979	1	-2
503.149	1	1
503.319	1	-1
503.489	1	3
503.660	1	-4
503.830	1	-3
504.000	1	-11
504.170	1	4
504.340	1	9
504.511	1	10
504.681	1	3
504.851	1	-4
505.021	1	1
505.192	1	7
505.362	1	9
505.532	1	1
505.702	1	8
505.872	1	-7
506.043	1	15
506.213	1	4
506.383	1	-9
506.553	1	11
506.723	1	8
506.893	1	8
507.064	1	-7
507.234	1	-1
507.404	1	0
507.574	1	4
507.744	1	-4
507.915	1	1
508.085	1	11
508.255	1	-1
508.425	1	12
508.595	1	-2
508.766	1	-9
508.936	1	4
509.106	1	-7
509.276	1	10
509.446	1	-1
509.616	1	-1
509.787	1	-8
509.957	1	9
510.127	1	6
510.297	1	-5
510.467	1	-12
510.638	1	0
510.808	1	-7
510.978	1	-4
511.148	1	17
511.318	1	3
511.488	1	0
511.659	1	4
511.829	1	-3
511.999	1	10
512.169	1	1
512.339	1	3
512.509	1	8
512.680	1	7
512.850	1	-6
513.020	1	-1
513.190	1	6
513.360	1	3
513.530	1	5
513.700	1	1
513.871	1	3
514.041	1	-5
514.211	1	4
514.381	1	8
514.551	1	6
514.721	1	11
514.892	1	-1
515.062	1	8
515.232	1	1
515.402	1	2
515.572	1	-7
515.742	1	3
515.912	1	0
516.083	1	1
516.253	1	13
516.423	1	6
516.593	1	2
516.763	1	0
516.933	1	9
517.104	1	9
517.274	1	11
517.444	1	10
517.614	1	2
517.784	1	-13
517.954	1	-9
518.124	1	7
518.294	1	1
518.465	1	4
518.635	1	8
518.805	1	13
518.975	1	2
519.145	1	-9
519.315	1	2
519.485	1	-1
519.656	1	10
519.826	1	1
519.996	1	15
520.166	1	-1
520.336	1	6
520.506	1	6
520.676	1	3
520.846	1	-6
521.017	1	-5
521.187	1	2
521.357	1	-6
521.527	1	3
521.697	1	11
521.867	1	9
522.037	1	-7
522.207	1	-2
522.377	1	9
522.548	1	-12
522.718	1	-7
522.888	1	-5
523.058	1	9
523.228	1	12
523.398	1	8
523.568	1	-3
523.738	1	2
523.909	1	18
524.079	1	0
524.249	1	10
524.419	1	1
524.589	1	18
524.759	1	-2
524.929	1	3
525.099	1	6
525.269	1	11
525.439	1	0
525.610	1	1
525.780	1	12
525.950	1	-3
526.120	1	0
526.290	1	-5
526.460	1	9
526.630	1	3
526.800	1	8
526.970	1	4
527.140	1	2
527.311	1	5
527.481	1	12
527.651	1	8
527.821	1	-7
527.991	1	8
528.161	1	-2
528.331	1	5
528.501	1	-4
528.671	1	3
528.841	1	5
529.011	1	2
529.181	1	2
529.352	1	4
529.522	1	8
529.692	1	8
529.862	1	4
530.032	1	-3
530.202	1	5
530.372	1	-6
530.542	1	10
530.712	1	15
530.882	1	0
531.052	1	3
531.222	1	-7
531.392	1	-3
531.563	1	9
531.733	1	9
531.903	1	3
532.073	1	6
532.243	1	1
532.413	1	14
532.583	1	2
532.753	1	2
532.923	1	-7
533.093	1	11
533.263	1	3
533.433	1	6
533.603	1	-4
533.773	1	-1
533.943	1	7
534.113	1	4
534.284	1	-1
534.454	1	1
534.624	1	11
534.794	1	4
534.964	1	-7
535.134	1	-9
535.304	1	17
535.474	1	3
535.644	1	6
535.814	1	8
535.984	1	-4
536.154	1	3
536.324	1	2
536.494	1	9
536.664	1	7
536.834	1	8
537.004	1	6
537.174	1	16
537.344	1	8
537.514	1	2
537.685	1	-8
537.855	1	1
538.025	1	5
538.195	1	10
538.365	1	8
538.535	1	5
538.705	1	-2
538.875	1	5
539.045	1	7
539.215	1	-4
539.385	1	12
539.555	1	-2
539.725	1	7
539.895	1	14
540.065	1	-2
540.235	1	-5
540.405	1	1
540.575	1	3
540.745	1	5
540.915	1	7
541.085	1	1
541.255	1	-6
541.425	1	-8
541.595	1	5
541.765	1	7
541.935	1	12
542.105	1	8
542.275	1	0
542.445	1	3
542.615	1	8
542.785	1	5
542.955	1	6
543.125	1	-1
543.295	1	0
543.465	1	16
543.635	1	1
543.805	1	7
543.975	1	9
544.145	1	14
544.315	1	0
544.485	1	4
544.655	1	-2
544.825	1	-3
544.995	1	3
545.165	1	9
545.335	1	6
545.505	1	-1
545.675	1	7
545.845	1	6
546.015	1	5
546.185	1	0
546.355	1	12
546.525	1	11
546.695	1	-5
546.865	1	3
547.035	1	0
547.205	1	-3
547.375	1	2
547.545	1	4
547.715	1	-4
547.885	1	2
548.055	1	2
548.225	1	-3
548.395	1	3
548.565	1	3
548.735	1	11
548.905	1	-5
549.075	1	5
549.245	1	1
549.415	1	5
549.585	1	1
549.755	1	2
549.925	1	6
550.095	1	9
550.265	1	-4
550.435	1	11
550.605	1	8
550.775	1	0
550.945	1	1
551.115	1	-3
551.285	1	12
551.455	1	0
551.625	1	-2
551.795	1	-5
551.965	1	8
552.135	1	-8
552.305	1	12
552.475	1	0
552.645	1	11
552.815	1	5
552.985	1	6
553.155	1	4
553.325	1	6
553.495	1	1
553.665	1	0
553.835	1	10
554.004	1	-3
554.174	1	-2
554.344	1	-2
554.514	1	10
554.684	1	7
554.854	1	12
555.024	1	-5
555.194	1	14
555.364	1	6
555.534	1	0
555.704	1	2
555.874	1	0
556.044	1	3
556.214	1	2
556.384	1	9
556.554	1	-2
556.724	1	-6
556.894	1	12
557.064	1	8
557.234	1	7
557.404	1	-3
557.573	1	3
557.743	1	3
557.913	1	6
558.083	1	-6
558.253	1	0
558.423	1	-8
558.593	1	0
558.763	1	-1
558.933	1	12
559.103	1	3
559.273	1	3
559.443	1	7
559.613	1	5
559.783	1	10
559.953	1	-5
560.122	1	-8
560.292	1	7
560.462	1	10
560.632	1	6
560.802	1	6
560.972	1	16
561.142	1	1
561.312	1	13
561.482	1	6
561.652	1	3
561.822	1	-2
561.992	1	11
562.162	1	3
562.331	1	3
562.501	1	7
562.671	1	-6
562.841	1	-2
563.011	1	3
563.181	1	-1
563.351	1	-8
563.521	1	8
563.691	1	-9
563.861	1	14
564.031	1	0
564.201	1	3
564.370	1	5
564.540	1	10
564.710	1	-3
564.880	1	-3
565.050	1	2
565.220	1	4
565.390	1	-1
565.560	1	4
565.730	1	-1
565.900	1	-8
566.069	1	14
566.239	1	-8
566.409	1	-11
566.579	1	7
566.749	1	3
566.919	1	0
567.089	1	0
567.259	1	9
567.429	1	0
567.599	1	0
567.768	1	8
567.938	1	8
568.108	1	-3
568.278	1	-8
568.448	1	-2
568.618	1	2
568.788	1	-8
568.958	1	2
569.128	1	-2
569.297	1	2
569.467	1	-3
569.637	1	0
569.807	1	-5
569.977	1	3
570.147	1	-3
570.317	1	20
570.487	1	13
570.656	1	2
570.826	1	7
570.996	1	-5
571.166	1	-3
571.336	1	-1
571.506	1	0
571.676	1	5
571.846	1	4
572.015	1	0
572.185	1	-8
572.355	1	11
572.525	1	-3
572.695	1	3
572.865	1	4
573.035	1	-11
573.205	1	16
573.374	1	6
573.544	1	-2
573.714	1	9
573.884	1	-2
574.054	1	-2
574.224	1	0
574.394	1	-5
574.563	1	-2
574.733	1	2
574.903	1	6
575.073	1	-3
575.243	1	-10
575.413	1	5
575.583	1	8
575.752	1	0
575.922	1	-6
576.092	1	9
576.262	1	1
576.432	1	-14
576.602	1	2
576.772	1	1
576.941	1	-3
577.111	1	7
577.281	1	2
577.451	1	-3
577.621	1	-2
577.791	1	1
577.960	1	-5
578.130	1	-3
578.300	1	4
578.470	1	3
578.640	1	6
578.810	1	1
578.979	1	6
579.149	1	-1
579.319	1	6
579.489	1	3
579.659	1	6
579.829	1	4
579.998	1	-2
580.168	1	9
580.338	1	-19
580.508	1	4
580.678	1	-6
580.848	1	-7
581.017	1	-7
581.187	1	0
581.357	1	-3
581.527	1	8
581.697	1	-5
581.867	1	7
582.036	1	7
582.206	1	-12
582.376	1	-1
582.546	1	0
582.716	1	1
582.885	1	2
583.055	1	4
583.225	1	1
583.395	1	4
583.565	1	7
583.735	1	2
583.904	1	-3
584.074	1	-11
584.244	1	0
584.414	1	-4
584.584	1	16
584.753	1	-1
584.923	1	-7
585.093	1	5
585.263	1	4
585.433	1	0
585.602	1	-1
585.772	1	-4
585.942	1	2
586.112	1	5
586.282	1	-4
586.451	1	4
586.621	1	-2
586.791	1	-13
586.961	1	0
587.131	1	-3
587.300	1	1
587.470	1	2
587.640	1	-11
587.810	1	0
587.980	1	9
588.149	1	4
588.319	1	1
588.489	1	1
588.659	1	-2
588.829	1	-4
588.998	1	-2
589.168	1	9
589.338	1	-3
589.508	1	5
589.677	1	5
589.847	1	10
590.017	1	-4
590.187	1	-4
590.357	1	-11
590.526	1	5
590.696	1	0
590.866	1	-2
591.036	1	7
591.205	1	5
591.375	1	-4
591.545	1	-8
591.715	1	-5
591.885	1	5
592.054	1	3
592.224	1	2
592.394	1	5
592.564	1	-11
592.733	1	4
592.903	1	-5
593.073	1	12
593.243	1	-7
593.412	1	-7
593.582	1	1
593.752	1	7
593.922	1	-7
594.091	1	9
594.261	1	-2
594.431	1	-2
594.601	1	-2
594.771	1	-2
594.940	1	-4
595.110	1	3
595.280	1	-1
595.450	1	-1
595.619	1	-1
595.789	1	1
595.959	1	6
596.129	1	2
596.298	1	5
596.468	1	-3
596.638	1	6
596.808	1	12
596.977	1	5
597.147	1	9
597.317	1	4
597.487	1	-3
597.656	1	-3
597.826	1	1
597.996	1	6
598.166	1	-2
598.335	1	5
598.505	1	1
598.675	1	0
598.844	1	-11
599.014	1	-7
599.184	1	4
599.354	1	-13
599.523	1	-5
599.693	1	1
599.863	1	0
600.033	1	-3
600.202	1	-2
600.372	1	-17
600.542	1	4
600.712	1	3
600.881	1	2
601.051	1	2
601.221	1	-4
601.390	1	-8
601.560	1	-2
601.730	1	-1
601.900	1	-3
602.069	1	-17
602.239	1	-11
602.409	1	0
602.578	1	5
602.748	1	-2
602.918	1	0
603.088	1	10
603.257	1	-3
603.427	1	1
603.597	1	20
603.767	1	-7
603.936	1	-2
604.106	1	8
604.276	1	-4
604.445	1	4
604.615	1	2
604.785	1	5
604.954	1	-1
605.124	1	-8
605.294	1	2
605.464	1	-1
605.633	1	4
605.803	1	-6
605.973	1	-4
606.142	1	-5
606.312	1	-4
606.482	1	-4
606.652	1	-10
606.821	1	1
606.991	1	-7
607.161	1	6
607.330	1	3
607.500	1	2
607.670	1	-12
607.839	1	3
608.009	1	-14
608.179	1	3
608.348	1	0
608.518	1	-5
608.688	1	8
608.858	1	0
609.027	1	7
609.197	1	-6
609.367	1	10
609.536	1	-6
609.706	1	-2
609.876	1	-2
610.045	1	-4
610.215	1	-3
610.385	1	5
610.554	1	-8
610.724	1	5
610.894	1	9
611.063	1	13
611.233	1	-1
611.403	1	-5
611.572	1	0
611.742	1	-9
611.912	1	-5
612.081	1	-4
612.251	1	-3
612.421	1	16
612.590	1	-4
612.760	1	-1
612.930	1	0
613.099	1	-5
613.269	1	-1
613.439	1	-12
613.608	1	6
613.778	1	5
613.948	1	11
614.117	1	9
614.287	1	-11
614.457	1	-6
614.626	1	2
614.796	1	8
614.966	1	6
615.135	1	-10
615.305	1	-2
615.475	1	6
615.644	1	-5
615.814	1	3
615.984	1	3
616.153	1	5
616.323	1	-3
616.493	1	0
616.662	1	0
616.832	1	-3
617.002	1	-4
617.171	1	-6
617.341	1	11
617.511	1	-4
617.680	1	6
617.850	1	-3
618.019	1	2
618.189	1	-5
618.359	1	3
618.528	1	-5
618.698	1	-1
618.868	1	2
619.037	1	1
619.207	1	-2
619.377	1	-4
619.546	1	3
619.716	1	-11
619.885	1	-3
620.055	1	3
620.225	1	3
620.394	1	-6
620.564	1	-8
620.734	1	7
620.903	1	2
621.073	1	-8
621.242	1	-4
621.412	1	0
621.582	1	6
621.751	1	-1
621.921	1	1
622.091	1	-5
622.260	1	4
622.430	1	3
622.599	1	7
622.769	1	-1
622.939	1	2
623.108	1	-8
623.278	1	-3
623.448	1	-4
623.617	1	-4
623.787	1	3
623.956	1	6
624.126	1	-2
624.296	1	-6
624.465	1	1
624.635	1	5
624.804	1	-7
624.974	1	-17
625.144	1	4
625.313	1	4
625.483	1	-6
625.652	1	4
625.822	1	2
625.992	1	-6
626.161	1	-4
626.331	1	4
626.501	1	8
626.670	1	5
626.840	1	-2
627.009	1	-13
627.179	1	-3
627.348	1	0
627.518	1	2
627.688	1	9
627.857	1	14
628.027	1	1
628.196	1	3
628.366	1	7
628.536	1	5
628.705	1	-2
628.875	1	-3
629.044	1	5
629.214	1	6
629.384	1	-15
629.553	1	3
629.723	1	11
629.892	1	-3
630.062	1	-3
630.232	1	5
630.401	1	0
630.571	1	-8
630.740	1	12
630.910	1	1
631.079	1	5
631.249	1	-7
631.419	1	3
631.588	1	-15
631.758	1	6
631.927	1	-2
632.097	1	9
632.266	1	-7
632.436	1	0
632.606	1	6
632.775	1	-2
632.945	1	4
633.114	1	5
633.284	1	-7
633.453	1	-9
633.623	1	-2
633.793	1	1
633.962	1	4
634.132	1	5
634.301	1	5
634.471	1	-9
634.640	1	-2
634.810	1	-10
634.979	1	2
635.149	1	-2
635.319	1	5
635.488	1	4
635.658	1	3
635.827	1	4
635.997	1	1
636.166	1	1
636.336	1	3
636.505	1	1
636.675	1	-9
636.845	1	10
637.014	1	0
637.184	1	-11
637.353	1	7
637.523	1	-5
637.692	1	4
637.862	1	-5
638.031	1	9
638.201	1	5
638.370	1	-1
638.540	1	-2
638.710	1	-3
638.879	1	-2
639.049	1	-1
639.218	1	-3
639.388	1	6
639.557	1	12
639.727	1	1
639.896	1	2
640.066	1	-2
640.235	1	4
640.405	1	0
640.574	1	-4
640.744	1	2
640.914	1	0
641.083	1	-4
641.253	1	2
641.422	1	-4
641.592	1	-4
641.761	1	-4
641.931	1	8
642.100	1	-8
642.270	1	-1
642.439	1	2
642.609	1	1
642.778	1	5
642.948	1	3
643.117	1	1
643.287	1	4
643.456	1	-4
643.626	1	6
643.795	1	9
643.965	1	-7
644.134	1	2
644.304	1	-6
644.473	1	3
644.643	1	10
644.812	1	12
644.982	1	-5
645.151	1	-6
645.321	1	6
645.490	1	7
645.660	1	-8
645.829	1	-5
645.999	1	-12
646.168	1	-9
646.338	1	13
646.507	1	-6
646.677	1	1
646.846	1	5
647.016	1	-4
647.185	1	3
647.355	1	-2
647.524	1	10
647.694	1	-12
647.863	1	-6
648.033	1	-16
648.202	1	1
648.372	1	2
648.541	1	-5
648.711	1	2
648.880	1	-3
649.050	1	-1
649.219	1	8
649.389	1	6
649.558	1	-8
649.728	1	3
649.897	1	2
650.067	1	-8
650.236	1	3
650.406	1	-6
650.575	1	-1
650.745	1	-14
650.914	1	1
651.084	1	-4
651.253	1	-6
651.423	1	1
651.592	1	0
651.762	1	7
651.931	1	7
652.101	1	-4
652.270	1	1
652.440	1	0
652.609	1	-3
652.778	1	-2
652.948	1	1
653.117	1	-5
653.287	1	2
653.456	1	-7
653.626	1	7
653.795	1	2
653.965	1	13
654.134	1	7
654.304	1	-2
654.473	1	3
654.643	1	12
654.812	1	-6
654.982	1	-12
655.151	1	-1
655.320	1	-6
655.490	1	6
655.659	1	4
655.829	1	-2
655.998	1	6
656.168	1	-5
656.337	1	-5
656.507	1	10
656.676	1	-2
656.846	1	-7
657.015	1	0
657.184	1	1
657.354	1	1
657.523	1	-1
657.693	1	0
657.862	1	-4
658.032	1	8
658.201	1	3
658.371	1	-15
658.540	1	2
658.709	1	-4
658.879	1	-3
659.048	1	-1
659.218	1	-4
659.387	1	4
659.557	1	-4
659.726	1	5
659.895	1	3
660.065	1	-9
660.234	1	-2
660.404	1	6
660.573	1	-9
660.743	1	-5
660.912	1	3
661.081	1	-3
661.251	1	5
661.420	1	-3
661.590	1	0
661.759	1	6
661.929	1	3
662.098	1	-16
662.267	1	3
662.437	1	-2
662.606	1	6
662.776	1	-3
662.945	1	-2
663.115	1	-7
663.284	1	1
663.453	1	2
663.623	1	-3
663.792	1	6
663.962	1	-6
664.131	1	-9
664.300	1	4
664.470	1	9
664.639	1	0
664.809	1	-5
664.978	1	-2
665.148	1	-8
665.317	1	-4
665.486	1	-3
665.656	1	-9
665.825	1	3
665.995	1	-4
666.164	1	-1
666.333	1	8
666.503	1	-5
666.672	1	-8
666.842	1	-3
667.011	1	4
667.180	1	-4
667.350	1	5
667.519	1	2
667.689	1	-11
667.858	1	-1
668.027	1	-8
668.197	1	0
668.366	1	-10
668.536	1	1
668.705	1	-2
668.874	1	-8
669.044	1	-7
669.213	1	4
669.382	1	-8
669.552	1	11
669.721	1	-10
669.891	1	1
670.060	1	-2
670.229	1	4
670.399	1	7
670.568	1	5
670.738	1	-10
670.907	1	-4
671.076	1	4
671.246	1	-7
671.415	1	-1
671.584	1	-9
671.754	1	-7
671.923	1	-9
672.093	1	-2
672.262	1	11
672.431	1	1
672.601	1	-10
672.770	1	5
672.939	1	-13
673.109	1	-16
673.278	1	1
673.448	1	0
673.617	1	6
673.786	1	1
