325.333	1	-5
325.504	1	10
325.675	1	0
325.846	1	-3
326.017	1	3
326.188	1	9
326.359	1	8
326.531	1	-2
326.702	1	5
326.873	1	1
327.044	1	5
327.215	1	-1
327.386	1	-2
327.557	1	7
327.728	1	4
327.899	1	-3
328.070	1	4
328.241	1	-3
328.412	1	9
328.583	1	-2
328.754	1	-7
328.926	1	1
329.097	1	4
329.268	1	5
329.439	1	4
329.610	1	1
329.781	1	-1
329.952	1	12
330.123	1	0
330.294	1	7
330.465	1	3
330.636	1	2
330.807	1	-1
330.978	1	0
331.149	1	7
331.320	1	7
331.492	1	-2
331.663	1	-18
331.834	1	7
332.005	1	6
332.176	1	-9
332.347	1	6
332.518	1	19
332.689	1	3
332.860	1	3
333.031	1	1
333.202	1	-1
333.373	1	0
333.544	1	-4
333.715	1	-2
333.886	1	13
334.057	1	-2
334.228	1	7
334.399	1	4
334.570	1	-3
334.741	1	-7
334.912	1	-6
335.084	1	0
335.255	1	-3
335.426	1	-4
335.597	1	-10
335.768	1	1
335.939	1	4
336.110	1	-1
336.281	1	-5
336.452	1	5
336.623	1	7
336.794	1	-8
336.965	1	-3
337.136	1	-10
337.307	1	11
337.478	1	4
337.649	1	5
337.820	1	19
337.991	1	10
338.162	1	1
338.333	1	4
338.504	1	5
338.675	1	7
338.846	1	-1
339.017	1	-10
339.188	1	6
339.359	1	0
339.530	1	8
339.701	1	0
339.872	1	8
340.043	1	0
340.214	1	1
340.385	1	-1
340.556	1	5
340.727	1	-4
340.898	1	-5
341.069	1	10
341.240	1	-2
341.411	1	5
341.582	1	-2
341.753	1	3
341.924	1	-5
342.095	1	2
342.266	1	-1
342.437	1	13
342.608	1	-2
342.779	1	-10
342.950	1	3
343.121	1	9
343.292	1	-4
343.463	1	-6
343.634	1	-5
343.805	1	6
343.976	1	6
344.147	1	-10
344.318	1	3
344.489	1	-7
344.660	1	12
344.831	1	7
345.002	1	2
345.173	1	4
345.344	1	7
345.515	1	-10
345.686	1	8
345.857	1	5
346.028	1	-8
346.199	1	-1
346.370	1	8
346.541	1	3
346.712	1	5
346.883	1	-8
347.054	1	1
347.225	1	-2
347.396	1	0
347.567	1	7
347.738	1	-2
347.909	1	2
348.080	1	-4
348.251	1	0
348.422	1	7
348.593	1	-2
348.764	1	4
348.935	1	3
349.106	1	8
349.277	1	-6
349.448	1	1
349.619	1	0
349.790	1	1
349.961	1	5
350.132	1	-4
350.303	1	-1
350.474	1	2
350.645	1	5
350.816	1	-1
350.987	1	-5
351.157	1	10
351.328	1	4
351.499	1	3
351.670	1	1
351.841	1	3
352.012	1	-6
352.183	1	2
352.354	1	3
352.525	1	-1
352.696	1	3
352.867	1	7
353.038	1	16
353.209	1	1
353.380	1	2
353.551	1	7
353.722	1	3
353.893	1	8
354.064	1	2
354.235	1	2
354.406	1	-6
354.576	1	8
354.747	1	2
354.918	1	-14
355.089	1	3
355.260	1	2
355.431	1	2
355.602	1	0
355.773	1	-7
355.944	1	4
356.115	1	-13
356.286	1	10
356.457	1	2
356.628	1	3
356.799	1	-6
356.970	1	4
357.141	1	-10
357.311	1	-2
357.482	1	1
357.653	1	9
357.824	1	1
357.995	1	0
358.166	1	3
358.337	1	3
358.508	1	2
358.679	1	6
358.850	1	1
359.021	1	3
359.192	1	5
359.363	1	-1
359.533	1	3
359.704	1	5
359.875	1	10
360.046	1	-4
360.217	1	10
360.388	1	7
360.559	1	10
360.730	1	-1
360.901	1	4
361.072	1	-3
361.243	1	-2
361.414	1	13
361.584	1	13
361.755	1	4
361.926	1	12
362.097	1	-1
362.268	1	7
362.439	1	-5
362.610	1	-8
362.781	1	-2
362.952	1	5
363.123	1	13
363.293	1	-7
363.464	1	15
363.635	1	6
363.806	1	5
363.977	1	6
364.148	1	0
364.319	1	-12
364.490	1	-10
364.661	1	-5
364.832	1	6
365.002	1	12
365.173	1	6
365.344	1	1
365.515	1	3
365.686	1	-1
365.857	1	-6
366.028	1	-3
366.199	1	-7
366.370	1	-2
366.540	1	6
366.711	1	4
366.882	1	1
367.053	1	8
367.224	1	2
367.395	1	-2
367.566	1	9
367.737	1	-15
367.908	1	-2
368.078	1	-2
368.249	1	1
368.420	1	2
368.591	1	15
368.762	1	1
368.933	1	3
369.104	1	8
369.274	1	3
369.445	1	2
369.616	1	-9
369.787	1	-3
369.958	1	5
370.129	1	4
370.300	1	-11
370.471	1	10
370.641	1	11
370.812	1	-5
370.983	1	-8
371.154	1	-9
371.325	1	0
371.496	1	6
371.667	1	-5
371.837	1	2
372.008	1	-6
372.179	1	3
372.350	1	-8
372.521	1	-5
372.692	1	-1
372.863	1	-1
373.033	1	9
373.204	1	4
373.375	1	-2
373.546	1	3
373.717	1	0
373.888	1	-2
374.059	1	-3
374.229	1	-10
374.400	1	2
374.571	1	1
374.742	1	11
374.913	1	0
375.084	1	-8
375.254	1	7
375.425	1	1
375.596	1	-8
375.767	1	3
375.938	1	4
376.109	1	-11
376.279	1	-4
376.450	1	-4
376.621	1	7
376.792	1	-4
376.963	1	1
377.134	1	1
377.304	1	8
377.475	1	2
377.646	1	-8
377.817	1	5
377.988	1	-3
378.159	1	-10
378.329	1	2
378.500	1	-7
378.671	1	-4
378.842	1	-2
379.013	1	4
379.184	1	4
379.354	1	10
379.525	1	2
379.696	1	1
379.867	1	3
380.038	1	4
380.209	1	10
380.379	1	-6
380.550	1	-3
380.721	1	8
380.892	1	4
381.063	1	5
381.233	1	4
381.404	1	1
381.575	1	1
381.746	1	8
381.917	1	-12
382.087	1	-8
382.258	1	8
382.429	1	-1
382.600	1	7
382.771	1	-5
382.941	1	-1
383.112	1	-4
383.283	1	5
383.454	1	-1
383.625	1	8
383.795	1	-3
383.966	1	-4
384.137	1	3
384.308	1	1
384.479	1	13
384.649	1	3
384.820	1	-3
384.991	1	-2
385.162	1	-7
385.333	1	7
385.503	1	-2
385.674	1	-8
385.845	1	3
386.016	1	-3
386.187	1	-3
386.357	1	-4
386.528	1	13
386.699	1	3
386.870	1	13
387.041	1	-6
387.211	1	-4
387.382	1	1
387.553	1	-4
387.724	1	0
387.894	1	7
388.065	1	-2
388.236	1	-1
388.407	1	8
388.578	1	1
388.748	1	-2
388.919	1	1
389.090	1	2
389.261	1	-20
389.431	1	-1
389.602	1	7
389.773	1	4
389.944	1	-5
390.114	1	2
390.285	1	5
390.456	1	-6
390.627	1	-12
390.798	1	-2
390.968	1	-4
391.139	1	-4
391.310	1	3
391.481	1	3
391.651	1	11
391.822	1	1
391.993	1	5
392.164	1	-10
392.334	1	11
392.505	1	-8
392.676	1	-4
392.847	1	8
393.017	1	-5
393.188	1	1
393.359	1	5
393.530	1	-1
393.700	1	11
393.871	1	-6
394.042	1	9
394.213	1	5
394.383	1	2
394.554	1	2
394.725	1	-1
394.896	1	-8
395.066	1	0
395.237	1	8
395.408	1	8
395.579	1	9
395.749	1	11
395.920	1	5
396.091	1	-2
396.262	1	-1
396.432	1	-11
396.603	1	-1
396.774	1	-6
396.945	1	8
397.115	1	8
397.286	1	18
397.457	1	5
397.627	1	7
397.798	1	-11
397.969	1	-12
398.140	1	-4
398.310	1	8
398.481	1	-1
398.652	1	12
398.823	1	16
398.993	1	-1
399.164	1	16
399.335	1	-3
399.505	1	-5
399.676	1	5
399.847	1	-2
400.018	1	5
400.188	1	6
400.359	1	8
400.530	1	9
400.700	1	-7
400.871	1	-7
401.042	1	4
401.213	1	-5
401.383	1	-2
401.554	1	3
401.725	1	8
401.895	1	2
402.066	1	3
402.237	1	10
402.408	1	3
402.578	1	6
402.749	1	-11
402.920	1	-10
403.090	1	0
403.261	1	5
403.432	1	-1
403.603	1	9
403.773	1	4
403.944	1	10
404.115	1	-10
404.285	1	-7
404.456	1	-1
404.627	1	9
404.797	1	18
404.968	1	2
405.139	1	6
405.310	1	0
405.480	1	4
405.651	1	1
405.822	1	4
405.992	1	-2
406.163	1	0
406.334	1	10
406.504	1	0
406.675	1	5
406.846	1	1
407.016	1	4
407.187	1	-6
407.358	1	2
407.528	1	-3
407.699	1	10
407.870	1	6
408.041	1	-1
408.211	1	2
408.382	1	1
408.553	1	6
408.723	1	0
408.894	1	-2
409.065	1	2
409.235	1	-6
409.406	1	8
409.577	1	1
409.747	1	3
409.918	1	3
410.089	1	2
410.259	1	-8
410.430	1	11
410.601	1	-9
410.771	1	0
410.942	1	-4
411.113	1	0
411.283	1	1
411.454	1	-4
411.625	1	0
411.795	1	9
411.966	1	-9
412.137	1	-4
412.307	1	-3
412.478	1	9
412.649	1	-1
412.819	1	5
412.990	1	11
413.161	1	-4
413.331	1	-6
413.502	1	11
413.672	1	-1
413.843	1	-5
414.014	1	5
414.184	1	-10
414.355	1	-8
414.526	1	-3
414.696	1	-3
414.867	1	20
415.038	1	-7
415.208	1	5
415.379	1	3
415.550	1	1
415.720	1	6
415.891	1	8
416.062	1	-4
416.232	1	-4
416.403	1	7
416.573	1	-7
416.744	1	11
416.915	1	-4
417.085	1	1
417.256	1	-4
417.427	1	2
417.597	1	-14
417.768	1	3
417.939	1	-7
418.109	1	14
418.280	1	-3
418.450	1	-7
418.621	1	3
418.792	1	-2
418.962	1	-9
419.133	1	4
419.304	1	10
419.474	1	-1
419.645	1	10
419.815	1	2
419.986	1	11
420.157	1	8
420.327	1	3
420.498	1	7
420.669	1	7
420.839	1	-2
421.010	1	9
421.180	1	-9
421.351	1	6
421.522	1	-1
421.692	1	1
421.863	1	0
422.033	1	-7
422.204	1	-8
422.375	1	-3
422.545	1	9
422.716	1	-7
422.886	1	-2
423.057	1	-4
423.228	1	0
423.398	1	-3
423.569	1	1
423.740	1	-3
423.910	1	-2
424.081	1	2
424.251	1	-9
424.422	1	-3
424.593	1	4
424.763	1	-3
424.934	1	2
425.104	1	12
425.275	1	-8
425.445	1	-3
425.616	1	8
425.787	1	-16
425.957	1	12
426.128	1	-4
426.298	1	-2
426.469	1	-2
426.640	1	1
426.810	1	-3
426.981	1	0
427.151	1	-2
427.322	1	10
427.493	1	2
427.663	1	3
427.834	1	-9
428.004	1	10
428.175	1	-4
428.345	1	18
428.516	1	4
428.687	1	5
428.857	1	-1
429.028	1	2
429.198	1	-9
429.369	1	11
429.540	1	11
429.710	1	10
429.881	1	12
430.051	1	9
430.222	1	-5
430.392	1	-4
430.563	1	12
430.734	1	4
430.904	1	2
431.075	1	1
431.245	1	9
431.416	1	3
431.586	1	-10
431.757	1	1
431.927	1	5
432.098	1	1
432.269	1	-3
432.439	1	-4
432.610	1	0
432.780	1	4
432.951	1	3
433.121	1	13
433.292	1	1
433.462	1	2
433.633	1	-1
433.804	1	3
433.974	1	-14
434.145	1	-1
434.315	1	12
434.486	1	7
434.656	1	2
434.827	1	-5
434.997	1	8
435.168	1	-2
435.339	1	18
435.509	1	3
435.680	1	-12
435.850	1	-1
436.021	1	11
436.191	1	-2
436.362	1	1
436.532	1	6
436.703	1	-4
436.873	1	5
437.044	1	11
437.214	1	-4
437.385	1	2
437.556	1	2
437.726	1	2
437.897	1	5
438.067	1	-1
438.238	1	-1
438.408	1	6
438.579	1	4
438.749	1	10
438.920	1	0
439.090	1	13
439.261	1	6
439.431	1	2
439.602	1	-4
439.772	1	8
439.943	1	1
440.113	1	2
440.284	1	0
440.455	1	-10
440.625	1	-4
440.796	1	5
440.966	1	8
441.137	1	-8
441.307	1	-1
441.478	1	9
441.648	1	-5
441.819	1	5
441.989	1	-2
442.160	1	8
442.330	1	0
442.501	1	-7
442.671	1	7
442.842	1	5
443.012	1	-6
443.183	1	4
443.353	1	6
443.524	1	2
443.694	1	5
443.865	1	3
444.035	1	1
444.206	1	6
444.376	1	1
444.547	1	-4
444.717	1	12
444.888	1	6
445.058	1	0
445.229	1	3
445.399	1	5
445.570	1	12
445.740	1	7
445.911	1	18
446.081	1	7
446.252	1	-6
446.422	1	2
446.593	1	0
446.763	1	7
446.934	1	8
447.104	1	-6
447.275	1	-7
447.445	1	-3
447.616	1	1
447.786	1	9
447.957	1	5
448.127	1	-2
448.298	1	0
448.468	1	2
448.639	1	-4
448.809	1	-4
448.979	1	16
449.150	1	6
449.320	1	-4
449.491	1	0
449.661	1	1
449.832	1	-4
450.002	1	2
450.173	1	-4
450.343	1	3
450.514	1	6
450.684	1	3
450.855	1	-6
451.025	1	-3
451.196	1	-4
451.366	1	8
451.537	1	3
451.707	1	3
451.878	1	-6
452.048	1	11
452.218	1	-3
452.389	1	4
452.559	1	-2
452.730	1	-4
452.900	1	4
453.071	1	0
453.241	1	-7
453.412	1	-9
453.582	1	1
453.753	1	0
453.923	1	0
454.093	1	-1
454.264	1	-1
454.434	1	0
454.605	1	9
454.775	1	9
454.946	1	9
455.116	1	-2
455.287	1	1
455.457	1	-3
455.628	1	-2
455.798	1	-11
455.968	1	7
456.139	1	3
456.309	1	-5
456.480	1	-5
456.650	1	2
456.821	1	-4
456.991	1	12
457.161	1	-3
457.332	1	0
457.502	1	-3
457.673	1	0
457.843	1	7
458.014	1	5
458.184	1	3
458.355	1	8
458.525	1	2
458.695	1	4
458.866	1	2
459.036	1	10
459.207	1	-6
459.377	1	1
459.548	1	0
459.718	1	-10
459.888	1	5
460.059	1	6
460.229	1	18
460.400	1	6
460.570	1	-3
460.740	1	-7
460.911	1	13
461.081	1	0
461.252	1	4
461.422	1	6
461.593	1	-4
461.763	1	-1
461.933	1	-9
462.104	1	10
462.274	1	2
462.445	1	5
462.615	1	-4
462.785	1	-5
462.956	1	-9
463.126	1	-12
463.297	1	-4
463.467	1	-1
463.638	1	6
463.808	1	9
463.978	1	6
464.149	1	-3
464.319	1	5
464.490	1	-9
464.660	1	7
464.830	1	6
465.001	1	3
465.171	1	11
465.342	1	1
465.512	1	6
465.682	1	-2
465.853	1	-2
466.023	1	3
466.194	1	3
466.364	1	5
466.534	1	0
466.705	1	9
466.875	1	0
467.045	1	4
467.216	1	-7
467.386	1	-5
467.557	1	1
467.727	1	0
467.897	1	7
468.068	1	8
468.238	1	-7
468.409	1	3
468.579	1	12
468.749	1	6
468.920	1	0
469.090	1	4
469.260	1	8
469.431	1	-12
469.601	1	1
469.772	1	-11
469.942	1	5
470.112	1	-7
470.283	1	11
470.453	1	11
470.623	1	8
470.794	1	1
470.964	1	-11
471.135	1	-8
471.305	1	1
471.475	1	-6
471.646	1	12
471.816	1	-6
471.986	1	4
472.157	1	8
472.327	1	-12
472.497	1	4
472.668	1	-6
472.838	1	-2
473.009	1	6
473.179	1	-4
473.349	1	6
473.520	1	5
473.690	1	9
473.860	1	4
474.031	1	3
474.201	1	2
474.371	1	5
474.542	1	-4
474.712	1	6
474.882	1	-5
475.053	1	-6
475.223	1	-2
475.394	1	9
475.564	1	15
475.734	1	0
475.905	1	0
476.075	1	0
476.245	1	0
476.416	1	-4
476.586	1	-2
476.756	1	2
476.927	1	6
477.097	1	-2
477.267	1	0
477.438	1	0
477.608	1	10
477.778	1	9
477.949	1	3
478.119	1	4
478.289	1	-7
478.460	1	7
478.630	1	3
478.800	1	-11
478.971	1	8
479.141	1	5
479.311	1	6
479.482	1	0
479.652	1	5
479.822	1	-5
479.993	1	5
480.163	1	-14
480.333	1	0
480.504	1	-5
480.674	1	-3
480.844	1	0
481.015	1	1
481.185	1	2
481.355	1	9
481.525	1	5
481.696	1	13
481.866	1	1
482.036	1	-2
482.207	1	6
482.377	1	-2
482.547	1	3
482.718	1	9
482.888	1	-4
483.058	1	-3
483.229	1	0
483.399	1	7
483.569	1	-5
483.740	1	-13
483.910	1	2
484.080	1	-5
484.250	1	9
484.421	1	0
484.591	1	8
484.761	1	-5
484.932	1	8
485.102	1	-4
485.272	1	11
485.443	1	10
485.613	1	-14
485.783	1	14
485.953	1	-4
486.124	1	6
486.294	1	9
486.464	1	-3
486.635	1	9
486.805	1	16
486.975	1	-16
487.146	1	5
487.316	1	1
487.486	1	6
487.656	1	-8
487.827	1	3
487.997	1	2
488.167	1	4
488.338	1	18
488.508	1	8
488.678	1	0
488.848	1	1
489.019	1	-1
489.189	1	4
489.359	1	7
489.529	1	3
489.700	1	-1
489.870	1	-9
490.040	1	0
490.211	1	19
490.381	1	-3
490.551	1	4
490.721	1	10
490.892	1	9
491.062	1	12
491.232	1	9
491.402	1	-3
491.573	1	4
491.743	1	-16
491.913	1	1
492.084	1	0
492.254	1	-5
492.424	1	7
492.594	1	2
492.765	1	4
492.935	1	-2
493.105	1	14
493.275	1	9
493.446	1	-2
493.616	1	10
493.786	1	7
493.956	1	-1
494.127	1	4
494.297	1	1
494.467	1	3
494.637	1	7
494.808	1	-4
494.978	1	2
495.148	1	7
495.318	1	8
495.489	1	3
495.659	1	5
495.829	1	-2
495.999	1	-4
496.170	1	-6
496.340	1	6
496.510	1	6
496.680	1	5
496.851	1	13
497.021	1	2
497.191	1	-7
497.361	1	-5
497.532	1	-2
497.702	1	-8
497.872	1	-5
498.042	1	5
498.213	1	2
498.383	1	-6
498.553	1	0
498.723	1	-3
498.894	1	5
499.064	1	7
499.234	1	2
499.404	1	0
499.574	1	-1
499.745	1	0
499.915	1	6
500.085	1	-10
500.255	1	4
500.426	1	-2
500.596	1	-4
500.766	1	13
500.936	1	-3
501.106	1	-7
501.277	1	-2
501.447	1	-11
501.617	1	5
501.787	1	-2
501.958	1	-4
502.128	1	6
502.298	1	7
502.468	1	4
502.638	1	-3
502.809	1	7
502.979	1	1
503.149	1	-6
503.319	1	11
503.489	1	8
503.660	1	-2
503.830	1	0
504.000	1	-4
504.170	1	0
504.340	1	-5
504.511	1	-1
504.681	1	-1
504.851	1	2
505.021	1	-6
505.192	1	13
505.362	1	7
505.532	1	-9
505.702	1	4
505.872	1	-14
506.043	1	4
506.213	1	2
506.383	1	-5
506.553	1	5
506.723	1	1
506.893	1	5
507.064	1	-1
507.234	1	8
507.404	1	-8
507.574	1	8
507.744	1	-7
507.915	1	-5
508.085	1	7
508.255	1	0
508.425	1	6
508.595	1	-5
508.766	1	-2
508.936	1	-1
509.106	1	-2
509.276	1	-4
509.446	1	1
509.616	1	-8
509.787	1	-8
509.957	1	-9
510.127	1	7
510.297	1	-4
510.467	1	1
510.638	1	-3
510.808	1	-1
510.978	1	-12
511.148	1	9
511.318	1	0
511.488	1	5
511.659	1	0
511.829	1	-2
511.999	1	17
512.169	1	4
512.339	1	-2
512.509	1	-1
512.680	1	-2
512.850	1	0
513.020	1	1
513.190	1	3
513.360	1	11
513.530	1	-2
513.700	1	-2
513.871	1	13
514.041	1	-4
514.211	1	-5
514.381	1	1
514.551	1	6
514.721	1	5
514.892	1	1
515.062	1	9
515.232	1	5
515.402	1	-3
515.572	1	-9
515.742	1	7
515.912	1	18
516.083	1	-5
516.253	1	4
516.423	1	7
516.593	1	5
516.763	1	4
516.933	1	-9
517.104	1	0
517.274	1	4
517.444	1	8
517.614	1	1
517.784	1	-7
517.954	1	0
518.124	1	10
518.294	1	6
518.465	1	-1
518.635	1	-5
518.805	1	-4
518.975	1	11
519.145	1	3
519.315	1	-6
519.485	1	-6
519.656	1	4
519.826	1	1
519.996	1	18
520.166	1	-3
520.336	1	0
520.506	1	1
520.676	1	-7
520.846	1	3
521.017	1	-8
521.187	1	-4
521.357	1	-5
521.527	1	6
521.697	1	10
521.867	1	19
522.037	1	4
522.207	1	4
522.377	1	7
522.548	1	-10
522.718	1	8
522.888	1	-5
523.058	1	19
523.228	1	12
523.398	1	5
523.568	1	-1
523.738	1	-9
523.909	1	16
524.079	1	6
524.249	1	-7
524.419	1	3
524.589	1	4
524.759	1	-4
524.929	1	1
525.099	1	0
525.269	1	3
525.439	1	0
525.610	1	-4
525.780	1	7
525.950	1	-6
526.120	1	-12
526.290	1	-4
526.460	1	-2
526.630	1	0
526.800	1	9
526.970	1	-4
527.140	1	-16
527.311	1	9
527.481	1	5
527.651	1	0
527.821	1	-4
527.991	1	5
528.161	1	-4
528.331	1	5
528.501	1	-13
528.671	1	6
528.841	1	6
529.011	1	-6
529.181	1	-3
529.352	1	5
529.522	1	5
529.692	1	10
529.862	1	4
530.032	1	-3
530.202	1	-4
530.372	1	2
530.542	1	7
530.712	1	4
530.882	1	-4
531.052	1	5
531.222	1	-6
531.392	1	3
531.563	1	13
531.733	1	-2
531.903	1	8
532.073	1	-6
532.243	1	-3
532.413	1	5
532.583	1	-5
532.753	1	-1
532.923	1	2
533.093	1	11
533.263	1	1
533.433	1	7
533.603	1	-2
533.773	1	0
533.943	1	-8
534.113	1	-6
534.284	1	4
534.454	1	-4
534.624	1	2
534.794	1	4
534.964	1	-13
535.134	1	2
535.304	1	7
535.474	1	-1
535.644	1	4
535.814	1	13
535.984	1	-4
536.154	1	-8
536.324	1	-2
536.494	1	7
536.664	1	9
536.834	1	2
537.004	1	11
537.174	1	10
537.344	1	-1
537.514	1	4
537.685	1	3
537.855	1	12
538.025	1	-1
538.195	1	5
538.365	1	4
538.535	1	5
538.705	1	-8
538.875	1	12
539.045	1	5
539.215	1	-11
539.385	1	-2
539.555	1	3
539.725	1	0
539.895	1	6
540.065	1	-4
540.235	1	-12
540.405	1	-6
540.575	1	9
540.745	1	-2
540.915	1	9
541.085	1	-1
541.255	1	2
541.425	1	-6
541.595	1	4
541.765	1	0
541.935	1	4
542.105	1	0
542.275	1	0
542.445	1	6
542.615	1	1
542.785	1	-5
542.955	1	1
543.125	1	-1
543.295	1	9
543.465	1	9
543.635	1	-5
543.805	1	2
543.975	1	-2
544.145	1	3
544.315	1	1
544.485	1	4
544.655	1	3
544.825	1	5
544.995	1	7
545.165	1	-4
545.335	1	0
545.505	1	0
545.675	1	-9
545.845	1	1
546.015	1	-3
546.185	1	-6
546.355	1	3
546.525	1	8
546.695	1	-5
546.865	1	3
547.035	1	1
547.205	1	-10
547.375	1	6
547.545	1	2
547.715	1	1
547.885	1	-4
548.055	1	12
548.225	1	-5
548.395	1	7
548.565	1	-2
548.735	1	6
548.905	1	-4
549.075	1	-4
549.245	1	1
549.415	1	-1
549.585	1	-1
549.755	1	-5
549.925	1	6
550.095	1	11
550.265	1	-15
550.435	1	10
550.605	1	-1
550.775	1	-9
550.945	1	5
551.115	1	5
551.285	1	16
551.455	1	-3
551.625	1	-9
551.795	1	4
551.965	1	5
552.135	1	-2
552.305	1	-7
552.475	1	0
552.645	1	12
552.815	1	-1
552.985	1	8
553.155	1	4
553.325	1	11
553.495	1	3
553.665	1	0
553.835	1	-6
554.004	1	2
554.174	1	0
554.344	1	-10
554.514	1	3
554.684	1	5
554.854	1	-6
555.024	1	8
555.194	1	9
555.364	1	3
555.534	1	0
555.704	1	3
555.874	1	0
556.044	1	3
556.214	1	2
556.384	1	6
556.554	1	2
556.724	1	-11
556.894	1	13
557.064	1	1
557.234	1	2
557.404	1	-14
557.573	1	4
557.743	1	-1
557.913	1	2
558.083	1	-2
558.253	1	-3
558.423	1	-6
558.593	1	-3
558.763	1	3
558.933	1	1
559.103	1	5
559.273	1	4
559.443	1	13
559.613	1	4
559.783	1	4
559.953	1	-3
560.122	1	-5
560.292	1	4
560.462	1	-10
560.632	1	1
560.802	1	1
560.972	1	10
561.142	1	8
561.312	1	-2
561.482	1	-1
561.652	1	2
561.822	1	-2
561.992	1	14
562.162	1	-2
562.331	1	5
562.501	1	-2
562.671	1	1
562.841	1	-5
563.011	1	5
563.181	1	11
563.351	1	-7
563.521	1	6
563.691	1	-3
563.861	1	11
564.031	1	2
564.201	1	3
564.370	1	8
564.540	1	8
564.710	1	-7
564.880	1	2
565.050	1	4
565.220	1	4
565.390	1	-11
565.560	1	7
565.730	1	0
565.900	1	0
566.069	1	5
566.239	1	-2
566.409	1	4
566.579	1	6
566.749	1	4
566.919	1	9
567.089	1	8
567.259	1	9
567.429	1	2
567.599	1	0
567.768	1	0
567.938	1	5
568.108	1	-4
568.278	1	-6
568.448	1	-3
568.618	1	5
568.788	1	-1
568.958	1	2
569.128	1	2
569.297	1	6
569.467	1	8
569.637	1	6
569.807	1	-2
569.977	1	3
570.147	1	2
570.317	1	12
570.487	1	4
570.656	1	3
570.826	1	14
570.996	1	-8
571.166	1	-5
571.336	1	-2
571.506	1	12
571.676	1	6
571.846	1	18
572.015	1	-2
572.185	1	1
572.355	1	18
572.525	1	-6
572.695	1	15
572.865	1	-1
573.035	1	1
573.205	1	8
573.374	1	7
573.544	1	2
573.714	1	9
573.884	1	-4
574.054	1	1
574.224	1	2
574.394	1	6
574.563	1	5
574.733	1	-5
574.903	1	-6
575.073	1	3
575.243	1	-7
575.413	1	-1
575.583	1	12
575.752	1	4
575.922	1	2
576.092	1	11
576.262	1	-1
576.432	1	2
576.602	1	-6
576.772	1	0
576.941	1	0
577.111	1	-1
577.281	1	-7
577.451	1	-3
577.621	1	-8
577.791	1	7
577.960	1	-7
578.130	1	1
578.300	1	-3
578.470	1	9
578.640	1	-3
578.810	1	5
578.979	1	-3
579.149	1	-8
579.319	1	-1
579.489	1	-3
579.659	1	11
579.829	1	0
579.998	1	0
580.168	1	2
580.338	1	-14
580.508	1	-5
580.678	1	1
580.848	1	0
581.017	1	5
581.187	1	10
581.357	1	-5
581.527	1	9
581.697	1	-8
581.867	1	1
582.036	1	7
582.206	1	-10
582.376	1	3
582.546	1	-2
582.716	1	4
582.885	1	0
583.055	1	5
583.225	1	6
583.395	1	2
583.565	1	9
583.735	1	-3
583.904	1	2
584.074	1	-3
584.244	1	7
584.414	1	-4
584.584	1	16
584.753	1	-3
584.923	1	2
585.093	1	5
585.263	1	8
585.433	1	2
585.602	1	2
585.772	1	-3
585.942	1	9
586.112	1	0
586.282	1	7
586.451	1	-4
586.621	1	11
586.791	1	-10
586.961	1	-5
587.131	1	-8
587.300	1	-4
587.470	1	-9
587.640	1	-2
587.810	1	1
587.980	1	-2
588.149	1	0
588.319	1	7
588.489	1	4
588.659	1	2
588.829	1	9
588.998	1	-4
589.168	1	11
589.338	1	6
589.508	1	-1
589.677	1	3
589.847	1	-2
590.017	1	-12
590.187	1	4
590.357	1	2
590.526	1	1
590.696	1	-4
590.866	1	-3
591.036	1	5
591.205	1	7
591.375	1	-7
591.545	1	-5
591.715	1	-9
591.885	1	11
592.054	1	3
592.224	1	5
592.394	1	7
592.564	1	-13
592.733	1	-5
592.903	1	-4
593.073	1	-1
593.243	1	-12
593.412	1	-2
593.582	1	11
593.752	1	3
593.922	1	-6
594.091	1	-6
594.261	1	-2
594.431	1	7
594.601	1	-13
594.771	1	2
594.940	1	-3
595.110	1	1
595.280	1	6
595.450	1	-3
595.619	1	1
595.789	1	7
595.959	1	-4
596.129	1	-5
596.298	1	2
596.468	1	0
596.638	1	3
596.808	1	10
596.977	1	-2
597.147	1	6
597.317	1	8
597.487	1	0
597.656	1	3
597.826	1	3
597.996	1	4
598.166	1	-7
598.335	1	4
598.505	1	5
598.675	1	5
598.844	1	2
599.014	1	0
599.184	1	-7
599.354	1	-7
599.523	1	-1
599.693	1	6
599.863	1	11
600.033	1	8
600.202	1	-2
600.372	1	-6
600.542	1	2
600.712	1	9
600.881	1	-3
601.051	1	1
601.221	1	-1
601.390	1	-9
601.560	1	2
601.730	1	0
601.900	1	9
602.069	1	-3
602.239	1	-10
602.409	1	-2
602.578	1	-2
602.748	1	-2
602.918	1	0
603.088	1	15
603.257	1	6
603.427	1	9
603.597	1	17
603.767	1	-5
603.936	1	10
604.106	1	8
604.276	1	-2
604.445	1	10
604.615	1	6
604.785	1	6
604.954	1	11
605.124	1	-13
605.294	1	5
605.464	1	-6
605.633	1	6
605.803	1	9
605.973	1	-4
606.142	1	3
606.312	1	-7
606.482	1	-1
606.652	1	-2
606.821	1	12
606.991	1	4
607.161	1	2
607.330	1	-1
607.500	1	6
607.670	1	-3
607.839	1	8
608.009	1	-7
608.179	1	13
608.348	1	10
608.518	1	-1
608.688	1	3
608.858	1	-3
609.027	1	3
609.197	1	-7
609.367	1	1
609.536	1	2
609.706	1	-1
609.876	1	3
610.045	1	2
610.215	1	2
610.385	1	-1
610.554	1	-12
610.724	1	-3
610.894	1	3
611.063	1	13
611.233	1	-4
611.403	1	10
611.572	1	3
611.742	1	-1
611.912	1	3
612.081	1	-10
612.251	1	2
612.421	1	12
612.590	1	1
612.760	1	7
612.930	1	4
613.099	1	-8
613.269	1	-6
613.439	1	1
613.608	1	7
613.778	1	4
613.948	1	4
614.117	1	9
614.287	1	1
614.457	1	9
614.626	1	5
614.796	1	10
614.966	1	2
615.135	1	-3
615.305	1	-8
615.475	1	3
615.644	1	0
615.814	1	-2
615.984	1	6
616.153	1	7
616.323	1	-10
616.493	1	8
616.662	1	9
616.832	1	3
617.002	1	2
617.171	1	-10
617.341	1	7
617.511	1	-6
617.680	1	6
617.850	1	-1
618.019	1	1
618.189	1	-7
618.359	1	9
618.528	1	-5
618.698	1	4
618.868	1	13
619.037	1	7
619.207	1	-4
619.377	1	-13
619.546	1	2
619.716	1	-11
619.885	1	6
620.055	1	4
620.225	1	6
620.394	1	-1
620.564	1	-9
620.734	1	12
620.903	1	12
621.073	1	-9
621.242	1	-9
621.412	1	9
621.582	1	1
621.751	1	6
621.921	1	5
622.091	1	1
622.260	1	-3
622.430	1	-9
622.599	1	14
622.769	1	5
622.939	1	1
623.108	1	6
623.278	1	-2
623.448	1	1
623.617	1	7
623.787	1	-6
623.956	1	8
624.126	1	4
624.296	1	-4
624.465	1	7
624.635	1	7
624.804	1	-5
624.974	1	-8
625.144	1	1
625.313	1	2
625.483	1	5
625.652	1	2
625.822	1	4
625.992	1	-1
626.161	1	7
626.331	1	9
626.501	1	5
626.670	1	6
626.840	1	9
627.009	1	-7
627.179	1	-6
627.348	1	-1
627.518	1	-1
627.688	1	-1
627.857	1	10
628.027	1	1
628.196	1	2
628.366	1	4
628.536	1	4
628.705	1	-6
628.875	1	6
629.044	1	2
629.214	1	-5
629.384	1	-6
629.553	1	5
629.723	1	5
629.892	1	-2
630.062	1	7
630.232	1	8
630.401	1	6
630.571	1	-1
630.740	1	9
630.910	1	2
631.079	1	10
631.249	1	-12
631.419	1	5
631.588	1	-3
631.758	1	4
631.927	1	1
632.097	1	3
632.266	1	-7
632.436	1	-5
632.606	1	10
632.775	1	-10
632.945	1	-4
633.114	1	12
633.284	1	-4
633.453	1	0
633.623	1	-1
633.793	1	1
633.962	1	2
634.132	1	1
634.301	1	-5
634.471	1	-10
634.640	1	0
634.810	1	5
634.979	1	2
635.149	1	2
635.319	1	3
635.488	1	6
635.658	1	-9
635.827	1	7
635.997	1	-6
636.166	1	-4
636.336	1	10
636.505	1	-5
636.675	1	4
636.845	1	5
637.014	1	-6
637.184	1	-4
637.353	1	4
637.523	1	-3
637.692	1	8
637.862	1	-10
638.031	1	11
638.201	1	7
638.370	1	10
638.540	1	-7
638.710	1	6
638.879	1	4
639.049	1	3
639.218	1	-3
639.388	1	2
639.557	1	5
639.727	1	4
639.896	1	7
640.066	1	11
640.235	1	10
640.405	1	-6
640.574	1	-2
640.744	1	4
640.914	1	-1
641.083	1	2
641.253	1	5
641.422	1	-5
641.592	1	-1
641.761	1	0
641.931	1	11
642.100	1	1
642.270	1	2
642.439	1	-5
642.609	1	4
642.778	1	7
642.948	1	-4
643.117	1	-6
643.287	1	5
643.456	1	1
643.626	1	4
643.795	1	8
643.965	1	-3
644.134	1	4
644.304	1	-4
644.473	1	3
644.643	1	4
644.812	1	12
644.982	1	4
645.151	1	3
645.321	1	1
645.490	1	15
645.660	1	-2
645.829	1	-10
645.999	1	-7
646.168	1	-2
646.338	1	5
646.507	1	3
646.677	1	5
646.846	1	17
647.016	1	1
647.185	1	-3
647.355	1	4
647.524	1	6
647.694	1	0
647.863	1	-10
648.033	1	-5
648.202	1	6
648.372	1	7
648.541	1	-2
648.711	1	12
648.880	1	-2
649.050	1	-1
649.219	1	4
649.389	1	5
649.558	1	-2
649.728	1	4
649.897	1	-2
650.067	1	0
650.236	1	5
650.406	1	11
650.575	1	4
650.745	1	-2
650.914	1	-1
651.084	1	-4
651.253	1	0
651.423	1	6
651.592	1	-1
651.762	1	8
651.931	1	3
652.101	1	-2
652.270	1	3
652.440	1	7
652.609	1	2
652.778	1	-6
652.948	1	1
653.117	1	-2
653.287	1	13
653.456	1	-1
653.626	1	10
653.795	1	8
653.965	1	4
654.134	1	7
654.304	1	-2
654.473	1	12
654.643	1	8
654.812	1	-4
654.982	1	-10
655.151	1	-2
655.320	1	-16
655.490	1	5
655.659	1	-4
655.829	1	5
655.998	1	11
656.168	1	-2
656.337	1	-11
656.507	1	11
656.676	1	-4
656.846	1	-12
657.015	1	5
657.184	1	6
657.354	1	7
657.523	1	4
657.693	1	5
657.862	1	-4
658.032	1	8
658.201	1	-12
658.371	1	-7
658.540	1	-3
658.709	1	-6
658.879	1	5
659.048	1	13
659.218	1	1
659.387	1	3
659.557	1	7
659.726	1	-7
659.895	1	4
660.065	1	-1
660.234	1	2
660.404	1	8
660.573	1	-6
660.743	1	-4
660.912	1	-5
661.081	1	4
661.251	1	9
661.420	1	2
661.590	1	5
661.759	1	3
661.929	1	-6
662.098	1	-13
662.267	1	8
662.437	1	3
662.606	1	5
662.776	1	4
662.945	1	7
663.115	1	3
663.284	1	0
663.453	1	2
663.623	1	-6
663.792	1	2
663.962	1	-7
664.131	1	-7
664.300	1	8
664.470	1	3
664.639	1	1
664.809	1	5
664.978	1	-6
665.148	1	0
665.317	1	-13
665.486	1	-14
665.656	1	-1
665.825	1	0
665.995	1	2
666.164	1	0
666.333	1	14
666.503	1	2
666.672	1	-7
666.842	1	-2
667.011	1	11
667.180	1	3
667.350	1	1
667.519	1	3
667.689	1	-7
667.858	1	4
668.027	1	-7
668.197	1	8
668.366	1	0
668.536	1	7
668.705	1	-2
668.874	1	1
669.044	1	-14
669.213	1	7
669.382	1	-2
669.552	1	6
669.721	1	0
669.891	1	7
670.060	1	-1
670.229	1	7
670.399	1	10
670.568	1	6
670.738	1	-11
670.907	1	-2
671.076	1	12
671.246	1	-1
671.415	1	0
671.584	1	-11
671.754	1	-6
671.923	1	-9
672.093	1	-1
672.262	1	9
672.431	1	-3
672.601	1	-4
672.770	1	10
672.939	1	2
673.109	1	2
673.278	1	-3
673.448	1	-3
673.617	1	6
673.786	1	-5
