325.333	1	-4
325.504	1	-4
325.675	1	3
325.846	1	-9
326.017	1	1
326.188	1	3
326.359	1	2
326.531	1	-8
326.702	1	-1
326.873	1	0
327.044	1	-6
327.215	1	-5
327.386	1	-3
327.557	1	-5
327.728	1	-1
327.899	1	-8
328.070	1	-2
328.241	1	-1
328.412	1	7
328.583	1	-10
328.754	1	-4
328.926	1	2
329.097	1	5
329.268	1	-1
329.439	1	-8
329.610	1	1
329.781	1	0
329.952	1	8
330.123	1	-3
330.294	1	6
330.465	1	3
330.636	1	0
330.807	1	6
330.978	1	0
331.149	1	-7
331.320	1	3
331.492	1	-2
331.663	1	-8
331.834	1	11
332.005	1	9
332.176	1	-8
332.347	1	5
332.518	1	9
332.689	1	-3
332.860	1	6
333.031	1	-5
333.202	1	-5
333.373	1	-11
333.544	1	-1
333.715	1	-2
333.886	1	2
334.057	1	-14
334.228	1	1
334.399	1	-3
334.570	1	-7
334.741	1	-15
334.912	1	-5
335.084	1	-12
335.255	1	-1
335.426	1	2
335.597	1	-7
335.768	1	-5
335.939	1	1
336.110	1	4
336.281	1	-16
336.452	1	-5
336.623	1	3
336.794	1	-11
336.965	1	-8
337.136	1	-7
337.307	1	7
337.478	1	2
337.649	1	-1
337.820	1	8
337.991	1	2
338.162	1	2
338.333	1	0
338.504	1	-4
338.675	1	-4
338.846	1	-1
339.017	1	0
339.188	1	-2
339.359	1	-1
339.530	1	-1
339.701	1	0
339.872	1	-6
340.043	1	2
340.214	1	-1
340.385	1	-2
340.556	1	4
340.727	1	0
340.898	1	-4
341.069	1	-2
341.240	1	-6
341.411	1	-1
341.582	1	0
341.753	1	-4
341.924	1	-7
342.095	1	-1
342.266	1	-1
342.437	1	2
342.608	1	2
342.779	1	-6
342.950	1	1
343.121	1	9
343.292	1	-3
343.463	1	-5
343.634	1	-6
343.805	1	5
343.976	1	0
344.147	1	1
344.318	1	2
344.489	1	-6
344.660	1	15
344.831	1	-6
345.002	1	-2
345.173	1	-6
345.344	1	-1
345.515	1	-3
345.686	1	-3
345.857	1	-2
346.028	1	-3
346.199	1	-16
346.370	1	0
346.541	1	-10
346.712	1	-4
346.883	1	2
347.054	1	0
347.225	1	-7
347.396	1	-7
347.567	1	-7
347.738	1	7
347.909	1	7
348.080	1	-7
348.251	1	2
348.422	1	0
348.593	1	-4
348.764	1	0
348.935	1	9
349.106	1	1
349.277	1	-5
349.448	1	-1
349.619	1	-5
349.790	1	-4
349.961	1	14
350.132	1	-7
350.303	1	-1
350.474	1	-4
350.645	1	-6
350.816	1	-12
350.987	1	-9
351.157	1	0
351.328	1	0
351.499	1	-9
351.670	1	8
351.841	1	7
352.012	1	-3
352.183	1	-6
352.354	1	3
352.525	1	-4
352.696	1	-8
352.867	1	0
353.038	1	10
353.209	1	4
353.380	1	2
353.551	1	3
353.722	1	0
353.893	1	-9
354.064	1	5
354.235	1	-3
354.406	1	-14
354.576	1	4
354.747	1	-6
354.918	1	-13
355.089	1	5
355.260	1	4
355.431	1	-3
355.602	1	12
355.773	1	4
355.944	1	-9
356.115	1	-10
356.286	1	-1
356.457	1	-15
356.628	1	3
356.799	1	-2
356.970	1	-7
357.141	1	-15
357.311	1	4
357.482	1	2
357.653	1	-6
357.824	1	-10
357.995	1	-5
358.166	1	-5
358.337	1	-3
358.508	1	4
358.679	1	7
358.850	1	-4
359.021	1	-7
359.192	1	7
359.363	1	1
359.533	1	-5
359.704	1	-5
359.875	1	3
360.046	1	0
360.217	1	1
360.388	1	6
360.559	1	8
360.730	1	-4
360.901	1	7
361.072	1	-6
361.243	1	2
361.414	1	2
361.584	1	6
361.755	1	8
361.926	1	6
362.097	1	-7
362.268	1	1
362.439	1	5
362.610	1	-6
362.781	1	2
362.952	1	1
363.123	1	6
363.293	1	-8
363.464	1	9
363.635	1	-2
363.806	1	-3
363.977	1	5
364.148	1	-1
364.319	1	-1
364.490	1	-6
364.661	1	9
364.832	1	0
365.002	1	7
365.173	1	5
365.344	1	2
365.515	1	-1
365.686	1	4
365.857	1	5
366.028	1	-7
366.199	1	6
366.370	1	6
366.540	1	6
366.711	1	13
366.882	1	2
367.053	1	6
367.224	1	4
367.395	1	8
367.566	1	6
367.737	1	-7
367.908	1	8
368.078	1	6
368.249	1	-2
368.420	1	3
368.591	1	6
368.762	1	-2
368.933	1	8
369.104	1	3
369.274	1	0
369.445	1	4
369.616	1	-4
369.787	1	7
369.958	1	-4
370.129	1	7
370.300	1	-3
370.471	1	8
370.641	1	-4
370.812	1	3
370.983	1	3
371.154	1	-4
371.325	1	-7
371.496	1	-3
371.667	1	3
371.837	1	-12
372.008	1	0
372.179	1	2
372.350	1	-7
372.521	1	4
372.692	1	-3
372.863	1	-1
373.033	1	-3
373.204	1	8
373.375	1	0
373.546	1	1
373.717	1	8
373.888	1	-3
374.059	1	10
374.229	1	-9
374.400	1	4
374.571	1	-8
374.742	1	1
374.913	1	1
375.084	1	-10
375.254	1	6
375.425	1	2
375.596	1	-12
375.767	1	3
375.938	1	10
376.109	1	-2
376.279	1	-5
376.450	1	3
376.621	1	7
376.792	1	-7
376.963	1	-1
377.134	1	-1
377.304	1	-1
377.475	1	8
377.646	1	0
377.817	1	3
377.988	1	-5
378.159	1	6
378.329	1	8
378.500	1	0
378.671	1	-2
378.842	1	-7
379.013	1	5
379.184	1	-2
379.354	1	0
379.525	1	8
379.696	1	-2
379.867	1	-1
380.038	1	-7
380.209	1	1
380.379	1	-8
380.550	1	-4
380.721	1	4
380.892	1	-2
381.063	1	5
381.233	1	1
381.404	1	-4
381.575	1	2
381.746	1	12
381.917	1	-5
382.087	1	-2
382.258	1	12
382.429	1	6
382.600	1	7
382.771	1	-10
382.941	1	5
383.112	1	7
383.283	1	3
383.454	1	2
383.625	1	-11
383.795	1	9
383.966	1	4
384.137	1	-3
384.308	1	11
384.479	1	8
384.649	1	5
384.820	1	3
384.991	1	7
385.162	1	0
385.333	1	11
385.503	1	5
385.674	1	6
385.845	1	14
386.016	1	5
386.187	1	5
386.357	1	9
386.528	1	12
386.699	1	15
386.870	1	11
387.041	1	-4
387.211	1	0
387.382	1	2
387.553	1	13
387.724	1	-6
387.894	1	18
388.065	1	8
388.236	1	12
388.407	1	7
388.578	1	9
388.748	1	12
388.919	1	1
389.090	1	12
389.261	1	-14
389.431	1	3
389.602	1	10
389.773	1	6
389.944	1	6
390.114	1	13
390.285	1	2
390.456	1	5
390.627	1	3
390.798	1	7
390.968	1	-4
391.139	1	-4
391.310	1	11
391.481	1	9
391.651	1	14
391.822	1	8
391.993	1	4
392.164	1	-1
392.334	1	14
392.505	1	10
392.676	1	2
392.847	1	11
393.017	1	5
393.188	1	8
393.359	1	5
393.530	1	6
393.700	1	8
393.871	1	4
394.042	1	15
394.213	1	9
394.383	1	9
394.554	1	5
394.725	1	12
394.896	1	3
395.066	1	6
395.237	1	16
395.408	1	9
395.579	1	15
395.749	1	6
395.920	1	6
396.091	1	3
396.262	1	9
396.432	1	-7
396.603	1	10
396.774	1	5
396.945	1	14
397.115	1	9
397.286	1	5
397.457	1	4
397.627	1	4
397.798	1	-4
397.969	1	5
398.140	1	2
398.310	1	15
398.481	1	0
398.652	1	11
398.823	1	17
398.993	1	-5
399.164	1	11
399.335	1	5
399.505	1	6
399.676	1	13
399.847	1	5
400.018	1	19
400.188	1	12
400.359	1	2
400.530	1	3
400.700	1	6
400.871	1	5
401.042	1	4
401.213	1	-9
401.383	1	9
401.554	1	11
401.725	1	-1
401.895	1	13
402.066	1	6
402.237	1	6
402.408	1	12
402.578	1	8
402.749	1	-7
402.920	1	-2
403.090	1	-2
403.261	1	-2
403.432	1	3
403.603	1	0
403.773	1	9
403.944	1	14
404.115	1	-6
404.285	1	-4
404.456	1	3
404.627	1	9
404.797	1	20
404.968	1	-3
405.139	1	10
405.310	1	4
405.480	1	9
405.651	1	0
405.822	1	19
405.992	1	-2
406.163	1	13
406.334	1	10
406.504	1	-4
406.675	1	4
406.846	1	5
407.016	1	4
407.187	1	-2
407.358	1	-1
407.528	1	9
407.699	1	12
407.870	1	11
408.041	1	1
408.211	1	2
408.382	1	6
408.553	1	11
408.723	1	4
408.894	1	-14
409.065	1	11
409.235	1	1
409.406	1	3
409.577	1	11
409.747	1	-1
409.918	1	3
410.089	1	12
410.259	1	-5
410.430	1	6
410.601	1	-1
410.771	1	4
410.942	1	5
411.113	1	-3
411.283	1	6
411.454	1	2
411.625	1	-4
411.795	1	5
411.966	1	-2
412.137	1	1
412.307	1	-1
412.478	1	11
412.649	1	13
412.819	1	11
412.990	1	7
413.161	1	-2
413.331	1	-13
413.502	1	10
413.672	1	-2
413.843	1	6
414.014	1	-1
414.184	1	-5
414.355	1	-4
414.526	1	1
414.696	1	-2
414.867	1	7
415.038	1	4
415.208	1	2
415.379	1	10
415.550	1	4
415.720	1	11
415.891	1	5
416.062	1	6
416.232	1	1
416.403	1	7
416.573	1	4
416.744	1	2
416.915	1	4
417.085	1	2
417.256	1	6
417.427	1	3
417.597	1	-7
417.768	1	3
417.939	1	-7
418.109	1	-1
418.280	1	3
418.450	1	3
418.621	1	-2
418.792	1	4
418.962	1	-5
419.133	1	-2
419.304	1	8
419.474	1	0
419.645	1	10
419.815	1	2
419.986	1	1
420.157	1	13
420.327	1	7
420.498	1	12
420.669	1	-2
420.839	1	2
421.010	1	5
421.180	1	-5
421.351	1	7
421.522	1	5
421.692	1	-4
421.863	1	-1
422.033	1	-11
422.204	1	-16
422.375	1	-6
422.545	1	0
422.716	1	-7
422.886	1	15
423.057	1	4
423.228	1	-8
423.398	1	6
423.569	1	-1
423.740	1	-8
423.910	1	-12
424.081	1	1
424.251	1	-2
424.422	1	-5
424.593	1	11
424.763	1	4
424.934	1	-1
425.104	1	4
425.275	1	-13
425.445	1	-12
425.616	1	2
425.787	1	-9
425.957	1	15
426.128	1	-6
426.298	1	1
426.469	1	2
426.640	1	-3
426.810	1	5
426.981	1	-2
427.151	1	-7
427.322	1	1
427.493	1	0
427.663	1	-7
427.834	1	-1
428.004	1	3
428.175	1	-5
428.345	1	12
428.516	1	6
428.687	1	-1
428.857	1	-1
429.028	1	-6
429.198	1	-12
429.369	1	3
429.540	1	5
429.710	1	-3
429.881	1	10
430.051	1	5
430.222	1	-4
430.392	1	3
430.563	1	2
430.734	1	-2
430.904	1	-3
431.075	1	3
431.245	1	3
431.416	1	2
431.586	1	-1
431.757	1	19
431.927	1	1
432.098	1	0
432.269	1	-1
432.439	1	-6
432.610	1	-8
432.780	1	-5
432.951	1	2
433.121	1	-1
433.292	1	-1
433.462	1	-2
433.633	1	-15
433.804	1	-3
433.974	1	-12
434.145	1	9
434.315	1	11
434.486	1	8
434.656	1	-5
434.827	1	-5
434.997	1	0
435.168	1	-3
435.339	1	3
435.509	1	5
435.680	1	3
435.850	1	3
436.021	1	10
436.191	1	-11
436.362	1	-1
436.532	1	5
436.703	1	0
436.873	1	0
437.044	1	4
437.214	1	-3
437.385	1	-1
437.556	1	-3
437.726	1	-4
437.897	1	1
438.067	1	5
438.238	1	-5
438.408	1	3
438.579	1	2
438.749	1	7
438.920	1	2
439.090	1	9
439.261	1	1
439.431	1	3
439.602	1	-3
439.772	1	1
439.943	1	0
440.113	1	-6
440.284	1	5
440.455	1	-8
440.625	1	4
440.796	1	7
440.966	1	7
441.137	1	-9
441.307	1	-3
441.478	1	4
441.648	1	-5
441.819	1	5
441.989	1	-4
442.160	1	5
442.330	1	7
442.501	1	-7
442.671	1	-1
442.842	1	9
443.012	1	-1
443.183	1	-3
443.353	1	1
443.524	1	5
443.694	1	6
443.865	1	-5
444.035	1	-4
444.206	1	4
444.376	1	5
444.547	1	-3
444.717	1	11
444.888	1	-11
445.058	1	4
445.229	1	3
445.399	1	-5
445.570	1	5
445.740	1	-3
445.911	1	4
446.081	1	0
446.252	1	-12
446.422	1	1
446.593	1	1
446.763	1	3
446.934	1	2
447.104	1	-7
447.275	1	-5
447.445	1	-7
447.616	1	-2
447.786	1	7
447.957	1	-1
448.127	1	1
448.298	1	0
448.468	1	-1
448.639	1	-4
448.809	1	-3
448.979	1	6
449.150	1	6
449.320	1	7
449.491	1	-2
449.661	1	3
449.832	1	0
450.002	1	-3
450.173	1	-5
450.343	1	0
450.514	1	-4
450.684	1	4
450.855	1	-3
451.025	1	4
451.196	1	2
451.366	1	2
451.537	1	-7
451.707	1	7
451.878	1	0
452.048	1	-4
452.218	1	0
452.389	1	-7
452.559	1	0
452.730	1	7
452.900	1	1
453.071	1	1
453.241	1	-9
453.412	1	-9
453.582	1	3
453.753	1	4
453.923	1	-2
454.093	1	9
454.264	1	-4
454.434	1	11
454.605	1	5
454.775	1	7
454.946	1	-5
455.116	1	-8
455.287	1	12
455.457	1	-10
455.628	1	-12
455.798	1	-8
455.968	1	-1
456.139	1	-1
456.309	1	2
456.480	1	-4
456.650	1	5
456.821	1	1
456.991	1	-2
457.161	1	-3
457.332	1	-1
457.502	1	-3
457.673	1	-5
457.843	1	3
458.014	1	-1
458.184	1	7
458.355	1	11
458.525	1	-3
458.695	1	-5
458.866	1	-6
459.036	1	7
459.207	1	-2
459.377	1	4
459.548	1	-4
459.718	1	-5
459.888	1	2
460.059	1	1
460.229	1	3
460.400	1	-7
460.570	1	-3
460.740	1	-16
460.911	1	10
461.081	1	-5
461.252	1	-3
461.422	1	0
461.593	1	-1
461.763	1	6
461.933	1	-7
462.104	1	0
462.274	1	1
462.445	1	-1
462.615	1	-8
462.785	1	-12
462.956	1	-4
463.126	1	-10
463.297	1	-5
463.467	1	-3
463.638	1	2
463.808	1	12
463.978	1	-6
464.149	1	-2
464.319	1	-6
464.490	1	-2
464.660	1	0
464.830	1	-5
465.001	1	7
465.171	1	4
465.342	1	-3
465.512	1	5
465.682	1	3
465.853	1	-6
466.023	1	4
466.194	1	3
466.364	1	-3
466.534	1	0
466.705	1	10
466.875	1	0
467.045	1	2
467.216	1	-10
467.386	1	-3
467.557	1	12
467.727	1	-7
467.897	1	1
468.068	1	4
468.238	1	-18
468.409	1	6
468.579	1	10
468.749	1	0
468.920	1	1
469.090	1	7
469.260	1	0
469.431	1	0
469.601	1	-2
469.772	1	-12
469.942	1	3
470.112	1	2
470.283	1	15
470.453	1	-3
470.623	1	1
470.794	1	1
470.964	1	-6
471.135	1	-13
471.305	1	4
471.475	1	-4
471.646	1	-7
471.816	1	-7
471.986	1	3
472.157	1	6
472.327	1	-2
472.497	1	-7
472.668	1	-5
472.838	1	3
473.009	1	1
473.179	1	-2
473.349	1	2
473.520	1	8
473.690	1	7
473.860	1	5
474.031	1	5
474.201	1	-9
474.371	1	5
474.542	1	-3
474.712	1	5
474.882	1	3
475.053	1	-6
475.223	1	-5
475.394	1	1
475.564	1	7
475.734	1	-9
475.905	1	4
476.075	1	-9
476.245	1	-6
476.416	1	-6
476.586	1	0
476.756	1	4
476.927	1	11
477.097	1	-7
477.267	1	-3
477.438	1	-4
477.608	1	0
477.778	1	1
477.949	1	-4
478.119	1	0
478.289	1	1
478.460	1	-1
478.630	1	-3
478.800	1	-1
478.971	1	-1
479.141	1	1
479.311	1	0
479.482	1	-10
479.652	1	8
479.822	1	-1
479.993	1	8
480.163	1	-17
480.333	1	-3
480.504	1	2
480.674	1	1
480.844	1	2
481.015	1	-12
481.185	1	9
481.355	1	2
481.525	1	-9
481.696	1	-4
481.866	1	-3
482.036	1	-10
482.207	1	2
482.377	1	-1
482.547	1	-2
482.718	1	15
482.888	1	-7
483.058	1	-9
483.229	1	-5
483.399	1	4
483.569	1	-2
483.740	1	-8
483.910	1	4
484.080	1	-9
484.250	1	2
484.421	1	-3
484.591	1	14
484.761	1	-5
484.932	1	2
485.102	1	6
485.272	1	3
485.443	1	4
485.613	1	-11
485.783	1	8
485.953	1	-3
486.124	1	-1
486.294	1	5
486.464	1	-3
486.635	1	7
486.805	1	16
486.975	1	-6
487.146	1	2
487.316	1	5
487.486	1	-2
487.656	1	-8
487.827	1	-1
487.997	1	0
488.167	1	6
488.338	1	7
488.508	1	9
488.678	1	6
488.848	1	-8
489.019	1	-6
489.189	1	-6
489.359	1	-5
489.529	1	2
489.700	1	3
489.870	1	-10
490.040	1	-3
490.211	1	11
490.381	1	-7
490.551	1	-4
490.721	1	3
490.892	1	11
491.062	1	7
491.232	1	8
491.402	1	-5
491.573	1	3
491.743	1	-10
491.913	1	1
492.084	1	5
492.254	1	3
492.424	1	-6
492.594	1	3
492.765	1	3
492.935	1	-6
493.105	1	7
493.275	1	0
493.446	1	-1
493.616	1	5
493.786	1	1
493.956	1	4
494.127	1	-9
494.297	1	-4
494.467	1	6
494.637	1	1
494.808	1	1
494.978	1	9
495.148	1	9
495.318	1	18
495.489	1	2
495.659	1	5
495.829	1	5
495.999	1	7
496.170	1	-6
496.340	1	6
496.510	1	-3
496.680	1	2
496.851	1	4
497.021	1	-6
497.191	1	-2
497.361	1	3
497.532	1	5
497.702	1	-10
497.872	1	0
498.042	1	5
498.213	1	7
498.383	1	-1
498.553	1	2
498.723	1	10
498.894	1	5
499.064	1	13
499.234	1	4
499.404	1	2
499.574	1	-5
499.745	1	-2
499.915	1	6
500.085	1	-8
500.255	1	1
500.426	1	-8
500.596	1	-3
500.766	1	3
500.936	1	0
501.106	1	-1
501.277	1	2
501.447	1	-1
501.617	1	-6
501.787	1	-12
501.958	1	1
502.128	1	-12
502.298	1	1
502.468	1	6
502.638	1	8
502.809	1	9
502.979	1	0
503.149	1	2
503.319	1	2
503.489	1	7
503.660	1	0
503.830	1	6
504.000	1	-8
504.170	1	0
504.340	1	6
504.511	1	2
504.681	1	3
504.851	1	0
505.021	1	-2
505.192	1	-1
505.362	1	-1
505.532	1	-2
505.702	1	2
505.872	1	-1
506.043	1	2
506.213	1	7
506.383	1	-8
506.553	1	7
506.723	1	1
506.893	1	2
507.064	1	-3
507.234	1	7
507.404	1	-2
507.574	1	-1
507.744	1	-8
507.915	1	0
508.085	1	8
508.255	1	5
508.425	1	5
508.595	1	-2
508.766	1	-1
508.936	1	9
509.106	1	-5
509.276	1	11
509.446	1	-15
509.616	1	6
509.787	1	0
509.957	1	-6
510.127	1	16
510.297	1	7
510.467	1	-11
510.638	1	-3
510.808	1	-3
510.978	1	-8
511.148	1	9
511.318	1	3
511.488	1	-2
511.659	1	2
511.829	1	-3
511.999	1	15
512.169	1	1
512.339	1	4
512.509	1	1
512.680	1	2
512.850	1	-3
513.020	1	6
513.190	1	-8
513.360	1	3
513.530	1	-8
513.700	1	4
513.871	1	6
514.041	1	-7
514.211	1	-8
514.381	1	-4
514.551	1	0
514.721	1	10
514.892	1	10
515.062	1	8
515.232	1	-2
515.402	1	-3
515.572	1	-1
515.742	1	6
515.912	1	5
516.083	1	3
516.253	1	3
516.423	1	11
516.593	1	-7
516.763	1	-4
516.933	1	4
517.104	1	4
517.274	1	7
517.444	1	0
517.614	1	-1
517.784	1	-1
517.954	1	-1
518.124	1	7
518.294	1	8
518.465	1	6
518.635	1	-2
518.805	1	1
518.975	1	6
519.145	1	11
519.315	1	6
519.485	1	-15
519.656	1	6
519.826	1	5
519.996	1	9
520.166	1	7
520.336	1	1
520.506	1	11
520.676	1	-1
520.846	1	-4
521.017	1	-6
521.187	1	1
521.357	1	-10
521.527	1	1
521.697	1	5
521.867	1	8
522.037	1	2
522.207	1	4
522.377	1	8
522.548	1	-3
522.718	1	-7
522.888	1	-4
523.058	1	16
523.228	1	10
523.398	1	8
523.568	1	1
523.738	1	1
523.909	1	15
524.079	1	3
524.249	1	8
524.419	1	1
524.589	1	10
524.759	1	-6
524.929	1	7
525.099	1	8
525.269	1	5
525.439	1	5
525.610	1	1
525.780	1	12
525.950	1	-3
526.120	1	4
526.290	1	-9
526.460	1	14
526.630	1	7
526.800	1	9
526.970	1	0
527.140	1	-9
527.311	1	8
527.481	1	7
527.651	1	12
527.821	1	-2
527.991	1	6
528.161	1	2
528.331	1	3
528.501	1	-2
528.671	1	6
528.841	1	9
529.011	1	-4
529.181	1	4
529.352	1	6
529.522	1	8
529.692	1	7
529.862	1	11
530.032	1	2
530.202	1	0
530.372	1	-9
530.542	1	7
530.712	1	12
530.882	1	-8
531.052	1	2
531.222	1	-6
531.392	1	5
531.563	1	4
531.733	1	2
531.903	1	5
532.073	1	4
532.243	1	5
532.413	1	10
532.583	1	0
532.753	1	5
532.923	1	5
533.093	1	2
533.263	1	-3
533.433	1	14
533.603	1	2
533.773	1	-2
533.943	1	2
534.113	1	1
534.284	1	7
534.454	1	-4
534.624	1	6
534.794	1	4
534.964	1	-9
535.134	1	-3
535.304	1	12
535.474	1	9
535.644	1	10
535.814	1	6
535.984	1	-1
536.154	1	2
536.324	1	4
536.494	1	4
536.664	1	6
536.834	1	6
537.004	1	12
537.174	1	11
537.344	1	5
537.514	1	7
537.685	1	6
537.855	1	4
538.025	1	3
538.195	1	7
538.365	1	13
538.535	1	15
538.705	1	6
538.875	1	-1
539.045	1	8
539.215	1	-8
539.385	1	-6
539.555	1	-7
539.725	1	3
539.895	1	6
540.065	1	0
540.235	1	-2
540.405	1	1
540.575	1	9
540.745	1	5
540.915	1	3
541.085	1	-8
541.255	1	-9
541.425	1	0
541.595	1	-2
541.765	1	-1
541.935	1	3
542.105	1	12
542.275	1	1
542.445	1	16
542.615	1	4
542.785	1	3
542.955	1	1
543.125	1	1
543.295	1	6
543.465	1	9
543.635	1	-8
543.805	1	8
543.975	1	8
544.145	1	6
544.315	1	3
544.485	1	-8
544.655	1	14
544.825	1	8
544.995	1	7
545.165	1	5
545.335	1	7
545.505	1	-2
545.675	1	4
545.845	1	-3
546.015	1	-2
546.185	1	0
546.355	1	9
546.525	1	10
546.695	1	-3
546.865	1	-5
547.035	1	6
547.205	1	-6
547.375	1	6
547.545	1	8
547.715	1	1
547.885	1	2
548.055	1	-2
548.225	1	-9
548.395	1	9
548.565	1	14
548.735	1	8
548.905	1	-4
549.075	1	6
549.245	1	6
549.415	1	1
549.585	1	-3
549.755	1	3
549.925	1	7
550.095	1	4
550.265	1	-5
550.435	1	13
550.605	1	3
550.775	1	-6
550.945	1	11
551.115	1	-6
551.285	1	2
551.455	1	-3
551.625	1	-2
551.795	1	7
551.965	1	8
552.135	1	1
552.305	1	4
552.475	1	-1
552.645	1	6
552.815	1	1
552.985	1	0
553.155	1	9
553.325	1	16
553.495	1	4
553.665	1	0
553.835	1	1
554.004	1	5
554.174	1	4
554.344	1	-2
554.514	1	3
554.684	1	2
554.854	1	2
555.024	1	7
555.194	1	10
555.364	1	7
555.534	1	-3
555.704	1	5
555.874	1	-11
556.044	1	4
556.214	1	-5
556.384	1	2
556.554	1	-1
556.724	1	-11
556.894	1	12
557.064	1	5
557.234	1	6
557.404	1	-2
557.573	1	9
557.743	1	3
557.913	1	5
558.083	1	-11
558.253	1	1
558.423	1	-11
558.593	1	2
558.763	1	-1
558.933	1	3
559.103	1	-5
559.273	1	0
559.443	1	7
559.613	1	10
559.783	1	-1
559.953	1	1
560.122	1	-3
560.292	1	6
560.462	1	-7
560.632	1	2
560.802	1	-3
560.972	1	15
561.142	1	6
561.312	1	-3
561.482	1	3
561.652	1	5
561.822	1	-2
561.992	1	10
562.162	1	7
562.331	1	-6
562.501	1	2
562.671	1	4
562.841	1	-4
563.011	1	10
563.181	1	14
563.351	1	-6
563.521	1	1
563.691	1	4
563.861	1	14
564.031	1	7
564.201	1	1
564.370	1	6
564.540	1	9
564.710	1	1
564.880	1	0
565.050	1	0
565.220	1	3
565.390	1	0
565.560	1	8
565.730	1	-3
565.900	1	7
566.069	1	9
566.239	1	-6
566.409	1	1
566.579	1	3
566.749	1	8
566.919	1	7
567.089	1	0
567.259	1	6
567.429	1	0
567.599	1	2
567.768	1	11
567.938	1	3
568.108	1	1
568.278	1	-12
568.448	1	-5
568.618	1	-3
568.788	1	-4
568.958	1	5
569.128	1	-8
569.297	1	11
569.467	1	-2
569.637	1	-1
569.807	1	-3
569.977	1	-4
570.147	1	2
570.317	1	23
570.487	1	5
570.656	1	-1
570.826	1	3
570.996	1	-3
571.166	1	-4
571.336	1	1
571.506	1	1
571.676	1	10
571.846	1	5
572.015	1	-8
572.185	1	-2
572.355	1	16
572.525	1	2
572.695	1	-1
572.865	1	1
573.035	1	5
573.205	1	7
573.374	1	-4
573.544	1	-1
573.714	1	10
573.884	1	-4
574.054	1	4
574.224	1	2
574.394	1	-2
574.563	1	6
574.733	1	-6
574.903	1	6
575.073	1	0
575.243	1	-13
575.413	1	1
575.583	1	2
575.752	1	-7
575.922	1	2
576.092	1	9
576.262	1	0
576.432	1	-9
576.602	1	3
576.772	1	2
576.941	1	-3
577.111	1	5
577.281	1	-8
577.451	1	1
577.621	1	-3
577.791	1	1
577.960	1	-7
578.130	1	-2
578.300	1	1
578.470	1	4
578.640	1	-10
578.810	1	-4
578.979	1	5
579.149	1	-5
579.319	1	0
579.489	1	0
579.659	1	-3
579.829	1	5
579.998	1	4
580.168	1	2
580.338	1	-7
580.508	1	-5
580.678	1	-2
580.848	1	8
581.017	1	0
581.187	1	4
581.357	1	-1
581.527	1	6
581.697	1	-6
581.867	1	2
582.036	1	10
582.206	1	-7
582.376	1	8
582.546	1	3
582.716	1	4
582.885	1	3
583.055	1	6
583.225	1	-3
583.395	1	-3
583.565	1	6
583.735	1	-6
583.904	1	-2
584.074	1	6
584.244	1	5
584.414	1	4
584.584	1	6
584.753	1	4
584.923	1	-3
585.093	1	2
585.263	1	0
585.433	1	3
585.602	1	3
585.772	1	-6
585.942	1	1
586.112	1	4
586.282	1	-4
586.451	1	7
586.621	1	-3
586.791	1	-8
586.961	1	-5
587.131	1	-3
587.300	1	-8
587.470	1	-1
587.640	1	5
587.810	1	9
587.980	1	8
588.149	1	2
588.319	1	-1
588.489	1	-4
588.659	1	-7
588.829	1	-2
588.998	1	-9
589.168	1	4
589.338	1	1
589.508	1	2
589.677	1	2
589.847	1	1
590.017	1	-11
590.187	1	5
590.357	1	-9
590.526	1	-1
590.696	1	0
590.866	1	6
591.036	1	7
591.205	1	5
591.375	1	-3
591.545	1	2
591.715	1	-8
591.885	1	-2
592.054	1	0
592.224	1	3
592.394	1	-3
592.564	1	-12
592.733	1	-7
592.903	1	5
593.073	1	2
593.243	1	-3
593.412	1	-6
593.582	1	12
593.752	1	-4
593.922	1	-8
594.091	1	15
594.261	1	13
594.431	1	6
594.601	1	-19
594.771	1	-2
594.940	1	-1
595.110	1	2
595.280	1	-4
595.450	1	1
595.619	1	-1
595.789	1	6
595.959	1	5
596.129	1	-2
596.298	1	2
596.468	1	1
596.638	1	3
596.808	1	12
596.977	1	-3
597.147	1	7
597.317	1	0
597.487	1	-3
597.656	1	-1
597.826	1	5
597.996	1	1
598.166	1	-4
598.335	1	-2
598.505	1	-1
598.675	1	0
598.844	1	2
599.014	1	6
599.184	1	-10
599.354	1	-6
599.523	1	-5
599.693	1	3
599.863	1	1
600.033	1	-7
600.202	1	-6
600.372	1	-7
600.542	1	0
600.712	1	2
600.881	1	-2
601.051	1	3
601.221	1	-2
601.390	1	-10
601.560	1	-6
601.730	1	5
601.900	1	-4
602.069	1	-10
602.239	1	1
602.409	1	-8
602.578	1	-5
602.748	1	-10
602.918	1	-6
603.088	1	1
603.257	1	4
603.427	1	1
603.597	1	14
603.767	1	-9
603.936	1	6
604.106	1	8
604.276	1	8
604.445	1	1
604.615	1	2
604.785	1	3
604.954	1	-2
605.124	1	-9
605.294	1	7
605.464	1	-4
605.633	1	7
605.803	1	4
605.973	1	-5
606.142	1	-1
606.312	1	-8
606.482	1	-7
606.652	1	-7
606.821	1	-4
606.991	1	4
607.161	1	8
607.330	1	5
607.500	1	-2
607.670	1	-4
607.839	1	1
608.009	1	-18
608.179	1	-6
608.348	1	0
608.518	1	0
608.688	1	-2
608.858	1	-3
609.027	1	6
609.197	1	-10
609.367	1	-17
609.536	1	1
609.706	1	-1
609.876	1	-6
610.045	1	-6
610.215	1	-1
610.385	1	1
610.554	1	-3
610.724	1	4
610.894	1	10
611.063	1	9
611.233	1	-2
611.403	1	9
611.572	1	4
611.742	1	-10
611.912	1	-2
612.081	1	-2
612.251	1	-6
612.421	1	8
612.590	1	-4
612.760	1	2
612.930	1	-2
613.099	1	-13
613.269	1	-6
613.439	1	3
613.608	1	10
613.778	1	-7
613.948	1	11
614.117	1	11
614.287	1	0
614.457	1	-1
614.626	1	-2
614.796	1	10
614.966	1	4
615.135	1	-5
615.305	1	-3
615.475	1	6
615.644	1	-7
615.814	1	3
615.984	1	4
616.153	1	-1
616.323	1	-3
616.493	1	-8
616.662	1	-1
616.832	1	7
617.002	1	-8
617.171	1	-13
617.341	1	-8
617.511	1	-2
617.680	1	-2
617.850	1	5
618.019	1	3
618.189	1	-11
618.359	1	5
618.528	1	-8
618.698	1	-7
618.868	1	4
619.037	1	7
619.207	1	-9
619.377	1	-7
619.546	1	7
619.716	1	-6
619.885	1	-2
620.055	1	9
620.225	1	2
620.394	1	-6
620.564	1	-2
620.734	1	-2
620.903	1	-3
621.073	1	-12
621.242	1	-10
621.412	1	7
621.582	1	-4
621.751	1	-4
621.921	1	1
622.091	1	-1
622.260	1	-2
622.430	1	-4
622.599	1	3
622.769	1	1
622.939	1	-9
623.108	1	-7
623.278	1	-1
623.448	1	-5
623.617	1	7
623.787	1	-3
623.956	1	0
624.126	1	0
624.296	1	-5
624.465	1	13
624.635	1	-2
624.804	1	-4
624.974	1	-6
625.144	1	-5
625.313	1	3
625.483	1	2
625.652	1	1
625.822	1	4
625.992	1	-6
626.161	1	4
626.331	1	1
626.501	1	5
626.670	1	1
626.840	1	1
627.009	1	-8
627.179	1	2
627.348	1	-3
627.518	1	1
627.688	1	-4
627.857	1	7
628.027	1	0
628.196	1	-6
628.366	1	6
628.536	1	-2
628.705	1	0
628.875	1	2
629.044	1	8
629.214	1	5
629.384	1	-5
629.553	1	-1
629.723	1	0
629.892	1	-4
630.062	1	-2
630.232	1	0
630.401	1	-6
630.571	1	-2
630.740	1	5
630.910	1	-9
631.079	1	19
631.249	1	-8
631.419	1	1
631.588	1	-9
631.758	1	3
631.927	1	-2
632.097	1	-1
632.266	1	-4
632.436	1	-2
632.606	1	1
632.775	1	-4
632.945	1	-1
633.114	1	11
633.284	1	-3
633.453	1	-2
633.623	1	-9
633.793	1	-7
633.962	1	-2
634.132	1	7
634.301	1	-4
634.471	1	-7
634.640	1	4
634.810	1	12
634.979	1	1
635.149	1	8
635.319	1	5
635.488	1	8
635.658	1	-7
635.827	1	5
635.997	1	4
636.166	1	1
636.336	1	7
636.505	1	-3
636.675	1	0
636.845	1	6
637.014	1	-3
637.184	1	-1
637.353	1	4
637.523	1	-3
637.692	1	-6
637.862	1	-14
638.031	1	14
638.201	1	6
638.370	1	-7
638.540	1	9
638.710	1	-5
638.879	1	4
639.049	1	2
639.218	1	1
639.388	1	2
639.557	1	0
639.727	1	1
639.896	1	4
640.066	1	4
640.235	1	6
640.405	1	-1
640.574	1	-5
640.744	1	3
640.914	1	-5
641.083	1	-3
641.253	1	-2
641.422	1	1
641.592	1	-3
641.761	1	0
641.931	1	4
642.100	1	-3
642.270	1	-8
642.439	1	6
642.609	1	2
642.778	1	-7
642.948	1	4
643.117	1	-3
643.287	1	0
643.456	1	3
643.626	1	5
643.795	1	6
643.965	1	-1
644.134	1	-2
644.304	1	-3
644.473	1	2
644.643	1	8
644.812	1	8
644.982	1	4
645.151	1	-4
645.321	1	14
645.490	1	9
645.660	1	-5
645.829	1	-8
645.999	1	-4
646.168	1	-7
646.338	1	2
646.507	1	0
646.677	1	-10
646.846	1	4
647.016	1	-3
647.185	1	2
647.355	1	-4
647.524	1	8
647.694	1	-5
647.863	1	-7
648.033	1	-13
648.202	1	-4
648.372	1	0
648.541	1	-1
648.711	1	4
648.880	1	6
649.050	1	-5
649.219	1	3
649.389	1	-2
649.558	1	-5
649.728	1	4
649.897	1	0
650.067	1	-7
650.236	1	0
650.406	1	3
650.575	1	-6
650.745	1	-13
650.914	1	-8
651.084	1	-10
651.253	1	-2
651.423	1	3
651.592	1	2
651.762	1	-3
651.931	1	0
652.101	1	-2
652.270	1	-1
652.440	1	1
652.609	1	4
652.778	1	8
652.948	1	1
653.117	1	-3
653.287	1	11
653.456	1	0
653.626	1	4
653.795	1	3
653.965	1	14
654.134	1	0
654.304	1	4
654.473	1	4
654.643	1	6
654.812	1	1
654.982	1	-8
655.151	1	-3
655.320	1	-2
655.490	1	6
655.659	1	-4
655.829	1	5
655.998	1	4
656.168	1	-14
656.337	1	-4
656.507	1	9
656.676	1	-4
656.846	1	-10
657.015	1	-7
657.184	1	-3
657.354	1	-7
657.523	1	-7
657.693	1	-1
657.862	1	2
658.032	1	3
658.201	1	5
658.371	1	-8
658.540	1	-7
658.709	1	-9
658.879	1	-2
659.048	1	1
659.218	1	-6
659.387	1	-7
659.557	1	0
659.726	1	-7
659.895	1	2
660.065	1	2
660.234	1	-8
660.404	1	4
660.573	1	-6
660.743	1	-2
660.912	1	-8
661.081	1	4
661.251	1	3
661.420	1	-5
661.590	1	6
661.759	1	3
661.929	1	2
662.098	1	-20
662.267	1	7
662.437	1	2
662.606	1	2
662.776	1	3
662.945	1	3
663.115	1	-8
663.284	1	-9
663.453	1	1
663.623	1	2
663.792	1	-6
663.962	1	-14
664.131	1	1
664.300	1	-6
664.470	1	2
664.639	1	-1
664.809	1	-1
664.978	1	-2
665.148	1	-1
665.317	1	-9
665.486	1	-14
665.656	1	0
665.825	1	-5
665.995	1	12
666.164	1	-3
666.333	1	5
666.503	1	11
666.672	1	-11
666.842	1	-2
667.011	1	-7
667.180	1	-5
667.350	1	11
667.519	1	-4
667.689	1	-5
667.858	1	7
668.027	1	0
668.197	1	9
668.366	1	3
668.536	1	-16
668.705	1	-5
668.874	1	0
669.044	1	-6
669.213	1	-2
669.382	1	-2
669.552	1	8
669.721	1	-12
669.891	1	4
670.060	1	4
670.229	1	-4
670.399	1	8
670.568	1	1
670.738	1	-13
670.907	1	-5
671.076	1	14
671.246	1	-3
671.415	1	1
671.584	1	-5
671.754	1	-11
671.923	1	-9
672.093	1	-2
672.262	1	1
672.431	1	5
672.601	1	-9
672.770	1	3
672.939	1	-8
673.109	1	-5
673.278	1	8
673.448	1	-3
673.617	1	-3
673.786	1	-4
