340.368	1	-2
340.539	1	-1
340.710	1	-9
340.881	1	3
341.052	1	-5
341.223	1	13
341.394	1	-2
341.565	1	-5
341.737	1	1
341.908	1	4
342.079	1	-3
342.250	1	-4
342.421	1	-4
342.592	1	-11
342.763	1	-6
342.934	1	0
343.105	1	8
343.276	1	-1
343.447	1	8
343.618	1	-3
343.789	1	4
343.960	1	8
344.131	1	-11
344.302	1	-1
344.473	1	-1
344.644	1	-4
344.815	1	2
344.986	1	-2
345.157	1	9
345.328	1	5
345.499	1	-6
345.670	1	8
345.841	1	12
346.012	1	1
346.183	1	-2
346.354	1	0
346.526	1	6
346.697	1	4
346.868	1	3
347.039	1	9
347.210	1	5
347.381	1	7
347.552	1	2
347.723	1	7
347.894	1	-1
348.065	1	2
348.236	1	4
348.407	1	5
348.578	1	1
348.749	1	8
348.920	1	3
349.091	1	14
349.262	1	0
349.433	1	-7
349.604	1	10
349.775	1	6
349.946	1	10
350.117	1	4
350.288	1	0
350.459	1	6
350.630	1	-17
350.801	1	5
350.972	1	4
351.143	1	-12
351.314	1	-8
351.485	1	1
351.656	1	-1
351.827	1	-6
351.998	1	-10
352.169	1	11
352.340	1	-6
352.511	1	1
352.682	1	5
352.853	1	0
353.024	1	-7
353.195	1	-5
353.366	1	-3
353.537	1	-10
353.708	1	9
353.879	1	9
354.050	1	2
354.221	1	-2
354.392	1	16
354.563	1	12
354.734	1	6
354.905	1	8
355.076	1	6
355.247	1	-4
355.418	1	-3
355.589	1	-1
355.760	1	-4
355.931	1	6
356.102	1	-4
356.273	1	2
356.444	1	9
356.615	1	-4
356.785	1	10
356.956	1	-6
357.127	1	2
357.298	1	6
357.469	1	7
357.640	1	10
357.811	1	13
357.982	1	6
358.153	1	9
358.324	1	-4
358.495	1	-1
358.666	1	-5
358.837	1	1
359.008	1	-3
359.179	1	2
359.350	1	-3
359.521	1	-4
359.692	1	-1
359.863	1	-6
360.034	1	-4
360.205	1	-7
360.376	1	6
360.547	1	4
360.718	1	-8
360.889	1	1
361.060	1	10
361.231	1	0
361.401	1	3
361.572	1	1
361.743	1	0
361.914	1	-1
362.085	1	-13
362.256	1	13
362.427	1	-3
362.598	1	-2
362.769	1	8
362.940	1	5
363.111	1	16
363.282	1	8
363.453	1	4
363.624	1	4
363.795	1	6
363.966	1	4
364.137	1	-6
364.308	1	-2
364.478	1	4
364.649	1	4
364.820	1	1
364.991	1	9
365.162	1	0
365.333	1	0
365.504	1	-4
365.675	1	-1
365.846	1	-1
366.017	1	10
366.188	1	-3
366.359	1	12
366.530	1	-3
366.701	1	-9
366.871	1	2
367.042	1	9
367.213	1	-3
367.384	1	11
367.555	1	5
367.726	1	8
367.897	1	-10
368.068	1	-3
368.239	1	9
368.410	1	-5
368.581	1	5
368.752	1	-6
368.923	1	-7
369.093	1	0
369.264	1	7
369.435	1	0
369.606	1	-11
369.777	1	4
369.948	1	2
370.119	1	-2
370.290	1	-3
370.461	1	-5
370.632	1	1
370.803	1	-14
370.973	1	14
371.144	1	2
371.315	1	1
371.486	1	6
371.657	1	-2
371.828	1	5
371.999	1	-5
372.170	1	3
372.341	1	11
372.512	1	-5
372.682	1	-6
372.853	1	9
373.024	1	0
373.195	1	-8
373.366	1	3
373.537	1	1
373.708	1	3
373.879	1	6
374.050	1	1
374.220	1	6
374.391	1	11
374.562	1	3
374.733	1	18
374.904	1	3
375.075	1	4
375.246	1	0
375.417	1	-1
375.588	1	-3
375.758	1	-7
375.929	1	-1
376.100	1	6
376.271	1	-3
376.442	1	-6
376.613	1	-4
376.784	1	3
376.955	1	-7
377.125	1	-5
377.296	1	1
377.467	1	-1
377.638	1	0
377.809	1	15
377.980	1	9
378.151	1	-1
378.321	1	8
378.492	1	1
378.663	1	3
378.834	1	5
379.005	1	2
379.176	1	3
379.347	1	1
379.518	1	-11
379.688	1	-2
379.859	1	-13
380.030	1	8
380.201	1	-3
380.372	1	8
380.543	1	4
380.714	1	15
380.884	1	-1
381.055	1	-2
381.226	1	4
381.397	1	-3
381.568	1	3
381.739	1	6
381.910	1	3
382.080	1	-8
382.251	1	9
382.422	1	7
382.593	1	6
382.764	1	-3
382.935	1	4
383.105	1	1
383.276	1	-2
383.447	1	3
383.618	1	15
383.789	1	-3
383.960	1	-2
384.130	1	-11
384.301	1	1
384.472	1	-5
384.643	1	7
384.814	1	6
384.985	1	8
385.156	1	9
385.326	1	12
385.497	1	7
385.668	1	-1
385.839	1	2
386.010	1	8
386.180	1	3
386.351	1	-3
386.522	1	5
386.693	1	0
386.864	1	-3
387.035	1	-4
387.205	1	-4
387.376	1	5
387.547	1	-6
387.718	1	4
387.889	1	10
388.060	1	-11
388.230	1	-4
388.401	1	7
388.572	1	6
388.743	1	1
388.914	1	6
389.084	1	1
389.255	1	8
389.426	1	5
389.597	1	-9
389.768	1	3
389.939	1	8
390.109	1	-2
390.280	1	6
390.451	1	15
390.622	1	-9
390.793	1	2
390.963	1	6
391.134	1	3
391.305	1	8
391.476	1	5
391.647	1	7
391.817	1	1
391.988	1	-8
392.159	1	1
392.330	1	5
392.501	1	9
392.671	1	-1
392.842	1	7
393.013	1	14
393.184	1	11
393.355	1	8
393.525	1	6
393.696	1	-1
393.867	1	-3
394.038	1	-6
394.208	1	11
394.379	1	-5
394.550	1	-1
394.721	1	2
394.892	1	8
395.062	1	-7
395.233	1	5
395.404	1	7
395.575	1	0
395.746	1	-4
395.916	1	6
396.087	1	2
396.258	1	5
396.429	1	0
396.599	1	1
396.770	1	9
396.941	1	19
397.112	1	-8
397.283	1	8
397.453	1	-14
397.624	1	-1
397.795	1	11
397.966	1	9
398.136	1	0
398.307	1	-1
398.478	1	3
398.649	1	-4
398.819	1	2
398.990	1	5
399.161	1	2
399.332	1	4
399.503	1	6
399.673	1	-1
399.844	1	-2
400.015	1	9
400.186	1	7
400.356	1	-3
400.527	1	5
400.698	1	-8
400.869	1	8
401.039	1	-5
401.210	1	-7
401.381	1	11
401.552	1	14
401.722	1	11
401.893	1	1
402.064	1	-3
402.235	1	11
402.405	1	-2
402.576	1	9
402.747	1	-3
402.918	1	-4
403.088	1	-1
403.259	1	-10
403.430	1	0
403.601	1	-3
403.771	1	5
403.942	1	13
404.113	1	11
404.284	1	2
404.454	1	9
404.625	1	9
404.796	1	-7
404.967	1	3
405.137	1	10
405.308	1	5
405.479	1	14
405.649	1	6
405.820	1	-1
405.991	1	7
406.162	1	-5
406.332	1	-11
406.503	1	-2
406.674	1	-3
406.845	1	6
407.015	1	-6
407.186	1	14
407.357	1	5
407.527	1	3
407.698	1	-4
407.869	1	-4
408.040	1	-2
408.210	1	1
408.381	1	-4
408.552	1	-4
408.722	1	0
408.893	1	-1
409.064	1	6
409.235	1	2
409.405	1	1
409.576	1	13
409.747	1	6
409.917	1	4
410.088	1	4
410.259	1	1
410.430	1	6
410.600	1	6
410.771	1	2
410.942	1	5
411.112	1	8
411.283	1	-13
411.454	1	14
411.625	1	4
411.795	1	-3
411.966	1	0
412.137	1	3
412.307	1	-1
412.478	1	-1
412.649	1	17
412.819	1	-9
412.990	1	4
413.161	1	-5
413.332	1	-1
413.502	1	-5
413.673	1	4
413.844	1	3
414.014	1	-3
414.185	1	-6
414.356	1	-4
414.526	1	8
414.697	1	11
414.868	1	5
415.038	1	-2
415.209	1	1
415.380	1	-3
415.550	1	-16
415.721	1	1
415.892	1	-7
416.063	1	10
416.233	1	-7
416.404	1	11
416.575	1	-7
416.745	1	-9
416.916	1	3
417.087	1	0
417.257	1	-4
417.428	1	-10
417.599	1	7
417.769	1	3
417.940	1	-1
418.111	1	0
418.281	1	3
418.452	1	-4
418.623	1	-8
418.793	1	8
418.964	1	-1
419.135	1	8
419.305	1	-8
419.476	1	6
419.647	1	8
419.817	1	12
419.988	1	1
420.159	1	-12
420.329	1	5
420.500	1	2
420.671	1	0
420.841	1	5
421.012	1	8
421.183	1	-1
421.353	1	4
421.524	1	12
421.695	1	7
421.865	1	4
422.036	1	-2
422.206	1	9
422.377	1	1
422.548	1	7
422.718	1	-9
422.889	1	2
423.060	1	-4
423.230	1	3
423.401	1	-2
423.572	1	0
423.742	1	0
423.913	1	4
424.084	1	1
424.254	1	-4
424.425	1	0
424.595	1	-9
424.766	1	9
424.937	1	-6
425.107	1	-2
425.278	1	-7
425.449	1	1
425.619	1	1
425.790	1	-10
425.961	1	8
426.131	1	5
426.302	1	2
426.472	1	-5
426.643	1	3
426.814	1	15
426.984	1	-4
427.155	1	-2
427.326	1	-2
427.496	1	8
427.667	1	8
427.837	1	1
428.008	1	6
428.179	1	-1
428.349	1	-6
428.520	1	-6
428.691	1	2
428.861	1	-3
429.032	1	-6
429.202	1	9
429.373	1	-15
429.544	1	2
429.714	1	16
429.885	1	-2
430.055	1	4
430.226	1	-13
430.397	1	10
430.567	1	9
430.738	1	4
430.909	1	-4
431.079	1	6
431.250	1	-4
431.420	1	6
431.591	1	2
431.762	1	2
431.932	1	6
432.103	1	1
432.273	1	-4
432.444	1	6
432.615	1	6
432.785	1	-3
432.956	1	-2
433.126	1	3
433.297	1	6
433.468	1	5
433.638	1	-5
433.809	1	2
433.979	1	1
434.150	1	-7
434.320	1	3
434.491	1	9
434.662	1	-9
434.832	1	-7
435.003	1	6
435.173	1	0
435.344	1	-6
435.515	1	6
435.685	1	4
435.856	1	6
436.026	1	1
436.197	1	-2
436.368	1	7
436.538	1	5
436.709	1	-9
436.879	1	0
437.050	1	5
437.220	1	10
437.391	1	0
437.562	1	7
437.732	1	6
437.903	1	-1
438.073	1	7
438.244	1	4
438.414	1	-1
438.585	1	11
438.756	1	9
438.926	1	-3
439.097	1	8
439.267	1	12
439.438	1	6
439.608	1	-1
439.779	1	-4
439.949	1	0
440.120	1	0
440.291	1	-9
440.461	1	0
440.632	1	-2
440.802	1	-4
440.973	1	7
441.143	1	10
441.314	1	0
441.485	1	-4
441.655	1	20
441.826	1	-4
441.996	1	3
442.167	1	-1
442.337	1	4
442.508	1	-3
442.678	1	-14
442.849	1	9
443.019	1	3
443.190	1	-3
443.361	1	13
443.531	1	-3
443.702	1	-1
443.872	1	1
444.043	1	2
444.213	1	-2
444.384	1	9
444.554	1	-4
444.725	1	-3
444.895	1	-9
445.066	1	-9
445.237	1	-2
445.407	1	-2
445.578	1	4
445.748	1	1
445.919	1	-6
446.089	1	13
446.260	1	7
446.430	1	-6
446.601	1	-2
446.771	1	-9
446.942	1	1
447.112	1	2
447.283	1	3
447.453	1	-2
447.624	1	11
447.794	1	-9
447.965	1	0
448.135	1	5
448.306	1	4
448.477	1	-3
448.647	1	15
448.818	1	6
448.988	1	-9
449.159	1	-2
449.329	1	6
449.500	1	11
449.670	1	8
449.841	1	0
450.011	1	7
450.182	1	1
450.352	1	8
450.523	1	0
450.693	1	4
450.864	1	3
451.034	1	4
451.205	1	3
451.375	1	11
451.546	1	0
451.716	1	3
451.887	1	4
452.057	1	13
452.228	1	-5
452.398	1	-4
452.569	1	9
452.739	1	-3
452.910	1	4
453.080	1	17
453.251	1	7
453.421	1	6
453.592	1	-1
453.762	1	11
453.933	1	10
454.103	1	2
454.274	1	-4
454.444	1	12
454.615	1	14
454.785	1	-4
454.956	1	0
455.126	1	3
455.297	1	11
455.467	1	6
455.638	1	1
455.808	1	3
455.979	1	10
456.149	1	-7
456.320	1	-3
456.490	1	-1
456.661	1	-4
456.831	1	15
457.001	1	4
457.172	1	-3
457.342	1	6
457.513	1	12
457.683	1	8
457.854	1	3
458.024	1	3
458.195	1	1
458.365	1	9
458.536	1	11
458.706	1	3
458.877	1	4
459.047	1	1
459.218	1	14
459.388	1	3
459.559	1	4
459.729	1	6
459.899	1	8
460.070	1	10
460.240	1	1
460.411	1	0
460.581	1	10
460.752	1	6
460.922	1	-4
461.093	1	-1
461.263	1	11
461.434	1	11
461.604	1	3
461.775	1	10
461.945	1	8
462.115	1	-6
462.286	1	6
462.456	1	-3
462.627	1	6
462.797	1	-10
462.968	1	-4
463.138	1	7
463.309	1	-10
463.479	1	7
463.649	1	5
463.820	1	10
463.990	1	-1
464.161	1	11
464.331	1	3
464.502	1	13
464.672	1	0
464.843	1	-1
465.013	1	-3
465.183	1	-1
465.354	1	3
465.524	1	12
465.695	1	10
465.865	1	-2
466.036	1	11
466.206	1	-2
466.376	1	0
466.547	1	-2
466.717	1	-6
466.888	1	-1
467.058	1	9
467.229	1	10
467.399	1	12
467.569	1	0
467.740	1	-1
467.910	1	5
468.081	1	6
468.251	1	-2
468.422	1	3
468.592	1	14
468.762	1	-12
468.933	1	5
469.103	1	-1
469.274	1	5
469.444	1	-4
469.614	1	-3
469.785	1	5
469.955	1	-2
470.126	1	9
470.296	1	-2
470.467	1	-2
470.637	1	14
470.807	1	2
470.978	1	4
471.148	1	4
471.319	1	6
471.489	1	-4
471.659	1	-2
471.830	1	10
472.000	1	0
472.171	1	-2
472.341	1	8
472.511	1	9
472.682	1	1
472.852	1	2
473.023	1	0
473.193	1	-8
473.363	1	10
473.534	1	6
473.704	1	10
473.875	1	11
474.045	1	-10
474.215	1	3
474.386	1	13
474.556	1	-7
474.727	1	-3
474.897	1	4
475.067	1	2
475.238	1	6
475.408	1	6
475.578	1	3
475.749	1	-4
475.919	1	2
476.090	1	1
476.260	1	3
476.430	1	-1
476.601	1	0
476.771	1	7
476.942	1	-2
477.112	1	-5
477.282	1	-4
477.453	1	0
477.623	1	6
477.793	1	13
477.964	1	8
478.134	1	2
478.305	1	2
478.475	1	5
478.645	1	3
478.816	1	-1
478.986	1	2
479.156	1	-3
479.327	1	-1
479.497	1	-8
479.667	1	4
479.838	1	-1
480.008	1	3
480.179	1	5
480.349	1	2
480.519	1	-2
480.690	1	1
480.860	1	2
481.030	1	3
481.201	1	4
481.371	1	0
481.541	1	2
481.712	1	-1
481.882	1	0
482.053	1	3
482.223	1	0
482.393	1	-8
482.564	1	-7
482.734	1	0
482.904	1	3
483.075	1	5
483.245	1	-3
483.415	1	6
483.586	1	-2
483.756	1	8
483.926	1	7
484.097	1	-4
484.267	1	-7
484.437	1	-10
484.608	1	8
484.778	1	1
484.948	1	-17
485.119	1	4
485.289	1	7
485.459	1	9
485.630	1	-11
485.800	1	2
485.970	1	6
486.141	1	-11
486.311	1	9
486.481	1	5
486.652	1	2
486.822	1	8
486.992	1	2
487.163	1	-6
487.333	1	2
487.503	1	-9
487.674	1	-2
487.844	1	3
488.014	1	2
488.185	1	-3
488.355	1	1
488.525	1	2
488.696	1	-4
488.866	1	4
489.036	1	2
489.207	1	12
489.377	1	-5
489.547	1	-2
489.718	1	-1
489.888	1	0
490.058	1	3
490.228	1	1
490.399	1	0
490.569	1	9
490.739	1	10
490.910	1	0
491.080	1	-7
491.250	1	3
491.421	1	3
491.591	1	-3
491.761	1	2
491.932	1	9
492.102	1	3
492.272	1	5
492.442	1	4
492.613	1	9
492.783	1	-3
492.953	1	4
493.124	1	-1
493.294	1	10
493.464	1	-7
493.635	1	4
493.805	1	14
493.975	1	2
494.145	1	-1
494.316	1	8
494.486	1	11
494.656	1	6
494.827	1	2
494.997	1	0
495.167	1	15
495.337	1	8
495.508	1	-6
495.678	1	7
495.848	1	4
496.019	1	-10
496.189	1	1
496.359	1	8
496.529	1	-2
496.700	1	5
496.870	1	-1
497.040	1	14
497.211	1	17
497.381	1	-14
497.551	1	7
497.721	1	-1
497.892	1	8
498.062	1	-15
498.232	1	-1
498.403	1	1
498.573	1	-5
498.743	1	-1
498.913	1	8
499.084	1	-9
499.254	1	-5
499.424	1	12
499.594	1	4
499.765	1	6
499.935	1	-14
500.105	1	6
500.275	1	2
500.446	1	10
500.616	1	10
500.786	1	10
500.956	1	0
501.127	1	18
501.297	1	4
501.467	1	1
501.638	1	5
501.808	1	-2
501.978	1	2
502.148	1	-1
502.319	1	-3
502.489	1	4
502.659	1	-1
502.829	1	6
503.000	1	4
503.170	1	-2
503.340	1	3
503.510	1	0
503.681	1	0
503.851	1	-10
504.021	1	5
504.191	1	6
504.362	1	10
504.532	1	0
504.702	1	4
504.872	1	-6
505.042	1	10
505.213	1	-3
505.383	1	-1
505.553	1	3
505.723	1	-2
505.894	1	5
506.064	1	6
506.234	1	17
506.404	1	-5
506.575	1	-1
506.745	1	1
506.915	1	-5
507.085	1	0
507.256	1	-12
507.426	1	5
507.596	1	7
507.766	1	-5
507.936	1	-1
508.107	1	1
508.277	1	3
508.447	1	3
508.617	1	15
508.788	1	-2
508.958	1	2
509.128	1	-4
509.298	1	13
509.468	1	11
509.639	1	4
509.809	1	9
509.979	1	4
510.149	1	-5
510.319	1	0
510.490	1	0
510.660	1	10
510.830	1	9
511.000	1	3
511.171	1	5
511.341	1	-1
511.511	1	-3
511.681	1	-3
511.851	1	2
512.022	1	-5
512.192	1	4
512.362	1	-1
512.532	1	-5
512.702	1	-15
512.873	1	18
513.043	1	-2
513.213	1	0
513.383	1	5
513.553	1	-8
513.724	1	17
513.894	1	-3
514.064	1	-1
514.234	1	4
514.404	1	2
514.575	1	12
514.745	1	2
514.915	1	5
515.085	1	2
515.255	1	-9
515.425	1	-8
515.596	1	-8
515.766	1	-1
515.936	1	-4
516.106	1	-6
516.276	1	2
516.447	1	5
516.617	1	2
516.787	1	-3
516.957	1	6
517.127	1	2
517.297	1	-2
517.468	1	-1
517.638	1	7
517.808	1	6
517.978	1	-11
518.148	1	-1
518.319	1	-9
518.489	1	2
518.659	1	7
518.829	1	2
518.999	1	-1
519.169	1	7
519.340	1	7
519.510	1	3
519.680	1	-6
519.850	1	-11
520.020	1	-2
520.190	1	-9
520.361	1	-4
520.531	1	20
520.701	1	8
520.871	1	0
521.041	1	5
521.211	1	4
521.382	1	5
521.552	1	8
521.722	1	5
521.892	1	-4
522.062	1	4
522.232	1	-4
522.402	1	-7
522.573	1	-11
522.743	1	9
522.913	1	10
523.083	1	0
523.253	1	-1
523.423	1	-15
523.593	1	-8
523.764	1	4
523.934	1	-2
524.104	1	4
524.274	1	2
524.444	1	5
524.614	1	7
524.784	1	4
524.955	1	2
525.125	1	5
525.295	1	-5
525.465	1	4
525.635	1	15
525.805	1	2
525.975	1	-10
526.146	1	3
526.316	1	-4
526.486	1	7
526.656	1	18
526.826	1	8
526.996	1	8
527.166	1	3
527.337	1	2
527.507	1	-8
527.677	1	17
527.847	1	2
528.017	1	-4
528.187	1	3
528.357	1	2
528.527	1	2
528.698	1	1
528.868	1	-7
529.038	1	8
529.208	1	-4
529.378	1	3
529.548	1	-1
529.718	1	1
529.888	1	10
530.058	1	-3
530.229	1	4
530.399	1	9
530.569	1	9
530.739	1	1
530.909	1	0
531.079	1	12
531.249	1	-1
531.419	1	2
531.589	1	-1
531.760	1	-2
531.930	1	-6
532.100	1	5
532.270	1	3
532.440	1	-1
532.610	1	-5
532.780	1	2
532.950	1	4
533.120	1	-5
533.290	1	2
533.461	1	13
533.631	1	-4
533.801	1	-5
533.971	1	4
534.141	1	3
534.311	1	0
534.481	1	6
534.651	1	-1
534.821	1	9
534.991	1	1
535.162	1	4
535.332	1	8
535.502	1	-9
535.672	1	-4
535.842	1	1
536.012	1	2
536.182	1	1
536.352	1	3
536.522	1	5
536.692	1	7
536.862	1	17
537.032	1	1
537.203	1	-1
537.373	1	-7
537.543	1	2
537.713	1	9
537.883	1	5
538.053	1	2
538.223	1	6
538.393	1	9
538.563	1	-1
538.733	1	4
538.903	1	2
539.073	1	-1
539.243	1	4
539.413	1	-2
539.584	1	7
539.754	1	-5
539.924	1	0
540.094	1	-1
540.264	1	1
540.434	1	-3
540.604	1	5
540.774	1	2
540.944	1	0
541.114	1	-2
541.284	1	4
541.454	1	2
541.624	1	-1
541.794	1	-1
541.964	1	-4
542.134	1	3
542.305	1	-3
542.475	1	-1
542.645	1	-5
542.815	1	10
542.985	1	-2
543.155	1	2
543.325	1	1
543.495	1	8
543.665	1	7
543.835	1	-1
544.005	1	-1
544.175	1	6
544.345	1	-9
544.515	1	7
544.685	1	11
544.855	1	15
545.025	1	-9
545.195	1	3
545.365	1	-2
545.535	1	4
545.705	1	4
545.875	1	-8
546.045	1	15
546.216	1	3
546.386	1	3
546.556	1	-11
546.726	1	-12
546.896	1	4
547.066	1	-5
547.236	1	-11
547.406	1	4
547.576	1	3
547.746	1	6
547.916	1	8
548.086	1	15
548.256	1	-8
548.426	1	4
548.596	1	6
548.766	1	3
548.936	1	-1
549.106	1	13
549.276	1	-2
549.446	1	3
549.616	1	3
549.786	1	8
549.956	1	8
550.126	1	0
550.296	1	2
550.466	1	-2
550.636	1	3
550.806	1	8
550.976	1	4
551.146	1	2
551.316	1	-2
551.486	1	1
551.656	1	-2
551.826	1	4
551.996	1	5
552.166	1	2
552.336	1	4
552.506	1	-4
552.676	1	-2
552.846	1	13
553.016	1	2
553.186	1	-4
553.356	1	-6
553.526	1	5
553.696	1	6
553.866	1	3
554.036	1	6
554.206	1	4
554.376	1	-6
554.546	1	-7
554.716	1	4
554.886	1	-1
555.056	1	-7
555.226	1	1
555.396	1	-2
555.566	1	5
555.736	1	2
555.906	1	-1
556.076	1	8
556.246	1	0
556.416	1	4
556.586	1	4
556.756	1	3
556.926	1	3
557.096	1	-1
557.266	1	5
557.436	1	8
557.606	1	-7
557.776	1	11
557.946	1	8
558.116	1	16
558.286	1	8
558.456	1	1
558.626	1	3
558.796	1	-7
558.966	1	0
559.136	1	5
559.306	1	8
559.476	1	0
559.646	1	5
559.816	1	-2
559.986	1	2
560.155	1	-1
560.325	1	-11
560.495	1	3
560.665	1	4
560.835	1	5
561.005	1	4
561.175	1	-15
561.345	1	1
561.515	1	-10
561.685	1	-4
561.855	1	9
562.025	1	-3
562.195	1	-1
562.365	1	7
562.535	1	15
562.705	1	5
562.875	1	-1
563.045	1	2
563.215	1	5
563.385	1	-10
563.555	1	8
563.725	1	-3
563.895	1	-8
564.064	1	9
564.234	1	6
564.404	1	-1
564.574	1	-3
564.744	1	4
564.914	1	-11
565.084	1	-9
565.254	1	0
565.424	1	-1
565.594	1	-3
565.764	1	8
565.934	1	10
566.104	1	-3
566.274	1	2
566.444	1	4
566.614	1	-5
566.783	1	-6
566.953	1	0
567.123	1	16
567.293	1	-1
567.463	1	-2
567.633	1	5
567.803	1	-4
567.973	1	-1
568.143	1	-10
568.313	1	-3
568.483	1	0
568.653	1	-7
568.823	1	11
568.993	1	-1
569.162	1	4
569.332	1	-3
569.502	1	8
569.672	1	-4
569.842	1	6
570.012	1	-5
570.182	1	-8
570.352	1	9
570.522	1	9
570.692	1	2
570.862	1	8
571.031	1	-4
571.201	1	3
571.371	1	-1
571.541	1	-4
571.711	1	3
571.881	1	13
572.051	1	4
572.221	1	6
572.391	1	7
572.561	1	-11
572.731	1	4
572.900	1	15
573.070	1	2
573.240	1	-10
573.410	1	2
573.580	1	2
573.750	1	8
573.920	1	5
574.090	1	-7
574.260	1	0
574.430	1	-5
574.599	1	-4
574.769	1	6
574.939	1	-1
575.109	1	-1
575.279	1	3
575.449	1	5
575.619	1	4
575.789	1	9
575.959	1	-3
576.128	1	-5
576.298	1	0
576.468	1	-4
576.638	1	3
576.808	1	-6
576.978	1	4
577.148	1	8
577.318	1	8
577.487	1	5
577.657	1	-7
577.827	1	6
577.997	1	-6
578.167	1	10
578.337	1	-1
578.507	1	-3
578.677	1	-1
578.846	1	7
579.016	1	14
579.186	1	14
579.356	1	-4
579.526	1	3
579.696	1	1
579.866	1	4
580.036	1	4
580.205	1	4
580.375	1	0
580.545	1	7
580.715	1	7
580.885	1	-3
581.055	1	4
581.225	1	-12
581.394	1	-11
581.564	1	-6
581.734	1	0
581.904	1	4
582.074	1	-3
582.244	1	-3
582.414	1	2
582.583	1	-5
582.753	1	9
582.923	1	-4
583.093	1	1
583.263	1	0
583.433	1	-10
583.603	1	9
583.772	1	8
583.942	1	1
584.112	1	8
584.282	1	6
584.452	1	-1
584.622	1	3
584.791	1	1
584.961	1	-4
585.131	1	-2
585.301	1	6
585.471	1	4
585.641	1	14
585.811	1	-2
585.980	1	-5
586.150	1	3
586.320	1	-2
586.490	1	-8
586.660	1	0
586.830	1	-10
586.999	1	1
587.169	1	-3
587.339	1	4
587.509	1	15
587.679	1	-1
587.849	1	9
588.018	1	-1
588.188	1	0
588.358	1	4
588.528	1	3
588.698	1	-8
588.867	1	1
589.037	1	-6
589.207	1	-1
589.377	1	5
589.547	1	1
589.717	1	-2
589.886	1	-2
590.056	1	4
590.226	1	5
590.396	1	7
590.566	1	3
590.735	1	13
590.905	1	-4
591.075	1	-13
591.245	1	-6
591.415	1	3
591.585	1	-2
591.754	1	6
591.924	1	-4
592.094	1	8
592.264	1	-6
592.434	1	4
592.603	1	-2
592.773	1	-3
592.943	1	-4
593.113	1	-5
593.283	1	3
593.452	1	-2
593.622	1	-3
593.792	1	-4
593.962	1	1
594.132	1	-3
594.301	1	14
594.471	1	7
594.641	1	-4
594.811	1	5
594.981	1	0
595.150	1	-9
595.320	1	3
595.490	1	-9
595.660	1	-3
595.829	1	1
595.999	1	3
596.169	1	-2
596.339	1	5
596.509	1	10
596.678	1	4
596.848	1	14
597.018	1	2
597.188	1	-3
597.358	1	-3
597.527	1	-9
597.697	1	-2
597.867	1	6
598.037	1	-2
598.206	1	-4
598.376	1	6
598.546	1	-2
598.716	1	-13
598.885	1	-7
599.055	1	-1
599.225	1	4
599.395	1	7
599.565	1	2
599.734	1	-5
599.904	1	0
600.074	1	-9
600.244	1	4
600.413	1	4
600.583	1	-1
600.753	1	-2
600.923	1	9
601.092	1	-8
601.262	1	3
601.432	1	-9
601.602	1	15
601.771	1	0
601.941	1	1
602.111	1	-5
602.281	1	-4
602.451	1	7
602.620	1	1
602.790	1	4
602.960	1	4
603.130	1	7
603.299	1	6
603.469	1	-2
603.639	1	7
603.809	1	6
603.978	1	-11
604.148	1	5
604.318	1	0
604.487	1	2
604.657	1	2
604.827	1	-8
604.997	1	-1
605.166	1	-4
605.336	1	1
605.506	1	6
605.676	1	-7
605.845	1	1
606.015	1	8
606.185	1	-4
606.355	1	8
606.524	1	-2
606.694	1	7
606.864	1	5
607.034	1	-5
607.203	1	8
607.373	1	7
607.543	1	-6
607.712	1	11
607.882	1	0
608.052	1	5
608.222	1	6
608.391	1	4
608.561	1	6
608.731	1	-4
608.901	1	4
609.070	1	3
609.240	1	2
609.410	1	-9
609.579	1	4
609.749	1	4
609.919	1	-10
610.089	1	3
610.258	1	11
610.428	1	-8
610.598	1	4
610.767	1	4
610.937	1	0
611.107	1	16
611.277	1	1
611.446	1	13
611.616	1	-1
611.786	1	5
611.955	1	8
612.125	1	3
612.295	1	0
612.465	1	-7
612.634	1	7
612.804	1	6
612.974	1	3
613.143	1	2
613.313	1	-1
613.483	1	0
613.652	1	1
613.822	1	-1
613.992	1	9
614.162	1	4
614.331	1	9
614.501	1	6
614.671	1	4
614.840	1	0
615.010	1	-2
615.180	1	5
615.349	1	2
615.519	1	4
615.689	1	4
615.858	1	14
616.028	1	3
616.198	1	3
616.368	1	1
616.537	1	-3
616.707	1	-9
616.877	1	-3
617.046	1	1
617.216	1	-1
617.386	1	1
617.555	1	0
617.725	1	5
617.895	1	-6
618.064	1	16
618.234	1	7
618.404	1	5
618.573	1	0
618.743	1	-2
618.913	1	-4
619.082	1	-6
619.252	1	5
619.422	1	0
619.591	1	1
619.761	1	2
619.931	1	2
620.100	1	2
620.270	1	-7
620.440	1	4
620.609	1	4
620.779	1	-6
620.949	1	-2
621.118	1	3
621.288	1	11
621.458	1	7
621.627	1	-10
621.797	1	6
621.967	1	-3
622.136	1	-3
622.306	1	14
622.476	1	1
622.645	1	4
622.815	1	-3
622.985	1	-2
623.154	1	13
623.324	1	8
623.494	1	-4
623.663	1	-2
623.833	1	-3
624.002	1	-4
624.172	1	12
624.342	1	1
624.511	1	3
624.681	1	1
624.851	1	-14
625.020	1	-1
625.190	1	3
625.360	1	-4
625.529	1	0
625.699	1	2
625.869	1	11
626.038	1	-2
626.208	1	-2
626.377	1	7
626.547	1	-1
626.717	1	-4
626.886	1	-7
627.056	1	-6
627.226	1	4
627.395	1	4
627.565	1	13
627.735	1	10
627.904	1	4
628.074	1	23
628.243	1	-8
628.413	1	-1
628.583	1	5
628.752	1	5
628.922	1	-6
629.091	1	10
629.261	1	3
629.431	1	-9
629.600	1	9
629.770	1	1
629.940	1	4
630.109	1	-8
630.279	1	-7
630.448	1	5
630.618	1	3
630.788	1	1
630.957	1	-6
631.127	1	10
631.297	1	-9
631.466	1	4
631.636	1	16
631.805	1	7
631.975	1	-1
632.145	1	-2
632.314	1	12
632.484	1	-3
632.653	1	-6
632.823	1	16
632.993	1	0
633.162	1	-7
633.332	1	16
633.501	1	10
633.671	1	-3
633.841	1	4
634.010	1	4
634.180	1	-2
634.349	1	5
634.519	1	1
634.689	1	6
634.858	1	15
635.028	1	5
635.197	1	-1
635.367	1	3
635.537	1	4
635.706	1	-2
635.876	1	-4
636.045	1	3
636.215	1	0
636.384	1	-1
636.554	1	10
636.724	1	8
636.893	1	6
637.063	1	11
637.232	1	2
637.402	1	4
637.572	1	-1
637.741	1	9
637.911	1	-3
638.080	1	1
638.250	1	3
638.419	1	2
638.589	1	14
638.759	1	2
638.928	1	-7
639.098	1	-1
639.267	1	-4
639.437	1	-6
639.606	1	9
639.776	1	2
639.946	1	-3
640.115	1	-1
640.285	1	8
640.454	1	12
640.624	1	8
640.793	1	5
640.963	1	-2
641.132	1	-4
641.302	1	1
641.472	1	4
641.641	1	-4
641.811	1	7
641.980	1	1
642.150	1	-5
642.319	1	2
642.489	1	0
642.659	1	-3
642.828	1	4
642.998	1	-5
643.167	1	9
643.337	1	1
643.506	1	0
643.676	1	0
643.845	1	11
644.015	1	1
644.184	1	3
644.354	1	0
644.524	1	-11
644.693	1	0
644.863	1	-3
645.032	1	2
645.202	1	-1
645.371	1	0
645.541	1	-10
645.710	1	1
645.880	1	-4
646.049	1	5
646.219	1	-3
646.388	1	0
646.558	1	-2
646.728	1	4
646.897	1	1
647.067	1	-2
647.236	1	8
647.406	1	-5
647.575	1	3
647.745	1	8
647.914	1	-9
648.084	1	-6
648.253	1	9
648.423	1	0
648.592	1	5
648.762	1	-6
648.931	1	6
649.101	1	5
649.270	1	13
649.440	1	19
649.610	1	13
649.779	1	-2
649.949	1	0
650.118	1	-5
650.288	1	-5
650.457	1	-2
650.627	1	4
650.796	1	-8
650.966	1	-7
651.135	1	10
651.305	1	0
651.474	1	-3
651.644	1	-2
651.813	1	9
651.983	1	-3
652.152	1	-10
652.322	1	2
652.491	1	9
652.661	1	3
652.830	1	-4
653.000	1	-5
653.169	1	5
653.339	1	10
653.508	1	-2
653.678	1	2
653.847	1	1
654.017	1	1
654.186	1	2
654.356	1	4
654.525	1	1
654.695	1	5
654.864	1	10
655.034	1	2
655.203	1	1
655.373	1	-5
655.542	1	4
655.712	1	-4
655.881	1	7
656.051	1	6
656.220	1	6
656.390	1	-2
656.559	1	-5
656.729	1	6
656.898	1	6
657.068	1	-3
657.237	1	6
657.406	1	2
657.576	1	0
657.745	1	-3
657.915	1	9
658.084	1	10
658.254	1	12
658.423	1	-4
658.593	1	0
658.762	1	-1
658.932	1	4
659.101	1	-4
659.271	1	4
659.440	1	9
659.610	1	6
659.779	1	7
659.949	1	-3
660.118	1	12
660.288	1	-7
660.457	1	-4
660.626	1	-7
660.796	1	-5
660.965	1	-6
661.135	1	-1
661.304	1	7
661.474	1	1
661.643	1	-8
661.813	1	3
661.982	1	-4
662.152	1	0
662.321	1	2
662.491	1	3
662.660	1	-4
662.829	1	-4
662.999	1	2
663.168	1	-6
663.338	1	-2
663.507	1	5
663.677	1	-8
663.846	1	8
664.016	1	-8
664.185	1	1
664.354	1	8
664.524	1	-6
664.693	1	7
664.863	1	5
665.032	1	8
665.202	1	1
665.371	1	10
665.541	1	1
665.710	1	4
665.879	1	0
666.049	1	0
666.218	1	-8
666.388	1	-12
666.557	1	7
666.727	1	-15
666.896	1	0
667.065	1	11
667.235	1	2
667.404	1	-5
667.574	1	-1
667.743	1	6
667.913	1	5
668.082	1	1
668.251	1	1
668.421	1	2
668.590	1	2
668.760	1	-7
668.929	1	6
669.099	1	-3
669.268	1	0
669.437	1	7
669.607	1	-4
669.776	1	-5
669.946	1	4
670.115	1	1
670.285	1	8
670.454	1	-9
670.623	1	-2
670.793	1	0
670.962	1	10
671.132	1	4
671.301	1	-6
671.470	1	0
671.640	1	-9
671.809	1	-2
671.979	1	14
672.148	1	9
672.317	1	6
672.487	1	-1
672.656	1	8
672.826	1	-16
672.995	1	1
673.164	1	10
673.334	1	6
673.503	1	1
673.673	1	14
673.842	1	4
674.011	1	11
674.181	1	-10
674.350	1	2
674.520	1	-1
674.689	1	2
674.858	1	6
675.028	1	3
675.197	1	3
675.367	1	4
675.536	1	9
675.705	1	-6
675.875	1	-2
676.044	1	-4
676.214	1	9
676.383	1	1
676.552	1	-9
676.722	1	4
676.891	1	-9
677.060	1	-4
677.230	1	14
677.399	1	10
677.569	1	-2
677.738	1	-1
677.907	1	-7
678.077	1	12
678.246	1	-5
678.416	1	2
678.585	1	1
678.754	1	5
678.924	1	-4
679.093	1	3
679.262	1	-1
679.432	1	-6
679.601	1	-10
679.771	1	5
679.940	1	-3
680.109	1	4
680.279	1	-12
680.448	1	3
680.617	1	0
680.787	1	1
680.956	1	2
681.125	1	5
681.295	1	6
681.464	1	5
681.634	1	6
681.803	1	-15
681.972	1	-5
682.142	1	12
682.311	1	-6
682.480	1	4
682.650	1	-6
682.819	1	10
682.988	1	4
683.158	1	0
683.327	1	-2
683.496	1	4
683.666	1	6
683.835	1	-2
684.004	1	2
684.174	1	3
684.343	1	4
684.512	1	-1
684.682	1	15
684.851	1	4
685.021	1	10
685.190	1	10
685.359	1	3
685.529	1	6
685.698	1	-1
685.867	1	0
686.037	1	8
686.206	1	2
686.375	1	2
686.545	1	10
686.714	1	8
686.883	1	-3
687.053	1	5
687.222	1	4
687.391	1	-3
687.561	1	0
687.730	1	-7
687.899	1	-11
688.069	1	0
688.238	1	-5
688.407	1	5
688.577	1	-7
688.746	1	-7
