340.368	1	5
340.539	1	4
340.710	1	1
340.881	1	-2
341.052	1	1
341.223	1	9
341.394	1	-5
341.565	1	-9
341.737	1	4
341.908	1	10
342.079	1	-1
342.250	1	1
342.421	1	-5
342.592	1	-10
342.763	1	-5
342.934	1	5
343.105	1	7
343.276	1	-1
343.447	1	10
343.618	1	4
343.789	1	2
343.960	1	-5
344.131	1	0
344.302	1	-2
344.473	1	1
344.644	1	-13
344.815	1	0
344.986	1	12
345.157	1	2
345.328	1	3
345.499	1	-3
345.670	1	8
345.841	1	2
346.012	1	12
346.183	1	3
346.354	1	-2
346.526	1	12
346.697	1	-7
346.868	1	1
347.039	1	6
347.210	1	-8
347.381	1	5
347.552	1	5
347.723	1	7
347.894	1	1
348.065	1	-1
348.236	1	2
348.407	1	0
348.578	1	0
348.749	1	-1
348.920	1	12
349.091	1	-1
349.262	1	2
349.433	1	0
349.604	1	5
349.775	1	10
349.946	1	11
350.117	1	4
350.288	1	1
350.459	1	0
350.630	1	-18
350.801	1	10
350.972	1	0
351.143	1	-5
351.314	1	2
351.485	1	1
351.656	1	4
351.827	1	-4
351.998	1	0
352.169	1	5
352.340	1	-2
352.511	1	2
352.682	1	-10
352.853	1	-4
353.024	1	-6
353.195	1	0
353.366	1	9
353.537	1	-3
353.708	1	2
353.879	1	10
354.050	1	7
354.221	1	-5
354.392	1	4
354.563	1	13
354.734	1	-1
354.905	1	-2
355.076	1	5
355.247	1	-4
355.418	1	-10
355.589	1	-3
355.760	1	3
355.931	1	4
356.102	1	-4
356.273	1	7
356.444	1	2
356.615	1	-1
356.785	1	11
356.956	1	-2
357.127	1	9
357.298	1	3
357.469	1	11
357.640	1	6
357.811	1	15
357.982	1	-7
358.153	1	0
358.324	1	-4
358.495	1	16
358.666	1	-4
358.837	1	-4
359.008	1	3
359.179	1	3
359.350	1	-4
359.521	1	-4
359.692	1	3
359.863	1	-11
360.034	1	-2
360.205	1	-8
360.376	1	7
360.547	1	6
360.718	1	-3
360.889	1	6
361.060	1	8
361.231	1	5
361.401	1	8
361.572	1	-6
361.743	1	-2
361.914	1	0
362.085	1	-7
362.256	1	6
362.427	1	0
362.598	1	-1
362.769	1	19
362.940	1	1
363.111	1	10
363.282	1	0
363.453	1	5
363.624	1	4
363.795	1	5
363.966	1	3
364.137	1	-5
364.308	1	3
364.478	1	4
364.649	1	5
364.820	1	6
364.991	1	9
365.162	1	-5
365.333	1	11
365.504	1	1
365.675	1	-3
365.846	1	-1
366.017	1	10
366.188	1	-7
366.359	1	6
366.530	1	7
366.701	1	0
366.871	1	12
367.042	1	4
367.213	1	8
367.384	1	3
367.555	1	9
367.726	1	11
367.897	1	1
368.068	1	0
368.239	1	12
368.410	1	0
368.581	1	10
368.752	1	-4
368.923	1	-5
369.093	1	0
369.264	1	2
369.435	1	-1
369.606	1	3
369.777	1	-5
369.948	1	7
370.119	1	5
370.290	1	0
370.461	1	9
370.632	1	4
370.803	1	0
370.973	1	18
371.144	1	5
371.315	1	-2
371.486	1	9
371.657	1	-9
371.828	1	-2
371.999	1	-1
372.170	1	7
372.341	1	2
372.512	1	-1
372.682	1	-2
372.853	1	9
373.024	1	7
373.195	1	-2
373.366	1	8
373.537	1	4
373.708	1	3
373.879	1	0
374.050	1	8
374.220	1	2
374.391	1	11
374.562	1	6
374.733	1	20
374.904	1	6
375.075	1	9
375.246	1	-7
375.417	1	2
375.588	1	3
375.758	1	-5
375.929	1	4
376.100	1	10
376.271	1	-8
376.442	1	8
376.613	1	10
376.784	1	4
376.955	1	-6
377.125	1	1
377.296	1	10
377.467	1	-3
377.638	1	-4
377.809	1	13
377.980	1	2
378.151	1	-2
378.321	1	9
378.492	1	11
378.663	1	0
378.834	1	6
379.005	1	12
379.176	1	2
379.347	1	8
379.518	1	-5
379.688	1	8
379.859	1	-2
380.030	1	-4
380.201	1	-13
380.372	1	1
380.543	1	5
380.714	1	5
380.884	1	-1
381.055	1	-5
381.226	1	4
381.397	1	-2
381.568	1	2
381.739	1	10
381.910	1	8
382.080	1	-13
382.251	1	3
382.422	1	15
382.593	1	-1
382.764	1	-5
382.935	1	10
383.105	1	6
383.276	1	-2
383.447	1	14
383.618	1	8
383.789	1	2
383.960	1	0
384.130	1	-2
384.301	1	-7
384.472	1	5
384.643	1	1
384.814	1	14
384.985	1	9
385.156	1	10
385.326	1	9
385.497	1	19
385.668	1	1
385.839	1	6
386.010	1	13
386.180	1	14
386.351	1	7
386.522	1	9
386.693	1	8
386.864	1	-4
387.035	1	5
387.205	1	-1
387.376	1	8
387.547	1	2
387.718	1	17
387.889	1	16
388.060	1	-3
388.230	1	12
388.401	1	2
388.572	1	0
388.743	1	9
388.914	1	16
389.084	1	6
389.255	1	16
389.426	1	19
389.597	1	7
389.768	1	7
389.939	1	13
390.109	1	-4
390.280	1	10
390.451	1	15
390.622	1	-3
390.793	1	11
390.963	1	17
391.134	1	9
391.305	1	9
391.476	1	6
391.647	1	8
391.817	1	5
391.988	1	1
392.159	1	12
392.330	1	11
392.501	1	11
392.671	1	8
392.842	1	14
393.013	1	9
393.184	1	14
393.355	1	18
393.525	1	11
393.696	1	3
393.867	1	4
394.038	1	3
394.208	1	14
394.379	1	0
394.550	1	6
394.721	1	2
394.892	1	8
395.062	1	-3
395.233	1	10
395.404	1	7
395.575	1	2
395.746	1	1
395.916	1	2
396.087	1	8
396.258	1	-2
396.429	1	10
396.599	1	5
396.770	1	17
396.941	1	17
397.112	1	8
397.283	1	13
397.453	1	-5
397.624	1	7
397.795	1	-2
397.966	1	2
398.136	1	5
398.307	1	2
398.478	1	4
398.649	1	14
398.819	1	16
398.990	1	5
399.161	1	5
399.332	1	10
399.503	1	2
399.673	1	1
399.844	1	1
400.015	1	11
400.186	1	16
400.356	1	-7
400.527	1	5
400.698	1	7
400.869	1	18
401.039	1	-3
401.210	1	-4
401.381	1	4
401.552	1	17
401.722	1	10
401.893	1	9
402.064	1	2
402.235	1	11
402.405	1	0
402.576	1	13
402.747	1	2
402.918	1	3
403.088	1	-4
403.259	1	-7
403.430	1	-2
403.601	1	-1
403.771	1	7
403.942	1	15
404.113	1	15
404.284	1	6
404.454	1	10
404.625	1	11
404.796	1	4
404.967	1	5
405.137	1	15
405.308	1	6
405.479	1	0
405.649	1	2
405.820	1	11
405.991	1	13
406.162	1	3
406.332	1	-10
406.503	1	5
406.674	1	3
406.845	1	9
407.015	1	-8
407.186	1	16
407.357	1	0
407.527	1	-1
407.698	1	-7
407.869	1	3
408.040	1	-6
408.210	1	1
408.381	1	5
408.552	1	2
408.722	1	9
408.893	1	6
409.064	1	3
409.235	1	-1
409.405	1	8
409.576	1	4
409.747	1	2
409.917	1	0
410.088	1	7
410.259	1	-2
410.430	1	11
410.600	1	10
410.771	1	12
410.942	1	9
411.112	1	3
411.283	1	-1
411.454	1	12
411.625	1	-3
411.795	1	7
411.966	1	5
412.137	1	4
412.307	1	-5
412.478	1	10
412.649	1	3
412.819	1	0
412.990	1	8
413.161	1	8
413.332	1	2
413.502	1	-5
413.673	1	14
413.844	1	1
414.014	1	-3
414.185	1	3
414.356	1	-2
414.526	1	3
414.697	1	5
414.868	1	13
415.038	1	3
415.209	1	3
415.380	1	-1
415.550	1	-10
415.721	1	-1
415.892	1	-1
416.063	1	10
416.233	1	-5
416.404	1	7
416.575	1	-2
416.745	1	-1
416.916	1	3
417.087	1	-7
417.257	1	6
417.428	1	-7
417.599	1	-2
417.769	1	3
417.940	1	-3
418.111	1	6
418.281	1	14
418.452	1	-5
418.623	1	-3
418.793	1	9
418.964	1	0
419.135	1	4
419.305	1	3
419.476	1	-1
419.647	1	8
419.817	1	8
419.988	1	-6
420.159	1	-5
420.329	1	-1
420.500	1	4
420.671	1	8
420.841	1	12
421.012	1	14
421.183	1	5
421.353	1	1
421.524	1	1
421.695	1	2
421.865	1	2
422.036	1	1
422.206	1	3
422.377	1	8
422.548	1	-6
422.718	1	-2
422.889	1	10
423.060	1	-4
423.230	1	7
423.401	1	1
423.572	1	1
423.742	1	10
423.913	1	5
424.084	1	6
424.254	1	4
424.425	1	7
424.595	1	-2
424.766	1	14
424.937	1	-12
425.107	1	10
425.278	1	0
425.449	1	5
425.619	1	9
425.790	1	-6
425.961	1	8
426.131	1	-2
426.302	1	-3
426.472	1	4
426.643	1	9
426.814	1	9
426.984	1	4
427.155	1	5
427.326	1	13
427.496	1	8
427.667	1	7
427.837	1	-2
428.008	1	8
428.179	1	-5
428.349	1	-4
428.520	1	-1
428.691	1	2
428.861	1	3
429.032	1	-3
429.202	1	7
429.373	1	-6
429.544	1	5
429.714	1	13
429.885	1	-3
430.055	1	2
430.226	1	-3
430.397	1	5
430.567	1	15
430.738	1	-3
430.909	1	-9
431.079	1	7
431.250	1	-10
431.420	1	-8
431.591	1	9
431.762	1	-1
431.932	1	0
432.103	1	7
432.273	1	-2
432.444	1	8
432.615	1	-1
432.785	1	1
432.956	1	1
433.126	1	2
433.297	1	15
433.468	1	5
433.638	1	3
433.809	1	-4
433.979	1	-2
434.150	1	-7
434.320	1	-5
434.491	1	4
434.662	1	0
434.832	1	-5
435.003	1	10
435.173	1	-3
435.344	1	4
435.515	1	1
435.685	1	8
435.856	1	-3
436.026	1	9
436.197	1	9
436.368	1	-2
436.538	1	13
436.709	1	-5
436.879	1	0
437.050	1	8
437.220	1	15
437.391	1	4
437.562	1	13
437.732	1	3
437.903	1	2
438.073	1	3
438.244	1	-1
438.414	1	5
438.585	1	0
438.756	1	7
438.926	1	6
439.097	1	4
439.267	1	9
439.438	1	13
439.608	1	0
439.779	1	-4
439.949	1	4
440.120	1	1
440.291	1	-7
440.461	1	-1
440.632	1	4
440.802	1	-1
440.973	1	3
441.143	1	0
441.314	1	8
441.485	1	-6
441.655	1	7
441.826	1	-7
441.996	1	6
442.167	1	4
442.337	1	1
442.508	1	6
442.678	1	-3
442.849	1	9
443.019	1	11
443.190	1	-1
443.361	1	16
443.531	1	-2
443.702	1	0
443.872	1	1
444.043	1	7
444.213	1	1
444.384	1	4
444.554	1	1
444.725	1	1
444.895	1	8
445.066	1	-1
445.237	1	-1
445.407	1	4
445.578	1	6
445.748	1	-3
445.919	1	2
446.089	1	10
446.260	1	-2
446.430	1	-14
446.601	1	-2
446.771	1	1
446.942	1	15
447.112	1	3
447.283	1	2
447.453	1	-6
447.624	1	5
447.794	1	0
447.965	1	-10
448.135	1	3
448.306	1	3
448.477	1	-3
448.647	1	25
448.818	1	5
448.988	1	-5
449.159	1	-14
449.329	1	1
449.500	1	13
449.670	1	3
449.841	1	4
450.011	1	5
450.182	1	-7
450.352	1	12
450.523	1	6
450.693	1	6
450.864	1	-3
451.034	1	16
451.205	1	7
451.375	1	8
451.546	1	-2
451.716	1	10
451.887	1	-11
452.057	1	13
452.228	1	-3
452.398	1	1
452.569	1	2
452.739	1	3
452.910	1	-2
453.080	1	8
453.251	1	-7
453.421	1	1
453.592	1	2
453.762	1	12
453.933	1	-3
454.103	1	10
454.274	1	-5
454.444	1	1
454.615	1	11
454.785	1	-1
454.956	1	0
455.126	1	9
455.297	1	7
455.467	1	2
455.638	1	9
455.808	1	3
455.979	1	6
456.149	1	5
456.320	1	10
456.490	1	2
456.661	1	0
456.831	1	17
457.001	1	8
457.172	1	-4
457.342	1	8
457.513	1	10
457.683	1	-4
457.854	1	2
458.024	1	4
458.195	1	5
458.365	1	-2
458.536	1	9
458.706	1	-1
458.877	1	2
459.047	1	-4
459.218	1	8
459.388	1	8
459.559	1	5
459.729	1	7
459.899	1	8
460.070	1	6
460.240	1	5
460.411	1	0
460.581	1	1
460.752	1	5
460.922	1	-6
461.093	1	3
461.263	1	4
461.434	1	13
461.604	1	6
461.775	1	2
461.945	1	17
462.115	1	-6
462.286	1	7
462.456	1	-1
462.627	1	2
462.797	1	-4
462.968	1	2
463.138	1	6
463.309	1	-9
463.479	1	4
463.649	1	-3
463.820	1	-10
463.990	1	3
464.161	1	3
464.331	1	-2
464.502	1	6
464.672	1	1
464.843	1	-1
465.013	1	4
465.183	1	5
465.354	1	3
465.524	1	5
465.695	1	8
465.865	1	-3
466.036	1	-2
466.206	1	10
466.376	1	-2
466.547	1	9
466.717	1	-11
466.888	1	5
467.058	1	12
467.229	1	0
467.399	1	-1
467.569	1	7
467.740	1	-7
467.910	1	-2
468.081	1	9
468.251	1	-2
468.422	1	12
468.592	1	14
468.762	1	-13
468.933	1	2
469.103	1	-1
469.274	1	2
469.444	1	-7
469.614	1	-14
469.785	1	5
469.955	1	2
470.126	1	13
470.296	1	-4
470.467	1	1
470.637	1	11
470.807	1	1
470.978	1	-2
471.148	1	-12
471.319	1	14
471.489	1	-8
471.659	1	11
471.830	1	9
472.000	1	9
472.171	1	7
472.341	1	-3
472.511	1	3
472.682	1	6
472.852	1	0
473.023	1	-3
473.193	1	-5
473.363	1	3
473.534	1	6
473.704	1	7
473.875	1	8
474.045	1	-6
474.215	1	-9
474.386	1	13
474.556	1	-12
474.727	1	0
474.897	1	2
475.067	1	1
475.238	1	1
475.408	1	4
475.578	1	-5
475.749	1	-1
475.919	1	6
476.090	1	-9
476.260	1	8
476.430	1	7
476.601	1	5
476.771	1	1
476.942	1	-4
477.112	1	1
477.282	1	-13
477.453	1	4
477.623	1	5
477.793	1	9
477.964	1	13
478.134	1	6
478.305	1	4
478.475	1	2
478.645	1	2
478.816	1	2
478.986	1	-4
479.156	1	3
479.327	1	-2
479.497	1	-8
479.667	1	-3
479.838	1	5
480.008	1	7
480.179	1	-9
480.349	1	-1
480.519	1	-1
480.690	1	-1
480.860	1	0
481.030	1	-11
481.201	1	-6
481.371	1	7
481.541	1	2
481.712	1	12
481.882	1	-2
482.053	1	4
482.223	1	-13
482.393	1	-14
482.564	1	-10
482.734	1	14
482.904	1	7
483.075	1	4
483.245	1	3
483.415	1	6
483.586	1	-11
483.756	1	13
483.926	1	0
484.097	1	-2
484.267	1	2
484.437	1	-12
484.608	1	0
484.778	1	1
484.948	1	-7
485.119	1	9
485.289	1	5
485.459	1	1
485.630	1	3
485.800	1	-2
485.970	1	0
486.141	1	2
486.311	1	2
486.481	1	-6
486.652	1	5
486.822	1	14
486.992	1	-6
487.163	1	-5
487.333	1	4
487.503	1	-9
487.674	1	-7
487.844	1	10
488.014	1	6
488.185	1	-9
488.355	1	-7
488.525	1	-4
488.696	1	-13
488.866	1	-4
489.036	1	10
489.207	1	9
489.377	1	4
489.547	1	3
489.718	1	12
489.888	1	-2
490.058	1	4
490.228	1	-7
490.399	1	5
490.569	1	14
490.739	1	2
490.910	1	-1
491.080	1	-1
491.250	1	3
491.421	1	11
491.591	1	-8
491.761	1	1
491.932	1	5
492.102	1	2
492.272	1	-2
492.442	1	2
492.613	1	13
492.783	1	-6
492.953	1	-5
493.124	1	4
493.294	1	10
493.464	1	-9
493.635	1	1
493.805	1	12
493.975	1	-2
494.145	1	-1
494.316	1	1
494.486	1	12
494.656	1	1
494.827	1	-4
494.997	1	-3
495.167	1	7
495.337	1	-5
495.508	1	-5
495.678	1	5
495.848	1	11
496.019	1	-4
496.189	1	6
496.359	1	0
496.529	1	-5
496.700	1	8
496.870	1	1
497.040	1	1
497.211	1	9
497.381	1	-18
497.551	1	13
497.721	1	-2
497.892	1	9
498.062	1	-1
498.232	1	1
498.403	1	13
498.573	1	12
498.743	1	-6
498.913	1	3
499.084	1	-12
499.254	1	0
499.424	1	11
499.594	1	1
499.765	1	-10
499.935	1	0
500.105	1	6
500.275	1	-1
500.446	1	5
500.616	1	5
500.786	1	0
500.956	1	4
501.127	1	7
501.297	1	5
501.467	1	11
501.638	1	2
501.808	1	-2
501.978	1	3
502.148	1	19
502.319	1	-1
502.489	1	-1
502.659	1	-3
502.829	1	-2
503.000	1	7
503.170	1	2
503.340	1	4
503.510	1	4
503.681	1	3
503.851	1	-11
504.021	1	17
504.191	1	1
504.362	1	10
504.532	1	-5
504.702	1	4
504.872	1	-1
505.042	1	20
505.213	1	3
505.383	1	4
505.553	1	1
505.723	1	10
505.894	1	6
506.064	1	4
506.234	1	4
506.404	1	-1
506.575	1	-4
506.745	1	-1
506.915	1	-3
507.085	1	-9
507.256	1	7
507.426	1	5
507.596	1	11
507.766	1	4
507.936	1	-4
508.107	1	0
508.277	1	-1
508.447	1	5
508.617	1	5
508.788	1	11
508.958	1	8
509.128	1	-3
509.298	1	10
509.468	1	3
509.639	1	3
509.809	1	11
509.979	1	-5
510.149	1	3
510.319	1	0
510.490	1	1
510.660	1	3
510.830	1	4
511.000	1	14
511.171	1	5
511.341	1	-7
511.511	1	-1
511.681	1	5
511.851	1	-3
512.022	1	-4
512.192	1	7
512.362	1	6
512.532	1	-1
512.702	1	-12
512.873	1	8
513.043	1	3
513.213	1	-4
513.383	1	2
513.553	1	1
513.724	1	10
513.894	1	-5
514.064	1	5
514.234	1	7
514.404	1	6
514.575	1	18
514.745	1	8
514.915	1	14
515.085	1	2
515.255	1	-4
515.425	1	1
515.596	1	-7
515.766	1	9
515.936	1	6
516.106	1	-3
516.276	1	7
516.447	1	4
516.617	1	-1
516.787	1	-11
516.957	1	6
517.127	1	5
517.297	1	-1
517.468	1	6
517.638	1	15
517.808	1	6
517.978	1	-2
518.148	1	6
518.319	1	2
518.489	1	4
518.659	1	4
518.829	1	-9
518.999	1	5
519.169	1	0
519.340	1	4
519.510	1	3
519.680	1	-6
519.850	1	-2
520.020	1	-2
520.190	1	-2
520.361	1	-5
520.531	1	5
520.701	1	5
520.871	1	-10
521.041	1	4
521.211	1	-3
521.382	1	-1
521.552	1	3
521.722	1	-1
521.892	1	-2
522.062	1	2
522.232	1	-2
522.402	1	-5
522.573	1	13
522.743	1	12
522.913	1	7
523.083	1	-1
523.253	1	9
523.423	1	-9
523.593	1	-1
523.764	1	10
523.934	1	5
524.104	1	-2
524.274	1	-5
524.444	1	5
524.614	1	8
524.784	1	7
524.955	1	5
525.125	1	5
525.295	1	3
525.465	1	3
525.635	1	12
525.805	1	10
525.975	1	-9
526.146	1	4
526.316	1	-6
526.486	1	11
526.656	1	15
526.826	1	8
526.996	1	11
527.166	1	3
527.337	1	4
527.507	1	0
527.677	1	11
527.847	1	-5
528.017	1	-8
528.187	1	1
528.357	1	13
528.527	1	-2
528.698	1	-9
528.868	1	-9
529.038	1	-2
529.208	1	-7
529.378	1	6
529.548	1	6
529.718	1	11
529.888	1	3
530.058	1	6
530.229	1	12
530.399	1	20
530.569	1	14
530.739	1	-2
530.909	1	6
531.079	1	13
531.249	1	4
531.419	1	15
531.589	1	-1
531.760	1	13
531.930	1	4
532.100	1	4
532.270	1	9
532.440	1	-2
532.610	1	-3
532.780	1	1
532.950	1	13
533.120	1	1
533.290	1	2
533.461	1	23
533.631	1	4
533.801	1	2
533.971	1	4
534.141	1	7
534.311	1	7
534.481	1	10
534.651	1	9
534.821	1	15
534.991	1	3
535.162	1	0
535.332	1	4
535.502	1	11
535.672	1	-1
535.842	1	6
536.012	1	4
536.182	1	9
536.352	1	3
536.522	1	4
536.692	1	5
536.862	1	7
537.032	1	8
537.203	1	18
537.373	1	0
537.543	1	1
537.713	1	12
537.883	1	6
538.053	1	5
538.223	1	13
538.393	1	9
538.563	1	7
538.733	1	4
538.903	1	-4
539.073	1	5
539.243	1	9
539.413	1	-2
539.584	1	5
539.754	1	1
539.924	1	-1
540.094	1	4
540.264	1	14
540.434	1	-7
540.604	1	10
540.774	1	-1
540.944	1	1
541.114	1	5
541.284	1	-2
541.454	1	13
541.624	1	12
541.794	1	0
541.964	1	16
542.134	1	4
542.305	1	-2
542.475	1	5
542.645	1	-5
542.815	1	9
542.985	1	-5
543.155	1	-3
543.325	1	1
543.495	1	2
543.665	1	5
543.835	1	-1
544.005	1	5
544.175	1	-3
544.345	1	-4
544.515	1	7
544.685	1	8
544.855	1	19
545.025	1	-4
545.195	1	6
545.365	1	15
545.535	1	0
545.705	1	2
545.875	1	-1
546.045	1	0
546.216	1	6
546.386	1	2
546.556	1	0
546.726	1	-1
546.896	1	5
547.066	1	7
547.236	1	-8
547.406	1	15
547.576	1	0
547.746	1	4
547.916	1	5
548.086	1	-2
548.256	1	6
548.426	1	1
548.596	1	6
548.766	1	9
548.936	1	2
549.106	1	7
549.276	1	8
549.446	1	0
549.616	1	11
549.786	1	6
549.956	1	7
550.126	1	-1
550.296	1	9
550.466	1	3
550.636	1	9
550.806	1	15
550.976	1	0
551.146	1	-4
551.316	1	5
551.486	1	-2
551.656	1	-9
551.826	1	9
551.996	1	5
552.166	1	3
552.336	1	14
552.506	1	-14
552.676	1	4
552.846	1	-1
553.016	1	-1
553.186	1	-4
553.356	1	-8
553.526	1	-3
553.696	1	7
553.866	1	4
554.036	1	6
554.206	1	6
554.376	1	9
554.546	1	0
554.716	1	8
554.886	1	4
555.056	1	-13
555.226	1	-6
555.396	1	6
555.566	1	6
555.736	1	-4
555.906	1	5
556.076	1	11
556.246	1	-4
556.416	1	8
556.586	1	14
556.756	1	-2
556.926	1	7
557.096	1	0
557.266	1	9
557.436	1	16
557.606	1	-5
557.776	1	12
557.946	1	5
558.116	1	11
558.286	1	9
558.456	1	1
558.626	1	5
558.796	1	3
558.966	1	-4
559.136	1	14
559.306	1	-2
559.476	1	-3
559.646	1	-8
559.816	1	4
559.986	1	-3
560.155	1	3
560.325	1	-6
560.495	1	7
560.665	1	10
560.835	1	12
561.005	1	9
561.175	1	6
561.345	1	-2
561.515	1	5
561.685	1	-2
561.855	1	5
562.025	1	-2
562.195	1	-6
562.365	1	8
562.535	1	6
562.705	1	9
562.875	1	-10
563.045	1	11
563.215	1	-1
563.385	1	-7
563.555	1	10
563.725	1	6
563.895	1	0
564.064	1	11
564.234	1	9
564.404	1	0
564.574	1	-3
564.744	1	4
564.914	1	-6
565.084	1	-5
565.254	1	-13
565.424	1	0
565.594	1	-1
565.764	1	10
565.934	1	7
566.104	1	3
566.274	1	-3
566.444	1	14
566.614	1	-1
566.783	1	8
566.953	1	2
567.123	1	19
567.293	1	-1
567.463	1	2
567.633	1	-3
567.803	1	-6
567.973	1	1
568.143	1	-1
568.313	1	-7
568.483	1	-8
568.653	1	-7
568.823	1	3
568.993	1	-3
569.162	1	8
569.332	1	-3
569.502	1	5
569.672	1	16
569.842	1	3
570.012	1	-1
570.182	1	-10
570.352	1	8
570.522	1	5
570.692	1	6
570.862	1	16
571.031	1	-8
571.201	1	11
571.371	1	-4
571.541	1	2
571.711	1	7
571.881	1	6
572.051	1	-6
572.221	1	1
572.391	1	9
572.561	1	-7
572.731	1	6
572.900	1	21
573.070	1	3
573.240	1	-9
573.410	1	3
573.580	1	-3
573.750	1	2
573.920	1	4
574.090	1	13
574.260	1	-6
574.430	1	4
574.599	1	-2
574.769	1	4
574.939	1	-4
575.109	1	-2
575.279	1	4
575.449	1	0
575.619	1	5
575.789	1	-1
575.959	1	2
576.128	1	2
576.298	1	-6
576.468	1	-9
576.638	1	9
576.808	1	-2
576.978	1	1
577.148	1	5
577.318	1	4
577.487	1	2
577.657	1	-11
577.827	1	7
577.997	1	-5
578.167	1	16
578.337	1	2
578.507	1	1
578.677	1	-2
578.846	1	-3
579.016	1	15
579.186	1	-11
579.356	1	-9
579.526	1	3
579.696	1	11
579.866	1	4
580.036	1	0
580.205	1	5
580.375	1	5
580.545	1	-2
580.715	1	1
580.885	1	1
581.055	1	5
581.225	1	-6
581.394	1	-3
581.564	1	-2
581.734	1	11
581.904	1	4
582.074	1	-3
582.244	1	6
582.414	1	5
582.583	1	-2
582.753	1	6
582.923	1	3
583.093	1	-4
583.263	1	5
583.433	1	0
583.603	1	-2
583.772	1	2
583.942	1	7
584.112	1	-3
584.282	1	13
584.452	1	7
584.622	1	0
584.791	1	-2
584.961	1	3
585.131	1	-4
585.301	1	8
585.471	1	1
585.641	1	7
585.811	1	9
585.980	1	-10
586.150	1	0
586.320	1	-3
586.490	1	-4
586.660	1	3
586.830	1	-5
586.999	1	3
587.169	1	4
587.339	1	10
587.509	1	-1
587.679	1	8
587.849	1	4
588.018	1	-5
588.188	1	-7
588.358	1	5
588.528	1	9
588.698	1	0
588.867	1	0
589.037	1	13
589.207	1	-6
589.377	1	-1
589.547	1	-6
589.717	1	3
589.886	1	1
590.056	1	-2
590.226	1	12
590.396	1	8
590.566	1	-1
590.735	1	23
590.905	1	5
591.075	1	-14
591.245	1	2
591.415	1	1
591.585	1	-2
591.754	1	3
591.924	1	6
592.094	1	13
592.264	1	0
592.434	1	5
592.603	1	-2
592.773	1	6
592.943	1	-2
593.113	1	-2
593.283	1	-1
593.452	1	-1
593.622	1	2
593.792	1	8
593.962	1	14
594.132	1	0
594.301	1	11
594.471	1	-1
594.641	1	0
594.811	1	-7
594.981	1	-2
595.150	1	-6
595.320	1	12
595.490	1	-4
595.660	1	-2
595.829	1	-6
595.999	1	1
596.169	1	2
596.339	1	5
596.509	1	-2
596.678	1	7
596.848	1	12
597.018	1	10
597.188	1	7
597.358	1	4
597.527	1	-6
597.697	1	-3
597.867	1	3
598.037	1	1
598.206	1	-8
598.376	1	15
598.546	1	-3
598.716	1	-8
598.885	1	8
599.055	1	1
599.225	1	5
599.395	1	6
599.565	1	-6
599.734	1	8
599.904	1	0
600.074	1	-5
600.244	1	9
600.413	1	3
600.583	1	-5
600.753	1	-3
600.923	1	9
601.092	1	-6
601.262	1	0
601.432	1	-2
601.602	1	7
601.771	1	16
601.941	1	-4
602.111	1	0
602.281	1	2
602.451	1	3
602.620	1	2
602.790	1	2
602.960	1	-2
603.130	1	0
603.299	1	8
603.469	1	0
603.639	1	1
603.809	1	12
603.978	1	1
604.148	1	4
604.318	1	1
604.487	1	10
604.657	1	6
604.827	1	-10
604.997	1	0
605.166	1	-1
605.336	1	0
605.506	1	3
605.676	1	0
605.845	1	-4
606.015	1	-3
606.185	1	1
606.355	1	11
606.524	1	-4
606.694	1	6
606.864	1	-1
607.034	1	-4
607.203	1	13
607.373	1	-1
607.543	1	-2
607.712	1	9
607.882	1	-2
608.052	1	0
608.222	1	5
608.391	1	0
608.561	1	3
608.731	1	1
608.901	1	9
609.070	1	-5
609.240	1	4
609.410	1	1
609.579	1	-5
609.749	1	0
609.919	1	-6
610.089	1	-7
610.258	1	17
610.428	1	-1
610.598	1	-4
610.767	1	5
610.937	1	1
611.107	1	7
611.277	1	14
611.446	1	7
611.616	1	-6
611.786	1	5
611.955	1	4
612.125	1	3
612.295	1	-8
612.465	1	-8
612.634	1	5
612.804	1	10
612.974	1	9
613.143	1	2
613.313	1	12
613.483	1	2
613.652	1	-4
613.822	1	7
613.992	1	8
614.162	1	-1
614.331	1	-2
614.501	1	-2
614.671	1	2
614.840	1	5
615.010	1	2
615.180	1	0
615.349	1	2
615.519	1	1
615.689	1	-9
615.858	1	6
616.028	1	7
616.198	1	7
616.368	1	-3
616.537	1	-5
616.707	1	1
616.877	1	8
617.046	1	10
617.216	1	5
617.386	1	-5
617.555	1	9
617.725	1	8
617.895	1	-12
618.064	1	4
618.234	1	3
618.404	1	7
618.573	1	0
618.743	1	3
618.913	1	-1
619.082	1	-1
619.252	1	16
619.422	1	7
619.591	1	3
619.761	1	-3
619.931	1	2
620.100	1	8
620.270	1	-5
620.440	1	1
620.609	1	3
620.779	1	-5
620.949	1	3
621.118	1	4
621.288	1	-2
621.458	1	4
621.627	1	-8
621.797	1	4
621.967	1	-4
622.136	1	7
622.306	1	7
622.476	1	3
622.645	1	5
622.815	1	1
622.985	1	-5
623.154	1	0
623.324	1	11
623.494	1	-6
623.663	1	-5
623.833	1	1
624.002	1	-3
624.172	1	14
624.342	1	-6
624.511	1	2
624.681	1	-2
624.851	1	-10
625.020	1	-5
625.190	1	4
625.360	1	-3
625.529	1	11
625.699	1	-3
625.869	1	12
626.038	1	8
626.208	1	-4
626.377	1	16
626.547	1	11
626.717	1	-4
626.886	1	-4
627.056	1	-2
627.226	1	5
627.395	1	4
627.565	1	4
627.735	1	11
627.904	1	1
628.074	1	5
628.243	1	-2
628.413	1	-6
628.583	1	3
628.752	1	14
628.922	1	-1
629.091	1	8
629.261	1	3
629.431	1	-13
629.600	1	12
629.770	1	5
629.940	1	5
630.109	1	6
630.279	1	0
630.448	1	-1
630.618	1	-6
630.788	1	3
630.957	1	-3
631.127	1	8
631.297	1	-5
631.466	1	8
631.636	1	-3
631.805	1	2
631.975	1	9
632.145	1	-14
632.314	1	14
632.484	1	2
632.653	1	-6
632.823	1	7
632.993	1	-2
633.162	1	-13
633.332	1	-4
633.501	1	1
633.671	1	5
633.841	1	11
634.010	1	2
634.180	1	-1
634.349	1	12
634.519	1	1
634.689	1	-3
634.858	1	5
635.028	1	1
635.197	1	-5
635.367	1	-5
635.537	1	3
635.706	1	4
635.876	1	0
636.045	1	0
636.215	1	6
636.384	1	17
636.554	1	1
636.724	1	1
636.893	1	2
637.063	1	4
637.232	1	1
637.402	1	16
637.572	1	1
637.741	1	14
637.911	1	1
638.080	1	4
638.250	1	4
638.419	1	-1
638.589	1	10
638.759	1	8
638.928	1	0
639.098	1	2
639.267	1	4
639.437	1	2
639.606	1	14
639.776	1	-2
639.946	1	5
640.115	1	-7
640.285	1	-3
640.454	1	17
640.624	1	5
640.793	1	7
640.963	1	-10
641.132	1	3
641.302	1	3
641.472	1	-4
641.641	1	-2
641.811	1	1
641.980	1	-6
642.150	1	2
642.319	1	9
642.489	1	-4
642.659	1	-2
642.828	1	-1
642.998	1	-8
643.167	1	19
643.337	1	5
643.506	1	-4
643.676	1	0
643.845	1	3
644.015	1	11
644.184	1	4
644.354	1	3
644.524	1	-3
644.693	1	4
644.863	1	-8
645.032	1	-1
645.202	1	8
645.371	1	-5
645.541	1	-10
645.710	1	6
645.880	1	2
646.049	1	8
646.219	1	6
646.388	1	4
646.558	1	1
646.728	1	-1
646.897	1	1
647.067	1	0
647.236	1	-6
647.406	1	-3
647.575	1	5
647.745	1	2
647.914	1	-12
648.084	1	3
648.253	1	-1
648.423	1	-6
648.592	1	6
648.762	1	-5
648.931	1	3
649.101	1	3
649.270	1	2
649.440	1	1
649.610	1	12
649.779	1	2
649.949	1	-7
650.118	1	-5
650.288	1	-6
650.457	1	0
650.627	1	3
650.796	1	-2
650.966	1	6
651.135	1	1
651.305	1	-1
651.474	1	7
651.644	1	4
651.813	1	4
651.983	1	-4
652.152	1	-4
652.322	1	3
652.491	1	-2
652.661	1	3
652.830	1	6
653.000	1	1
653.169	1	4
653.339	1	14
653.508	1	2
653.678	1	-4
653.847	1	2
654.017	1	-5
654.186	1	-1
654.356	1	9
654.525	1	-9
654.695	1	-1
654.864	1	9
655.034	1	-4
655.203	1	4
655.373	1	-6
655.542	1	4
655.712	1	1
655.881	1	4
656.051	1	12
656.220	1	2
656.390	1	-3
656.559	1	-5
656.729	1	4
656.898	1	6
657.068	1	-11
657.237	1	5
657.406	1	6
657.576	1	-2
657.745	1	0
657.915	1	3
658.084	1	6
658.254	1	2
658.423	1	-10
658.593	1	-6
658.762	1	-8
658.932	1	-3
659.101	1	-9
659.271	1	1
659.440	1	7
659.610	1	1
659.779	1	-1
659.949	1	4
660.118	1	3
660.288	1	6
660.457	1	-4
660.626	1	-6
660.796	1	0
660.965	1	-1
661.135	1	7
661.304	1	3
661.474	1	-6
661.643	1	-9
661.813	1	5
661.982	1	7
662.152	1	7
662.321	1	6
662.491	1	-1
662.660	1	0
662.829	1	1
662.999	1	5
663.168	1	-5
663.338	1	-4
663.507	1	-3
663.677	1	-15
663.846	1	4
664.016	1	4
664.185	1	5
664.354	1	6
664.524	1	-2
664.693	1	4
664.863	1	12
665.032	1	5
665.202	1	3
665.371	1	2
665.541	1	5
665.710	1	-1
665.879	1	-1
666.049	1	2
666.218	1	-5
666.388	1	-10
666.557	1	6
666.727	1	-22
666.896	1	-5
667.065	1	11
667.235	1	-2
667.404	1	-11
667.574	1	10
667.743	1	-6
667.913	1	4
668.082	1	-3
668.251	1	-2
668.421	1	4
668.590	1	-4
668.760	1	3
668.929	1	5
669.099	1	0
669.268	1	5
669.437	1	0
669.607	1	-4
669.776	1	-3
669.946	1	2
670.115	1	1
670.285	1	1
670.454	1	5
670.623	1	8
670.793	1	4
670.962	1	1
671.132	1	9
671.301	1	-1
671.470	1	7
671.640	1	-19
671.809	1	-3
671.979	1	18
672.148	1	7
672.317	1	-1
672.487	1	-6
672.656	1	16
672.826	1	-9
672.995	1	-1
673.164	1	9
673.334	1	9
673.503	1	3
673.673	1	11
673.842	1	-1
674.011	1	6
674.181	1	-11
674.350	1	-5
674.520	1	-12
674.689	1	-3
674.858	1	1
675.028	1	6
675.197	1	1
675.367	1	11
675.536	1	7
675.705	1	-3
675.875	1	3
676.044	1	-1
676.214	1	10
676.383	1	-4
676.552	1	-2
676.722	1	2
676.891	1	-8
677.060	1	16
677.230	1	10
677.399	1	6
677.569	1	-8
677.738	1	-7
677.907	1	-2
678.077	1	-2
678.246	1	-5
678.416	1	-3
678.585	1	7
678.754	1	-3
678.924	1	-11
679.093	1	2
679.262	1	-6
679.432	1	0
679.601	1	-16
679.771	1	3
679.940	1	-5
680.109	1	8
680.279	1	-9
680.448	1	-2
680.617	1	-6
680.787	1	5
680.956	1	0
681.125	1	-4
681.295	1	0
681.464	1	1
681.634	1	4
681.803	1	-12
681.972	1	-7
682.142	1	11
682.311	1	0
682.480	1	-4
682.650	1	-15
682.819	1	1
682.988	1	-9
683.158	1	-5
683.327	1	3
683.496	1	-4
683.666	1	4
683.835	1	2
684.004	1	-4
684.174	1	7
684.343	1	-10
684.512	1	3
684.682	1	6
684.851	1	1
685.021	1	-1
685.190	1	3
685.359	1	2
685.529	1	9
685.698	1	-3
685.867	1	-2
686.037	1	2
686.206	1	-2
686.375	1	-4
686.545	1	5
686.714	1	2
686.883	1	-2
687.053	1	-1
687.222	1	1
687.391	1	-2
687.561	1	1
687.730	1	-7
687.899	1	-6
688.069	1	0
688.238	1	-1
688.407	1	11
688.577	1	-1
688.746	1	4
