340.368	1	2
340.539	1	4
340.710	1	-6
340.881	1	8
341.052	1	5
341.223	1	12
341.394	1	0
341.565	1	-13
341.737	1	6
341.908	1	4
342.079	1	-10
342.250	1	5
342.421	1	-8
342.592	1	-7
342.763	1	-6
342.934	1	4
343.105	1	8
343.276	1	6
343.447	1	4
343.618	1	5
343.789	1	-7
343.960	1	0
344.131	1	-2
344.302	1	-5
344.473	1	2
344.644	1	0
344.815	1	-2
344.986	1	7
345.157	1	4
345.328	1	-5
345.499	1	11
345.670	1	10
345.841	1	8
346.012	1	7
346.183	1	5
346.354	1	0
346.526	1	5
346.697	1	2
346.868	1	3
347.039	1	-2
347.210	1	2
347.381	1	8
347.552	1	4
347.723	1	2
347.894	1	-2
348.065	1	5
348.236	1	9
348.407	1	6
348.578	1	-1
348.749	1	-2
348.920	1	9
349.091	1	2
349.262	1	-5
349.433	1	2
349.604	1	14
349.775	1	4
349.946	1	7
350.117	1	2
350.288	1	3
350.459	1	-4
350.630	1	-2
350.801	1	2
350.972	1	3
351.143	1	-9
351.314	1	-1
351.485	1	0
351.656	1	4
351.827	1	6
351.998	1	1
352.169	1	6
352.340	1	2
352.511	1	1
352.682	1	-8
352.853	1	-7
353.024	1	3
353.195	1	3
353.366	1	3
353.537	1	-4
353.708	1	-2
353.879	1	8
354.050	1	0
354.221	1	-1
354.392	1	9
354.563	1	3
354.734	1	4
354.905	1	8
355.076	1	3
355.247	1	-15
355.418	1	-3
355.589	1	0
355.760	1	1
355.931	1	5
356.102	1	5
356.273	1	-2
356.444	1	0
356.615	1	3
356.785	1	7
356.956	1	-5
357.127	1	3
357.298	1	-1
357.469	1	-2
357.640	1	11
357.811	1	2
357.982	1	-17
358.153	1	1
358.324	1	-1
358.495	1	8
358.666	1	3
358.837	1	0
359.008	1	3
359.179	1	-3
359.350	1	-3
359.521	1	-6
359.692	1	0
359.863	1	-10
360.034	1	-10
360.205	1	0
360.376	1	5
360.547	1	0
360.718	1	5
360.889	1	10
361.060	1	3
361.231	1	-1
361.401	1	6
361.572	1	0
361.743	1	-6
361.914	1	3
362.085	1	-2
362.256	1	13
362.427	1	-4
362.598	1	13
362.769	1	3
362.940	1	2
363.111	1	13
363.282	1	4
363.453	1	6
363.624	1	-2
363.795	1	5
363.966	1	6
364.137	1	-8
364.308	1	3
364.478	1	3
364.649	1	1
364.820	1	2
364.991	1	4
365.162	1	-1
365.333	1	9
365.504	1	-5
365.675	1	2
365.846	1	1
366.017	1	10
366.188	1	-1
366.359	1	2
366.530	1	5
366.701	1	-8
366.871	1	9
367.042	1	7
367.213	1	0
367.384	1	8
367.555	1	-8
367.726	1	13
367.897	1	-3
368.068	1	3
368.239	1	2
368.410	1	-1
368.581	1	-1
368.752	1	-12
368.923	1	-9
369.093	1	-2
369.264	1	4
369.435	1	-6
369.606	1	-3
369.777	1	2
369.948	1	3
370.119	1	7
370.290	1	1
370.461	1	-2
370.632	1	11
370.803	1	-7
370.973	1	8
371.144	1	6
371.315	1	-5
371.486	1	3
371.657	1	1
371.828	1	-1
371.999	1	-3
372.170	1	7
372.341	1	4
372.512	1	0
372.682	1	-8
372.853	1	-2
373.024	1	6
373.195	1	-14
373.366	1	6
373.537	1	5
373.708	1	3
373.879	1	3
374.050	1	1
374.220	1	9
374.391	1	4
374.562	1	-6
374.733	1	5
374.904	1	10
375.075	1	10
375.246	1	1
375.417	1	3
375.588	1	1
375.758	1	1
375.929	1	8
376.100	1	12
376.271	1	-7
376.442	1	0
376.613	1	6
376.784	1	-1
376.955	1	-3
377.125	1	-3
377.296	1	1
377.467	1	0
377.638	1	1
377.809	1	9
377.980	1	8
378.151	1	-4
378.321	1	-1
378.492	1	-1
378.663	1	-9
378.834	1	7
379.005	1	7
379.176	1	-1
379.347	1	7
379.518	1	-12
379.688	1	5
379.859	1	-7
380.030	1	2
380.201	1	-1
380.372	1	4
380.543	1	10
380.714	1	-1
380.884	1	2
381.055	1	-2
381.226	1	-2
381.397	1	-2
381.568	1	8
381.739	1	7
381.910	1	0
382.080	1	-10
382.251	1	3
382.422	1	12
382.593	1	-12
382.764	1	-11
382.935	1	5
383.105	1	9
383.276	1	0
383.447	1	6
383.618	1	17
383.789	1	1
383.960	1	0
384.130	1	-3
384.301	1	-1
384.472	1	-8
384.643	1	6
384.814	1	5
384.985	1	1
385.156	1	10
385.326	1	8
385.497	1	8
385.668	1	0
385.839	1	7
386.010	1	13
386.180	1	8
386.351	1	1
386.522	1	9
386.693	1	2
386.864	1	1
387.035	1	-4
387.205	1	2
387.376	1	8
387.547	1	-5
387.718	1	6
387.889	1	16
388.060	1	-7
388.230	1	1
388.401	1	6
388.572	1	2
388.743	1	1
388.914	1	11
389.084	1	12
389.255	1	16
389.426	1	1
389.597	1	-1
389.768	1	2
389.939	1	4
390.109	1	-2
390.280	1	11
390.451	1	11
390.622	1	-6
390.793	1	14
390.963	1	10
391.134	1	-4
391.305	1	16
391.476	1	9
391.647	1	3
391.817	1	3
391.988	1	-4
392.159	1	16
392.330	1	10
392.501	1	13
392.671	1	13
392.842	1	7
393.013	1	8
393.184	1	9
393.355	1	10
393.525	1	4
393.696	1	-5
393.867	1	0
394.038	1	-6
394.208	1	5
394.379	1	2
394.550	1	4
394.721	1	11
394.892	1	6
395.062	1	-4
395.233	1	9
395.404	1	5
395.575	1	-6
395.746	1	9
395.916	1	8
396.087	1	-2
396.258	1	-10
396.429	1	3
396.599	1	-3
396.770	1	-4
396.941	1	16
397.112	1	-2
397.283	1	7
397.453	1	-4
397.624	1	6
397.795	1	9
397.966	1	6
398.136	1	12
398.307	1	2
398.478	1	3
398.649	1	4
398.819	1	14
398.990	1	2
399.161	1	0
399.332	1	14
399.503	1	1
399.673	1	11
399.844	1	2
400.015	1	-7
400.186	1	14
400.356	1	-1
400.527	1	5
400.698	1	1
400.869	1	17
401.039	1	11
401.210	1	-2
401.381	1	5
401.552	1	5
401.722	1	15
401.893	1	2
402.064	1	6
402.235	1	6
402.405	1	-2
402.576	1	-1
402.747	1	-3
402.918	1	-4
403.088	1	5
403.259	1	-4
403.430	1	5
403.601	1	-7
403.771	1	8
403.942	1	14
404.113	1	3
404.284	1	-1
404.454	1	13
404.625	1	6
404.796	1	-6
404.967	1	2
405.137	1	9
405.308	1	-1
405.479	1	-2
405.649	1	-4
405.820	1	-8
405.991	1	12
406.162	1	-3
406.332	1	3
406.503	1	-4
406.674	1	12
406.845	1	4
407.015	1	0
407.186	1	15
407.357	1	8
407.527	1	-5
407.698	1	-3
407.869	1	2
408.040	1	-3
408.210	1	6
408.381	1	-1
408.552	1	7
408.722	1	-7
408.893	1	-2
409.064	1	-2
409.235	1	-4
409.405	1	3
409.576	1	3
409.747	1	-7
409.917	1	5
410.088	1	6
410.259	1	6
410.430	1	11
410.600	1	-1
410.771	1	2
410.942	1	2
411.112	1	-1
411.283	1	-11
411.454	1	12
411.625	1	-3
411.795	1	9
411.966	1	-1
412.137	1	6
412.307	1	0
412.478	1	8
412.649	1	7
412.819	1	-4
412.990	1	6
413.161	1	-6
413.332	1	-3
413.502	1	5
413.673	1	8
413.844	1	4
414.014	1	-3
414.185	1	3
414.356	1	-8
414.526	1	3
414.697	1	5
414.868	1	4
415.038	1	-3
415.209	1	-1
415.380	1	0
415.550	1	1
415.721	1	5
415.892	1	-5
416.063	1	4
416.233	1	-1
416.404	1	6
416.575	1	2
416.745	1	-10
416.916	1	0
417.087	1	-9
417.257	1	-3
417.428	1	1
417.599	1	3
417.769	1	5
417.940	1	1
418.111	1	-8
418.281	1	2
418.452	1	-1
418.623	1	0
418.793	1	7
418.964	1	4
419.135	1	14
419.305	1	0
419.476	1	7
419.647	1	6
419.817	1	8
419.988	1	-4
420.159	1	-4
420.329	1	2
420.500	1	-5
420.671	1	4
420.841	1	8
421.012	1	13
421.183	1	5
421.353	1	10
421.524	1	0
421.695	1	1
421.865	1	2
422.036	1	-17
422.206	1	0
422.377	1	5
422.548	1	-1
422.718	1	-9
422.889	1	7
423.060	1	-4
423.230	1	7
423.401	1	3
423.572	1	-1
423.742	1	2
423.913	1	-2
424.084	1	2
424.254	1	-5
424.425	1	2
424.595	1	-7
424.766	1	2
424.937	1	1
425.107	1	-3
425.278	1	-1
425.449	1	1
425.619	1	-3
425.790	1	0
425.961	1	-2
426.131	1	-5
426.302	1	0
426.472	1	-7
426.643	1	4
426.814	1	3
426.984	1	6
427.155	1	-4
427.326	1	4
427.496	1	8
427.667	1	2
427.837	1	-7
428.008	1	2
428.179	1	-2
428.349	1	5
428.520	1	-5
428.691	1	-4
428.861	1	-6
429.032	1	-4
429.202	1	7
429.373	1	-1
429.544	1	-2
429.714	1	5
429.885	1	0
430.055	1	6
430.226	1	-6
430.397	1	-7
430.567	1	12
430.738	1	1
430.909	1	-5
431.079	1	-1
431.250	1	-11
431.420	1	2
431.591	1	2
431.762	1	-1
431.932	1	-4
432.103	1	-2
432.273	1	-1
432.444	1	1
432.615	1	1
432.785	1	3
432.956	1	-3
433.126	1	5
433.297	1	9
433.468	1	2
433.638	1	3
433.809	1	13
433.979	1	2
434.150	1	-7
434.320	1	5
434.491	1	3
434.662	1	-12
434.832	1	-3
435.003	1	13
435.173	1	3
435.344	1	7
435.515	1	-11
435.685	1	5
435.856	1	-1
436.026	1	8
436.197	1	-2
436.368	1	6
436.538	1	6
436.709	1	-14
436.879	1	-8
437.050	1	12
437.220	1	-1
437.391	1	2
437.562	1	7
437.732	1	-1
437.903	1	-2
438.073	1	15
438.244	1	2
438.414	1	-5
438.585	1	4
438.756	1	-1
438.926	1	7
439.097	1	3
439.267	1	12
439.438	1	8
439.608	1	11
439.779	1	-5
439.949	1	4
440.120	1	1
440.291	1	-7
440.461	1	1
440.632	1	6
440.802	1	-4
440.973	1	6
441.143	1	17
441.314	1	0
441.485	1	-4
441.655	1	21
441.826	1	-9
441.996	1	-8
442.167	1	-1
442.337	1	-2
442.508	1	-2
442.678	1	-11
442.849	1	11
443.019	1	2
443.190	1	-12
443.361	1	13
443.531	1	-5
443.702	1	-8
443.872	1	-4
444.043	1	-2
444.213	1	-4
444.384	1	2
444.554	1	-7
444.725	1	2
444.895	1	-2
445.066	1	-13
445.237	1	-9
445.407	1	-2
445.578	1	14
445.748	1	-1
445.919	1	-2
446.089	1	9
446.260	1	7
446.430	1	-15
446.601	1	-12
446.771	1	-3
446.942	1	12
447.112	1	-4
447.283	1	-5
447.453	1	-3
447.624	1	13
447.794	1	-2
447.965	1	4
448.135	1	-2
448.306	1	5
448.477	1	-12
448.647	1	9
448.818	1	11
448.988	1	-12
449.159	1	-13
449.329	1	13
449.500	1	15
449.670	1	9
449.841	1	4
450.011	1	2
450.182	1	-5
450.352	1	3
450.523	1	-9
450.693	1	8
450.864	1	-5
451.034	1	9
451.205	1	-1
451.375	1	5
451.546	1	-4
451.716	1	9
451.887	1	-5
452.057	1	15
452.228	1	2
452.398	1	0
452.569	1	1
452.739	1	-4
452.910	1	7
453.080	1	16
453.251	1	7
453.421	1	-1
453.592	1	-4
453.762	1	8
453.933	1	3
454.103	1	3
454.274	1	-4
454.444	1	4
454.615	1	4
454.785	1	-8
454.956	1	2
455.126	1	-7
455.297	1	-2
455.467	1	12
455.638	1	3
455.808	1	-1
455.979	1	8
456.149	1	2
456.320	1	-7
456.490	1	10
456.661	1	0
456.831	1	13
457.001	1	10
457.172	1	3
457.342	1	2
457.513	1	5
457.683	1	12
457.854	1	2
458.024	1	-5
458.195	1	-1
458.365	1	6
458.536	1	5
458.706	1	-3
458.877	1	-2
459.047	1	-2
459.218	1	2
459.388	1	2
459.559	1	6
459.729	1	5
459.899	1	7
460.070	1	4
460.240	1	5
460.411	1	-3
460.581	1	3
460.752	1	4
460.922	1	-10
461.093	1	6
461.263	1	5
461.434	1	8
461.604	1	3
461.775	1	0
461.945	1	9
462.115	1	-6
462.286	1	9
462.456	1	-9
462.627	1	2
462.797	1	-2
462.968	1	-10
463.138	1	8
463.309	1	1
463.479	1	11
463.649	1	0
463.820	1	6
463.990	1	0
464.161	1	5
464.331	1	13
464.502	1	2
464.672	1	-6
464.843	1	3
465.013	1	-9
465.183	1	2
465.354	1	2
465.524	1	10
465.695	1	6
465.865	1	-1
466.036	1	0
466.206	1	-4
466.376	1	4
466.547	1	-1
466.717	1	-3
466.888	1	-5
467.058	1	12
467.229	1	4
467.399	1	3
467.569	1	8
467.740	1	-3
467.910	1	-8
468.081	1	1
468.251	1	-6
468.422	1	11
468.592	1	9
468.762	1	-11
468.933	1	3
469.103	1	-8
469.274	1	-5
469.444	1	4
469.614	1	1
469.785	1	0
469.955	1	0
470.126	1	6
470.296	1	-3
470.467	1	-3
470.637	1	10
470.807	1	7
470.978	1	-10
471.148	1	3
471.319	1	7
471.489	1	-4
471.659	1	7
471.830	1	18
472.000	1	1
472.171	1	1
472.341	1	3
472.511	1	6
472.682	1	7
472.852	1	-4
473.023	1	-11
473.193	1	-2
473.363	1	-4
473.534	1	3
473.704	1	3
473.875	1	8
474.045	1	1
474.215	1	-10
474.386	1	5
474.556	1	-8
474.727	1	3
474.897	1	-1
475.067	1	9
475.238	1	3
475.408	1	4
475.578	1	2
475.749	1	-8
475.919	1	6
476.090	1	-7
476.260	1	1
476.430	1	6
476.601	1	-2
476.771	1	9
476.942	1	7
477.112	1	-2
477.282	1	-9
477.453	1	4
477.623	1	6
477.793	1	-7
477.964	1	8
478.134	1	4
478.305	1	5
478.475	1	-1
478.645	1	-8
478.816	1	1
478.986	1	-5
479.156	1	7
479.327	1	-14
479.497	1	-5
479.667	1	-4
479.838	1	2
480.008	1	6
480.179	1	8
480.349	1	-1
480.519	1	0
480.690	1	-1
480.860	1	-4
481.030	1	0
481.201	1	-2
481.371	1	2
481.541	1	0
481.712	1	0
481.882	1	0
482.053	1	13
482.223	1	-17
482.393	1	-6
482.564	1	-10
482.734	1	6
482.904	1	0
483.075	1	1
483.245	1	-1
483.415	1	3
483.586	1	-9
483.756	1	5
483.926	1	6
484.097	1	1
484.267	1	-1
484.437	1	-15
484.608	1	0
484.778	1	-3
484.948	1	-11
485.119	1	-5
485.289	1	1
485.459	1	4
485.630	1	-3
485.800	1	1
485.970	1	-1
486.141	1	-10
486.311	1	-1
486.481	1	2
486.652	1	2
486.822	1	4
486.992	1	-8
487.163	1	-8
487.333	1	8
487.503	1	-10
487.674	1	1
487.844	1	0
488.014	1	0
488.185	1	-8
488.355	1	-5
488.525	1	-2
488.696	1	-7
488.866	1	9
489.036	1	4
489.207	1	13
489.377	1	5
489.547	1	6
489.718	1	0
489.888	1	-2
490.058	1	3
490.228	1	-5
490.399	1	4
490.569	1	8
490.739	1	7
490.910	1	-10
491.080	1	-2
491.250	1	3
491.421	1	3
491.591	1	1
491.761	1	4
491.932	1	2
492.102	1	-5
492.272	1	8
492.442	1	0
492.613	1	4
492.783	1	-3
492.953	1	-6
493.124	1	3
493.294	1	2
493.464	1	-6
493.635	1	1
493.805	1	8
493.975	1	0
494.145	1	2
494.316	1	2
494.486	1	-2
494.656	1	1
494.827	1	-1
494.997	1	-4
495.167	1	3
495.337	1	7
495.508	1	2
495.678	1	3
495.848	1	13
496.019	1	3
496.189	1	1
496.359	1	10
496.529	1	-7
496.700	1	3
496.870	1	-4
497.040	1	-1
497.211	1	13
497.381	1	-29
497.551	1	13
497.721	1	-8
497.892	1	12
498.062	1	-6
498.232	1	1
498.403	1	-2
498.573	1	-7
498.743	1	7
498.913	1	2
499.084	1	-14
499.254	1	2
499.424	1	3
499.594	1	-5
499.765	1	-2
499.935	1	-6
500.105	1	-2
500.275	1	3
500.446	1	7
500.616	1	2
500.786	1	-4
500.956	1	6
501.127	1	11
501.297	1	2
501.467	1	2
501.638	1	-1
501.808	1	-19
501.978	1	5
502.148	1	3
502.319	1	-3
502.489	1	11
502.659	1	3
502.829	1	-1
503.000	1	5
503.170	1	-5
503.340	1	-3
503.510	1	-5
503.681	1	-4
503.851	1	-18
504.021	1	16
504.191	1	-4
504.362	1	8
504.532	1	0
504.702	1	10
504.872	1	-11
505.042	1	6
505.213	1	7
505.383	1	-8
505.553	1	2
505.723	1	-2
505.894	1	-2
506.064	1	0
506.234	1	10
506.404	1	-2
506.575	1	2
506.745	1	12
506.915	1	3
507.085	1	-3
507.256	1	-6
507.426	1	10
507.596	1	5
507.766	1	-4
507.936	1	-3
508.107	1	5
508.277	1	-9
508.447	1	6
508.617	1	8
508.788	1	-3
508.958	1	3
509.128	1	-7
509.298	1	10
509.468	1	6
509.639	1	3
509.809	1	1
509.979	1	4
510.149	1	1
510.319	1	-3
510.490	1	13
510.660	1	14
510.830	1	-5
511.000	1	10
511.171	1	11
511.341	1	-7
511.511	1	-2
511.681	1	2
511.851	1	-3
512.022	1	-8
512.192	1	10
512.362	1	-1
512.532	1	-3
512.702	1	-2
512.873	1	4
513.043	1	2
513.213	1	3
513.383	1	-9
513.553	1	-8
513.724	1	11
513.894	1	-1
514.064	1	1
514.234	1	2
514.404	1	-2
514.575	1	3
514.745	1	-5
514.915	1	10
515.085	1	-2
515.255	1	-4
515.425	1	-9
515.596	1	-4
515.766	1	5
515.936	1	8
516.106	1	14
516.276	1	5
516.447	1	-3
516.617	1	2
516.787	1	-13
516.957	1	-3
517.127	1	-3
517.297	1	3
517.468	1	-7
517.638	1	9
517.808	1	4
517.978	1	3
518.148	1	6
518.319	1	0
518.489	1	5
518.659	1	7
518.829	1	-10
518.999	1	-1
519.169	1	13
519.340	1	2
519.510	1	-3
519.680	1	-1
519.850	1	1
520.020	1	-3
520.190	1	4
520.361	1	2
520.531	1	0
520.701	1	0
520.871	1	-4
521.041	1	9
521.211	1	-1
521.382	1	9
521.552	1	8
521.722	1	6
521.892	1	-8
522.062	1	0
522.232	1	-6
522.402	1	-14
522.573	1	1
522.743	1	9
522.913	1	4
523.083	1	-5
523.253	1	7
523.423	1	6
523.593	1	-10
523.764	1	4
523.934	1	9
524.104	1	6
524.274	1	-8
524.444	1	3
524.614	1	2
524.784	1	7
524.955	1	-5
525.125	1	8
525.295	1	-4
525.465	1	-8
525.635	1	17
525.805	1	0
525.975	1	-4
526.146	1	1
526.316	1	3
526.486	1	-5
526.656	1	18
526.826	1	12
526.996	1	13
527.166	1	4
527.337	1	-7
527.507	1	-2
527.677	1	15
527.847	1	-10
528.017	1	-1
528.187	1	1
528.357	1	5
528.527	1	0
528.698	1	-7
528.868	1	-8
529.038	1	3
529.208	1	-12
529.378	1	-2
529.548	1	2
529.718	1	8
529.888	1	0
530.058	1	2
530.229	1	6
530.399	1	2
530.569	1	11
530.739	1	-2
530.909	1	1
531.079	1	10
531.249	1	-6
531.419	1	2
531.589	1	-8
531.760	1	9
531.930	1	-2
532.100	1	8
532.270	1	9
532.440	1	-3
532.610	1	6
532.780	1	4
532.950	1	2
533.120	1	-6
533.290	1	6
533.461	1	16
533.631	1	4
533.801	1	0
533.971	1	5
534.141	1	7
534.311	1	-2
534.481	1	-4
534.651	1	6
534.821	1	13
534.991	1	-1
535.162	1	-1
535.332	1	2
535.502	1	7
535.672	1	-2
535.842	1	6
536.012	1	8
536.182	1	0
536.352	1	6
536.522	1	5
536.692	1	3
536.862	1	9
537.032	1	1
537.203	1	16
537.373	1	-10
537.543	1	0
537.713	1	10
537.883	1	-3
538.053	1	8
538.223	1	3
538.393	1	6
538.563	1	5
538.733	1	-2
538.903	1	3
539.073	1	3
539.243	1	6
539.413	1	3
539.584	1	5
539.754	1	1
539.924	1	2
540.094	1	7
540.264	1	12
540.434	1	-7
540.604	1	14
540.774	1	0
540.944	1	4
541.114	1	-2
541.284	1	-7
541.454	1	5
541.624	1	5
541.794	1	-6
541.964	1	8
542.134	1	10
542.305	1	5
542.475	1	-5
542.645	1	5
542.815	1	7
542.985	1	-5
543.155	1	-2
543.325	1	-2
543.495	1	-2
543.665	1	2
543.835	1	-2
544.005	1	11
544.175	1	-1
544.345	1	-10
544.515	1	2
544.685	1	2
544.855	1	6
545.025	1	-1
545.195	1	6
545.365	1	14
545.535	1	5
545.705	1	3
545.875	1	-2
546.045	1	8
546.216	1	1
546.386	1	8
546.556	1	1
546.726	1	-6
546.896	1	5
547.066	1	-11
547.236	1	-6
547.406	1	6
547.576	1	10
547.746	1	9
547.916	1	1
548.086	1	1
548.256	1	4
548.426	1	-5
548.596	1	4
548.766	1	2
548.936	1	-3
549.106	1	5
549.276	1	13
549.446	1	5
549.616	1	4
549.786	1	1
549.956	1	5
550.126	1	0
550.296	1	7
550.466	1	-6
550.636	1	6
550.806	1	7
550.976	1	-4
551.146	1	-4
551.316	1	-4
551.486	1	1
551.656	1	-14
551.826	1	1
551.996	1	4
552.166	1	0
552.336	1	10
552.506	1	-6
552.676	1	0
552.846	1	-1
553.016	1	-3
553.186	1	13
553.356	1	-1
553.526	1	-3
553.696	1	12
553.866	1	4
554.036	1	0
554.206	1	9
554.376	1	-5
554.546	1	-2
554.716	1	-6
554.886	1	-3
555.056	1	-8
555.226	1	-16
555.396	1	-6
555.566	1	10
555.736	1	-3
555.906	1	6
556.076	1	-1
556.246	1	-4
556.416	1	-1
556.586	1	9
556.756	1	7
556.926	1	5
557.096	1	-1
557.266	1	-1
557.436	1	9
557.606	1	-4
557.776	1	1
557.946	1	10
558.116	1	2
558.286	1	2
558.456	1	-9
558.626	1	2
558.796	1	-7
558.966	1	9
559.136	1	1
559.306	1	-1
559.476	1	2
559.646	1	-3
559.816	1	8
559.986	1	-6
560.155	1	-6
560.325	1	-5
560.495	1	-6
560.665	1	4
560.835	1	5
561.005	1	3
561.175	1	-9
561.345	1	6
561.515	1	-2
561.685	1	-6
561.855	1	9
562.025	1	6
562.195	1	-2
562.365	1	1
562.535	1	2
562.705	1	10
562.875	1	-1
563.045	1	4
563.215	1	-5
563.385	1	-6
563.555	1	6
563.725	1	2
563.895	1	-11
564.064	1	5
564.234	1	-1
564.404	1	-6
564.574	1	-7
564.744	1	2
564.914	1	-12
565.084	1	-4
565.254	1	-5
565.424	1	-6
565.594	1	-1
565.764	1	6
565.934	1	3
566.104	1	0
566.274	1	1
566.444	1	9
566.614	1	2
566.783	1	-5
566.953	1	2
567.123	1	16
567.293	1	-8
567.463	1	0
567.633	1	-3
567.803	1	-12
567.973	1	-6
568.143	1	0
568.313	1	0
568.483	1	-4
568.653	1	2
568.823	1	7
568.993	1	0
569.162	1	3
569.332	1	-9
569.502	1	6
569.672	1	-5
569.842	1	-1
570.012	1	4
570.182	1	-6
570.352	1	10
570.522	1	1
570.692	1	8
570.862	1	8
571.031	1	2
571.201	1	4
571.371	1	3
571.541	1	-4
571.711	1	4
571.881	1	4
572.051	1	-6
572.221	1	4
572.391	1	3
572.561	1	-7
572.731	1	-2
572.900	1	-2
573.070	1	3
573.240	1	-11
573.410	1	-1
573.580	1	-1
573.750	1	4
573.920	1	-4
574.090	1	9
574.260	1	-5
574.430	1	-5
574.599	1	-4
574.769	1	1
574.939	1	-3
575.109	1	5
575.279	1	10
575.449	1	-1
575.619	1	9
575.789	1	5
575.959	1	-14
576.128	1	0
576.298	1	-12
576.468	1	3
576.638	1	-4
576.808	1	-5
576.978	1	1
577.148	1	11
577.318	1	3
577.487	1	7
577.657	1	-9
577.827	1	0
577.997	1	-10
578.167	1	15
578.337	1	-1
578.507	1	0
578.677	1	5
578.846	1	2
579.016	1	19
579.186	1	-1
579.356	1	-7
579.526	1	-3
579.696	1	1
579.866	1	-4
580.036	1	0
580.205	1	1
580.375	1	2
580.545	1	3
580.715	1	9
580.885	1	-1
581.055	1	4
581.225	1	6
581.394	1	1
581.564	1	-5
581.734	1	1
581.904	1	7
582.074	1	-7
582.244	1	0
582.414	1	-3
582.583	1	-8
582.753	1	6
582.923	1	-5
583.093	1	-9
583.263	1	2
583.433	1	-8
583.603	1	6
583.772	1	11
583.942	1	9
584.112	1	13
584.282	1	10
584.452	1	3
584.622	1	5
584.791	1	2
584.961	1	5
585.131	1	-5
585.301	1	5
585.471	1	-4
585.641	1	2
585.811	1	-10
585.980	1	-10
586.150	1	0
586.320	1	-3
586.490	1	-9
586.660	1	5
586.830	1	-1
586.999	1	0
587.169	1	1
587.339	1	9
587.509	1	3
587.679	1	7
587.849	1	3
588.018	1	1
588.188	1	-4
588.358	1	7
588.528	1	-6
588.698	1	-5
588.867	1	6
589.037	1	2
589.207	1	-12
589.377	1	9
589.547	1	-9
589.717	1	1
589.886	1	-5
590.056	1	2
590.226	1	2
590.396	1	6
590.566	1	2
590.735	1	10
590.905	1	4
591.075	1	-11
591.245	1	-7
591.415	1	-7
591.585	1	-3
591.754	1	5
591.924	1	-6
592.094	1	4
592.264	1	3
592.434	1	3
592.603	1	-2
592.773	1	-4
592.943	1	-5
593.113	1	-7
593.283	1	5
593.452	1	-14
593.622	1	-3
593.792	1	-2
593.962	1	1
594.132	1	-16
594.301	1	6
594.471	1	4
594.641	1	-7
594.811	1	-3
594.981	1	3
595.150	1	-7
595.320	1	13
595.490	1	-7
595.660	1	-4
595.829	1	2
595.999	1	2
596.169	1	-1
596.339	1	4
596.509	1	-4
596.678	1	5
596.848	1	3
597.018	1	10
597.188	1	9
597.358	1	6
597.527	1	-5
597.697	1	-3
597.867	1	4
598.037	1	-6
598.206	1	1
598.376	1	8
598.546	1	2
598.716	1	-3
598.885	1	-4
599.055	1	13
599.225	1	6
599.395	1	6
599.565	1	0
599.734	1	-1
599.904	1	-13
600.074	1	-4
600.244	1	10
600.413	1	2
600.583	1	-6
600.753	1	-4
600.923	1	9
601.092	1	-16
601.262	1	11
601.432	1	-1
601.602	1	2
601.771	1	2
601.941	1	5
602.111	1	-8
602.281	1	-5
602.451	1	-7
602.620	1	3
602.790	1	1
602.960	1	-10
603.130	1	5
603.299	1	1
603.469	1	4
603.639	1	10
603.809	1	0
603.978	1	1
604.148	1	5
604.318	1	8
604.487	1	5
604.657	1	10
604.827	1	-7
604.997	1	8
605.166	1	-4
605.336	1	1
605.506	1	2
605.676	1	-7
605.845	1	-2
606.015	1	-1
606.185	1	8
606.355	1	17
606.524	1	-3
606.694	1	11
606.864	1	0
607.034	1	-11
607.203	1	7
607.373	1	1
607.543	1	-4
607.712	1	5
607.882	1	-4
608.052	1	4
608.222	1	1
608.391	1	-7
608.561	1	11
608.731	1	-8
608.901	1	4
609.070	1	4
609.240	1	7
609.410	1	-2
609.579	1	11
609.749	1	-4
609.919	1	-2
610.089	1	-7
610.258	1	4
610.428	1	-3
610.598	1	-1
610.767	1	-2
610.937	1	-1
611.107	1	7
611.277	1	7
611.446	1	1
611.616	1	-15
611.786	1	11
611.955	1	5
612.125	1	2
612.295	1	1
612.465	1	-13
612.634	1	-5
612.804	1	10
612.974	1	3
613.143	1	-2
613.313	1	-5
613.483	1	3
613.652	1	-2
613.822	1	6
613.992	1	6
614.162	1	8
614.331	1	1
614.501	1	4
614.671	1	7
614.840	1	0
615.010	1	-3
615.180	1	-1
615.349	1	2
615.519	1	3
615.689	1	5
615.858	1	4
616.028	1	-9
616.198	1	7
616.368	1	0
616.537	1	-2
616.707	1	0
616.877	1	7
617.046	1	3
617.216	1	-1
617.386	1	0
617.555	1	-4
617.725	1	2
617.895	1	-4
618.064	1	7
618.234	1	3
618.404	1	2
618.573	1	-6
618.743	1	-1
618.913	1	-3
619.082	1	-6
619.252	1	-2
619.422	1	0
619.591	1	-7
619.761	1	1
619.931	1	2
620.100	1	2
620.270	1	-2
620.440	1	8
620.609	1	-3
620.779	1	0
620.949	1	-5
621.118	1	-5
621.288	1	4
621.458	1	5
621.627	1	-9
621.797	1	-1
621.967	1	-3
622.136	1	3
622.306	1	2
622.476	1	7
622.645	1	6
622.815	1	3
622.985	1	-4
623.154	1	3
623.324	1	5
623.494	1	-3
623.663	1	-2
623.833	1	-1
624.002	1	-4
624.172	1	15
624.342	1	-9
624.511	1	-3
624.681	1	-12
624.851	1	-6
625.020	1	-3
625.190	1	7
625.360	1	4
625.529	1	7
625.699	1	4
625.869	1	8
626.038	1	5
626.208	1	-6
626.377	1	9
626.547	1	9
626.717	1	-5
626.886	1	-9
627.056	1	2
627.226	1	-1
627.395	1	7
627.565	1	15
627.735	1	5
627.904	1	3
628.074	1	1
628.243	1	-7
628.413	1	3
628.583	1	-1
628.752	1	8
628.922	1	3
629.091	1	8
629.261	1	4
629.431	1	-3
629.600	1	5
629.770	1	1
629.940	1	4
630.109	1	-8
630.279	1	-6
630.448	1	3
630.618	1	-4
630.788	1	-1
630.957	1	-2
631.127	1	11
631.297	1	5
631.466	1	3
631.636	1	-2
631.805	1	4
631.975	1	-1
632.145	1	-11
632.314	1	8
632.484	1	-2
632.653	1	-3
632.823	1	10
632.993	1	9
633.162	1	2
633.332	1	7
633.501	1	3
633.671	1	2
633.841	1	3
634.010	1	3
634.180	1	8
634.349	1	6
634.519	1	-1
634.689	1	13
634.858	1	-1
635.028	1	1
635.197	1	-7
635.367	1	1
635.537	1	-7
635.706	1	-5
635.876	1	1
636.045	1	-1
636.215	1	-14
636.384	1	11
636.554	1	11
636.724	1	7
636.893	1	-3
637.063	1	6
637.232	1	5
637.402	1	9
637.572	1	-11
637.741	1	10
637.911	1	7
638.080	1	-1
638.250	1	6
638.419	1	8
638.589	1	3
638.759	1	0
638.928	1	-10
639.098	1	-1
639.267	1	0
639.437	1	-10
639.606	1	16
639.776	1	-6
639.946	1	3
640.115	1	-2
640.285	1	1
640.454	1	10
640.624	1	12
640.793	1	1
640.963	1	-3
641.132	1	9
641.302	1	-6
641.472	1	0
641.641	1	-3
641.811	1	5
641.980	1	1
642.150	1	-3
642.319	1	3
642.489	1	-3
642.659	1	-12
642.828	1	-7
642.998	1	-7
643.167	1	3
643.337	1	4
643.506	1	-1
643.676	1	-1
643.845	1	-3
644.015	1	6
644.184	1	8
644.354	1	4
644.524	1	-7
644.693	1	3
644.863	1	-7
645.032	1	-3
645.202	1	-8
645.371	1	-5
645.541	1	-7
645.710	1	0
645.880	1	-3
646.049	1	14
646.219	1	1
646.388	1	-3
646.558	1	-6
646.728	1	-4
646.897	1	-6
647.067	1	-2
647.236	1	11
647.406	1	-6
647.575	1	9
647.745	1	0
647.914	1	0
648.084	1	4
648.253	1	2
648.423	1	-1
648.592	1	6
648.762	1	-7
648.931	1	1
649.101	1	-2
649.270	1	1
649.440	1	4
649.610	1	11
649.779	1	5
649.949	1	-2
650.118	1	0
650.288	1	-9
650.457	1	-10
650.627	1	-2
650.796	1	4
650.966	1	2
651.135	1	3
651.305	1	-5
651.474	1	6
651.644	1	-3
651.813	1	4
651.983	1	-1
652.152	1	-11
652.322	1	7
652.491	1	-1
652.661	1	-2
652.830	1	9
653.000	1	0
653.169	1	5
653.339	1	0
653.508	1	3
653.678	1	1
653.847	1	3
654.017	1	8
654.186	1	4
654.356	1	14
654.525	1	-2
654.695	1	6
654.864	1	3
655.034	1	2
655.203	1	-2
655.373	1	-9
655.542	1	0
655.712	1	-5
655.881	1	-7
656.051	1	-2
656.220	1	2
656.390	1	-5
656.559	1	-6
656.729	1	7
656.898	1	4
657.068	1	-6
657.237	1	4
657.406	1	0
657.576	1	-4
657.745	1	-11
657.915	1	5
658.084	1	2
658.254	1	9
658.423	1	-17
658.593	1	-2
658.762	1	-2
658.932	1	0
659.101	1	5
659.271	1	4
659.440	1	6
659.610	1	5
659.779	1	2
659.949	1	-16
660.118	1	-2
660.288	1	2
660.457	1	3
660.626	1	-3
660.796	1	4
660.965	1	4
661.135	1	-4
661.304	1	-1
661.474	1	-3
661.643	1	-5
661.813	1	1
661.982	1	5
662.152	1	-1
662.321	1	-2
662.491	1	4
662.660	1	-6
662.829	1	-9
662.999	1	-2
663.168	1	-13
663.338	1	-7
663.507	1	3
663.677	1	-3
663.846	1	7
664.016	1	-1
664.185	1	-5
664.354	1	8
664.524	1	-14
664.693	1	-3
664.863	1	9
665.032	1	-1
665.202	1	-2
665.371	1	2
665.541	1	-6
665.710	1	-9
665.879	1	1
666.049	1	2
666.218	1	-7
666.388	1	3
666.557	1	-3
666.727	1	-19
666.896	1	-8
667.065	1	11
667.235	1	-6
667.404	1	-9
667.574	1	0
667.743	1	1
667.913	1	-3
668.082	1	-3
668.251	1	5
668.421	1	10
668.590	1	-7
668.760	1	0
668.929	1	0
669.099	1	-5
669.268	1	-5
669.437	1	-3
669.607	1	-12
669.776	1	-5
669.946	1	7
670.115	1	-3
670.285	1	3
670.454	1	-2
670.623	1	8
670.793	1	-8
670.962	1	-5
671.132	1	5
671.301	1	-2
671.470	1	-6
671.640	1	-15
671.809	1	-14
671.979	1	14
672.148	1	9
672.317	1	-4
672.487	1	-4
672.656	1	4
672.826	1	-6
672.995	1	0
673.164	1	3
673.334	1	2
673.503	1	0
673.673	1	13
673.842	1	12
674.011	1	9
674.181	1	-8
674.350	1	-3
674.520	1	4
674.689	1	-6
674.858	1	-7
675.028	1	1
675.197	1	-4
675.367	1	7
675.536	1	14
675.705	1	-10
675.875	1	4
676.044	1	-3
676.214	1	-3
676.383	1	-9
676.552	1	-15
676.722	1	6
676.891	1	-15
677.060	1	3
677.230	1	10
677.399	1	4
677.569	1	-11
677.738	1	-7
677.907	1	-11
678.077	1	3
678.246	1	-9
678.416	1	4
678.585	1	6
678.754	1	-8
678.924	1	-9
679.093	1	1
679.262	1	8
679.432	1	-5
679.601	1	-19
679.771	1	2
679.940	1	-3
680.109	1	6
680.279	1	-10
680.448	1	-4
680.617	1	-11
680.787	1	4
680.956	1	-4
681.125	1	9
681.295	1	8
681.464	1	-4
681.634	1	6
681.803	1	-5
681.972	1	-11
682.142	1	11
682.311	1	5
682.480	1	-6
682.650	1	-1
682.819	1	-2
682.988	1	-7
683.158	1	1
683.327	1	1
683.496	1	-4
683.666	1	5
683.835	1	7
684.004	1	3
684.174	1	1
684.343	1	-7
684.512	1	-7
684.682	1	-1
684.851	1	2
685.021	1	0
685.190	1	3
685.359	1	-7
685.529	1	5
685.698	1	8
685.867	1	4
686.037	1	2
686.206	1	7
686.375	1	3
686.545	1	5
686.714	1	-6
686.883	1	-5
687.053	1	1
687.222	1	-2
687.391	1	-1
687.561	1	3
687.730	1	2
687.899	1	1
688.069	1	2
688.238	1	1
688.407	1	8
688.577	1	-2
688.746	1	2
