340.368	1	2
340.539	1	9
340.710	1	-2
340.881	1	3
341.052	1	-8
341.223	1	11
341.394	1	-7
341.565	1	-6
341.737	1	4
341.908	1	1
342.079	1	-1
342.250	1	1
342.421	1	-2
342.592	1	1
342.763	1	-9
342.934	1	0
343.105	1	5
343.276	1	-1
343.447	1	1
343.618	1	6
343.789	1	4
343.960	1	0
344.131	1	-3
344.302	1	-1
344.473	1	-1
344.644	1	-3
344.815	1	5
344.986	1	4
345.157	1	9
345.328	1	-6
345.499	1	2
345.670	1	3
345.841	1	9
346.012	1	7
346.183	1	1
346.354	1	-3
346.526	1	3
346.697	1	-6
346.868	1	5
347.039	1	6
347.210	1	3
347.381	1	-7
347.552	1	3
347.723	1	0
347.894	1	-12
348.065	1	-5
348.236	1	-3
348.407	1	0
348.578	1	6
348.749	1	3
348.920	1	6
349.091	1	2
349.262	1	0
349.433	1	0
349.604	1	7
349.775	1	12
349.946	1	3
350.117	1	13
350.288	1	6
350.459	1	-3
350.630	1	-5
350.801	1	-2
350.972	1	1
351.143	1	-5
351.314	1	5
351.485	1	4
351.656	1	-1
351.827	1	-5
351.998	1	-3
352.169	1	6
352.340	1	1
352.511	1	-9
352.682	1	-4
352.853	1	-5
353.024	1	-1
353.195	1	1
353.366	1	1
353.537	1	3
353.708	1	5
353.879	1	2
354.050	1	-5
354.221	1	-4
354.392	1	7
354.563	1	15
354.734	1	1
354.905	1	9
355.076	1	-2
355.247	1	-3
355.418	1	-3
355.589	1	-9
355.760	1	5
355.931	1	5
356.102	1	-6
356.273	1	7
356.444	1	11
356.615	1	5
356.785	1	11
356.956	1	7
357.127	1	5
357.298	1	5
357.469	1	-3
357.640	1	4
357.811	1	12
357.982	1	-4
358.153	1	3
358.324	1	7
358.495	1	9
358.666	1	4
358.837	1	7
359.008	1	4
359.179	1	4
359.350	1	-1
359.521	1	1
359.692	1	11
359.863	1	2
360.034	1	-9
360.205	1	-6
360.376	1	9
360.547	1	0
360.718	1	-6
360.889	1	9
361.060	1	6
361.231	1	5
361.401	1	10
361.572	1	-9
361.743	1	0
361.914	1	-5
362.085	1	-8
362.256	1	3
362.427	1	-10
362.598	1	6
362.769	1	1
362.940	1	6
363.111	1	10
363.282	1	3
363.453	1	-2
363.624	1	0
363.795	1	2
363.966	1	3
364.137	1	-8
364.308	1	-1
364.478	1	10
364.649	1	7
364.820	1	9
364.991	1	7
365.162	1	-6
365.333	1	10
365.504	1	-3
365.675	1	-7
365.846	1	5
366.017	1	1
366.188	1	3
366.359	1	1
366.530	1	2
366.701	1	-7
366.871	1	17
367.042	1	8
367.213	1	5
367.384	1	2
367.555	1	-6
367.726	1	10
367.897	1	9
368.068	1	1
368.239	1	10
368.410	1	-3
368.581	1	10
368.752	1	-4
368.923	1	1
369.093	1	5
369.264	1	2
369.435	1	3
369.606	1	2
369.777	1	-6
369.948	1	0
370.119	1	7
370.290	1	0
370.461	1	6
370.632	1	0
370.803	1	-1
370.973	1	18
371.144	1	-3
371.315	1	8
371.486	1	3
371.657	1	8
371.828	1	4
371.999	1	-5
372.170	1	9
372.341	1	9
372.512	1	-4
372.682	1	-1
372.853	1	8
373.024	1	-1
373.195	1	-3
373.366	1	3
373.537	1	-3
373.708	1	-6
373.879	1	12
374.050	1	4
374.220	1	9
374.391	1	5
374.562	1	1
374.733	1	10
374.904	1	-6
375.075	1	17
375.246	1	-8
375.417	1	-1
375.588	1	5
375.758	1	4
375.929	1	7
376.100	1	10
376.271	1	-2
376.442	1	-1
376.613	1	4
376.784	1	-4
376.955	1	-10
377.125	1	7
377.296	1	8
377.467	1	-8
377.638	1	6
377.809	1	12
377.980	1	-1
378.151	1	-7
378.321	1	4
378.492	1	-5
378.663	1	-4
378.834	1	0
379.005	1	10
379.176	1	8
379.347	1	4
379.518	1	-4
379.688	1	3
379.859	1	0
380.030	1	-3
380.201	1	-8
380.372	1	5
380.543	1	12
380.714	1	6
380.884	1	-4
381.055	1	2
381.226	1	1
381.397	1	-2
381.568	1	4
381.739	1	2
381.910	1	12
382.080	1	-13
382.251	1	4
382.422	1	10
382.593	1	-6
382.764	1	5
382.935	1	9
383.105	1	6
383.276	1	6
383.447	1	16
383.618	1	4
383.789	1	5
383.960	1	0
384.130	1	4
384.301	1	6
384.472	1	-6
384.643	1	11
384.814	1	4
384.985	1	4
385.156	1	13
385.326	1	17
385.497	1	6
385.668	1	4
385.839	1	2
386.010	1	4
386.180	1	-3
386.351	1	-10
386.522	1	15
386.693	1	-6
386.864	1	-4
387.035	1	6
387.205	1	-3
387.376	1	8
387.547	1	3
387.718	1	13
387.889	1	11
388.060	1	-2
388.230	1	5
388.401	1	15
388.572	1	6
388.743	1	7
388.914	1	10
389.084	1	11
389.255	1	10
389.426	1	6
389.597	1	-11
389.768	1	10
389.939	1	10
390.109	1	-3
390.280	1	14
390.451	1	18
390.622	1	4
390.793	1	10
390.963	1	6
391.134	1	7
391.305	1	12
391.476	1	9
391.647	1	3
391.817	1	-4
391.988	1	2
392.159	1	16
392.330	1	5
392.501	1	0
392.671	1	11
392.842	1	7
393.013	1	0
393.184	1	10
393.355	1	19
393.525	1	5
393.696	1	6
393.867	1	4
394.038	1	3
394.208	1	10
394.379	1	2
394.550	1	11
394.721	1	16
394.892	1	1
395.062	1	-12
395.233	1	7
395.404	1	10
395.575	1	2
395.746	1	1
395.916	1	-4
396.087	1	3
396.258	1	-7
396.429	1	7
396.599	1	-3
396.770	1	9
396.941	1	16
397.112	1	-4
397.283	1	8
397.453	1	1
397.624	1	1
397.795	1	0
397.966	1	11
398.136	1	1
398.307	1	3
398.478	1	-4
398.649	1	8
398.819	1	13
398.990	1	4
399.161	1	10
399.332	1	9
399.503	1	5
399.673	1	6
399.844	1	4
400.015	1	2
400.186	1	4
400.356	1	6
400.527	1	-2
400.698	1	4
400.869	1	13
401.039	1	-3
401.210	1	11
401.381	1	2
401.552	1	18
401.722	1	5
401.893	1	0
402.064	1	8
402.235	1	12
402.405	1	-4
402.576	1	12
402.747	1	0
402.918	1	-2
403.088	1	-2
403.259	1	-4
403.430	1	-6
403.601	1	-8
403.771	1	9
403.942	1	3
404.113	1	5
404.284	1	3
404.454	1	8
404.625	1	1
404.796	1	5
404.967	1	2
405.137	1	13
405.308	1	7
405.479	1	4
405.649	1	5
405.820	1	5
405.991	1	3
406.162	1	4
406.332	1	2
406.503	1	8
406.674	1	-3
406.845	1	12
407.015	1	4
407.186	1	11
407.357	1	12
407.527	1	1
407.698	1	-1
407.869	1	-3
408.040	1	-3
408.210	1	3
408.381	1	-2
408.552	1	10
408.722	1	7
408.893	1	1
409.064	1	2
409.235	1	0
409.405	1	9
409.576	1	2
409.747	1	-9
409.917	1	-1
410.088	1	8
410.259	1	3
410.430	1	9
410.600	1	5
410.771	1	15
410.942	1	8
411.112	1	10
411.283	1	-9
411.454	1	13
411.625	1	-3
411.795	1	8
411.966	1	1
412.137	1	7
412.307	1	4
412.478	1	7
412.649	1	-1
412.819	1	5
412.990	1	1
413.161	1	-5
413.332	1	-3
413.502	1	-6
413.673	1	9
413.844	1	-3
414.014	1	4
414.185	1	1
414.356	1	-4
414.526	1	9
414.697	1	4
414.868	1	6
415.038	1	4
415.209	1	4
415.380	1	-9
415.550	1	-1
415.721	1	6
415.892	1	-5
416.063	1	8
416.233	1	1
416.404	1	3
416.575	1	-7
416.745	1	-4
416.916	1	-3
417.087	1	2
417.257	1	1
417.428	1	-9
417.599	1	11
417.769	1	2
417.940	1	-2
418.111	1	-9
418.281	1	4
418.452	1	1
418.623	1	1
418.793	1	6
418.964	1	7
419.135	1	6
419.305	1	2
419.476	1	2
419.647	1	12
419.817	1	4
419.988	1	1
420.159	1	-13
420.329	1	5
420.500	1	4
420.671	1	-2
420.841	1	15
421.012	1	9
421.183	1	-1
421.353	1	-5
421.524	1	-4
421.695	1	2
421.865	1	1
422.036	1	-3
422.206	1	7
422.377	1	6
422.548	1	2
422.718	1	6
422.889	1	8
423.060	1	5
423.230	1	5
423.401	1	1
423.572	1	7
423.742	1	2
423.913	1	2
424.084	1	6
424.254	1	13
424.425	1	0
424.595	1	-7
424.766	1	4
424.937	1	-1
425.107	1	2
425.278	1	-12
425.449	1	-2
425.619	1	-1
425.790	1	-4
425.961	1	1
426.131	1	2
426.302	1	-3
426.472	1	-8
426.643	1	2
426.814	1	3
426.984	1	-1
427.155	1	0
427.326	1	3
427.496	1	8
427.667	1	9
427.837	1	-4
428.008	1	12
428.179	1	-1
428.349	1	-3
428.520	1	1
428.691	1	5
428.861	1	0
429.032	1	4
429.202	1	8
429.373	1	-12
429.544	1	1
429.714	1	8
429.885	1	-1
430.055	1	-2
430.226	1	-1
430.397	1	8
430.567	1	14
430.738	1	6
430.909	1	-8
431.079	1	4
431.250	1	-9
431.420	1	-5
431.591	1	5
431.762	1	3
431.932	1	0
432.103	1	4
432.273	1	-2
432.444	1	9
432.615	1	6
432.785	1	1
432.956	1	-2
433.126	1	2
433.297	1	10
433.468	1	7
433.638	1	-4
433.809	1	13
433.979	1	-6
434.150	1	-5
434.320	1	-4
434.491	1	7
434.662	1	0
434.832	1	-5
435.003	1	9
435.173	1	5
435.344	1	4
435.515	1	0
435.685	1	10
435.856	1	2
436.026	1	2
436.197	1	6
436.368	1	5
436.538	1	2
436.709	1	-4
436.879	1	2
437.050	1	3
437.220	1	7
437.391	1	6
437.562	1	6
437.732	1	5
437.903	1	3
438.073	1	7
438.244	1	-4
438.414	1	10
438.585	1	-2
438.756	1	7
438.926	1	-9
439.097	1	10
439.267	1	1
439.438	1	6
439.608	1	1
439.779	1	1
439.949	1	-6
440.120	1	-11
440.291	1	-1
440.461	1	-4
440.632	1	8
440.802	1	-3
440.973	1	9
441.143	1	16
441.314	1	4
441.485	1	-6
441.655	1	15
441.826	1	-3
441.996	1	5
442.167	1	5
442.337	1	-3
442.508	1	8
442.678	1	-8
442.849	1	4
443.019	1	3
443.190	1	3
443.361	1	14
443.531	1	3
443.702	1	4
443.872	1	-5
444.043	1	-3
444.213	1	-3
444.384	1	2
444.554	1	-5
444.725	1	7
444.895	1	7
445.066	1	-7
445.237	1	-6
445.407	1	5
445.578	1	15
445.748	1	-4
445.919	1	-4
446.089	1	9
446.260	1	0
446.430	1	-3
446.601	1	-3
446.771	1	6
446.942	1	11
447.112	1	7
447.283	1	-6
447.453	1	-5
447.624	1	5
447.794	1	6
447.965	1	-8
448.135	1	5
448.306	1	-1
448.477	1	-5
448.647	1	14
448.818	1	11
448.988	1	-15
449.159	1	-6
449.329	1	3
449.500	1	7
449.670	1	2
449.841	1	-1
450.011	1	2
450.182	1	-5
450.352	1	8
450.523	1	2
450.693	1	18
450.864	1	-2
451.034	1	11
451.205	1	-3
451.375	1	3
451.546	1	7
451.716	1	10
451.887	1	-4
452.057	1	15
452.228	1	-5
452.398	1	1
452.569	1	2
452.739	1	-6
452.910	1	-12
453.080	1	5
453.251	1	-4
453.421	1	2
453.592	1	0
453.762	1	2
453.933	1	11
454.103	1	5
454.274	1	-3
454.444	1	11
454.615	1	9
454.785	1	-4
454.956	1	-3
455.126	1	5
455.297	1	-2
455.467	1	4
455.638	1	2
455.808	1	4
455.979	1	4
456.149	1	-4
456.320	1	4
456.490	1	-2
456.661	1	-3
456.831	1	13
457.001	1	2
457.172	1	-2
457.342	1	5
457.513	1	9
457.683	1	13
457.854	1	-4
458.024	1	-4
458.195	1	0
458.365	1	2
458.536	1	1
458.706	1	-1
458.877	1	7
459.047	1	2
459.218	1	8
459.388	1	1
459.559	1	1
459.729	1	8
459.899	1	10
460.070	1	5
460.240	1	-4
460.411	1	7
460.581	1	7
460.752	1	0
460.922	1	4
461.093	1	7
461.263	1	0
461.434	1	9
461.604	1	1
461.775	1	1
461.945	1	7
462.115	1	-3
462.286	1	4
462.456	1	-6
462.627	1	0
462.797	1	-2
462.968	1	0
463.138	1	9
463.309	1	0
463.479	1	2
463.649	1	13
463.820	1	-3
463.990	1	10
464.161	1	3
464.331	1	12
464.502	1	6
464.672	1	3
464.843	1	5
465.013	1	0
465.183	1	2
465.354	1	-2
465.524	1	13
465.695	1	7
465.865	1	-2
466.036	1	-7
466.206	1	5
466.376	1	5
466.547	1	9
466.717	1	-5
466.888	1	-7
467.058	1	6
467.229	1	-1
467.399	1	6
467.569	1	5
467.740	1	5
467.910	1	-6
468.081	1	-2
468.251	1	1
468.422	1	-4
468.592	1	2
468.762	1	-6
468.933	1	10
469.103	1	-6
469.274	1	0
469.444	1	5
469.614	1	-6
469.785	1	-1
469.955	1	-1
470.126	1	2
470.296	1	6
470.467	1	-6
470.637	1	6
470.807	1	4
470.978	1	1
471.148	1	-7
471.319	1	9
471.489	1	-3
471.659	1	3
471.830	1	18
472.000	1	-4
472.171	1	2
472.341	1	5
472.511	1	9
472.682	1	0
472.852	1	0
473.023	1	-3
473.193	1	-6
473.363	1	-3
473.534	1	-3
473.704	1	12
473.875	1	4
474.045	1	-8
474.215	1	0
474.386	1	0
474.556	1	-4
474.727	1	0
474.897	1	-1
475.067	1	5
475.238	1	-11
475.408	1	6
475.578	1	5
475.749	1	-8
475.919	1	7
476.090	1	-5
476.260	1	-2
476.430	1	3
476.601	1	5
476.771	1	2
476.942	1	-5
477.112	1	9
477.282	1	-12
477.453	1	2
477.623	1	8
477.793	1	10
477.964	1	8
478.134	1	6
478.305	1	2
478.475	1	7
478.645	1	-4
478.816	1	-6
478.986	1	1
479.156	1	2
479.327	1	-16
479.497	1	9
479.667	1	6
479.838	1	0
480.008	1	9
480.179	1	1
480.349	1	1
480.519	1	8
480.690	1	4
480.860	1	5
481.030	1	-5
481.201	1	-5
481.371	1	2
481.541	1	2
481.712	1	5
481.882	1	2
482.053	1	12
482.223	1	-9
482.393	1	-11
482.564	1	-4
482.734	1	6
482.904	1	10
483.075	1	7
483.245	1	-1
483.415	1	7
483.586	1	1
483.756	1	9
483.926	1	8
484.097	1	-9
484.267	1	-2
484.437	1	-11
484.608	1	10
484.778	1	6
484.948	1	-7
485.119	1	6
485.289	1	4
485.459	1	4
485.630	1	6
485.800	1	-9
485.970	1	3
486.141	1	-6
486.311	1	3
486.481	1	4
486.652	1	6
486.822	1	10
486.992	1	-4
487.163	1	-5
487.333	1	-4
487.503	1	-5
487.674	1	-10
487.844	1	8
488.014	1	12
488.185	1	-7
488.355	1	-5
488.525	1	2
488.696	1	-12
488.866	1	3
489.036	1	3
489.207	1	5
489.377	1	10
489.547	1	0
489.718	1	-1
489.888	1	1
490.058	1	-1
490.228	1	-5
490.399	1	9
490.569	1	0
490.739	1	11
490.910	1	5
491.080	1	-4
491.250	1	7
491.421	1	3
491.591	1	-4
491.761	1	9
491.932	1	9
492.102	1	0
492.272	1	5
492.442	1	7
492.613	1	8
492.783	1	-9
492.953	1	5
493.124	1	4
493.294	1	-1
493.464	1	-5
493.635	1	-1
493.805	1	5
493.975	1	-2
494.145	1	6
494.316	1	5
494.486	1	5
494.656	1	14
494.827	1	-10
494.997	1	3
495.167	1	8
495.337	1	3
495.508	1	-7
495.678	1	7
495.848	1	5
496.019	1	2
496.189	1	-4
496.359	1	-5
496.529	1	0
496.700	1	-15
496.870	1	1
497.040	1	1
497.211	1	12
497.381	1	-16
497.551	1	7
497.721	1	-6
497.892	1	5
498.062	1	-4
498.232	1	-2
498.403	1	-1
498.573	1	-10
498.743	1	8
498.913	1	1
499.084	1	0
499.254	1	2
499.424	1	7
499.594	1	6
499.765	1	6
499.935	1	-3
500.105	1	7
500.275	1	1
500.446	1	11
500.616	1	-1
500.786	1	6
500.956	1	13
501.127	1	3
501.297	1	11
501.467	1	8
501.638	1	3
501.808	1	-3
501.978	1	2
502.148	1	6
502.319	1	3
502.489	1	2
502.659	1	2
502.829	1	-3
503.000	1	12
503.170	1	5
503.340	1	-4
503.510	1	-4
503.681	1	13
503.851	1	-14
504.021	1	14
504.191	1	4
504.362	1	8
504.532	1	-7
504.702	1	13
504.872	1	-5
505.042	1	9
505.213	1	-3
505.383	1	-7
505.553	1	10
505.723	1	0
505.894	1	5
506.064	1	0
506.234	1	7
506.404	1	-5
506.575	1	-3
506.745	1	-3
506.915	1	0
507.085	1	-3
507.256	1	-8
507.426	1	3
507.596	1	4
507.766	1	-9
507.936	1	5
508.107	1	4
508.277	1	1
508.447	1	2
508.617	1	5
508.788	1	4
508.958	1	13
509.128	1	-1
509.298	1	11
509.468	1	10
509.639	1	4
509.809	1	4
509.979	1	0
510.149	1	2
510.319	1	-6
510.490	1	1
510.660	1	9
510.830	1	-1
511.000	1	14
511.171	1	13
511.341	1	-4
511.511	1	2
511.681	1	2
511.851	1	4
512.022	1	2
512.192	1	13
512.362	1	2
512.532	1	0
512.702	1	-10
512.873	1	13
513.043	1	-2
513.213	1	2
513.383	1	2
513.553	1	-4
513.724	1	9
513.894	1	-5
514.064	1	16
514.234	1	7
514.404	1	4
514.575	1	13
514.745	1	-4
514.915	1	9
515.085	1	-9
515.255	1	-1
515.425	1	-3
515.596	1	-6
515.766	1	5
515.936	1	9
516.106	1	10
516.276	1	8
516.447	1	-2
516.617	1	2
516.787	1	-1
516.957	1	-1
517.127	1	6
517.297	1	9
517.468	1	-7
517.638	1	9
517.808	1	-1
517.978	1	-1
518.148	1	-1
518.319	1	-1
518.489	1	-2
518.659	1	0
518.829	1	3
518.999	1	-4
519.169	1	11
519.340	1	-2
519.510	1	-3
519.680	1	-7
519.850	1	-5
520.020	1	-5
520.190	1	4
520.361	1	5
520.531	1	0
520.701	1	9
520.871	1	-8
521.041	1	5
521.211	1	-1
521.382	1	2
521.552	1	12
521.722	1	7
521.892	1	-8
522.062	1	-1
522.232	1	-3
522.402	1	-7
522.573	1	4
522.743	1	5
522.913	1	6
523.083	1	1
523.253	1	-2
523.423	1	4
523.593	1	-11
523.764	1	12
523.934	1	13
524.104	1	-2
524.274	1	1
524.444	1	2
524.614	1	15
524.784	1	-3
524.955	1	-2
525.125	1	6
525.295	1	-2
525.465	1	-2
525.635	1	13
525.805	1	7
525.975	1	-6
526.146	1	1
526.316	1	3
526.486	1	-2
526.656	1	23
526.826	1	7
526.996	1	7
527.166	1	1
527.337	1	3
527.507	1	-4
527.677	1	11
527.847	1	-6
528.017	1	-5
528.187	1	2
528.357	1	1
528.527	1	6
528.698	1	5
528.868	1	-1
529.038	1	-2
529.208	1	-5
529.378	1	10
529.548	1	9
529.718	1	2
529.888	1	2
530.058	1	2
530.229	1	-3
530.399	1	10
530.569	1	10
530.739	1	-1
530.909	1	6
531.079	1	10
531.249	1	-4
531.419	1	7
531.589	1	-6
531.760	1	0
531.930	1	-3
532.100	1	6
532.270	1	6
532.440	1	5
532.610	1	8
532.780	1	-4
532.950	1	11
533.120	1	-2
533.290	1	-7
533.461	1	21
533.631	1	6
533.801	1	8
533.971	1	7
534.141	1	15
534.311	1	8
534.481	1	0
534.651	1	12
534.821	1	7
534.991	1	-3
535.162	1	2
535.332	1	8
535.502	1	-2
535.672	1	-1
535.842	1	5
536.012	1	8
536.182	1	13
536.352	1	5
536.522	1	10
536.692	1	6
536.862	1	8
537.032	1	3
537.203	1	13
537.373	1	5
537.543	1	14
537.713	1	10
537.883	1	3
538.053	1	11
538.223	1	5
538.393	1	4
538.563	1	7
538.733	1	-2
538.903	1	-1
539.073	1	5
539.243	1	3
539.413	1	5
539.584	1	7
539.754	1	-7
539.924	1	3
540.094	1	6
540.264	1	8
540.434	1	-3
540.604	1	7
540.774	1	4
540.944	1	4
541.114	1	-6
541.284	1	-1
541.454	1	4
541.624	1	11
541.794	1	6
541.964	1	-3
542.134	1	6
542.305	1	-7
542.475	1	0
542.645	1	-2
542.815	1	5
542.985	1	0
543.155	1	5
543.325	1	2
543.495	1	2
543.665	1	4
543.835	1	0
544.005	1	-2
544.175	1	-1
544.345	1	1
544.515	1	-1
544.685	1	11
544.855	1	3
545.025	1	-12
545.195	1	4
545.365	1	3
545.535	1	-6
545.705	1	8
545.875	1	9
546.045	1	15
546.216	1	5
546.386	1	-2
546.556	1	2
546.726	1	-3
546.896	1	2
547.066	1	-2
547.236	1	2
547.406	1	10
547.576	1	8
547.746	1	5
547.916	1	10
548.086	1	4
548.256	1	4
548.426	1	1
548.596	1	0
548.766	1	13
548.936	1	-10
549.106	1	5
549.276	1	8
549.446	1	3
549.616	1	-1
549.786	1	10
549.956	1	11
550.126	1	4
550.296	1	4
550.466	1	-5
550.636	1	5
550.806	1	13
550.976	1	-2
551.146	1	-4
551.316	1	3
551.486	1	12
551.656	1	-6
551.826	1	11
551.996	1	8
552.166	1	10
552.336	1	1
552.506	1	2
552.676	1	-2
552.846	1	0
553.016	1	5
553.186	1	-6
553.356	1	5
553.526	1	-2
553.696	1	21
553.866	1	17
554.036	1	-2
554.206	1	-4
554.376	1	-2
554.546	1	-5
554.716	1	3
554.886	1	5
555.056	1	-5
555.226	1	5
555.396	1	-3
555.566	1	12
555.736	1	8
555.906	1	-2
556.076	1	0
556.246	1	7
556.416	1	1
556.586	1	4
556.756	1	7
556.926	1	5
557.096	1	0
557.266	1	9
557.436	1	9
557.606	1	-4
557.776	1	4
557.946	1	15
558.116	1	10
558.286	1	10
558.456	1	-2
558.626	1	4
558.796	1	0
558.966	1	7
559.136	1	-3
559.306	1	-5
559.476	1	-3
559.646	1	-5
559.816	1	6
559.986	1	-6
560.155	1	5
560.325	1	-5
560.495	1	4
560.665	1	11
560.835	1	5
561.005	1	2
561.175	1	6
561.345	1	4
561.515	1	-12
561.685	1	-2
561.855	1	14
562.025	1	-1
562.195	1	-3
562.365	1	9
562.535	1	2
562.705	1	4
562.875	1	7
563.045	1	1
563.215	1	-3
563.385	1	-6
563.555	1	3
563.725	1	1
563.895	1	-5
564.064	1	13
564.234	1	8
564.404	1	0
564.574	1	1
564.744	1	12
564.914	1	-9
565.084	1	-2
565.254	1	-2
565.424	1	2
565.594	1	-1
565.764	1	9
565.934	1	4
566.104	1	3
566.274	1	7
566.444	1	4
566.614	1	1
566.783	1	-2
566.953	1	1
567.123	1	16
567.293	1	-1
567.463	1	-8
567.633	1	-3
567.803	1	-6
567.973	1	0
568.143	1	-13
568.313	1	-8
568.483	1	-6
568.653	1	-4
568.823	1	5
568.993	1	-7
569.162	1	8
569.332	1	-9
569.502	1	7
569.672	1	3
569.842	1	2
570.012	1	8
570.182	1	1
570.352	1	8
570.522	1	1
570.692	1	6
570.862	1	9
571.031	1	-2
571.201	1	10
571.371	1	4
571.541	1	-1
571.711	1	17
571.881	1	-2
572.051	1	11
572.221	1	0
572.391	1	0
572.561	1	-1
572.731	1	-4
572.900	1	12
573.070	1	3
573.240	1	-4
573.410	1	10
573.580	1	6
573.750	1	1
573.920	1	2
574.090	1	7
574.260	1	-7
574.430	1	-1
574.599	1	0
574.769	1	0
574.939	1	-3
575.109	1	5
575.279	1	8
575.449	1	5
575.619	1	6
575.789	1	6
575.959	1	-3
576.128	1	8
576.298	1	-10
576.468	1	-8
576.638	1	-1
576.808	1	-4
576.978	1	5
577.148	1	7
577.318	1	9
577.487	1	1
577.657	1	-4
577.827	1	9
577.997	1	-10
578.167	1	6
578.337	1	-1
578.507	1	4
578.677	1	-2
578.846	1	7
579.016	1	10
579.186	1	-5
579.356	1	5
579.526	1	-5
579.696	1	2
579.866	1	7
580.036	1	2
580.205	1	-2
580.375	1	-1
580.545	1	-2
580.715	1	3
580.885	1	-3
581.055	1	4
581.225	1	-17
581.394	1	-3
581.564	1	-4
581.734	1	2
581.904	1	7
582.074	1	-8
582.244	1	5
582.414	1	5
582.583	1	1
582.753	1	10
582.923	1	6
583.093	1	-5
583.263	1	-6
583.433	1	-4
583.603	1	7
583.772	1	1
583.942	1	2
584.112	1	3
584.282	1	5
584.452	1	-1
584.622	1	-1
584.791	1	-1
584.961	1	3
585.131	1	-7
585.301	1	9
585.471	1	-1
585.641	1	5
585.811	1	-1
585.980	1	-14
586.150	1	-8
586.320	1	-3
586.490	1	-5
586.660	1	10
586.830	1	-2
586.999	1	5
587.169	1	-3
587.339	1	2
587.509	1	-3
587.679	1	7
587.849	1	9
588.018	1	0
588.188	1	-1
588.358	1	2
588.528	1	0
588.698	1	-1
588.867	1	4
589.037	1	-5
589.207	1	-3
589.377	1	8
589.547	1	-1
589.717	1	2
589.886	1	-2
590.056	1	1
590.226	1	2
590.396	1	9
590.566	1	-2
590.735	1	11
590.905	1	2
591.075	1	-16
591.245	1	6
591.415	1	4
591.585	1	-7
591.754	1	6
591.924	1	-3
592.094	1	4
592.264	1	-3
592.434	1	1
592.603	1	3
592.773	1	-5
592.943	1	-5
593.113	1	-11
593.283	1	5
593.452	1	-10
593.622	1	-5
593.792	1	5
593.962	1	6
594.132	1	0
594.301	1	7
594.471	1	1
594.641	1	-4
594.811	1	-3
594.981	1	2
595.150	1	-1
595.320	1	2
595.490	1	-2
595.660	1	-2
595.829	1	-5
595.999	1	-3
596.169	1	1
596.339	1	3
596.509	1	7
596.678	1	4
596.848	1	-4
597.018	1	9
597.188	1	-1
597.358	1	12
597.527	1	-2
597.697	1	-6
597.867	1	5
598.037	1	-1
598.206	1	-8
598.376	1	8
598.546	1	4
598.716	1	-12
598.885	1	-2
599.055	1	7
599.225	1	3
599.395	1	9
599.565	1	5
599.734	1	3
599.904	1	-7
600.074	1	6
600.244	1	8
600.413	1	-5
600.583	1	-7
600.753	1	4
600.923	1	14
601.092	1	-5
601.262	1	0
601.432	1	4
601.602	1	4
601.771	1	3
601.941	1	-9
602.111	1	-8
602.281	1	-1
602.451	1	0
602.620	1	2
602.790	1	7
602.960	1	-2
603.130	1	2
603.299	1	9
603.469	1	-11
603.639	1	8
603.809	1	7
603.978	1	1
604.148	1	7
604.318	1	2
604.487	1	-6
604.657	1	-1
604.827	1	-8
604.997	1	2
605.166	1	-3
605.336	1	4
605.506	1	-3
605.676	1	-4
605.845	1	-3
606.015	1	4
606.185	1	5
606.355	1	-2
606.524	1	-4
606.694	1	12
606.864	1	-2
607.034	1	-5
607.203	1	8
607.373	1	-1
607.543	1	-10
607.712	1	11
607.882	1	-3
608.052	1	2
608.222	1	1
608.391	1	3
608.561	1	1
608.731	1	-5
608.901	1	9
609.070	1	-2
609.240	1	5
609.410	1	10
609.579	1	2
609.749	1	11
609.919	1	-8
610.089	1	-5
610.258	1	12
610.428	1	0
610.598	1	-1
610.767	1	5
610.937	1	5
611.107	1	5
611.277	1	6
611.446	1	5
611.616	1	-16
611.786	1	12
611.955	1	6
612.125	1	3
612.295	1	-1
612.465	1	-1
612.634	1	8
612.804	1	0
612.974	1	8
613.143	1	5
613.313	1	0
613.483	1	6
613.652	1	-5
613.822	1	11
613.992	1	3
614.162	1	-5
614.331	1	8
614.501	1	3
614.671	1	7
614.840	1	5
615.010	1	4
615.180	1	3
615.349	1	-2
615.519	1	5
615.689	1	11
615.858	1	6
616.028	1	-7
616.198	1	6
616.368	1	-4
616.537	1	-2
616.707	1	-3
616.877	1	-6
617.046	1	8
617.216	1	0
617.386	1	-3
617.555	1	-3
617.725	1	0
617.895	1	3
618.064	1	5
618.234	1	-9
618.404	1	8
618.573	1	5
618.743	1	-4
618.913	1	1
619.082	1	6
619.252	1	-1
619.422	1	6
619.591	1	3
619.761	1	4
619.931	1	10
620.100	1	7
620.270	1	1
620.440	1	5
620.609	1	-1
620.779	1	-6
620.949	1	9
621.118	1	-1
621.288	1	9
621.458	1	5
621.627	1	-12
621.797	1	-9
621.967	1	-10
622.136	1	-3
622.306	1	4
622.476	1	3
622.645	1	14
622.815	1	4
622.985	1	-1
623.154	1	0
623.324	1	13
623.494	1	-4
623.663	1	3
623.833	1	3
624.002	1	-9
624.172	1	10
624.342	1	-5
624.511	1	1
624.681	1	-5
624.851	1	-10
625.020	1	10
625.190	1	-5
625.360	1	-5
625.529	1	2
625.699	1	0
625.869	1	9
626.038	1	9
626.208	1	-1
626.377	1	17
626.547	1	7
626.717	1	1
626.886	1	1
627.056	1	-4
627.226	1	-1
627.395	1	6
627.565	1	7
627.735	1	6
627.904	1	7
628.074	1	2
628.243	1	-8
628.413	1	5
628.583	1	-3
628.752	1	4
628.922	1	-6
629.091	1	6
629.261	1	0
629.431	1	-8
629.600	1	6
629.770	1	6
629.940	1	6
630.109	1	3
630.279	1	-5
630.448	1	-7
630.618	1	-4
630.788	1	-8
630.957	1	-11
631.127	1	4
631.297	1	-5
631.466	1	13
631.636	1	2
631.805	1	1
631.975	1	-3
632.145	1	2
632.314	1	3
632.484	1	-1
632.653	1	-10
632.823	1	8
632.993	1	9
633.162	1	3
633.332	1	4
633.501	1	13
633.671	1	5
633.841	1	-7
634.010	1	-8
634.180	1	4
634.349	1	3
634.519	1	4
634.689	1	5
634.858	1	1
635.028	1	6
635.197	1	-2
635.367	1	4
635.537	1	2
635.706	1	-5
635.876	1	-2
636.045	1	3
636.215	1	-1
636.384	1	-2
636.554	1	13
636.724	1	-3
636.893	1	-2
637.063	1	8
637.232	1	-1
637.402	1	7
637.572	1	-1
637.741	1	4
637.911	1	1
638.080	1	10
638.250	1	-3
638.419	1	13
638.589	1	11
638.759	1	10
638.928	1	-8
639.098	1	-3
639.267	1	4
639.437	1	-13
639.606	1	2
639.776	1	-3
639.946	1	7
640.115	1	-2
640.285	1	1
640.454	1	17
640.624	1	16
640.793	1	3
640.963	1	-9
641.132	1	9
641.302	1	3
641.472	1	-1
641.641	1	-8
641.811	1	5
641.980	1	0
642.150	1	0
642.319	1	3
642.489	1	-6
642.659	1	-7
642.828	1	2
642.998	1	-13
643.167	1	14
643.337	1	10
643.506	1	-2
643.676	1	1
643.845	1	2
644.015	1	1
644.184	1	2
644.354	1	4
644.524	1	-14
644.693	1	1
644.863	1	1
645.032	1	-2
645.202	1	8
645.371	1	0
645.541	1	-9
645.710	1	-1
645.880	1	3
646.049	1	7
646.219	1	1
646.388	1	1
646.558	1	4
646.728	1	2
646.897	1	2
647.067	1	0
647.236	1	-3
647.406	1	-1
647.575	1	0
647.745	1	3
647.914	1	-12
648.084	1	2
648.253	1	-7
648.423	1	3
648.592	1	0
648.762	1	2
648.931	1	5
649.101	1	-1
649.270	1	7
649.440	1	6
649.610	1	8
649.779	1	-6
649.949	1	-1
650.118	1	-12
650.288	1	-5
650.457	1	2
650.627	1	2
650.796	1	-3
650.966	1	5
651.135	1	2
651.305	1	-3
651.474	1	3
651.644	1	-5
651.813	1	9
651.983	1	0
652.152	1	-8
652.322	1	8
652.491	1	6
652.661	1	2
652.830	1	3
653.000	1	3
653.169	1	8
653.339	1	4
653.508	1	-4
653.678	1	2
653.847	1	5
654.017	1	-5
654.186	1	9
654.356	1	4
654.525	1	-3
654.695	1	9
654.864	1	1
655.034	1	-1
655.203	1	2
655.373	1	3
655.542	1	1
655.712	1	-3
655.881	1	7
656.051	1	11
656.220	1	13
656.390	1	7
656.559	1	-9
656.729	1	0
656.898	1	4
657.068	1	-1
657.237	1	7
657.406	1	16
657.576	1	-5
657.745	1	-6
657.915	1	8
658.084	1	6
658.254	1	5
658.423	1	1
658.593	1	-5
658.762	1	-3
658.932	1	-3
659.101	1	1
659.271	1	2
659.440	1	8
659.610	1	3
659.779	1	-5
659.949	1	-6
660.118	1	11
660.288	1	2
660.457	1	3
660.626	1	-7
660.796	1	-3
660.965	1	-4
661.135	1	0
661.304	1	4
661.474	1	-1
661.643	1	-2
661.813	1	5
661.982	1	3
662.152	1	-5
662.321	1	0
662.491	1	9
662.660	1	-4
662.829	1	-10
662.999	1	-4
663.168	1	-8
663.338	1	-9
663.507	1	0
663.677	1	-6
663.846	1	6
664.016	1	-6
664.185	1	-1
664.354	1	-4
664.524	1	-12
664.693	1	-3
664.863	1	10
665.032	1	7
665.202	1	-4
665.371	1	-3
665.541	1	-1
665.710	1	-3
665.879	1	2
666.049	1	3
666.218	1	-11
666.388	1	-10
666.557	1	2
666.727	1	-16
666.896	1	-4
667.065	1	5
667.235	1	1
667.404	1	-9
667.574	1	9
667.743	1	-3
667.913	1	4
668.082	1	5
668.251	1	6
668.421	1	-2
668.590	1	1
668.760	1	7
668.929	1	2
669.099	1	-2
669.268	1	-1
669.437	1	-1
669.607	1	-6
669.776	1	-11
669.946	1	4
670.115	1	6
670.285	1	4
670.454	1	1
670.623	1	11
670.793	1	-8
670.962	1	-7
671.132	1	2
671.301	1	0
671.470	1	-1
671.640	1	-10
671.809	1	-1
671.979	1	16
672.148	1	7
672.317	1	-4
672.487	1	0
672.656	1	3
672.826	1	-12
672.995	1	6
673.164	1	8
673.334	1	8
673.503	1	5
673.673	1	19
673.842	1	5
674.011	1	8
674.181	1	-4
674.350	1	-6
674.520	1	-3
674.689	1	-12
674.858	1	-6
675.028	1	-3
675.197	1	-3
675.367	1	12
675.536	1	10
675.705	1	-14
675.875	1	4
676.044	1	3
676.214	1	8
676.383	1	-3
676.552	1	-8
676.722	1	4
676.891	1	-3
677.060	1	0
677.230	1	14
677.399	1	4
677.569	1	-4
677.738	1	-5
677.907	1	-8
678.077	1	-4
678.246	1	-1
678.416	1	4
678.585	1	10
678.754	1	0
678.924	1	-7
679.093	1	-5
679.262	1	2
679.432	1	-4
679.601	1	-9
679.771	1	-6
679.940	1	-12
680.109	1	16
680.279	1	-11
680.448	1	0
680.617	1	-1
680.787	1	3
680.956	1	-3
681.125	1	4
681.295	1	8
681.464	1	-2
681.634	1	2
681.803	1	-11
681.972	1	-10
682.142	1	15
682.311	1	-5
682.480	1	-1
682.650	1	0
682.819	1	0
682.988	1	-8
683.158	1	-2
683.327	1	-2
683.496	1	-14
683.666	1	4
683.835	1	5
684.004	1	5
684.174	1	8
684.343	1	1
684.512	1	1
684.682	1	7
684.851	1	-6
685.021	1	7
685.190	1	8
685.359	1	-5
685.529	1	7
685.698	1	14
685.867	1	0
686.037	1	9
686.206	1	12
686.375	1	2
686.545	1	6
686.714	1	0
686.883	1	-12
687.053	1	5
687.222	1	2
687.391	1	3
687.561	1	5
687.730	1	-2
687.899	1	-5
688.069	1	3
688.238	1	7
688.407	1	1
688.577	1	5
688.746	1	4
