340.368	1	3
340.539	1	1
340.710	1	-7
340.881	1	3
341.052	1	7
341.223	1	7
341.394	1	-3
341.565	1	-6
341.737	1	7
341.908	1	8
342.079	1	-11
342.250	1	5
342.421	1	2
342.592	1	-2
342.763	1	-10
342.934	1	-4
343.105	1	11
343.276	1	-7
343.447	1	3
343.618	1	-5
343.789	1	2
343.960	1	-4
344.131	1	-8
344.302	1	12
344.473	1	-9
344.644	1	-7
344.815	1	11
344.986	1	6
345.157	1	6
345.328	1	-5
345.499	1	6
345.670	1	2
345.841	1	4
346.012	1	10
346.183	1	2
346.354	1	3
346.526	1	6
346.697	1	3
346.868	1	5
347.039	1	-6
347.210	1	3
347.381	1	2
347.552	1	0
347.723	1	3
347.894	1	4
348.065	1	-3
348.236	1	8
348.407	1	-2
348.578	1	-2
348.749	1	0
348.920	1	11
349.091	1	-2
349.262	1	2
349.433	1	-15
349.604	1	13
349.775	1	3
349.946	1	9
350.117	1	6
350.288	1	0
350.459	1	10
350.630	1	-4
350.801	1	5
350.972	1	-4
351.143	1	0
351.314	1	-2
351.485	1	-3
351.656	1	8
351.827	1	-4
351.998	1	-1
352.169	1	9
352.340	1	2
352.511	1	3
352.682	1	-5
352.853	1	-8
353.024	1	-7
353.195	1	-2
353.366	1	-2
353.537	1	-6
353.708	1	6
353.879	1	8
354.050	1	3
354.221	1	-6
354.392	1	9
354.563	1	7
354.734	1	-2
354.905	1	1
355.076	1	10
355.247	1	-2
355.418	1	-9
355.589	1	-6
355.760	1	7
355.931	1	5
356.102	1	5
356.273	1	0
356.444	1	2
356.615	1	7
356.785	1	4
356.956	1	-1
357.127	1	3
357.298	1	5
357.469	1	3
357.640	1	6
357.811	1	16
357.982	1	-3
358.153	1	0
358.324	1	3
358.495	1	9
358.666	1	-5
358.837	1	1
359.008	1	5
359.179	1	4
359.350	1	-2
359.521	1	4
359.692	1	10
359.863	1	-11
360.034	1	2
360.205	1	-7
360.376	1	-3
360.547	1	2
360.718	1	-4
360.889	1	12
361.060	1	12
361.231	1	-7
361.401	1	3
361.572	1	2
361.743	1	1
361.914	1	-5
362.085	1	-1
362.256	1	3
362.427	1	-2
362.598	1	4
362.769	1	10
362.940	1	2
363.111	1	13
363.282	1	1
363.453	1	-1
363.624	1	-2
363.795	1	-2
363.966	1	4
364.137	1	-9
364.308	1	-8
364.478	1	15
364.649	1	3
364.820	1	-5
364.991	1	1
365.162	1	0
365.333	1	11
365.504	1	-7
365.675	1	-2
365.846	1	-2
366.017	1	5
366.188	1	5
366.359	1	9
366.530	1	10
366.701	1	-5
366.871	1	4
367.042	1	10
367.213	1	4
367.384	1	10
367.555	1	5
367.726	1	15
367.897	1	2
368.068	1	-1
368.239	1	9
368.410	1	4
368.581	1	6
368.752	1	-8
368.923	1	-16
369.093	1	1
369.264	1	-5
369.435	1	-5
369.606	1	2
369.777	1	-7
369.948	1	-2
370.119	1	10
370.290	1	2
370.461	1	0
370.632	1	1
370.803	1	-4
370.973	1	8
371.144	1	9
371.315	1	-5
371.486	1	9
371.657	1	2
371.828	1	3
371.999	1	0
372.170	1	1
372.341	1	9
372.512	1	5
372.682	1	1
372.853	1	-1
373.024	1	-2
373.195	1	-1
373.366	1	-1
373.537	1	2
373.708	1	3
373.879	1	6
374.050	1	6
374.220	1	-2
374.391	1	-1
374.562	1	4
374.733	1	3
374.904	1	0
375.075	1	4
375.246	1	-2
375.417	1	5
375.588	1	4
375.758	1	0
375.929	1	2
376.100	1	4
376.271	1	-6
376.442	1	1
376.613	1	3
376.784	1	1
376.955	1	-1
377.125	1	4
377.296	1	2
377.467	1	-4
377.638	1	4
377.809	1	7
377.980	1	1
378.151	1	-4
378.321	1	2
378.492	1	1
378.663	1	-7
378.834	1	4
379.005	1	6
379.176	1	5
379.347	1	13
379.518	1	-6
379.688	1	-6
379.859	1	-5
380.030	1	-11
380.201	1	-7
380.372	1	-3
380.543	1	0
380.714	1	8
380.884	1	7
381.055	1	4
381.226	1	-4
381.397	1	-3
381.568	1	-2
381.739	1	11
381.910	1	7
382.080	1	-9
382.251	1	-2
382.422	1	12
382.593	1	9
382.764	1	-1
382.935	1	14
383.105	1	0
383.276	1	7
383.447	1	7
383.618	1	3
383.789	1	-1
383.960	1	7
384.130	1	-5
384.301	1	0
384.472	1	-8
384.643	1	15
384.814	1	-4
384.985	1	-1
385.156	1	2
385.326	1	12
385.497	1	7
385.668	1	2
385.839	1	5
386.010	1	8
386.180	1	10
386.351	1	-1
386.522	1	11
386.693	1	0
386.864	1	3
387.035	1	-1
387.205	1	8
387.376	1	15
387.547	1	-5
387.718	1	12
387.889	1	15
388.060	1	-2
388.230	1	-1
388.401	1	14
388.572	1	6
388.743	1	10
388.914	1	13
389.084	1	14
389.255	1	13
389.426	1	6
389.597	1	0
389.768	1	7
389.939	1	12
390.109	1	12
390.280	1	12
390.451	1	17
390.622	1	1
390.793	1	7
390.963	1	13
391.134	1	3
391.305	1	10
391.476	1	9
391.647	1	8
391.817	1	2
391.988	1	2
392.159	1	5
392.330	1	10
392.501	1	5
392.671	1	5
392.842	1	9
393.013	1	11
393.184	1	11
393.355	1	15
393.525	1	4
393.696	1	-2
393.867	1	12
394.038	1	-10
394.208	1	2
394.379	1	1
394.550	1	2
394.721	1	-1
394.892	1	1
395.062	1	-8
395.233	1	10
395.404	1	0
395.575	1	1
395.746	1	-2
395.916	1	-1
396.087	1	-3
396.258	1	3
396.429	1	3
396.599	1	9
396.770	1	9
396.941	1	7
397.112	1	-6
397.283	1	5
397.453	1	-5
397.624	1	-3
397.795	1	4
397.966	1	5
398.136	1	5
398.307	1	5
398.478	1	6
398.649	1	6
398.819	1	15
398.990	1	5
399.161	1	8
399.332	1	2
399.503	1	5
399.673	1	2
399.844	1	-3
400.015	1	11
400.186	1	8
400.356	1	2
400.527	1	6
400.698	1	5
400.869	1	10
401.039	1	1
401.210	1	-7
401.381	1	3
401.552	1	17
401.722	1	1
401.893	1	-4
402.064	1	3
402.235	1	9
402.405	1	5
402.576	1	10
402.747	1	-1
402.918	1	1
403.088	1	0
403.259	1	-12
403.430	1	2
403.601	1	0
403.771	1	4
403.942	1	4
404.113	1	19
404.284	1	5
404.454	1	2
404.625	1	2
404.796	1	3
404.967	1	6
405.137	1	4
405.308	1	13
405.479	1	14
405.649	1	-1
405.820	1	-4
405.991	1	15
406.162	1	-3
406.332	1	-5
406.503	1	-6
406.674	1	7
406.845	1	-1
407.015	1	-8
407.186	1	19
407.357	1	1
407.527	1	-1
407.698	1	7
407.869	1	3
408.040	1	-7
408.210	1	-5
408.381	1	-2
408.552	1	6
408.722	1	3
408.893	1	1
409.064	1	9
409.235	1	0
409.405	1	4
409.576	1	-4
409.747	1	0
409.917	1	7
410.088	1	1
410.259	1	2
410.430	1	3
410.600	1	2
410.771	1	3
410.942	1	6
411.112	1	10
411.283	1	-11
411.454	1	8
411.625	1	0
411.795	1	0
411.966	1	-3
412.137	1	6
412.307	1	10
412.478	1	0
412.649	1	-3
412.819	1	0
412.990	1	7
413.161	1	-3
413.332	1	1
413.502	1	3
413.673	1	0
413.844	1	0
414.014	1	-5
414.185	1	4
414.356	1	-5
414.526	1	3
414.697	1	8
414.868	1	19
415.038	1	1
415.209	1	3
415.380	1	3
415.550	1	-8
415.721	1	1
415.892	1	-7
416.063	1	16
416.233	1	-2
416.404	1	4
416.575	1	9
416.745	1	-2
416.916	1	0
417.087	1	4
417.257	1	4
417.428	1	-10
417.599	1	12
417.769	1	-4
417.940	1	-5
418.111	1	3
418.281	1	-1
418.452	1	2
418.623	1	5
418.793	1	5
418.964	1	1
419.135	1	7
419.305	1	6
419.476	1	5
419.647	1	13
419.817	1	10
419.988	1	1
420.159	1	-11
420.329	1	-4
420.500	1	7
420.671	1	-2
420.841	1	4
421.012	1	4
421.183	1	5
421.353	1	11
421.524	1	7
421.695	1	-2
421.865	1	-10
422.036	1	1
422.206	1	2
422.377	1	3
422.548	1	3
422.718	1	12
422.889	1	12
423.060	1	0
423.230	1	6
423.401	1	-6
423.572	1	3
423.742	1	-5
423.913	1	0
424.084	1	8
424.254	1	0
424.425	1	4
424.595	1	-7
424.766	1	0
424.937	1	1
425.107	1	-7
425.278	1	-4
425.449	1	5
425.619	1	2
425.790	1	1
425.961	1	2
426.131	1	6
426.302	1	3
426.472	1	3
426.643	1	4
426.814	1	9
426.984	1	10
427.155	1	1
427.326	1	3
427.496	1	8
427.667	1	20
427.837	1	1
428.008	1	1
428.179	1	-6
428.349	1	-6
428.520	1	-3
428.691	1	-2
428.861	1	2
429.032	1	-6
429.202	1	2
429.373	1	-7
429.544	1	3
429.714	1	5
429.885	1	5
430.055	1	7
430.226	1	-1
430.397	1	-3
430.567	1	1
430.738	1	7
430.909	1	-5
431.079	1	11
431.250	1	-10
431.420	1	8
431.591	1	1
431.762	1	9
431.932	1	3
432.103	1	-1
432.273	1	-6
432.444	1	13
432.615	1	11
432.785	1	2
432.956	1	-3
433.126	1	10
433.297	1	4
433.468	1	-7
433.638	1	1
433.809	1	0
433.979	1	-7
434.150	1	-4
434.320	1	2
434.491	1	9
434.662	1	-1
434.832	1	-2
435.003	1	8
435.173	1	-1
435.344	1	-3
435.515	1	6
435.685	1	9
435.856	1	0
436.026	1	4
436.197	1	6
436.368	1	-1
436.538	1	4
436.709	1	-3
436.879	1	1
437.050	1	3
437.220	1	-1
437.391	1	7
437.562	1	9
437.732	1	1
437.903	1	1
438.073	1	11
438.244	1	-14
438.414	1	0
438.585	1	3
438.756	1	3
438.926	1	-5
439.097	1	1
439.267	1	8
439.438	1	6
439.608	1	8
439.779	1	-6
439.949	1	-3
440.120	1	-1
440.291	1	-9
440.461	1	-13
440.632	1	1
440.802	1	9
440.973	1	-5
441.143	1	8
441.314	1	14
441.485	1	-1
441.655	1	7
441.826	1	-14
441.996	1	5
442.167	1	2
442.337	1	-5
442.508	1	0
442.678	1	-10
442.849	1	7
443.019	1	9
443.190	1	-8
443.361	1	14
443.531	1	5
443.702	1	-10
443.872	1	-3
444.043	1	3
444.213	1	-6
444.384	1	7
444.554	1	6
444.725	1	8
444.895	1	0
445.066	1	0
445.237	1	0
445.407	1	4
445.578	1	4
445.748	1	-7
445.919	1	6
446.089	1	8
446.260	1	-9
446.430	1	-8
446.601	1	-9
446.771	1	-3
446.942	1	1
447.112	1	-5
447.283	1	-8
447.453	1	-6
447.624	1	10
447.794	1	-2
447.965	1	-7
448.135	1	5
448.306	1	-4
448.477	1	-5
448.647	1	12
448.818	1	11
448.988	1	-17
449.159	1	-13
449.329	1	-1
449.500	1	12
449.670	1	9
449.841	1	6
450.011	1	6
450.182	1	-11
450.352	1	8
450.523	1	-7
450.693	1	2
450.864	1	10
451.034	1	5
451.205	1	-6
451.375	1	3
451.546	1	6
451.716	1	9
451.887	1	-8
452.057	1	3
452.228	1	4
452.398	1	6
452.569	1	3
452.739	1	-4
452.910	1	3
453.080	1	18
453.251	1	-1
453.421	1	7
453.592	1	1
453.762	1	-2
453.933	1	17
454.103	1	-2
454.274	1	-2
454.444	1	5
454.615	1	16
454.785	1	-2
454.956	1	-1
455.126	1	2
455.297	1	2
455.467	1	6
455.638	1	6
455.808	1	-2
455.979	1	10
456.149	1	-4
456.320	1	5
456.490	1	-4
456.661	1	-9
456.831	1	6
457.001	1	2
457.172	1	7
457.342	1	1
457.513	1	-3
457.683	1	2
457.854	1	7
458.024	1	3
458.195	1	-8
458.365	1	1
458.536	1	4
458.706	1	2
458.877	1	-6
459.047	1	-13
459.218	1	6
459.388	1	4
459.559	1	-4
459.729	1	6
459.899	1	12
460.070	1	3
460.240	1	5
460.411	1	12
460.581	1	4
460.752	1	2
460.922	1	6
461.093	1	5
461.263	1	-3
461.434	1	6
461.604	1	-2
461.775	1	2
461.945	1	2
462.115	1	-7
462.286	1	4
462.456	1	-5
462.627	1	-2
462.797	1	-7
462.968	1	0
463.138	1	5
463.309	1	-3
463.479	1	3
463.649	1	2
463.820	1	-2
463.990	1	5
464.161	1	6
464.331	1	7
464.502	1	-1
464.672	1	-6
464.843	1	7
465.013	1	-9
465.183	1	-3
465.354	1	-10
465.524	1	5
465.695	1	12
465.865	1	0
466.036	1	-1
466.206	1	-6
466.376	1	4
466.547	1	-7
466.717	1	-5
466.888	1	1
467.058	1	13
467.229	1	8
467.399	1	1
467.569	1	9
467.740	1	-2
467.910	1	-6
468.081	1	9
468.251	1	-9
468.422	1	-10
468.592	1	0
468.762	1	-10
468.933	1	2
469.103	1	2
469.274	1	5
469.444	1	4
469.614	1	-4
469.785	1	5
469.955	1	0
470.126	1	1
470.296	1	-5
470.467	1	-3
470.637	1	9
470.807	1	-6
470.978	1	-5
471.148	1	-2
471.319	1	4
471.489	1	4
471.659	1	7
471.830	1	4
472.000	1	8
472.171	1	8
472.341	1	-5
472.511	1	13
472.682	1	5
472.852	1	-8
473.023	1	-5
473.193	1	-1
473.363	1	0
473.534	1	0
473.704	1	9
473.875	1	1
474.045	1	-3
474.215	1	1
474.386	1	4
474.556	1	-1
474.727	1	-1
474.897	1	-1
475.067	1	-1
475.238	1	-1
475.408	1	4
475.578	1	2
475.749	1	-8
475.919	1	6
476.090	1	-6
476.260	1	4
476.430	1	0
476.601	1	-4
476.771	1	2
476.942	1	-5
477.112	1	9
477.282	1	-6
477.453	1	-7
477.623	1	1
477.793	1	15
477.964	1	11
478.134	1	-2
478.305	1	3
478.475	1	-2
478.645	1	-5
478.816	1	-3
478.986	1	-1
479.156	1	6
479.327	1	-6
479.497	1	-9
479.667	1	2
479.838	1	2
480.008	1	14
480.179	1	-2
480.349	1	-5
480.519	1	-4
480.690	1	-2
480.860	1	-2
481.030	1	-2
481.201	1	-7
481.371	1	-4
481.541	1	1
481.712	1	4
481.882	1	-5
482.053	1	6
482.223	1	-6
482.393	1	-11
482.564	1	-12
482.734	1	-7
482.904	1	0
483.075	1	3
483.245	1	1
483.415	1	0
483.586	1	-9
483.756	1	3
483.926	1	12
484.097	1	-1
484.267	1	7
484.437	1	-5
484.608	1	1
484.778	1	3
484.948	1	-3
485.119	1	0
485.289	1	14
485.459	1	8
485.630	1	-3
485.800	1	-5
485.970	1	0
486.141	1	-14
486.311	1	-5
486.481	1	1
486.652	1	14
486.822	1	7
486.992	1	2
487.163	1	-3
487.333	1	0
487.503	1	-6
487.674	1	-5
487.844	1	-6
488.014	1	2
488.185	1	-3
488.355	1	-3
488.525	1	-4
488.696	1	-5
488.866	1	11
489.036	1	1
489.207	1	17
489.377	1	0
489.547	1	-6
489.718	1	5
489.888	1	-4
490.058	1	7
490.228	1	-5
490.399	1	7
490.569	1	10
490.739	1	10
490.910	1	-5
491.080	1	-5
491.250	1	3
491.421	1	-2
491.591	1	-8
491.761	1	10
491.932	1	4
492.102	1	-3
492.272	1	8
492.442	1	1
492.613	1	1
492.783	1	-2
492.953	1	8
493.124	1	0
493.294	1	6
493.464	1	3
493.635	1	-3
493.805	1	5
493.975	1	-4
494.145	1	1
494.316	1	6
494.486	1	1
494.656	1	9
494.827	1	-2
494.997	1	-6
495.167	1	6
495.337	1	13
495.508	1	-5
495.678	1	12
495.848	1	8
496.019	1	-3
496.189	1	2
496.359	1	-5
496.529	1	1
496.700	1	1
496.870	1	-7
497.040	1	-4
497.211	1	14
497.381	1	-11
497.551	1	7
497.721	1	-2
497.892	1	5
498.062	1	-2
498.232	1	-11
498.403	1	6
498.573	1	-4
498.743	1	4
498.913	1	5
499.084	1	-9
499.254	1	6
499.424	1	10
499.594	1	-5
499.765	1	-1
499.935	1	-6
500.105	1	7
500.275	1	0
500.446	1	13
500.616	1	1
500.786	1	8
500.956	1	3
501.127	1	4
501.297	1	3
501.467	1	9
501.638	1	-7
501.808	1	1
501.978	1	8
502.148	1	7
502.319	1	3
502.489	1	5
502.659	1	-1
502.829	1	8
503.000	1	19
503.170	1	1
503.340	1	0
503.510	1	5
503.681	1	5
503.851	1	-14
504.021	1	21
504.191	1	5
504.362	1	9
504.532	1	-4
504.702	1	3
504.872	1	-1
505.042	1	2
505.213	1	-13
505.383	1	6
505.553	1	7
505.723	1	-1
505.894	1	9
506.064	1	8
506.234	1	13
506.404	1	5
506.575	1	-4
506.745	1	-3
506.915	1	6
507.085	1	-6
507.256	1	-5
507.426	1	3
507.596	1	5
507.766	1	11
507.936	1	3
508.107	1	8
508.277	1	-6
508.447	1	-2
508.617	1	10
508.788	1	3
508.958	1	4
509.128	1	1
509.298	1	15
509.468	1	6
509.639	1	16
509.809	1	1
509.979	1	5
510.149	1	-6
510.319	1	-4
510.490	1	6
510.660	1	15
510.830	1	-6
511.000	1	1
511.171	1	11
511.341	1	1
511.511	1	-2
511.681	1	2
511.851	1	-6
512.022	1	-10
512.192	1	10
512.362	1	-10
512.532	1	2
512.702	1	-8
512.873	1	19
513.043	1	3
513.213	1	0
513.383	1	-12
513.553	1	1
513.724	1	8
513.894	1	-2
514.064	1	-7
514.234	1	12
514.404	1	3
514.575	1	8
514.745	1	4
514.915	1	10
515.085	1	7
515.255	1	-7
515.425	1	-3
515.596	1	-10
515.766	1	0
515.936	1	5
516.106	1	1
516.276	1	6
516.447	1	-2
516.617	1	1
516.787	1	2
516.957	1	0
517.127	1	9
517.297	1	-2
517.468	1	2
517.638	1	7
517.808	1	-3
517.978	1	-1
518.148	1	7
518.319	1	5
518.489	1	2
518.659	1	1
518.829	1	-3
518.999	1	-5
519.169	1	5
519.340	1	0
519.510	1	1
519.680	1	-5
519.850	1	4
520.020	1	6
520.190	1	12
520.361	1	-2
520.531	1	0
520.701	1	5
520.871	1	1
521.041	1	1
521.211	1	4
521.382	1	1
521.552	1	2
521.722	1	2
521.892	1	2
522.062	1	2
522.232	1	-4
522.402	1	-4
522.573	1	7
522.743	1	6
522.913	1	8
523.083	1	1
523.253	1	3
523.423	1	-4
523.593	1	-6
523.764	1	7
523.934	1	8
524.104	1	5
524.274	1	-17
524.444	1	8
524.614	1	-1
524.784	1	5
524.955	1	1
525.125	1	1
525.295	1	-2
525.465	1	6
525.635	1	13
525.805	1	3
525.975	1	-3
526.146	1	0
526.316	1	1
526.486	1	12
526.656	1	10
526.826	1	17
526.996	1	13
527.166	1	9
527.337	1	-4
527.507	1	-4
527.677	1	9
527.847	1	-7
528.017	1	-6
528.187	1	0
528.357	1	3
528.527	1	11
528.698	1	-1
528.868	1	-2
529.038	1	13
529.208	1	-1
529.378	1	9
529.548	1	6
529.718	1	5
529.888	1	1
530.058	1	6
530.229	1	2
530.399	1	12
530.569	1	9
530.739	1	-3
530.909	1	5
531.079	1	11
531.249	1	-8
531.419	1	5
531.589	1	-6
531.760	1	-1
531.930	1	-2
532.100	1	6
532.270	1	6
532.440	1	-8
532.610	1	8
532.780	1	-3
532.950	1	12
533.120	1	2
533.290	1	0
533.461	1	16
533.631	1	-9
533.801	1	4
533.971	1	4
534.141	1	15
534.311	1	18
534.481	1	2
534.651	1	1
534.821	1	6
534.991	1	5
535.162	1	4
535.332	1	1
535.502	1	0
535.672	1	-4
535.842	1	0
536.012	1	6
536.182	1	0
536.352	1	4
536.522	1	14
536.692	1	7
536.862	1	9
537.032	1	2
537.203	1	4
537.373	1	1
537.543	1	-4
537.713	1	11
537.883	1	10
538.053	1	7
538.223	1	5
538.393	1	6
538.563	1	6
538.733	1	-2
538.903	1	9
539.073	1	4
539.243	1	2
539.413	1	-8
539.584	1	8
539.754	1	-2
539.924	1	-1
540.094	1	-1
540.264	1	2
540.434	1	-5
540.604	1	7
540.774	1	-7
540.944	1	-8
541.114	1	-2
541.284	1	1
541.454	1	5
541.624	1	3
541.794	1	-5
541.964	1	8
542.134	1	8
542.305	1	-8
542.475	1	-3
542.645	1	2
542.815	1	4
542.985	1	-4
543.155	1	5
543.325	1	0
543.495	1	-11
543.665	1	17
543.835	1	4
544.005	1	-8
544.175	1	-1
544.345	1	0
544.515	1	-6
544.685	1	2
544.855	1	13
545.025	1	-1
545.195	1	1
545.365	1	6
545.535	1	-2
545.705	1	11
545.875	1	0
546.045	1	6
546.216	1	11
546.386	1	5
546.556	1	-7
546.726	1	6
546.896	1	1
547.066	1	-4
547.236	1	-2
547.406	1	13
547.576	1	7
547.746	1	14
547.916	1	0
548.086	1	12
548.256	1	5
548.426	1	-4
548.596	1	3
548.766	1	11
548.936	1	-4
549.106	1	10
549.276	1	5
549.446	1	8
549.616	1	8
549.786	1	-1
549.956	1	4
550.126	1	5
550.296	1	4
550.466	1	-6
550.636	1	6
550.806	1	10
550.976	1	-5
551.146	1	1
551.316	1	-1
551.486	1	1
551.656	1	-11
551.826	1	10
551.996	1	5
552.166	1	-1
552.336	1	3
552.506	1	0
552.676	1	1
552.846	1	5
553.016	1	1
553.186	1	7
553.356	1	-10
553.526	1	4
553.696	1	20
553.866	1	13
554.036	1	1
554.206	1	-3
554.376	1	3
554.546	1	-15
554.716	1	0
554.886	1	2
555.056	1	-1
555.226	1	3
555.396	1	-3
555.566	1	13
555.736	1	-2
555.906	1	4
556.076	1	3
556.246	1	-2
556.416	1	3
556.586	1	10
556.756	1	7
556.926	1	10
557.096	1	0
557.266	1	5
557.436	1	9
557.606	1	-13
557.776	1	2
557.946	1	7
558.116	1	4
558.286	1	10
558.456	1	-2
558.626	1	15
558.796	1	1
558.966	1	2
559.136	1	1
559.306	1	-5
559.476	1	-11
559.646	1	-5
559.816	1	1
559.986	1	-10
560.155	1	-3
560.325	1	-8
560.495	1	7
560.665	1	6
560.835	1	8
561.005	1	4
561.175	1	5
561.345	1	1
561.515	1	-7
561.685	1	-7
561.855	1	8
562.025	1	-1
562.195	1	-1
562.365	1	-1
562.535	1	3
562.705	1	9
562.875	1	-2
563.045	1	-2
563.215	1	2
563.385	1	-11
563.555	1	13
563.725	1	-3
563.895	1	2
564.064	1	6
564.234	1	5
564.404	1	-3
564.574	1	-3
564.744	1	7
564.914	1	-12
565.084	1	-7
565.254	1	-1
565.424	1	2
565.594	1	-4
565.764	1	-2
565.934	1	5
566.104	1	3
566.274	1	0
566.444	1	6
566.614	1	4
566.783	1	4
566.953	1	3
567.123	1	10
567.293	1	-4
567.463	1	4
567.633	1	-5
567.803	1	-5
567.973	1	-5
568.143	1	-4
568.313	1	-10
568.483	1	-2
568.653	1	4
568.823	1	7
568.993	1	-4
569.162	1	6
569.332	1	-11
569.502	1	-3
569.672	1	2
569.842	1	2
570.012	1	0
570.182	1	-2
570.352	1	4
570.522	1	9
570.692	1	13
570.862	1	2
571.031	1	-1
571.201	1	5
571.371	1	-8
571.541	1	-7
571.711	1	8
571.881	1	6
572.051	1	4
572.221	1	3
572.391	1	-2
572.561	1	-1
572.731	1	2
572.900	1	7
573.070	1	11
573.240	1	-3
573.410	1	4
573.580	1	3
573.750	1	0
573.920	1	-1
574.090	1	1
574.260	1	0
574.430	1	-7
574.599	1	0
574.769	1	8
574.939	1	-5
575.109	1	5
575.279	1	3
575.449	1	1
575.619	1	2
575.789	1	12
575.959	1	-9
576.128	1	-2
576.298	1	-5
576.468	1	-5
576.638	1	-2
576.808	1	7
576.978	1	11
577.148	1	4
577.318	1	-1
577.487	1	4
577.657	1	-12
577.827	1	6
577.997	1	-4
578.167	1	2
578.337	1	-7
578.507	1	-4
578.677	1	1
578.846	1	3
579.016	1	8
579.186	1	1
579.356	1	-2
579.526	1	-8
579.696	1	6
579.866	1	9
580.036	1	-6
580.205	1	3
580.375	1	2
580.545	1	4
580.715	1	14
580.885	1	-1
581.055	1	13
581.225	1	-2
581.394	1	-8
581.564	1	-3
581.734	1	16
581.904	1	-11
582.074	1	-4
582.244	1	7
582.414	1	5
582.583	1	-12
582.753	1	-3
582.923	1	6
583.093	1	-1
583.263	1	8
583.433	1	-5
583.603	1	6
583.772	1	-2
583.942	1	8
584.112	1	5
584.282	1	9
584.452	1	-1
584.622	1	-2
584.791	1	3
584.961	1	-3
585.131	1	-8
585.301	1	6
585.471	1	2
585.641	1	15
585.811	1	-4
585.980	1	-13
586.150	1	1
586.320	1	-6
586.490	1	-6
586.660	1	4
586.830	1	-9
586.999	1	-3
587.169	1	0
587.339	1	2
587.509	1	0
587.679	1	-1
587.849	1	6
588.018	1	-4
588.188	1	0
588.358	1	0
588.528	1	-3
588.698	1	4
588.867	1	6
589.037	1	4
589.207	1	-2
589.377	1	7
589.547	1	-6
589.717	1	0
589.886	1	-11
590.056	1	1
590.226	1	-6
590.396	1	2
590.566	1	-5
590.735	1	18
590.905	1	5
591.075	1	-10
591.245	1	-5
591.415	1	7
591.585	1	-4
591.754	1	19
591.924	1	-9
592.094	1	6
592.264	1	-1
592.434	1	9
592.603	1	-3
592.773	1	-5
592.943	1	0
593.113	1	-12
593.283	1	3
593.452	1	-8
593.622	1	-4
593.792	1	-3
593.962	1	1
594.132	1	-9
594.301	1	19
594.471	1	7
594.641	1	-2
594.811	1	1
594.981	1	-2
595.150	1	-6
595.320	1	6
595.490	1	-10
595.660	1	-6
595.829	1	1
595.999	1	-3
596.169	1	7
596.339	1	6
596.509	1	10
596.678	1	-4
596.848	1	10
597.018	1	1
597.188	1	-1
597.358	1	3
597.527	1	-1
597.697	1	4
597.867	1	3
598.037	1	6
598.206	1	-2
598.376	1	3
598.546	1	-5
598.716	1	-9
598.885	1	-9
599.055	1	5
599.225	1	5
599.395	1	11
599.565	1	2
599.734	1	-1
599.904	1	3
600.074	1	-11
600.244	1	6
600.413	1	3
600.583	1	-11
600.753	1	1
600.923	1	13
601.092	1	-10
601.262	1	-1
601.432	1	-7
601.602	1	5
601.771	1	13
601.941	1	-4
602.111	1	-8
602.281	1	-4
602.451	1	-2
602.620	1	9
602.790	1	7
602.960	1	-4
603.130	1	4
603.299	1	9
603.469	1	-5
603.639	1	-5
603.809	1	9
603.978	1	-5
604.148	1	1
604.318	1	3
604.487	1	4
604.657	1	1
604.827	1	-10
604.997	1	2
605.166	1	0
605.336	1	-6
605.506	1	1
605.676	1	-6
605.845	1	6
606.015	1	0
606.185	1	-7
606.355	1	13
606.524	1	-6
606.694	1	15
606.864	1	-1
607.034	1	-2
607.203	1	14
607.373	1	6
607.543	1	-5
607.712	1	6
607.882	1	-7
608.052	1	4
608.222	1	-2
608.391	1	0
608.561	1	2
608.731	1	-14
608.901	1	1
609.070	1	-4
609.240	1	-4
609.410	1	2
609.579	1	-5
609.749	1	2
609.919	1	-7
610.089	1	-5
610.258	1	18
610.428	1	-7
610.598	1	2
610.767	1	11
610.937	1	-2
611.107	1	3
611.277	1	5
611.446	1	-2
611.616	1	-13
611.786	1	12
611.955	1	2
612.125	1	2
612.295	1	1
612.465	1	-1
612.634	1	-5
612.804	1	10
612.974	1	5
613.143	1	-3
613.313	1	9
613.483	1	4
613.652	1	-10
613.822	1	4
613.992	1	4
614.162	1	8
614.331	1	1
614.501	1	0
614.671	1	8
614.840	1	3
615.010	1	-4
615.180	1	2
615.349	1	4
615.519	1	6
615.689	1	-4
615.858	1	9
616.028	1	-6
616.198	1	8
616.368	1	-4
616.537	1	-7
616.707	1	6
616.877	1	2
617.046	1	11
617.216	1	4
617.386	1	-6
617.555	1	0
617.725	1	5
617.895	1	-8
618.064	1	-1
618.234	1	2
618.404	1	5
618.573	1	4
618.743	1	6
618.913	1	-1
619.082	1	4
619.252	1	2
619.422	1	7
619.591	1	1
619.761	1	-1
619.931	1	6
620.100	1	-1
620.270	1	3
620.440	1	-3
620.609	1	2
620.779	1	-4
620.949	1	1
621.118	1	3
621.288	1	3
621.458	1	3
621.627	1	-1
621.797	1	-1
621.967	1	-7
622.136	1	-8
622.306	1	8
622.476	1	5
622.645	1	3
622.815	1	-1
622.985	1	4
623.154	1	2
623.324	1	2
623.494	1	7
623.663	1	-9
623.833	1	-6
624.002	1	-3
624.172	1	12
624.342	1	-4
624.511	1	-4
624.681	1	-4
624.851	1	3
625.020	1	-4
625.190	1	3
625.360	1	-6
625.529	1	1
625.699	1	1
625.869	1	1
626.038	1	4
626.208	1	-4
626.377	1	21
626.547	1	-1
626.717	1	-19
626.886	1	-10
627.056	1	5
627.226	1	9
627.395	1	12
627.565	1	8
627.735	1	6
627.904	1	5
628.074	1	3
628.243	1	-2
628.413	1	-2
628.583	1	-4
628.752	1	2
628.922	1	-10
629.091	1	1
629.261	1	6
629.431	1	-7
629.600	1	1
629.770	1	14
629.940	1	-1
630.109	1	2
630.279	1	-4
630.448	1	-6
630.618	1	-1
630.788	1	2
630.957	1	-3
631.127	1	0
631.297	1	-4
631.466	1	7
631.636	1	4
631.805	1	-1
631.975	1	11
632.145	1	-8
632.314	1	4
632.484	1	-4
632.653	1	2
632.823	1	14
632.993	1	10
633.162	1	4
633.332	1	11
633.501	1	-6
633.671	1	0
633.841	1	2
634.010	1	1
634.180	1	7
634.349	1	0
634.519	1	8
634.689	1	11
634.858	1	11
635.028	1	1
635.197	1	-10
635.367	1	-6
635.537	1	-4
635.706	1	-5
635.876	1	-3
636.045	1	0
636.215	1	-6
636.384	1	14
636.554	1	3
636.724	1	1
636.893	1	2
637.063	1	-3
637.232	1	4
637.402	1	13
637.572	1	12
637.741	1	5
637.911	1	-3
638.080	1	1
638.250	1	8
638.419	1	9
638.589	1	5
638.759	1	1
638.928	1	-2
639.098	1	-5
639.267	1	6
639.437	1	-9
639.606	1	13
639.776	1	-1
639.946	1	3
640.115	1	-1
640.285	1	2
640.454	1	16
640.624	1	2
640.793	1	6
640.963	1	0
641.132	1	14
641.302	1	9
641.472	1	0
641.641	1	-12
641.811	1	-3
641.980	1	-8
642.150	1	1
642.319	1	-4
642.489	1	-3
642.659	1	-11
642.828	1	3
642.998	1	-1
643.167	1	6
643.337	1	13
643.506	1	-4
643.676	1	3
643.845	1	-1
644.015	1	4
644.184	1	6
644.354	1	-1
644.524	1	-3
644.693	1	5
644.863	1	-4
645.032	1	4
645.202	1	-1
645.371	1	-8
645.541	1	-10
645.710	1	-9
645.880	1	3
646.049	1	5
646.219	1	5
646.388	1	-2
646.558	1	-7
646.728	1	2
646.897	1	3
647.067	1	12
647.236	1	1
647.406	1	-5
647.575	1	11
647.745	1	-1
647.914	1	-6
648.084	1	3
648.253	1	2
648.423	1	-8
648.592	1	-7
648.762	1	5
648.931	1	4
649.101	1	4
649.270	1	7
649.440	1	1
649.610	1	12
649.779	1	-2
649.949	1	-6
650.118	1	-2
650.288	1	-6
650.457	1	-4
650.627	1	3
650.796	1	-1
650.966	1	0
651.135	1	7
651.305	1	-4
651.474	1	0
651.644	1	-2
651.813	1	4
651.983	1	8
652.152	1	-10
652.322	1	8
652.491	1	7
652.661	1	-6
652.830	1	6
653.000	1	-1
653.169	1	1
653.339	1	13
653.508	1	4
653.678	1	2
653.847	1	3
654.017	1	-11
654.186	1	5
654.356	1	11
654.525	1	6
654.695	1	-1
654.864	1	11
655.034	1	5
655.203	1	-5
655.373	1	1
655.542	1	9
655.712	1	-2
655.881	1	13
656.051	1	1
656.220	1	-2
656.390	1	4
656.559	1	-10
656.729	1	10
656.898	1	1
657.068	1	1
657.237	1	16
657.406	1	10
657.576	1	1
657.745	1	-13
657.915	1	2
658.084	1	6
658.254	1	8
658.423	1	-6
658.593	1	-17
658.762	1	2
658.932	1	-8
659.101	1	-2
659.271	1	4
659.440	1	10
659.610	1	-2
659.779	1	4
659.949	1	-2
660.118	1	-2
660.288	1	-9
660.457	1	4
660.626	1	0
660.796	1	-4
660.965	1	-2
661.135	1	1
661.304	1	6
661.474	1	6
661.643	1	1
661.813	1	-6
661.982	1	-2
662.152	1	-1
662.321	1	0
662.491	1	5
662.660	1	4
662.829	1	-12
662.999	1	-4
663.168	1	-1
663.338	1	-1
663.507	1	-5
663.677	1	-8
663.846	1	12
664.016	1	0
664.185	1	-14
664.354	1	7
664.524	1	1
664.693	1	5
664.863	1	1
665.032	1	11
665.202	1	-12
665.371	1	7
665.541	1	1
665.710	1	-11
665.879	1	-1
666.049	1	-4
666.218	1	-13
666.388	1	-4
666.557	1	5
666.727	1	-13
666.896	1	-5
667.065	1	0
667.235	1	8
667.404	1	-5
667.574	1	4
667.743	1	-6
667.913	1	1
668.082	1	-7
668.251	1	-1
668.421	1	2
668.590	1	-10
668.760	1	-4
668.929	1	13
669.099	1	-2
669.268	1	-3
669.437	1	6
669.607	1	-1
669.776	1	4
669.946	1	5
670.115	1	-3
670.285	1	6
670.454	1	3
670.623	1	6
670.793	1	-1
670.962	1	2
671.132	1	-4
671.301	1	0
671.470	1	3
671.640	1	-15
671.809	1	-2
671.979	1	11
672.148	1	7
672.317	1	4
672.487	1	-7
672.656	1	10
672.826	1	-10
672.995	1	-5
673.164	1	8
673.334	1	11
673.503	1	-4
673.673	1	13
673.842	1	5
674.011	1	7
674.181	1	-3
674.350	1	-1
674.520	1	-11
674.689	1	-1
674.858	1	2
675.028	1	-1
675.197	1	-9
675.367	1	11
675.536	1	-1
675.705	1	-4
675.875	1	8
676.044	1	-8
676.214	1	5
676.383	1	1
676.552	1	-10
676.722	1	10
676.891	1	-4
677.060	1	3
677.230	1	15
677.399	1	1
677.569	1	-7
677.738	1	0
677.907	1	-6
678.077	1	6
678.246	1	-19
678.416	1	-3
678.585	1	4
678.754	1	-1
678.924	1	-8
679.093	1	0
679.262	1	2
679.432	1	-6
679.601	1	-12
679.771	1	-9
679.940	1	-6
680.109	1	8
680.279	1	-13
680.448	1	0
680.617	1	-5
680.787	1	5
680.956	1	-6
681.125	1	6
681.295	1	8
681.464	1	-8
681.634	1	3
681.803	1	-8
681.972	1	-12
682.142	1	5
682.311	1	7
682.480	1	-6
682.650	1	-9
682.819	1	1
682.988	1	2
683.158	1	1
683.327	1	-3
683.496	1	0
683.666	1	3
683.835	1	0
684.004	1	-6
684.174	1	-2
684.343	1	-4
684.512	1	2
684.682	1	2
684.851	1	2
685.021	1	7
685.190	1	-1
685.359	1	-3
685.529	1	0
685.698	1	-7
685.867	1	-3
686.037	1	2
686.206	1	4
686.375	1	0
686.545	1	-1
686.714	1	3
686.883	1	-5
687.053	1	5
687.222	1	-7
687.391	1	-6
687.561	1	3
687.730	1	-5
687.899	1	-5
688.069	1	-5
688.238	1	0
688.407	1	6
688.577	1	-6
688.746	1	-2
