Processed Data:
Y = (y * x^2) / (I*t)
Processed Data:
X = 1240/x
3.643116 135158771327999.984375
3.641286 193278017534999.968750
3.639459 77388869399999.984375
3.637633 232399712321999.937500
3.635809 213246855624000.031250
3.633987 291082839322500.062500
3.632167 135974840441999.984375
3.630349 116666649225000.000000
3.628521 253032383866166.687500
3.626707 272769187749333.312500
3.624894 58509021120500.000000
3.623083 78090041666666.656250
3.621273 78168094160666.656250
3.619466 -19561546410666.664062
3.617660 254554027366166.593750
3.615856 274408699497333.343750
3.614054 255062255554166.687500
3.612254 78558941450666.671875
3.610455 373526832395166.687500
3.608658 236146659847999.968750
3.606864 78793917680666.656250
3.605070 236616963199999.968750
3.603279 78950763440666.640625
3.601489 138301178404666.656250
3.599702 59330823864500.000000
3.597916 296948716840000.000000
3.596131 297243460562500.000000
3.594349 297538350490000.000000
3.592568 377255623055166.625000
3.590789 -19875237930666.660156
3.589012 159159412001333.343750
3.587236 179231623350000.000000
3.585463 239211994562000.000000
3.583691 299310760360000.000000
3.581921 219711560729833.312500
3.580152 299902733289999.937500
3.578375 340227427915333.312500
3.576610 200331349681666.656250
3.574847 360952228272000.000000
3.573085 20072677920166.664062
3.571326 140647248116666.640625
3.569568 100561299300833.312500
3.567811 382509243562666.687500
3.566057 201518807881666.656250
3.564304 262232176344666.656250
3.562553 181723866337500.000000
3.560804 303170779240000.000000
3.559056 182081156473499.968750
3.557310 303766555210000.000000
3.555566 283793685002333.312500
3.553823 405817221333333.375000
3.552082 223418298181833.312500
3.550343 101653287203333.328125
3.548606 142453991737166.656250
3.546870 590744291277333.250000
3.545136 468979777395833.250000
3.543404 306155507290000.062500
3.541673 572048930548666.625000
3.539944 265853646378666.687500
3.538217 470815790943833.312500
3.536491 184412095350000.000000
3.534768 205102236001666.625000
3.533045 205302241306666.625000
3.531325 267153047306166.625000
3.529606 390834834220666.687500
3.527889 82361136816666.671875
3.526173 370985827008000.000000
3.524459 330085967810666.625000
3.522747 351057344011333.250000
3.521037 454751016723666.625000
3.519328 144834054866666.625000
3.517621 372792015363000.062500
3.515915 207307655206666.656250
3.514211 207508732681666.656250
3.512509 311564861440000.000000
3.510808 249493416050000.000000
3.509110 395413844860666.625000
3.507412 395796632835166.625000
3.505717 542140513477333.375000
3.504023 667895182085333.375000
3.502330 459621809166666.687500
3.500639 230032947541833.343750
3.498950 460510195434666.625000
3.497263 754289525814000.000000
3.495577 545290246609333.250000
3.493893 587801942116666.500000
3.492210 504315863104000.062500
3.490529 462734913699666.687500
3.488850 294751227689333.312500
3.487172 400404533583166.687500
3.485496 611731691733333.250000
3.483821 527861986504166.625000
3.482148 443830220413999.937500
3.480477 486566727027833.375000
3.478807 719963175770666.625000
3.477139 678262710533333.375000
3.475482 806205062758333.375000
3.473818 403489022130666.687500
3.472154 425132313763333.312500
3.470492 659586280820666.625000
3.468832 447244300863499.937500
3.467174 895344587199999.875000
3.465517 874862863426833.250000
3.463861 576680005458000.125000
3.462207 983430714135666.625000
3.460555 706178489368000.125000
3.458905 1156667985225000.000000
3.457255 879048880299333.250000
3.455608 1094493936836499.875000
3.453962 945169456469333.125000
3.452318 1182587578709166.500000
3.450675 1076103520833333.375000
3.449034 1206383261449333.250000
3.447394 1336909460261333.250000
3.445756 1273430224561833.250000
3.444119 1296244811560000.000000
3.442484 1556971704300000.000000
3.440851 1991353207765333.000000
3.439219 1863249328662333.500000
3.437588 1843330903256666.750000
3.435960 2127267548576333.250000
3.434332 2151011339399999.750000
3.432706 2240041173697166.500000
3.431092 2438066078951999.500000
3.429469 2244272341992000.000000
3.427848 2900685623419499.500000
3.426228 2990749807541999.500000
3.424610 3212085907012499.500000
3.422994 3805652876544000.000000
3.421379 3502755475440000.000000
3.419765 4185361022394000.000000
3.418153 4759582062889499.000000
3.416543 4895795653800000.000000
3.414934 5581632995588999.000000
3.413326 5520904448753999.000000
3.411720 6406757035636499.000000
3.410116 6633157737696000.000000
3.408513 7036438307662500.000000
3.406912 8191138906146000.000000
3.405312 8928114154445999.000000
3.403713 9666463223928000.000000
3.402126 9941175234219334.000000
3.400530 11036418135683000.000000
3.398936 11601328290866666.000000
3.397344 12677953929375166.000000
3.395753 13312104743359332.000000
3.394164 14236608094826668.000000
3.392576 15340949482837334.000000
3.390989 15979325572187500.000000
3.389404 16975791339979332.000000
3.387821 17728490794244334.000000
3.386239 17566268326063996.000000
3.384658 18209033056855664.000000
3.383079 18427551710116660.000000
3.381502 18646454444938668.000000
3.379935 19583475108265496.000000
3.378360 18770962947117328.000000
3.376787 18810931537975500.000000
3.375215 19323348661450668.000000
3.373645 18215535420370832.000000
3.372076 18300099632285332.000000
3.370509 17640382406706332.000000
3.368943 17521310806037330.000000
3.367378 17288995042927496.000000
3.365815 16581184216216668.000000
3.364254 15351270752393000.000000
3.362694 14458997987925334.000000
3.361135 14200202772592334.000000
3.359587 13668374145783000.000000
3.358031 12840180743040000.000000
3.356477 12283399730250000.000000
3.354924 11930483983943998.000000
3.353372 11417374982371500.000000
3.351822 10857680801183998.000000
3.350274 10388262290542502.000000
3.348727 9689437676400000.000000
3.347181 9584021117716500.000000
3.345637 8768662403231999.000000
3.344094 8616344861363999.000000
3.342561 8532499937198000.000000
3.341021 8402619992896000.000000
3.339483 7789927851212500.000000
3.337945 7567101342747333.000000
3.336410 7366876034613332.000000
3.334875 6981931109991999.000000
3.333342 7172865436051834.000000
3.331811 7156376293166667.000000
3.330281 7255379261372332.000000
3.328752 6360071214933332.000000
3.327233 6435323454745333.000000
3.325707 6696099154500167.000000
3.324183 6307993007445333.000000
3.322660 6128078353099999.000000
3.321138 6203396563042000.000000
3.319618 6139315176235999.000000
3.318099 5749240718034667.000000
3.316581 6057371954443333.000000
3.315065 5899681805416666.000000
3.313559 5461583727600001.000000
3.312045 5630106272053500.000000
3.310533 5261125944150001.000000
3.309023 5687205262204501.000000
3.307513 5177035839456000.000000
3.306005 4994184574687500.000000
3.304499 4928334618060000.000000
3.302994 4815379066207499.000000
3.301490 4655189409552000.000000
3.299996 4800598535175999.000000
3.298495 4687199999193165.000000
3.296995 4644314728333334.000000
3.295497 4341782540190666.500000
3.294000 4298493574041333.500000
3.292505 4326039228954500.000000
3.291010 4258985479679999.500000
3.289517 4191804624737500.000000
3.288034 4527440622395833.000000
3.286544 4460371177301332.500000
3.285055 3989477410491999.500000
3.283568 4159471722116666.000000
3.282082 4543878555311833.000000
3.280597 4690861573133334.000000
3.279113 3908616887227333.000000
3.277640 4365366760750501.000000
3.276159 4488694080672000.000000
3.274680 3990901080670500.000000
3.273201 4783839985200000.000000
3.271725 4836041264174999.000000
3.270249 5008142957663999.000000
3.268775 5132581221920999.000000
3.267302 4753119106691999.000000
3.265839 4637242437898666.000000
3.264369 5435031055517666.000000
3.262900 5175150365583332.000000
3.261433 5396637881637333.000000
3.259967 6269590529973334.000000
3.258502 6395906389164166.000000
3.257038 6764013657146667.000000
3.255584 6963485829888001.000000
3.254123 7744155361333333.000000
3.252664 7726885153540666.000000
3.251205 8364161117517499.000000
3.249748 8541522799274665.000000
3.248293 9714977608066664.000000
3.246838 10574505487250002.000000
3.245394 10802899353599998.000000
3.243942 11421387143911496.000000
3.242491 12601580834238000.000000
3.241042 13491117369649500.000000
3.239594 15065934762072000.000000
3.238147 16252512909937500.000000
3.236711 16756177850354166.000000
3.235266 18387044937362664.000000
3.233824 19800255710278668.000000
3.232382 21289547382338664.000000
3.230942 22756922462494500.000000
3.229503 24226887942933328.000000
3.228074 26609239527633328.000000
3.226637 27026768323982996.000000
3.225202 29095651147317328.000000
3.223769 31538058949545160.000000
3.222336 33466490098696004.000000
3.220905 34780756319466668.000000
3.219475 36962665130386664.000000
3.218054 38875999063266000.000000
3.216627 40669038761463000.000000
3.215201 42514794612360000.000000
3.213776 44041221284962496.000000
3.212352 44701116030000000.000000
3.210938 45983289323333336.000000
3.209517 46894745742314160.000000
3.208097 48380459224735328.000000
3.206678 49993356892582328.000000
3.205261 49538702738175992.000000
3.203845 51479923350991664.000000
3.202438 51150337752529152.000000
3.201024 52345987688661328.000000
3.199612 51916602088577664.000000
3.198201 52864378712606664.000000
3.196791 52309188334267664.000000
3.195382 51200791624000000.000000
3.193983 51974153428350000.000000
3.192577 50863391058070496.000000
3.191172 50933352524736000.000000
3.189768 50953004309854488.000000
3.188366 50443242148565992.000000
3.186972 49452877291626664.000000
3.185572 48940783973075000.000000
3.184174 49160720905136656.000000
3.182776 48900332452766152.000000
3.181380 49474984888682656.000000
3.179985 48073907966456168.000000
3.178599 48673846029939824.000000
3.177206 48488048957333328.000000
3.175815 47361749509910664.000000
3.174424 47098072138194664.000000
3.173035 47292035953573664.000000
3.171656 47052961405090504.000000
3.170269 46380196838994000.000000
3.168884 46522839385762504.000000
3.167499 45209770279920000.000000
3.166116 44226692435594992.000000
3.164743 44188334948583832.000000
3.163362 43996431550565328.000000
3.161983 43163356546200656.000000
3.160605 42405739361950000.000000
3.159228 41877837347771824.000000
3.157860 41477248330828992.000000
3.156485 41179010663227328.000000
3.155112 40622774378446984.000000
3.153740 40374710310058672.000000
3.152369 40358260696520832.000000
3.151007 39851135527499992.000000
3.149638 39110793698304008.000000
3.148271 38937934635939008.000000
3.146905 38661220415556000.000000
3.145548 38746386851157336.000000
3.144184 39272535899352504.000000
3.142821 40007113542500000.000000
3.141459 39184873962011504.000000
3.140099 40206450500701328.000000
3.138748 39278619267406664.000000
3.137390 39963500963935832.000000
3.136033 40571351874551992.000000
3.134677 41049809983958328.000000
3.133323 41607357507750656.000000
3.131977 42400734084648000.000000
3.130625 42881875828859992.000000
3.129274 43756352181167992.000000
3.127925 44946602283725992.000000
3.126584 46348345950694656.000000
3.125236 45653665540999992.000000
3.123890 47058564367658656.000000
3.122545 46993986282112000.000000
3.121201 48270831688885832.000000
3.119866 47785588380722496.000000
3.118524 47167945537173336.000000
3.117183 49740377629858336.000000
3.115844 49624773642213328.000000
3.114514 49455829642752008.000000
3.113177 49445438647605000.000000
3.111841 49620223901250000.000000
3.110506 49371465162444000.000000
3.109180 48750846294246504.000000
3.107847 48368145940383328.000000
3.106516 47931625762900832.000000
3.105186 48318212005872000.000000
3.103857 47641390132186496.000000
3.102536 46404036262874496.000000
3.101209 45990772867322656.000000
3.099884 45123384063450000.000000
3.098559 44361227183091992.000000
3.097243 44639352095976000.000000
3.095921 43153485109100992.000000
3.094600 42360786407321992.000000
3.093280 41754165682666504.000000
3.091969 41575144256178496.000000
3.090651 39866770608766664.000000
3.089334 39847058904487320.000000
3.088018 39074798109269328.000000
3.086712 38220297211427328.000000
3.085398 37202975521086328.000000
3.084086 37611837049002672.000000
3.082775 36376458426420832.000000
3.081473 36407213108287488.000000
3.080164 35654835870720008.000000
3.078856 35225550874954504.000000
3.077549 34092012092040000.000000
3.076251 34689466281344004.000000
3.074947 32875902828542164.000000
3.073644 33419183726133332.000000
3.072341 33366073315004832.000000
3.071048 32959437965822164.000000
3.069748 32443463876875332.000000
3.068449 32933642215081664.000000
3.067151 32008087395133328.000000
3.065862 32035011631050000.000000
3.064566 31652802187499996.000000
3.063271 31133362307039996.000000
3.061978 31187004552091496.000000
3.060693 31240549862366328.000000
3.059402 31841888427805328.000000
3.058112 31293316100270328.000000
3.056830 30825908164987328.000000
3.055542 31840041997333328.000000
3.054255 30768022521786664.000000
3.052969 30903924825709324.000000
3.051692 30737176741368000.000000
3.050408 30405022777656000.000000
3.049125 30403044621737992.000000
3.047844 30621727994625000.000000
3.046571 29736187235387496.000000
3.045291 30590180920962000.000000
3.044013 29896807201728168.000000
3.042743 29285132426880328.000000
3.041467 29115793303900664.000000
3.040192 29472936632357168.000000
3.038918 29053663959200000.000000
3.037652 29300058554249996.000000
3.036380 29296815563948992.000000
3.035109 29182259800416000.000000
3.033847 28983812314774000.000000
3.032578 29063800887217824.000000
3.031311 28418781643637332.000000
3.030044 29112439414945828.000000
3.028786 28801406683295828.000000
3.027521 28266296212256000.000000
3.026258 28401832178189164.000000
3.025003 27501228640832996.000000
3.023741 27916579845504000.000000
3.022481 27519085097743504.000000
3.021222 27289351153800000.000000
3.019971 27817739400000004.000000
3.018714 26912883903339504.000000
3.017457 27188605705604000.000000
3.016210 27013923400949332.000000
3.014956 25683171041179832.000000
3.013703 26353494017390668.000000
3.012451 25471749473958328.000000
3.011207 25238430661387500.000000
3.009957 25004821812983996.000000
3.008708 25705011891041996.000000
3.007468 23657924496319168.000000
3.006221 24443173769534664.000000
3.004975 24179646002542000.000000
3.003738 24199572800062004.000000
3.002494 23565808923816664.000000
3.001251 22902519932734164.000000
3.000010 22380477831343996.000000
2.998776 22142415568518000.000000
2.997537 21818482243447500.000000
2.996298 21180001233551996.000000
2.995068 20454639335389332.000000
2.993831 21100553349675000.000000
2.992596 20202295280602664.000000
2.991368 19875212074190664.000000
2.990135 20636832217080000.000000
2.988902 19420360779341332.000000
2.987678 19407570336024000.000000
2.986448 19337366617885500.000000
2.985218 19065730156200000.000000
2.983997 18937437674166668.000000
2.982770 19212262423991164.000000
2.981543 18536206348658664.000000
2.980318 18493749533354832.000000
2.979101 18393365475682164.000000
2.977877 18524076444909332.000000
2.976655 17989767074791664.000000
2.975441 17483423765849998.000000
2.974220 17787472658063998.000000
2.973001 17802066876560998.000000
2.971790 18048719553079664.000000
2.970572 17627900676114664.000000
2.969356 17729540688101664.000000
2.968147 18005775037743166.000000
2.966933 17991405890800000.000000
2.965720 17044638811297498.000000
2.964514 17670858491061002.000000
2.963303 17831228103623998.000000
2.962092 17203238716663496.000000
2.960890 18123382941063332.000000
2.959682 17494573051834664.000000
2.958474 17567414822499998.000000
2.957275 17464457180483334.000000
2.956069 17332071285736000.000000
2.954864 17023348445536666.000000
2.953668 17095892408433000.000000
2.952465 16169076013199998.000000
2.951264 16741268337481500.000000
2.950070 16607588014654000.000000
2.948870 15913822500000000.000000
2.947672 16841082587935164.000000
2.946481 15969161113170166.000000
2.945284 16188934178485334.000000
2.944088 15699468074776500.000000
2.942901 15179528977069502.000000
2.941707 15339920995728000.000000
2.940514 15293093880150000.000000
2.939329 15097794969420832.000000
2.938138 14189779361914664.000000
2.936955 14230922863807334.000000
2.935766 14123517801879166.000000
2.934578 14492049598674664.000000
2.933398 14116550094396002.000000
2.932212 13174186165646998.000000
2.931026 13512972151800000.000000
2.929849 13314856712233334.000000
2.928666 13355496306674500.000000
2.927483 12977557634309332.000000
2.926309 12748567062044002.000000
2.925129 12609106581758164.000000
2.923949 12559332194077332.000000
2.922777 12539404803947998.000000
2.921600 12009105375000000.000000
2.920430 11898540325650000.000000
2.919254 12329120574993332.000000
2.918080 12459430323861002.000000
2.916913 12077850090174834.000000
2.915740 11514841020414668.000000
2.914568 12217962483067498.000000
2.913404 11110627367208000.000000
2.912234 11512367380350000.000000
2.911065 11672818429851000.000000
2.909903 11076845378821000.000000
2.908736 11055448208243334.000000
2.907577 11064267312693332.000000
2.906411 11224828716021664.000000
2.905247 11507083705980668.000000
2.904090 11151621400991998.000000
2.902928 11038914338512500.000000
2.901766 11595576902526000.000000
2.900612 10691040555936000.000000
2.899452 11065393304784498.000000
2.898300 10525058667717500.000000
2.897142 10594537379701332.000000
2.895985 10603004641037832.000000
2.894836 10427942873023498.000000
2.893681 10497480151199998.000000
2.892526 10659006461897998.000000
2.891380 10085043026434832.000000
2.890227 10062408983978664.000000
2.889083 9978277660216666.000000
2.887932 9740415313648832.000000
2.886782 10240196660448000.000000
2.885640 10125201011813998.000000
2.884492 10040860485224998.000000
2.883352 9154891499737500.000000
2.882206 9594060307439332.000000
2.881061 9138584495377332.000000
2.879923 9887356879413334.000000
2.878780 9245838694759332.000000
2.877638 8974657370248333.000000
2.876503 9260483694676498.000000
2.875362 8740898437500000.000000
2.874229 9182078675733332.000000
2.873090 9065178509008666.000000
2.871953 8948084382912001.000000
2.870822 9017320543493334.000000
2.869686 8744392288854833.000000
2.868558 8221837647276000.000000
2.867423 8010167995992000.000000
2.866290 8453200843162500.000000
2.865164 7741851390633333.000000
2.864032 7935421345957333.000000
2.862908 8254317802543999.000000
2.861778 8041799430618834.000000
2.860649 8110779553202667.000000
2.859528 7521676601760000.000000
2.858401 7966720519029000.000000
2.857281 7721848670080999.000000
2.856156 7382377047916665.000000
2.855038 7388159610666666.000000
2.853914 7425442210519332.000000
2.852791 7431288133597331.000000
2.851676 7248023281919999.000000
2.850555 7190649180342000.000000
2.849441 7070020157349332.000000
2.848322 7043990138154666.000000
2.847204 6701790471283332.000000
2.846093 7118303220937500.000000
2.844976 6680627587882666.000000
2.843867 6844272216336001.000000
2.842752 6627662494513499.000000
2.841638 6537651412223999.000000
2.840532 6352180848133334.000000
2.839419 6675016273835000.000000
2.838314 6521161405234167.000000
2.837204 6844621839583333.000000
2.836101 6786227158200001.000000
2.834992 6313259267073000.000000
2.833884 6956398306332000.000000
2.832784 6099562838397334.000000
2.831677 6328048234497000.000000
2.830578 6652809048738666.000000
2.829474 6017811177461334.000000
2.828377 6310791095501999.000000
2.827274 6123358204162500.000000
2.826172 6384809779943998.000000
2.825078 5715462326454666.000000
2.823977 5976991437679000.000000
2.822884 5756505669121833.000000
2.821786 6275937064929999.000000
2.820695 5604400616256000.000000
2.819598 5802167065230000.000000
2.818509 5484061807028333.000000
2.817413 5746599893866666.000000
2.816319 5266425807167166.000000
2.815232 5593836567688833.000000
2.814140 5274586531018666.000000
2.813054 5570116891848000.000000
2.811964 5509620290655000.000000
2.810880 5449000100571999.000000
2.809791 5290926932524667.000000
2.808702 5554906648912500.000000
2.807621 5624205175220833.000000
2.806535 4847720321187333.000000
2.805455 4818891445727999.000000
2.804370 4952961949187999.000000
2.803293 4141512789877166.500000
2.802209 4862697696589333.000000
2.801133 4441846398170666.000000
2.800051 5098996156826000.000000
2.798977 4873934886631500.000000
2.797897 4746753255749999.000000
2.796818 5143554880399499.000000
2.795746 5016353573005500.000000
2.794668 4626479422894000.000000
2.793598 4006121165141333.000000
2.792522 5027941739149500.000000
2.791454 4505591823925500.000000
2.790379 4640712777216000.000000
2.789312 4281945609846665.500000
2.788240 4911544753020834.000000
2.787175 4717368871095832.000000
2.786104 4423870290617332.500000
2.785034 4030798385436333.500000
2.783971 4496780968043999.000000
2.782902 4930403893085999.000000
2.781841 4238747296085333.000000
2.780774 4208859471541165.500000
2.779714 4610060005503166.000000
2.778649 4447638389733333.000000
2.777591 3753478528950000.000000
2.776528 4188501517221000.000000
2.775471 4757236446843833.000000
2.774409 4261485895765333.500000
2.773354 4098137381152000.500000
2.772294 4167960043520833.000000
2.771241 4104390837784499.500000
2.770182 4107528530208000.500000
2.769130 4144068973010666.000000
2.768073 4080343704908332.500000
2.767023 4116912053612500.000000
2.765968 4120054527537999.500000
2.764913 3452759468581166.500000
2.763866 4260514097890499.000000
2.762813 4163043673895999.500000
2.761766 3326238698375999.500000
2.760715 3799508370458833.000000
2.759671 3768735604498666.500000
2.758621 4209380208333333.000000
2.757578 3774458032800000.000000
2.756530 3642424655058000.000000
2.755488 3813936452278833.500000
2.754442 3377730552066667.000000
2.753402 3549296168319999.500000
2.752357 3585820532345666.500000
2.751319 4028629574938499.500000
2.750275 3930048032255999.500000
2.749238 3627864766615333.000000
2.748196 3834202096470832.500000
2.747161 4108744377604166.000000
2.746121 3670088222088000.000000
2.745088 3774875876136000.000000
2.744049 3437397989611499.500000
2.743017 3882755093731000.500000
2.741980 3135822514421333.500000
2.740949 3069959256060000.500000
2.739914 3516054345897167.000000
2.738885 3450372135703499.500000
2.737851 3384603223650000.000000
2.736824 3523998849866666.500000
2.735791 3663617030517833.000000
2.734765 3495040255096999.500000
2.733734 3326222189834666.000000
2.732710 3912099100236000.000000
2.731681 3743335560883499.500000
2.730658 3058774763366833.000000
2.729630 3095473006140000.000000
2.728609 3407569260743999.500000
2.727583 3410134170712499.500000
2.726563 3171384075450000.000000
2.725538 3242764403664000.000000
2.724520 3279711534703332.500000
2.723497 3593119542289333.500000
2.722480 3042602758638666.000000
2.721459 3356296790544666.000000
2.720444 3012533526528000.000000
2.719423 3222711150835499.500000
2.718410 2982364046214333.000000
2.717391 3262237764266666.500000
2.716379 3125746801500000.000000
2.715362 3267115213095666.500000
2.714352 3026071157134500.500000
2.713342 3132748710014999.500000
2.712327 2891252953245333.500000
2.711319 3486028416066666.000000
2.710305 3244431250119499.500000
2.709299 3002456775008999.500000
2.708287 3074577517968000.000000
2.707282 2797146461013333.000000
2.706271 2974187655354166.500000
2.705268 2836329388537500.000000
2.704259 3188871493322666.500000
2.703257 3086030851728000.000000
2.702249 2877764048763000.000000
2.701248 2493569087139833.500000
2.700243 2952336401336000.000000
2.699243 2778658238162666.500000
2.698239 2815926326413333.000000
2.697241 2747559794732999.500000
2.696244 3207857534715166.500000
2.695242 3280798275950000.000000
2.694246 3106705911466667.000000
2.693246 3144344618994833.000000
2.692252 3005243815447500.000000
2.691253 2547508866048000.000000
2.690260 2832654534453333.500000
2.689262 2693018892220666.500000
2.688271 2659544439612499.500000
2.687275 2697003593842666.500000
2.686285 2272834696704000.000000
2.685290 2452215732187500.000000
2.684302 2916373501341666.500000
2.683315 2242277868862500.000000
2.682322 2564500149552000.000000
2.681336 2744607916512000.000000
2.680345 2496943646505000.000000
2.679360 2463082226903500.000000
2.678371 2572072428288000.000000
2.677388 2645460620209333.000000
2.676400 2504311010611666.500000
2.675418 2720961923585999.500000
2.674437 2293017548810666.500000
2.673451 2473983412600000.000000
2.672471 2547559521183333.000000
2.671487 2657160351692333.000000
2.670509 2946578126667000.000000
2.669526 2661065998716000.000000
2.668549 2483080777216000.500000
2.667567 2304842822922666.500000
2.666592 2090291871633666.250000
2.665618 2560676811286499.500000
2.664638 2598652143792000.000000
2.663665 2311601008810666.500000
2.662687 2783188523820833.000000
2.661715 2061786883137500.000000
2.660739 2208093791842666.500000
2.659768 2064806327142000.250000
2.658799 2428823402698666.500000
2.657824 2285494083694500.000000
2.656856 2178247580889999.750000
2.655883 2470489918165333.000000
2.654917 2545003712580000.000000
2.653945 2183029384409999.750000
2.652980 2293849164610500.000000
2.652015 2878506801853166.500000
2.651045 2333660881066666.500000
2.650082 2590787255850000.000000
2.649114 2483131322358000.000000
2.648152 2521478488511500.000000
2.647186 2377041009243333.000000
2.646225 2488555907925333.000000
2.645266 1831148438699999.750000
2.644301 2455529436460500.000000
2.643343 1870489809176500.000000
2.642380 2275586899785333.000000
2.641423 2203776691360000.000000
2.640466 2315641744458000.000000
2.639505 2170196471212500.000000
2.638550 2503053956283333.000000
2.637591 2541712242573999.500000
2.636637 2248646330762666.500000
2.635679 2139612248193666.250000
2.634727 2805656353074000.000000
2.633776 2179649107281833.000000
2.632819 2329112903082000.000000
2.631869 2071817420437333.250000
2.630915 2258439597570166.500000
2.629966 2297119396916999.500000
2.629018 2039236945909166.500000
2.628065 2523066887533333.000000
2.627119 2413493333333333.000000
2.626167 2266612107950166.500000
2.625222 2119507192669500.000000
2.624278 2493144203851166.500000
2.623328 2271520776760667.000000
2.622385 2273154974690666.000000
2.621437 1715422482055666.750000
2.620495 1791292921992000.000000
2.619554 2128689032805499.750000
2.618608 1868620409633333.250000
2.617668 2243954796160000.000000
2.616724 2507558924479166.500000
2.615785 2022467958225000.250000
2.614848 1911478862912499.500000
2.613905 2400448821290666.500000
2.612969 1689025478520000.000000
2.612028 2403901061642666.000000
2.611093 2405623046495999.500000
2.610158 2369730872134500.000000
2.609219 1957376690914666.500000
2.608286 2448471636693333.000000
2.607354 2299440079853999.500000
2.606416 2376539665510500.000000
2.605485 1887490788008333.250000
2.604550 2304393829016666.000000
2.603620 2343843738533333.000000
2.602691 2496840993900000.000000
2.601757 1703613849007500.000000
2.600829 2424646255370666.500000
2.599897 2198912156518666.500000
2.598970 2428115845802667.000000
2.598045 1746452157683999.750000
2.597114 2241620110888499.500000
2.596190 2433319788042666.500000
2.595266 2397004583914500.000000
2.594338 2360645714725333.000000
2.593415 1981305056952000.000000
2.592488 2173368893737500.000000
2.591567 2289383256250000.500000
2.590647 1947358806212499.500000
2.589721 2178015237631999.750000
2.588802 2179562087862000.000000
2.587884 2487230116973333.000000
2.586960 1799742587943833.250000
2.586043 2414132416594500.000000
2.585127 2109070616482499.750000
2.584206 1918704218700000.000000
2.583290 2227274240618666.500000
2.582370 2574719237791166.000000
2.581456 2422719198910500.000000
2.580543 2116569669142500.000000
2.579625 2503181157749999.500000
2.578713 2119574779666666.500000
2.577802 2429593539449999.500000
2.576886 2662875627611500.500000
2.575976 2124082030042499.750000
2.575066 2434758214150500.000000
2.574152 2281790100949333.000000
2.573244 1818980385071333.250000
2.572331 2633584407835333.000000
2.571424 2054094691939499.750000
2.570518 2055543223632832.750000
2.569607 1785321441402666.750000
2.568702 2252643775974666.500000
2.567798 2487426914304000.000000
2.566889 2489188860000000.000000
2.565986 2140652525229166.500000
2.565084 2648487371883333.500000
2.564177 1987771064866000.000000
2.563276 2613221854151999.500000
2.562375 2810212481711999.500000
2.561470 2226324101385499.750000
2.560571 2227888009245500.000000
2.559672 1838320454590500.000000
2.558769 2544153231359999.500000
2.557872 2232592238198000.000000
2.556975 2155766824786666.250000
2.556074 2510298071050666.500000
2.555178 2394305037463499.500000
2.554284 2435261220370333.000000
2.553384 2201140637733333.000000
2.552491 2281349186666666.500000
2.551598 2401029549150000.000000
2.550700 2205775337555999.750000
2.549809 2167901896609166.250000
2.548918 2603301396971000.000000
2.548022 2684075249845333.000000
2.547132 2488454426682000.000000
2.546243 2371612080640000.000000
2.545349 2254613991405500.000000
2.544461 2493681255334500.500000
2.543574 2020102987576499.750000
2.542682 2774635853219999.500000
2.541796 2657574746418666.500000
2.540911 2778506082286666.500000
2.540021 2581849770770833.000000
2.539136 2663145100612500.000000
2.538253 2466118981458333.000000
2.537365 2069806096938666.750000
2.536482 3027206235442666.500000
2.535601 2869874511552000.000000
2.534714 3151092603178499.500000
2.533834 3073453050988833.500000
2.532954 2915817893376167.000000
2.532069 2558119674922666.500000
2.531191 2799886279679999.500000
2.530313 2521646855322000.000000
2.529435 2643558411824000.000000
2.528553 3206549056013333.000000
2.527677 3288991898067000.000000
2.526801 2889897193451999.500000
2.525921 2891911537200000.500000
2.525047 2813528274666666.500000
2.524173 2614371093749999.500000
2.523295 2736938791397999.500000
2.522422 2779109679731500.000000
2.521550 3264689895133500.000000
2.520674 3387959296736000.000000
2.519803 3349940567921999.500000
2.518933 3352255487445333.000000
2.518063 3475820768217333.000000
2.517189 3195122975625166.500000
2.516321 3075911077794000.000000
2.515453 3564039016398666.000000
2.514581 2918055352512000.000000
2.513714 3487858576249332.500000
2.512848 3409094070144000.000000
2.511977 3370844599612499.500000
2.511113 3779572359387500.000000
2.510248 3375489658645833.500000
2.509385 3418509934349999.500000
2.508517 3950297643671999.500000
2.507654 3667746062940000.000000
2.506793 3670268375040000.000000
2.505926 3346334719029666.500000
2.505066 3226123395118500.000000
2.504206 3841315606927666.000000
2.503346 4130205516744832.500000
2.502482 3437394492895999.500000
2.501624 4053995214785999.500000
2.500766 4425574303872000.000000
2.499904 3362476260933666.500000
2.499048 3816154617675500.500000
2.498192 3613459767587999.500000
2.497337 3492664844414166.500000
2.496477 3865137276666666.500000
2.495623 3579757055050000.000000
2.494769 3746906217600000.500000
2.493911 4243922364610500.000000
2.493059 3422198718393832.500000
2.492207 4414766457217832.500000
2.491356 3839756004535500.000000
2.490500 4544768133840000.000000
2.489650 3845019215582000.000000
2.488800 4095879576096000.000000
2.487947 4512700832430166.000000
2.487098 4060058926706999.000000
2.486250 4643232160914666.000000
2.485403 4480455268242000.000000
2.484552 3777786725682666.500000
2.483706 4320412312944000.000000
2.482860 5113198801408000.000000
2.482015 4409496912102665.500000
2.481166 4870418576887500.000000
2.480322 4165583403750000.000000
2.479479 4543574366954166.000000
2.478637 5130639050312499.000000
2.477790 4591513646793333.000000
2.476948 5346482761728000.000000
2.476108 5141125664818000.000000
2.475267 5019138278720001.000000
2.474423 5357403096085333.000000
2.473584 5277272326389000.000000
2.472745 5113206092476333.000000
2.471902 5200574116242666.000000
2.471065 4700477018794666.000000
2.470228 5375614132992000.000000
2.469391 5379255763285334.000000
2.468551 5593190373702166.000000
2.467716 5681141890222499.000000
2.466881 5390209499328000.000000
2.466047 5435995569681500.000000
2.465209 5819207000000000.000000
2.464376 5654354425433334.000000
2.463544 5193698689799999.000000
2.462712 5915520802333333.000000
2.461876 5750409794582665.000000
2.461045 5246560490820666.000000
2.460215 6731984963686500.000000
2.459385 6016269359383666.000000
2.458552 6020350973374666.000000
2.457723 5981984667063999.000000
2.456895 6622826828904000.000000
2.456068 5905084559562666.000000
2.455241 6504219254981999.000000
2.454410 5913064062715167.000000
2.453585 7108966684510499.000000
2.452760 7198944708620166.000000
2.451935 5967634230343333.000000
2.451106 6611492430263333.000000
2.450283 6786670460544001.000000
2.449460 7431913019924000.000000
2.448638 6411125280400000.000000
2.447811 7313619572812500.000000
2.446990 7275730692375000.000000
2.446169 6509724703033334.000000
2.445349 6556947529237500.000000
2.444525 7290411736853333.000000
2.443706 7123645024835999.000000
2.442888 6741938462818666.000000
2.442070 7820731426265334.000000
2.441252 7524970252799999.000000
2.440431 7616095341745501.000000
2.439615 7448962168352833.000000
2.438799 7410859418524666.000000
2.437984 7717622371888500.000000
2.437164 8067966302087999.000000
2.436350 7771147372920001.000000
2.435537 7214715084021333.000000
2.434724 8689379168933999.000000
2.433911 8003027326573334.000000
2.433095 7835245961350166.000000
2.432283 8533554607792834.000000
2.431473 7932396703450500.000000
2.430662 7764184732329833.000000
2.429853 7812764452830000.000000
2.429039 9077568063483332.000000
2.428230 8779379065200001.000000
2.427422 8480786889249999.000000
2.426614 8791073666666666.000000
2.425803 8709859708033333.000000
2.424996 7364727581581499.000000
2.424190 8939486356634167.000000
2.423385 8334522023391832.000000
2.422580 8121734832231000.000000
2.421771 8476717754316002.000000
2.420967 8220006872405334.000000
2.420164 8706741498292664.000000
2.419361 8362268124264001.000000
2.418559 8455437462528665.000000
2.417753 9425553922955834.000000
2.416951 8510557541784333.000000
2.416151 8472300598369497.000000
2.415351 9005038576874168.000000
2.414551 9142871705378666.000000
2.413747 9148961403434668.000000
2.412949 9022973977230000.000000
2.412151 9689599190186664.000000
2.411354 9563790611008666.000000
2.410557 9217299720023998.000000
2.409756 9355822548750000.000000
2.408960 9406165733387500.000000
2.408164 9942654645937498.000000
2.407370 9153283224262502.000000
2.406575 9513309788395832.000000
2.405782 9652419812708332.000000
2.404984 9481599389370666.000000
2.404191 9753867447719998.000000
2.403399 9715933397504002.000000
2.402607 10033096855222666.000000
2.401816 9728743148423998.000000
2.401021 10268623896646500.000000
2.400231 10631242800111830.000000
2.399441 10148614528022002.000000
2.398652 10467077810752500.000000
2.397864 10785953476536330.000000
2.397076 10436251262151000.000000
2.396283 10353894399594664.000000
2.395496 10628647595412000.000000
2.394710 11127192681856000.000000
2.393924 10821482075521330.000000
2.393139 11410287370920000.000000
2.392349 10880510723320498.000000
2.391565 10887649146400502.000000
2.390781 10760286331240000.000000
2.389997 11350572233995496.000000
2.389215 11941624982044332.000000
2.388432 11006071731240830.000000
2.387646 11507798852266668.000000
2.386865 11110498017450000.000000
2.386084 10892714530133330.000000
2.385303 11530411626666666.000000
2.384524 11537954150400000.000000
2.383744 11500399534250002.000000
2.382961 12004383617564332.000000
2.382183 12283180995565328.000000
2.381405 11568193339776002.000000
2.380628 11214006077161332.000000
2.379851 12352509427485502.000000
2.379075 11409758073882002.000000
2.378295 11915617825001996.000000
2.377519 12512758480384000.000000
2.376745 12294088678660666.000000
2.375971 11575778535720002.000000
2.375197 12673516030746000.000000
2.374424 11909046766314666.000000
2.373651 12144221307378002.000000
2.372874 12516283098412498.000000
2.372103 12251167608196834.000000
2.371331 12122418246892334.000000
2.370561 12267109482523498.000000
2.369791 12777039427086668.000000
2.369021 11278499053577168.000000
2.368252 11742742469965496.000000
2.367478 12573400019400000.000000
2.366710 12627314472376000.000000
2.365943 12269263459114666.000000
2.365175 11956550377806000.000000
2.364409 12743589923301330.000000
2.363643 12705983028648666.000000
2.362877 12622419638399998.000000
2.362107 12998083970512502.000000
2.361343 12500950708333332.000000
2.360578 12371078526620830.000000
2.359815 12056954691825002.000000
2.359051 13538315508025000.000000
2.358289 12901975241166664.000000
2.357526 12126478544062498.000000
2.356760 12688023943649998.000000
2.355999 12373047756234666.000000
2.355238 13074010803244666.000000
2.354478 13544732817407996.000000
2.353718 13368448050960668.000000
2.352959 13377077096770666.000000
2.352200 13293074262762002.000000
2.351438 13162657414266000.000000
2.350680 12429109032188662.000000
2.349922 13968557985838166.000000
2.349166 13048818328321498.000000
2.348409 13568361678064668.000000
2.347653 13298118498855668.000000
2.346898 13399733733552000.000000
2.346143 13873925889873670.000000
2.345384 12997753246986000.000000
2.344630 13285814667640002.000000
2.343877 14227294610070000.000000
2.343124 13536286851093332.000000
2.342372 14105467033161334.000000
2.341620 14535159536424000.000000
2.340868 14591260295247998.000000
2.340117 14647424094378668.000000
2.339367 14375862565457998.000000
2.338612 14994282263520002.000000
2.337863 14816349891252666.000000
2.337114 14356676651810998.000000
2.336365 14037246991696500.000000
2.335617 14562992257851664.000000
2.334869 14619327536491830.000000
2.334122 14346462916717498.000000
2.333375 14826323061952498.000000
2.332629 14788712597532336.000000
2.331879 14939612856533332.000000
2.331134 14996324819699998.000000
2.330389 14958723328333334.000000
2.329645 15393250174233332.000000
2.328901 14647104936000000.000000
2.328158 14703738527183332.000000
2.327415 14855053652933330.000000
2.326672 15243249367500004.000000
2.325930 14637172121600002.000000
2.325189 14883507061233328.000000
2.324444 16410816821377666.000000
2.323703 14855086637065500.000000
2.322963 14437137718450666.000000
2.322223 14683938985311500.000000
2.321484 15073699116379498.000000
2.320746 14940551473732334.000000
2.320008 14807225190211830.000000
2.319270 15007213819552498.000000
2.318533 14683053104771332.000000
2.317796 15026306929252498.000000
2.317055 14797248922606668.000000
2.316320 15093231778463998.000000
2.315584 15246200508212664.000000
2.314849 14203752333408000.000000
2.314115 15026294629115998.000000
2.313381 15275254610322662.000000
2.312648 14566217614282666.000000
2.311915 14527510129151998.000000
2.311182 14728624656764668.000000
2.310450 14977991748928002.000000
2.309718 14747297960417998.000000
2.308987 15429580242784000.000000
2.308252 15439407881681500.000000
2.307522 14438487056450002.000000
2.306792 14688417573157500.000000
2.306063 15275980117828830.000000
2.305334 14707004519190834.000000
2.304606 13944299650633500.000000
2.303878 14435919220161828.000000
2.303150 13816994736735668.000000
2.302423 14164113459319498.000000
2.301697 13979567981420162.000000
2.300971 14085197505336500.000000
2.300245 14433118400006998.000000
2.299520 13812193119827502.000000
2.298795 14208858446452832.000000
2.298067 13829667420159998.000000
2.297343 13741271614338000.000000
2.296620 14235792042061330.000000
2.295897 14293374912964004.000000
2.295174 13669956384096000.000000
2.294452 14067985752480664.000000
2.293731 14807469364010668.000000
2.293010 13939474075956000.000000
2.292289 13801929391914664.000000
2.291569 14152210781473334.000000
2.290849 13575127747727998.000000
2.290130 14512035488741998.000000
2.289411 13983329234922668.000000
2.288693 12964715947589998.000000
2.287975 14343569724621334.000000
2.287257 14597493939814666.000000
2.286536 13577372584654164.000000
2.285820 13487793257812500.000000
2.285104 13250861821124998.000000
2.284388 13750245797166668.000000
2.283673 13169194390049998.000000
2.282958 13128272254112498.000000
2.282244 14022097642187502.000000
2.281530 12553939638562500.000000
2.280816 14433748040320830.000000
2.280103 13949848590779170.000000
2.279391 13662629814487500.000000
2.278679 12832145327083330.000000
2.277967 13136475570108332.000000
2.277256 13490594627737500.000000
2.276545 14240723962799996.000000
2.275835 14101181123687502.000000
2.275125 14010964487812498.000000
2.274416 13722468647154168.000000
2.273707 13929309714370834.000000
2.272998 13739589472387498.000000
2.272290 13847418536662502.000000
2.271582 12912445677083332.000000
2.270875 13864679104162498.000000
2.270164 14072265496607998.000000
2.269458 13185413360656666.000000
2.268752 12148087419530668.000000
2.268047 13102191819498000.000000
2.267342 13957777624746666.000000
2.266637 13766935584376000.000000
2.265933 12527712860615998.000000
2.265229 13784053126455998.000000
2.264526 13043017196256000.000000
2.263823 13701172743563998.000000
2.263121 13309396142149334.000000
2.262419 13968519247914002.000000
2.261717 13325919108095996.000000
2.261016 13083541870206002.000000
2.260315 14345644227962666.000000
2.259615 13702057585397998.000000
2.258915 12957221480128002.000000
2.258216 13216512666511330.000000
2.257517 13978957753487996.000000
2.256819 13836666566983332.000000
2.256121 13392113470549332.000000
2.255423 13753041383717998.000000
2.254726 14215225290992000.000000
2.254029 13971816099608664.000000
2.253333 13627155942720004.000000
2.252637 13837585316790666.000000
2.251941 13492400200071998.000000
2.251246 13702990775226000.000000
2.250552 13559663348394666.000000
2.249858 13973048012535998.000000
2.249164 13373770601664002.000000
2.248470 13584777432754666.000000
2.247778 13745316128842664.000000
2.247085 13855293009558000.000000
2.246393 13914614336730664.000000
2.245701 13262597182686004.000000
2.245010 13474148346239998.000000
2.244320 13380689574911332.000000
2.243629 13745284243920002.000000
2.242939 13600922137362000.000000
2.242250 13711230215477330.000000
2.241561 13311641650926002.000000
2.240872 12962587855823998.000000
2.240184 13532270609856664.000000
2.239496 14051549435733334.000000
2.238809 13855667492345998.000000
2.238122 13147943924845330.000000
2.237435 13360776633966002.000000
2.236749 12600642724415998.000000
2.236063 12967146721224668.000000
2.235378 13026383254437332.000000
2.234693 13239634338827998.000000
2.234009 12939660851712002.000000
2.233325 12485174398578000.000000
2.232641 12698464175591996.000000
2.231958 13477873008878668.000000
2.231275 12353700067840000.000000
2.230593 12927816948305996.000000
2.229911 12884188240666666.000000
2.229230 12376384500640000.000000
2.228548 11867952660480000.000000
2.227868 11875205723513332.000000
2.227187 13380684345970664.000000
2.226508 12716829348516002.000000
2.225828 12207334159829332.000000
2.225149 12784118750788664.000000
2.224471 13154443850064002.000000
2.223792 11193280244496000.000000
2.223115 11874186859050664.000000
2.222437 12452149556640000.000000
2.221760 12200160887026664.000000
2.221084 12363435892574664.000000
2.220408 11487325994976000.000000
2.219732 12690562320290664.000000
2.219057 12281950138229334.000000
2.218382 12289424240136000.000000
2.217707 12192689593344000.000000
2.217033 12147967663531334.000000
2.216360 11268482204736000.000000
2.215686 11953939129560666.000000
2.215014 11908970246528002.000000
2.214341 10714130940029998.000000
2.213673 11138963652887498.000000
2.213001 11878308662812500.000000
2.212330 11833158295941668.000000
2.211659 11997510078254164.000000
2.210989 12266899991775000.000000
2.210319 11539975700916666.000000
2.209649 11809401773437498.000000
2.208980 11764039803600000.000000
2.208311 10772719086854166.000000
2.207643 11673131451324998.000000
2.206975 11680198517925002.000000
2.206308 10687006071145832.000000
2.205640 11167567036883334.000000
2.204974 11754121614862500.000000
2.204307 10864633167058332.000000
2.203641 11504474651908332.000000
2.202976 10772161031249998.000000
2.202311 11359871580895830.000000
2.201646 10520836018129166.000000
2.200982 10897491265724998.000000
2.200318 11327527822891664.000000
2.199654 10804719771250000.000000
2.198991 11076218724037496.000000
2.198332 11135886863359998.000000
2.197670 11142600236460002.000000
2.197008 10618395840533334.000000
2.196346 11102909084747330.000000
2.195685 11906935993344000.000000
2.195024 10371654390369998.000000
2.194364 10165017677949330.000000
2.193704 10011378648168000.000000
2.193045 10496957842645332.000000
2.192385 10983115667369336.000000
2.191727 10883022725663998.000000
2.191068 11316605663245332.000000
2.190410 11163168568757334.000000
2.189753 11116429759968000.000000
2.189095 10909199374623998.000000
2.188439 9578034179047334.000000
2.187786 10119153526303500.000000
2.187130 10821668708369666.000000
2.186475 11578625896644000.000000
2.185819 10673741370325166.000000
2.185164 10358125246536164.000000
2.184510 10310631126048000.000000
2.183856 10048141025547166.000000
2.183202 9892862081022664.000000
2.182549 10113976011402000.000000
2.181896 9797049867726332.000000
2.181244 10449257788344332.000000
2.180592 9916564521876000.000000
2.179940 11001026581185998.000000
2.179289 9820508699486334.000000
2.178642 10258270437726668.000000
2.177991 9616121477978666.000000
2.177341 10432696317461998.000000
2.176691 10114399513034668.000000
2.176042 10336916974687332.000000
2.175393 9097583044031998.000000
2.174744 9428117880596000.000000
2.174096 11006030832085332.000000
2.173448 10198854377832000.000000
2.172801 10259214804216000.000000
2.172154 10862780768133330.000000
2.171511 10054022424630830.000000
2.170865 9951252763230500.000000
2.170219 9793944589229998.000000
2.169573 9854216626210168.000000
2.168928 10350359804831666.000000
2.168283 10302008162071500.000000
2.167639 9653649224729502.000000
2.166995 9932251809510334.000000
2.166351 9665127977989498.000000
2.165708 8250290151145166.000000
2.165065 9403262886348664.000000
2.164427 9791729898333332.000000
2.163785 9523867522100000.000000
2.163143 9200914732800002.000000
2.162502 9096773110766664.000000
2.161861 9321497131333334.000000
2.161220 9436753125000000.000000
2.160580 9222756659199998.000000
2.159940 9338080962833334.000000
2.159301 8574138237600000.000000
2.158662 8139255680866665.000000
2.158027 9574756313229002.000000
2.157388 9250063294108000.000000
2.156751 8374056294265332.000000
2.156113 8820009650160000.000000
2.155476 8770067087786499.000000
2.154839 9713485513629332.000000
2.154203 8614768062186000.000000
2.153567 9448689716848498.000000
2.152931 8293219242024998.000000
2.152299 8685330860714666.000000
2.151665 8745810466505334.000000
2.151030 8640199230623998.000000
2.150396 8700714522984666.000000
2.149762 9038552904138666.000000
2.149129 9099365407895998.000000
2.148496 8716111797154667.000000
2.147863 9054543319868666.000000
2.147234 9226590839675664.000000
2.146603 7619200420318834.000000
2.145971 8959221791761500.000000
2.145340 8296333211556832.000000
2.144709 8412639843873167.000000
2.144079 8584824596270998.000000
2.143449 8534093900749499.000000
2.142819 8427487936613166.000000
2.142193 8041504601184001.000000
2.141564 8549117970527999.000000
2.140936 8330501161134000.000000
2.140308 8111623222786665.000000
2.139680 7780533911660664.000000
2.139052 8625217945344000.000000
2.138425 8574236737878000.000000
2.137798 8298896778634664.000000
2.137176 8640371278641666.000000
2.136550 7578790664062500.000000
2.135924 8313468259949997.000000
2.135299 8205927839808334.000000
2.134674 7817067711379166.000000
2.134049 8609435282137499.000000
2.133425 8164043765104167.000000
2.132805 7830773111633999.000000
2.132181 7835353227890665.000000
2.131558 8121946722144001.000000
2.130936 8126694365183999.000000
2.130313 7566759826297332.000000
2.129691 8362199196554666.000000
2.129070 8536686029465998.000000
2.128452 7410297782909832.000000
2.127831 8150425416216002.000000
2.127211 8268447782272334.000000
2.126590 8216604960684164.000000
2.125971 8221396739917500.000000
2.125351 7318472408013500.000000
2.124732 8287749899152331.000000
2.124117 7838164203632002.000000
2.123499 8297380977857333.000000
2.122881 8870857542144000.000000
2.122263 8363943660338001.000000
2.121646 7628712466789333.000000
2.121029 8886354954983999.000000
2.120416 8036542071503501.000000
2.119799 7984185335489999.000000
2.119184 7988826700423332.000000
2.118568 7936373203923167.000000
2.117953 7940984094316500.000000
2.117338 8517221958544832.000000
2.116724 7950209892203166.000000
2.116113 7210823768400000.000000
2.115499 8474771621666665.000000
2.114886 7677555513600001.000000
2.114273 7968650382316666.000000
2.113660 8145355615866665.000000
2.113048 7346548243200001.000000
2.112440 7580492172022000.000000
2.111828 7584883560341999.000000
2.111217 7819254287542667.000000
2.110606 8111420389403500.000000
2.109995 7943431961943000.000000
2.109385 8754349985625334.000000
2.108779 8010226399506000.000000
2.108169 6861641612989332.000000
2.107560 8019492321132665.000000
2.106952 7446851945856001.000000
2.106343 7046828482481333.000000
2.105739 7282051217468999.000000
2.105131 7228428903520833.000000
2.104524 6596132888131000.000000
2.103917 8105189123009999.000000
2.103310 7414734191125334.000000
2.102704 7071244848476333.000000
2.102101 6785327113422000.000000
2.101495 7253460065333334.000000
2.100890 7431823596288000.000000
2.100285 7610389037149332.000000
2.099681 7033492040512667.000000
2.099080 7502808564837500.000000
2.098476 6343231728954165.000000
2.097873 6463338629062501.000000
2.097269 7049674775504165.000000
2.096666 6703957625979165.000000
2.096064 6357839422087500.000000
2.095465 7353628726836000.000000
2.094864 7241063116703999.000000
2.094262 6719360009356667.000000
2.093661 6957070139637333.000000
2.093060 6727079183489999.000000
2.092463 6730917715839164.000000
2.091863 6324836931522001.000000
2.091263 6562852823314666.000000
2.090664 6566616574354667.000000
2.090065 7039694361780001.000000
2.089470 6632822703725333.000000
2.088871 6460429779539999.000000
2.088273 6757954669226667.000000
2.087676 6350235433991999.000000
2.087078 6589199557247998.000000
2.086485 7299336024420667.000000
2.085888 6773418921952500.000000
2.085292 6129030593937332.000000
2.084696 6073568824877167.000000
2.084100 6254042229710999.000000
2.083508 6021459882499999.000000
2.082913 6792779796000001.000000
2.082319 6087443171716667.000000
2.081724 6031784205199998.000000
2.081134 6863569146659332.000000
2.080540 6512271480018333.000000
2.079947 6693695808565499.000000
2.079354 6697513821678834.000000
2.078762 6464117598638166.000000
2.078173 6230431124470000.000000
2.077581 6412095631871999.000000
2.076989 6178128533616000.000000
2.076398 6181647460629333.000000
2.075807 6601476733033999.000000
2.075220 5712616251664001.000000
2.074630 6073108964753000.000000
2.074040 6731879885809499.000000
2.073450 6318452476185666.000000
2.072865 5844890167788000.000000
2.072276 6086915235391999.000000
2.071687 5314150159387334.000000
2.071099 5735373578496000.000000
2.070514 5738611891600000.000000
2.069927 6280170627937499.000000
2.069340 5745129610000000.000000
2.068753 6526817649454166.000000
2.068166 6290868311437501.000000
2.067583 5635000308510667.000000
2.066997 5398272138240000.000000
2.066412 6361568896742665.000000
2.065827 6185027422034667.000000
2.065245 6128428099672999.000000
2.064661 5530732411631332.000000
2.064076 6556425700663500.000000
2.063492 6319397908757500.000000
2.062912 5118580893240000.000000
2.062329 6145771874947998.000000
2.061746 5908100693525334.000000
2.061163 5790799462463999.000000
2.060585 6276891164977332.000000
2.060003 5918105135523000.000000
2.059421 5438064844815000.000000
2.058840 5501593111575165.000000
2.058259 5988628922116500.000000
2.057681 5568313254133333.000000
2.057101 6358726221749999.000000
2.056521 5816972185600000.000000
2.055942 5941508016033333.000000
2.055366 5398883637114833.000000
2.054787 5705405732055668.000000
2.054208 6437380747670999.000000
2.053630 6197950244176999.000000
2.053055 5228648417603999.000000
2.052477 5779084426813333.000000
2.051900 6147537459587333.000000
2.051326 6577281597041999.000000
2.050749 5362281285518667.000000
2.050173 5304327648970500.000000
2.049597 6222363290152998.000000
2.049025 5554425961266001.000000
2.048449 5191115366026667.000000
2.047874 6538369035975333.000000
2.047299 5502651254640001.000000
2.046728 5995120012408333.000000
2.046154 5814857853562499.000000
2.045580 5879364067599999.000000
2.045007 6617994948450000.000000
2.044437 5702006119928000.000000
2.043864 7054820851356665.000000
2.043291 6076684589184000.000000
2.042719 5343109018762000.000000
2.042151 5776229236940999.000000
2.041579 5963915038252167.000000
2.041008 5167518955886000.000000
2.040440 6586097436501333.000000
2.039870 5481221134539332.000000
2.039299 6223741784184000.000000
2.038729 6165566688066666.000000
2.038163 5181954524333999.000000
2.037594 5925543851536001.000000
2.037025 5496542550354833.000000
2.036456 6550100891150998.000000
2.035891 5749977105950001.000000
2.035323 6433671878400000.000000
2.034755 5694501737533332.000000
2.034191 5264142894247499.000000
2.033624 5329045083014333.000000
2.033057 5394017205134499.000000
2.032490 5334989760201001.000000
2.031927 6579328602630667.000000
2.031362 5030401632984000.000000
2.030796 5778863722861999.000000
2.030234 5409026760190501.000000
2.029669 6220733632816667.000000
2.029105 5850744325367665.000000
2.028540 5853999941421000.000000
2.027980 4984882812213333.000000
2.027416 5174692151807999.000000
2.026853 5489470943674666.000000
2.026293 5492504189700000.000000
2.025730 5558005731770833.000000
2.025168 5873514283391666.000000
2.024605 4751436098850000.000000
2.024047 4691505224450000.000000
2.023485 5883283631184000.000000
2.022924 5448188307802001.000000
2.022367 5513850297252000.000000
2.021806 5704984678863167.000000
2.021246 5457240173690499.000000
2.020689 5334724342306667.000000
2.020130 5274884267576000.000000
2.019570 5591961611615999.000000
2.019011 4526339546928001.000000
2.018456 4717532219512500.000000
2.017897 5349495952514166.000000
2.017339 5478396354494501.000000
2.016785 5355399862666667.000000
2.016227 5421401301433333.000000
2.015670 5361324458999999.000000
2.015117 4922507093413001.000000
2.014560 5051515191479999.000000
2.014004 5559736522574666.000000
2.013451 5878856680541999.000000
2.012896 5059873290453333.000000
2.012340 5315799652855999.000000
2.011785 4875505396608001.000000
2.011234 4878179362068833.000000
2.010679 5071033651319999.000000
2.010125 4883561158488832.000000
2.009575 5266983097938001.000000
2.009021 4825437481642667.000000
2.008468 4955151148948000.000000
2.007918 4512927773295832.000000
2.007366 5342178458750000.000000
2.006813 4199736541275000.000000
2.006265 5029707589930666.000000
2.005713 4777665984450001.000000
2.005162 5226454598618666.000000
2.004614 4846679046834000.000000
2.004063 4402693350563500.500000
2.003513 4277428534187166.500000
2.002966 4471396098446666.000000
2.002416 5049061686802665.000000
2.001866 4540256099994000.000000
2.001320 4606716087372000.000000
2.000771 5249417193986999.000000
2.000223 5508507041574334.000000
1.999677 4550200785000000.000000
1.999129 4103838644266666.000000
1.998582 4811822420000001.000000
1.998037 4621866370572001.000000
1.997490 4303259996391166.500000
1.996943 4305617210044499.000000
1.996400 4886642552370667.000000
1.995854 4824984736800000.000000
1.995308 4570152208207333.000000
1.994765 4057411334854499.000000
1.994220 4832893865112500.000000
1.993675 3997377140586333.000000
1.993133 5031691632448000.000000
1.992589 5163530101813334.000000
1.992045 4972613422392000.000000
1.991504 4846084950312500.000000
1.990960 4719432044737500.000000
1.990417 5174804136333333.000000
1.989877 4400970287447999.500000
1.989335 5115681984850666.000000
1.988792 4211401653723333.000000
1.988253 5250899757181500.000000
1.987711 4345704999427165.500000
1.987173 3244820800033333.000000
1.986632 5064678912592000.000000
1.986091 3703127863158000.000000
1.985553 4095146885770499.500000
1.985013 4487603045251500.500000
1.984473 4229753365510833.000000
1.983937 3906500003999999.500000
1.983397 4429775409133334.000000
1.982858 4236647237333333.500000
1.982322 4108508563330500.000000
1.981784 4306491624610999.000000
1.981245 4439402725157999.500000
1.980710 4376479948124666.500000
1.980173 4182788898815999.000000
1.979638 5035134541988832.000000
1.979101 4383599432500500.500000
1.978564 3665892515497332.500000
1.978031 3798865217627999.000000
1.977495 3735392657792000.500000
1.976959 4130830778298000.000000
1.976426 4329869346275000.000000
1.975891 4594774674291667.000000
1.975356 4400238737512500.000000
1.974824 4336897765375999.500000
1.974290 4536484918973999.000000
1.973759 3815329581473667.000000
1.973225 4014846135451500.000000
1.972691 4148724172834499.500000
1.972161 3821514415871999.000000
1.971628 3428038311394667.000000
1.971098 4485228844517999.500000
1.970565 4685637972431832.000000
1.970033 3631681017809167.000000
1.969504 4690687893333333.000000
1.968973 5486441831783332.000000
1.968441 5092579846200000.000000
1.967913 3904200626829833.000000
1.967383 4303559193277499.000000
1.966855 3709670353237333.000000
1.966325 3711671244624000.000000
1.965795 3912619425949333.000000
1.965269 4047418481131499.500000
1.964739 4049599782978165.500000
1.964210 3653245770249166.500000
1.963685 4652075273486667.000000
1.963156 3790158346711999.500000
1.962631 3659127615229165.500000
1.962103 4593012607187500.000000
1.961575 3663066926062499.500000
1.961051 4597941437853999.000000
1.960524 4000360102560000.500000
1.960000 3535540062612833.000000
1.959474 4538602759061999.000000
1.958947 4207141449514500.500000
1.958425 4008941182440000.500000
1.957899 4545906785205333.000000
1.957377 3812573411509499.500000
1.956851 4283081986570667.000000
1.956327 3883625995049666.500000
1.955805 3684712900916666.500000
1.955281 4424026996399999.500000
1.954760 4694650961011667.000000
1.954236 4160348400730332.500000
1.953713 4766823166198499.000000
1.953193 4299143255082666.000000
1.952670 4234235888232000.500000
1.952150 2958818344599333.000000
1.951628 3296811668293499.000000
1.951106 3433211866136500.000000
1.950587 3300330633894000.000000
1.950066 4110772588322666.000000
1.949548 3506128097549999.000000
1.949027 3777848911433333.000000
1.948509 4184840819711999.500000
1.947989 4322143945770665.500000
1.947469 4256883247848000.500000
1.946952 3042245200867500.000000
1.946432 3111511039095666.500000
1.945916 3722259033386666.000000
1.945397 4469094405644000.500000
1.944878 3726232172519999.500000
1.944363 3863779039269499.500000
1.943845 3187621810714499.500000
1.943330 3935745501866666.500000
1.942812 4005736781249999.500000
1.942298 3871998785829500.000000
1.941781 4621686990438000.000000
1.941264 4080130600810000.500000
1.940751 3333870078336000.000000
1.940235 3335644404432666.000000
1.939722 3746071058482500.500000
1.939206 3202890802923833.500000
1.938694 4295506269978000.000000
1.938178 3547382194858666.000000
1.937663 4095308829160000.500000
1.937152 3346268908004166.500000
1.936638 2596444247758333.000000
1.936127 3896722598101999.500000
1.935613 3967191390634666.500000
1.935102 4106156688490000.000000
1.934589 3492085322636499.000000
1.934079 4658569402805332.000000
1.933566 3632869587635333.000000
1.933054 3154728505343999.500000
1.932545 3019156601127333.000000
1.932033 3501331557628500.000000
1.931524 3434486003333333.500000
1.931013 3161400772499999.500000
1.930505 3575638713928666.000000
1.929994 3508732978528500.000000
1.929484 3235249623867833.500000
1.928976 4063407069575999.000000
1.928466 3031940472029333.500000
1.927960 4205581863871500.500000
1.927450 3586981628264666.000000
1.926944 2829683142246000.000000
1.926435 3728869136784000.500000
1.925929 3247201674862500.000000
1.925421 3663671995320832.500000
1.924916 4149730258559999.500000
1.924408 3736728695844000.500000
1.923900 2907878306032000.000000
1.923396 3117217981867500.000000
1.922889 3118862165767500.500000
1.922385 2843119586997333.500000
1.921879 3469046840033333.000000
1.921375 2846108805546833.000000
1.920869 2778154551206667.000000
1.920367 4586355445100000.000000
1.919861 3128707308000000.000000
1.919359 3756413793608999.500000
1.918854 3201592302367666.500000
1.918352 2924722125808000.500000
1.917848 3832008100836666.500000
1.917344 3067218777215999.500000
1.916843 3068822009799333.500000
1.916339 3070435151586000.000000
1.915839 3560772737415999.500000
1.915336 2724374437433999.500000
1.914836 3494611505208333.500000
1.914334 3006944026012499.500000
1.913834 3428305836400666.000000
1.913332 3080094387743999.500000
1.912833 2871585005394833.500000
1.912332 2803015912860000.000000
1.911834 3645820381354666.000000
1.911333 3928326571343999.000000
1.910835 3088150580247333.500000
1.910334 3370656865608000.000000
1.909837 4074998151366666.500000
1.909337 3444473894400000.000000
1.908838 4290263713016666.500000
1.908341 3166595616307500.000000
1.907842 3168252769507500.000000
1.907346 2817689426160000.000000
1.906847 3242037702570666.500000
1.906352 2750113007518500.000000
1.905854 3033761034091166.000000
1.905359 3388283468928000.500000
1.904861 2613166521128666.500000
1.904367 3533139901874999.500000
1.903870 2615888918654166.000000
1.903376 3112401399624000.500000
1.902879 2760159367784000.000000
1.902386 2974021308783000.000000
1.901890 2479644021685833.000000
1.901397 2906231912544000.500000
1.900902 4397081247401333.000000
1.900409 3760743128215499.500000
1.899914 2981764666446999.500000
1.899423 3551558407500000.500000
1.898928 3553408333333333.000000
1.898437 3341932983394500.000000
1.897943 3841666640289001.000000
1.897452 3131866511136000.000000
1.896958 2634985387384666.500000
1.896468 3206369245567499.500000
1.895975 3279326478215667.000000
1.895485 3138368365704000.000000
1.894993 3996363230869332.500000
1.894504 2784619341562500.000000
1.894012 3214691572687500.500000
1.893523 3859621726464000.500000
1.893032 2788952017514000.000000
1.892543 3291230779268999.500000
1.892052 3436110153032000.500000
1.891565 3294637405524000.000000
1.891074 2938047884117333.000000
1.890587 3943315623142499.000000
1.890097 3658424774108500.500000
1.889610 3444997507200000.500000
1.889121 3087742796716666.500000
1.888635 2370883462645500.000000
1.888146 3522225998768166.500000
1.887660 3164443204296000.000000
1.887171 3094124889138666.500000
1.886686 3383690380990499.500000
1.886201 3457461190687999.500000
1.885714 3243046468320000.500000
1.885229 2018932930116666.500000
1.884742 3534959202337499.500000
1.884258 3464596408447999.500000
1.883771 2527573583010000.000000
1.883288 2239857709133166.250000
1.882802 1879560538478999.500000
1.882319 1880525281457333.000000
1.881833 3111704894472000.000000
1.881351 2027265931604666.250000
1.880865 1955872131484499.750000
1.880383 3623842613333334.000000
1.879899 2537997887250000.000000
1.879417 2103990256064833.000000
1.878933 1887308291270999.750000
1.878452 3631298116033334.000000
1.877968 1961911093248000.000000
1.877488 2108316669436833.000000
1.877008 2254871344692666.500000
1.876525 2547132896093333.500000
1.876045 2329998566533333.500000
1.875562 2986846502870833.000000
1.875083 3061260862911999.500000
1.874601 2552362473943333.500000
1.874122 2480704936877666.500000
1.873641 2408980458329500.000000
1.873163 3286651262430000.000000
1.872682 2849894262176000.500000
1.872204 1827787946004166.750000
1.871724 2267620679585166.500000
1.871246 2561523274333333.000000
1.870769 1537697991343499.750000
1.870289 2417622207005500.000000
1.869813 2785348042752000.000000
1.869334 2200086511219999.750000
1.868857 2274581285086499.500000
1.868379 1468223867763333.250000
1.867903 3158289167297999.500000
1.867425 1396237952810666.500000
1.866950 2279232190162499.500000
1.866475 3530929898528000.500000
1.865997 1324776439728000.000000
1.865523 1914539398412333.000000
1.865046 2946952058460000.000000
1.864572 2653605366144000.500000
1.864095 2064970603751999.750000
1.863622 3689321397008333.000000
1.863146 1993251702064500.250000
1.862673 2732880458616667.000000
1.862200 2364772494085333.500000
1.861725 1996295716804500.000000
1.861253 2145257713699332.750000
1.860778 1924316188357333.250000
1.860306 2739839111202166.500000
1.859832 2000362016380499.750000
1.859360 1704876053461333.000000
1.858889 3263155237650000.500000
1.858416 2671215271350000.000000
1.857945 2078664463007999.750000
1.857472 2376826909205333.000000
1.857002 2378030474928000.000000
1.856529 2974051837126666.500000
1.856060 2008501014258000.000000
1.855590 3274768926007333.000000
1.855118 2308397605078500.000000
1.854649 1937054548433333.500000
1.854178 2907059594400000.000000
1.853709 2535640706565666.000000
1.853238 1716158308570500.000000
1.852770 2911477762856000.000000
1.852303 2539493416157666.500000
1.851832 1718765215387833.000000
1.851365 2542066044330666.000000
1.850895 3141793500412000.500000
1.850429 2095585861716666.500000
1.849959 3070093538370833.000000
1.849493 2697051396695999.500000
1.849027 2473543644709500.000000
1.848558 1949840745012333.250000
1.848093 2551076697516000.000000
1.847625 2627439274973333.000000
1.847159 1201720086936000.000000
1.846695 2780377092216667.000000
1.846227 1278117487199999.750000
1.845763 2030972996164499.750000
1.845296 3762964803675000.500000
1.844832 2936589070376000.000000
1.844368 1732705569207833.250000
1.843902 2035074443260499.750000
1.843439 2941029613183999.500000
1.842973 1508982754253333.250000
1.842510 2415585440133333.500000
1.842047 3247573358087999.500000
1.841582 3022524503706666.000000
1.841120 2268031455045000.000000
1.840656 4084517798361000.500000
1.840194 2573023898795999.500000
1.839733 2725744968726000.000000
1.839269 2121093430218000.000000
1.838808 1136869806250000.000000
1.838344 1364931691200000.000000
1.837884 2124291151364666.000000
1.837424 1973544387377332.750000
1.836961 2278314003920000.000000
1.836501 2507400438449500.000000
1.836039 2508663215789499.500000
1.835579 2585977028010666.000000
1.835120 2358982442962500.000000
1.834659 2284035078125000.000000
1.834200 1980487123055999.750000
1.833739 2133905077714666.750000
1.833281 1753726856974500.000000
1.832823 1678316231914666.750000
1.832362 2137112437991999.750000
1.831905 1909089274504166.250000
1.831448 2826863168866666.000000
1.830988 2675402758583333.500000
1.830531 2600259962805666.500000
1.830072 1759882374083833.000000
1.829616 1607650788254000.250000
1.829159 1838231602596000.250000
1.828701 2835361910562166.500000
1.828245 2223418576493999.750000
1.827787 1840993076224000.250000
1.827332 3683820817800000.500000
1.826877 2226750463827333.250000
1.826419 1766928224807999.750000
1.825965 3074448684326666.000000
1.825511 2076285890897999.500000
1.825054 2231201239349333.500000
1.824600 1385572557603000.000000
1.824144 1617310143543499.750000
1.823690 2696857354333333.500000
1.823237 2466924010032000.000000
1.822782 1773988151723833.250000
1.822329 1697701429248000.000000
1.821876 2007371169652333.000000
1.821421 2008374070599000.000000
1.820969 1932087808066666.500000
1.820518 2628943838541666.500000
1.820063 2320814385124999.500000
1.819612 1934971597066666.750000
1.819158 2632874489750666.500000
1.818707 1549517769363333.250000
1.818256 2247914742455999.750000
1.817803 3334776908508667.000000
1.817353 2638107037419000.000000
1.816903 2484154402133333.500000
1.816451 1475701571249999.750000
1.816001 2486622862725333.000000
1.815552 2410108475410666.500000
1.815100 2255740122659333.500000
1.814651 2334678944645000.000000
1.814202 2335833910080000.000000
1.813751 2492795730965333.500000
1.813303 2338151536125000.500000
1.812855 2339307360080000.000000
1.812404 1326266509781999.750000
1.811957 1951355590204166.500000
1.811510 2264690611029333.000000
1.811060 2734605073223333.000000
1.810613 2032423866204333.250000
1.810163 2346268852204999.500000
1.809717 2582169348550000.500000
1.809271 2818301753286000.500000
1.808822 1958125041004166.750000
1.808376 2742726858689999.500000
1.807931 3292894791823000.000000
1.807483 1568822551230000.000000
1.807038 2982231604761333.000000
1.806593 2119997882812500.000000
1.806145 3142293580166666.000000
1.805701 2200688549714666.750000
1.805256 2044502441319000.250000
1.804810 2753577311385833.500000
1.804366 2518795078848000.000000
1.803922 2205029805444666.250000
1.803476 2994020815233000.000000
1.803033 2759006558583333.000000
1.802590 2366025171005000.000000
1.802145 3392979132787166.000000
1.801702 3236755555067333.500000
1.801260 3554281482367500.500000
1.800815 2686783614597666.500000
1.800373 3241535525526000.000000
