325.333	1	10
325.504	1	8
325.675	1	1
325.846	1	1
326.017	1	2
326.188	1	16
326.359	1	15
326.531	1	0
326.702	1	12
326.873	1	5
327.044	1	0
327.215	1	5
327.386	1	-7
327.557	1	9
327.728	1	12
327.899	1	1
328.070	1	14
328.241	1	1
328.412	1	14
328.583	1	8
328.754	1	8
328.926	1	12
329.097	1	9
329.268	1	13
329.439	1	-1
329.610	1	0
329.781	1	2
329.952	1	-3
330.123	1	1
330.294	1	7
330.465	1	-5
330.636	1	11
330.807	1	-3
330.978	1	2
331.149	1	4
331.320	1	4
331.492	1	1
331.663	1	4
331.834	1	8
332.005	1	6
332.176	1	13
332.347	1	5
332.518	1	2
332.689	1	-1
332.860	1	-7
333.031	1	0
333.202	1	-2
333.373	1	-4
333.544	1	3
333.715	1	2
333.886	1	-1
334.057	1	16
334.228	1	-5
334.399	1	1
334.570	1	-6
334.741	1	5
334.912	1	4
335.084	1	3
335.255	1	5
335.426	1	4
335.597	1	-6
335.768	1	-4
335.939	1	2
336.110	1	1
336.281	1	8
336.452	1	3
336.623	1	11
336.794	1	9
336.965	1	11
337.136	1	-1
337.307	1	5
337.478	1	-10
337.649	1	2
337.820	1	2
337.991	1	3
338.162	1	0
338.333	1	4
338.504	1	7
338.675	1	-1
338.846	1	11
339.017	1	5
339.188	1	-1
339.359	1	-2
339.530	1	-5
339.701	1	-2
339.872	1	12
340.043	1	9
340.214	1	5
340.385	1	3
340.556	1	-2
340.727	1	5
340.898	1	6
341.069	1	-2
341.240	1	-16
341.411	1	-2
341.582	1	10
341.753	1	-6
341.924	1	8
342.095	1	4
342.266	1	7
342.437	1	4
342.608	1	5
342.779	1	5
342.950	1	2
343.121	1	14
343.292	1	7
343.463	1	6
343.634	1	8
343.805	1	1
343.976	1	1
344.147	1	3
344.318	1	-3
344.489	1	4
344.660	1	-5
344.831	1	2
345.002	1	4
345.173	1	3
345.344	1	7
345.515	1	2
345.686	1	-9
345.857	1	9
346.028	1	0
346.199	1	16
346.370	1	10
346.541	1	-6
346.712	1	7
346.883	1	-11
347.054	1	2
347.225	1	-4
347.396	1	-4
347.567	1	6
347.738	1	0
347.909	1	2
348.080	1	5
348.251	1	0
348.422	1	0
348.593	1	6
348.764	1	-3
348.935	1	-12
349.106	1	-1
349.277	1	-6
349.448	1	1
349.619	1	-3
349.790	1	3
349.961	1	8
350.132	1	9
350.303	1	-8
350.474	1	0
350.645	1	4
350.816	1	-2
350.987	1	-4
351.157	1	-7
351.328	1	-19
351.499	1	-2
351.670	1	0
351.841	1	11
352.012	1	0
352.183	1	-1
352.354	1	1
352.525	1	-4
352.696	1	9
352.867	1	-11
353.038	1	22
353.209	1	1
353.380	1	-6
353.551	1	0
353.722	1	-8
353.893	1	6
354.064	1	-10
354.235	1	-4
354.406	1	2
354.576	1	5
354.747	1	-7
354.918	1	4
355.089	1	-3
355.260	1	4
355.431	1	0
355.602	1	1
355.773	1	-8
355.944	1	-2
356.115	1	-8
356.286	1	-10
356.457	1	1
356.628	1	-6
356.799	1	-5
356.970	1	-10
357.141	1	2
357.311	1	-4
357.482	1	4
357.653	1	-8
357.824	1	-5
357.995	1	-1
358.166	1	-11
358.337	1	3
358.508	1	0
358.679	1	-6
358.850	1	7
359.021	1	-4
359.192	1	-9
359.363	1	5
359.533	1	4
359.704	1	4
359.875	1	-12
360.046	1	-4
360.217	1	-1
360.388	1	-1
360.559	1	-4
360.730	1	-1
360.901	1	-2
361.072	1	-4
361.243	1	11
361.414	1	-10
361.584	1	-6
361.755	1	-2
361.926	1	-10
362.097	1	1
362.268	1	2
362.439	1	5
362.610	1	6
362.781	1	-3
362.952	1	-2
363.123	1	3
363.293	1	-5
363.464	1	-11
363.635	1	4
363.806	1	3
363.977	1	7
364.148	1	2
364.319	1	-3
364.490	1	4
364.661	1	-7
364.832	1	0
365.002	1	-10
365.173	1	-9
365.344	1	-8
365.515	1	-1
365.686	1	-10
365.857	1	9
366.028	1	-2
366.199	1	-4
366.370	1	-9
366.540	1	-4
366.711	1	-11
366.882	1	2
367.053	1	-10
367.224	1	1
367.395	1	4
367.566	1	8
367.737	1	-1
367.908	1	1
368.078	1	-3
368.249	1	0
368.420	1	2
368.591	1	-3
368.762	1	-9
368.933	1	-1
369.104	1	8
369.274	1	-1
369.445	1	-2
369.616	1	-13
369.787	1	4
369.958	1	-8
370.129	1	-3
370.300	1	-4
370.471	1	-6
370.641	1	-10
370.812	1	1
370.983	1	2
371.154	1	6
371.325	1	-2
371.496	1	3
371.667	1	-8
371.837	1	-1
372.008	1	-3
372.179	1	-11
372.350	1	-8
372.521	1	8
372.692	1	-9
372.863	1	-4
373.033	1	1
373.204	1	1
373.375	1	-14
373.546	1	3
373.717	1	-12
373.888	1	-12
374.059	1	-1
374.229	1	-4
374.400	1	9
374.571	1	-5
374.742	1	-4
374.913	1	-8
375.084	1	-2
375.254	1	-8
375.425	1	-3
375.596	1	2
375.767	1	-2
375.938	1	-3
376.109	1	-9
376.279	1	-7
376.450	1	4
376.621	1	-5
376.792	1	-1
376.963	1	12
377.134	1	-2
377.304	1	4
377.475	1	-7
377.646	1	1
377.817	1	-8
377.988	1	3
378.159	1	-4
378.329	1	7
378.500	1	-10
378.671	1	2
378.842	1	-2
379.013	1	1
379.184	1	-3
379.354	1	2
379.525	1	-7
379.696	1	-4
379.867	1	-9
380.038	1	3
380.209	1	-16
380.379	1	-16
380.550	1	4
380.721	1	-5
380.892	1	0
381.063	1	-3
381.233	1	-2
381.404	1	2
381.575	1	-3
381.746	1	3
381.917	1	6
382.087	1	0
382.258	1	-11
382.429	1	-1
382.600	1	1
382.771	1	-1
382.941	1	9
383.112	1	3
383.283	1	3
383.454	1	-3
383.625	1	-1
383.795	1	-6
383.966	1	-8
384.137	1	0
384.308	1	0
384.479	1	1
384.649	1	-1
384.820	1	-4
384.991	1	-5
385.162	1	-5
385.333	1	-12
385.503	1	-5
385.674	1	5
385.845	1	-5
386.016	1	-1
386.187	1	-10
386.357	1	2
386.528	1	0
386.699	1	-8
386.870	1	-6
387.041	1	-8
387.211	1	-2
387.382	1	5
387.553	1	2
387.724	1	-4
387.894	1	3
388.065	1	-1
388.236	1	-6
388.407	1	4
388.578	1	-7
388.748	1	2
388.919	1	-1
389.090	1	-5
389.261	1	-1
389.431	1	-1
389.602	1	10
389.773	1	-13
389.944	1	-7
390.114	1	4
390.285	1	-10
390.456	1	9
390.627	1	5
390.798	1	-1
390.968	1	-8
391.139	1	-5
391.310	1	1
391.481	1	-7
391.651	1	8
391.822	1	1
391.993	1	-18
392.164	1	-1
392.334	1	-3
392.505	1	-4
392.676	1	-1
392.847	1	1
393.017	1	0
393.188	1	-7
393.359	1	0
393.530	1	1
393.700	1	5
393.871	1	-5
394.042	1	-4
394.213	1	4
394.383	1	-6
394.554	1	0
394.725	1	-4
394.896	1	-1
395.066	1	-11
395.237	1	-14
395.408	1	4
395.579	1	1
395.749	1	-4
395.920	1	-7
396.091	1	5
396.262	1	-5
396.432	1	2
396.603	1	-6
396.774	1	-2
396.945	1	-5
397.115	1	0
397.286	1	-9
397.457	1	-4
397.627	1	-2
397.798	1	-13
397.969	1	-12
398.140	1	7
398.310	1	-3
398.481	1	-10
398.652	1	-5
398.823	1	-2
398.993	1	19
399.164	1	-2
399.335	1	-6
399.505	1	11
399.676	1	3
399.847	1	-4
400.018	1	-3
400.188	1	2
400.359	1	8
400.530	1	-6
400.700	1	4
400.871	1	9
401.042	1	-7
401.213	1	4
401.383	1	13
401.554	1	7
401.725	1	-2
401.895	1	-2
402.066	1	5
402.237	1	-5
402.408	1	-7
402.578	1	-9
402.749	1	-3
402.920	1	1
403.090	1	-1
403.261	1	-12
403.432	1	-2
403.603	1	8
403.773	1	0
403.944	1	-4
404.115	1	-2
404.285	1	0
404.456	1	0
404.627	1	3
404.797	1	-1
404.968	1	1
405.139	1	-6
405.310	1	3
405.480	1	-3
405.651	1	4
405.822	1	0
405.992	1	2
406.163	1	-5
406.334	1	-2
406.504	1	-4
406.675	1	7
406.846	1	4
407.016	1	10
407.187	1	-15
407.358	1	-1
407.528	1	-5
407.699	1	2
407.870	1	-13
408.041	1	2
408.211	1	-1
408.382	1	14
408.553	1	-1
408.723	1	4
408.894	1	-8
409.065	1	-6
409.235	1	-1
409.406	1	0
409.577	1	-4
409.747	1	-1
409.918	1	16
410.089	1	8
410.259	1	7
410.430	1	3
410.601	1	4
410.771	1	-1
410.942	1	1
411.113	1	8
411.283	1	5
411.454	1	-15
411.625	1	-2
411.795	1	0
411.966	1	-2
412.137	1	-3
412.307	1	-2
412.478	1	2
412.649	1	4
412.819	1	0
412.990	1	-3
413.161	1	-6
413.331	1	3
413.502	1	2
413.672	1	-1
413.843	1	12
414.014	1	-4
414.184	1	4
414.355	1	5
414.526	1	-1
414.696	1	0
414.867	1	-4
415.038	1	6
415.208	1	-2
415.379	1	9
415.550	1	6
415.720	1	-6
415.891	1	5
416.062	1	-9
416.232	1	0
416.403	1	10
416.573	1	0
416.744	1	-1
416.915	1	9
417.085	1	13
417.256	1	0
417.427	1	6
417.597	1	3
417.768	1	-1
417.939	1	2
418.109	1	7
418.280	1	1
418.450	1	8
418.621	1	6
418.792	1	-5
418.962	1	8
419.133	1	8
419.304	1	-1
419.474	1	4
419.645	1	6
419.815	1	-2
419.986	1	1
420.157	1	15
420.327	1	14
420.498	1	-3
420.669	1	5
420.839	1	-2
421.010	1	0
421.180	1	0
421.351	1	8
421.522	1	-4
421.692	1	-1
421.863	1	-3
422.033	1	6
422.204	1	6
422.375	1	-3
422.545	1	13
422.716	1	10
422.886	1	9
423.057	1	-4
423.228	1	10
423.398	1	-7
423.569	1	0
423.740	1	-14
423.910	1	5
424.081	1	1
424.251	1	6
424.422	1	-4
424.593	1	3
424.763	1	-5
424.934	1	4
425.104	1	0
425.275	1	-3
425.445	1	-9
425.616	1	-2
425.787	1	4
425.957	1	3
426.128	1	4
426.298	1	-5
426.469	1	-6
426.640	1	-3
426.810	1	-2
426.981	1	4
427.151	1	2
427.322	1	6
427.493	1	12
427.663	1	12
427.834	1	14
428.004	1	-1
428.175	1	-1
428.345	1	2
428.516	1	3
428.687	1	17
428.857	1	5
429.028	1	0
429.198	1	5
429.369	1	6
429.540	1	11
429.710	1	2
429.881	1	-3
430.051	1	10
430.222	1	3
430.392	1	2
430.563	1	4
430.734	1	16
430.904	1	11
431.075	1	5
431.245	1	4
431.416	1	2
431.586	1	-6
431.757	1	13
431.927	1	0
432.098	1	9
432.269	1	0
432.439	1	14
432.610	1	7
432.780	1	8
432.951	1	-4
433.121	1	8
433.292	1	-2
433.462	1	0
433.633	1	3
433.804	1	1
433.974	1	4
434.145	1	12
434.315	1	6
434.486	1	13
434.656	1	12
434.827	1	-1
434.997	1	9
435.168	1	6
435.339	1	7
435.509	1	2
435.680	1	4
435.850	1	7
436.021	1	11
436.191	1	14
436.362	1	0
436.532	1	13
436.703	1	10
436.873	1	12
437.044	1	3
437.214	1	0
437.385	1	-1
437.556	1	7
437.726	1	-2
437.897	1	-1
438.067	1	3
438.238	1	8
438.408	1	15
438.579	1	9
438.749	1	12
438.920	1	-2
439.090	1	7
439.261	1	9
439.431	1	17
439.602	1	4
439.772	1	5
439.943	1	3
440.113	1	8
440.284	1	-3
440.455	1	21
440.625	1	-6
440.796	1	3
440.966	1	8
441.137	1	10
441.307	1	5
441.478	1	6
441.648	1	10
441.819	1	7
441.989	1	12
442.160	1	6
442.330	1	-2
442.501	1	8
442.671	1	6
442.842	1	2
443.012	1	4
443.183	1	4
443.353	1	12
443.524	1	-4
443.694	1	-4
443.865	1	-3
444.035	1	1
444.206	1	6
444.376	1	3
444.547	1	12
444.717	1	5
444.888	1	7
445.058	1	12
445.229	1	-1
445.399	1	15
445.570	1	7
445.740	1	7
445.911	1	6
446.081	1	10
446.252	1	1
446.422	1	15
446.593	1	5
446.763	1	9
446.934	1	3
447.104	1	8
447.275	1	9
447.445	1	9
447.616	1	5
447.786	1	7
447.957	1	4
448.127	1	-2
448.298	1	6
448.468	1	14
448.639	1	14
448.809	1	11
448.979	1	8
449.150	1	0
449.320	1	10
449.491	1	20
449.661	1	11
449.832	1	12
450.002	1	10
450.173	1	11
450.343	1	2
450.514	1	7
450.684	1	6
450.855	1	14
451.025	1	12
451.196	1	15
451.366	1	16
451.537	1	11
451.707	1	-3
451.878	1	-2
452.048	1	5
452.218	1	9
452.389	1	9
452.559	1	-1
452.730	1	9
452.900	1	9
453.071	1	5
453.241	1	2
453.412	1	6
453.582	1	6
453.753	1	4
453.923	1	11
454.093	1	14
454.264	1	18
454.434	1	11
454.605	1	9
454.775	1	4
454.946	1	11
455.116	1	-3
455.287	1	13
455.457	1	17
455.628	1	13
455.798	1	1
455.968	1	8
456.139	1	5
456.309	1	5
456.480	1	4
456.650	1	7
456.821	1	11
456.991	1	-5
457.161	1	17
457.332	1	5
457.502	1	11
457.673	1	10
457.843	1	13
458.014	1	12
458.184	1	9
458.355	1	5
458.525	1	12
458.695	1	6
458.866	1	4
459.036	1	-6
459.207	1	11
459.377	1	12
459.548	1	3
459.718	1	-2
459.888	1	4
460.059	1	1
460.229	1	9
460.400	1	-4
460.570	1	6
460.740	1	5
460.911	1	-2
461.081	1	24
461.252	1	9
461.422	1	16
461.593	1	-1
461.763	1	13
461.933	1	12
462.104	1	9
462.274	1	0
462.445	1	8
462.615	1	3
462.785	1	5
462.956	1	8
463.126	1	15
463.297	1	5
463.467	1	19
463.638	1	1
463.808	1	2
463.978	1	4
464.149	1	9
464.319	1	3
464.490	1	13
464.660	1	1
464.830	1	18
465.001	1	3
465.171	1	9
465.342	1	10
465.512	1	-2
465.682	1	13
465.853	1	8
466.023	1	-12
466.194	1	3
466.364	1	-4
466.534	1	6
466.705	1	14
466.875	1	6
467.045	1	2
467.216	1	-4
467.386	1	20
467.557	1	1
467.727	1	14
467.897	1	0
468.068	1	7
468.238	1	-1
468.409	1	12
468.579	1	11
468.749	1	17
468.920	1	-3
469.090	1	-8
469.260	1	12
469.431	1	1
469.601	1	2
469.772	1	6
469.942	1	11
470.112	1	6
470.283	1	1
470.453	1	6
470.623	1	12
470.794	1	3
470.964	1	15
471.135	1	8
471.305	1	18
471.475	1	6
471.646	1	5
471.816	1	9
471.986	1	5
472.157	1	8
472.327	1	15
472.497	1	8
472.668	1	7
472.838	1	0
473.009	1	9
473.179	1	8
473.349	1	-5
473.520	1	1
473.690	1	13
473.860	1	21
474.031	1	0
474.201	1	3
474.371	1	5
474.542	1	11
474.712	1	6
474.882	1	13
475.053	1	6
475.223	1	-1
475.394	1	1
475.564	1	2
475.734	1	12
475.905	1	3
476.075	1	15
476.245	1	4
476.416	1	-1
476.586	1	-9
476.756	1	10
476.927	1	3
477.097	1	7
477.267	1	8
477.438	1	7
477.608	1	-9
477.778	1	3
477.949	1	17
478.119	1	6
478.289	1	-3
478.460	1	10
478.630	1	11
478.800	1	6
478.971	1	-5
479.141	1	4
479.311	1	14
479.482	1	-3
479.652	1	3
479.822	1	8
479.993	1	4
480.163	1	5
480.333	1	-3
480.504	1	5
480.674	1	4
480.844	1	1
481.015	1	10
481.185	1	17
481.355	1	1
481.525	1	11
481.696	1	11
481.866	1	1
482.036	1	8
482.207	1	3
482.377	1	5
482.547	1	1
482.718	1	5
482.888	1	7
483.058	1	3
483.229	1	12
483.399	1	8
483.569	1	1
483.740	1	1
483.910	1	9
484.080	1	2
484.250	1	15
484.421	1	6
484.591	1	9
484.761	1	4
484.932	1	15
485.102	1	17
485.272	1	5
485.443	1	0
485.613	1	8
485.783	1	4
485.953	1	1
486.124	1	3
486.294	1	14
486.464	1	7
486.635	1	0
486.805	1	-1
486.975	1	9
487.146	1	8
487.316	1	1
487.486	1	-1
487.656	1	14
487.827	1	-2
487.997	1	3
488.167	1	-2
488.338	1	7
488.508	1	6
488.678	1	-1
488.848	1	5
489.019	1	6
489.189	1	7
489.359	1	2
489.529	1	-7
489.700	1	3
489.870	1	-2
490.040	1	2
490.211	1	3
490.381	1	7
490.551	1	1
490.721	1	6
490.892	1	1
491.062	1	3
491.232	1	16
491.402	1	-6
491.573	1	2
491.743	1	-3
491.913	1	11
492.084	1	6
492.254	1	12
492.424	1	11
492.594	1	11
492.765	1	4
492.935	1	1
493.105	1	1
493.275	1	12
493.446	1	3
493.616	1	8
493.786	1	8
493.956	1	1
494.127	1	1
494.297	1	0
494.467	1	3
494.637	1	-8
494.808	1	0
494.978	1	-3
495.148	1	-1
495.318	1	-5
495.489	1	4
495.659	1	10
495.829	1	-6
495.999	1	20
496.170	1	-3
496.340	1	7
496.510	1	0
496.680	1	3
496.851	1	1
497.021	1	-4
497.191	1	-3
497.361	1	3
497.532	1	12
497.702	1	-2
497.872	1	3
498.042	1	1
498.213	1	-10
498.383	1	-3
498.553	1	4
498.723	1	13
498.894	1	-6
499.064	1	2
499.234	1	10
499.404	1	6
499.574	1	6
499.745	1	-3
499.915	1	5
500.085	1	-2
500.255	1	9
500.426	1	5
500.596	1	4
500.766	1	4
500.936	1	1
501.106	1	1
501.277	1	8
501.447	1	-4
501.617	1	9
501.787	1	-3
501.958	1	9
502.128	1	5
502.298	1	2
502.468	1	4
502.638	1	6
502.809	1	-1
502.979	1	3
503.149	1	6
503.319	1	3
503.489	1	6
503.660	1	5
503.830	1	2
504.000	1	-3
504.170	1	5
504.340	1	3
504.511	1	2
504.681	1	-2
504.851	1	0
505.021	1	1
505.192	1	1
505.362	1	4
505.532	1	4
505.702	1	6
505.872	1	-3
506.043	1	-4
506.213	1	4
506.383	1	9
506.553	1	2
506.723	1	1
506.893	1	1
507.064	1	6
507.234	1	-4
507.404	1	11
507.574	1	-2
507.744	1	5
507.915	1	0
508.085	1	11
508.255	1	4
508.425	1	-6
508.595	1	1
508.766	1	2
508.936	1	-6
509.106	1	8
509.276	1	0
509.446	1	-9
509.616	1	-1
509.787	1	1
509.957	1	-4
510.127	1	1
510.297	1	-8
510.467	1	9
510.638	1	3
510.808	1	2
510.978	1	-8
511.148	1	-1
511.318	1	11
511.488	1	6
511.659	1	-2
511.829	1	9
511.999	1	4
512.169	1	1
512.339	1	0
512.509	1	3
512.680	1	-1
512.850	1	9
513.020	1	-3
513.190	1	8
513.360	1	5
513.530	1	2
513.700	1	-3
513.871	1	0
514.041	1	0
514.211	1	4
514.381	1	6
514.551	1	-1
514.721	1	0
514.892	1	6
515.062	1	-2
515.232	1	1
515.402	1	3
515.572	1	-1
515.742	1	6
515.912	1	4
516.083	1	12
516.253	1	1
516.423	1	4
516.593	1	-9
516.763	1	5
516.933	1	0
517.104	1	3
517.274	1	-2
517.444	1	-1
517.614	1	-2
517.784	1	-5
517.954	1	-4
518.124	1	8
518.294	1	-5
518.465	1	-3
518.635	1	-2
518.805	1	5
518.975	1	-7
519.145	1	2
519.315	1	-2
519.485	1	5
519.656	1	3
519.826	1	2
519.996	1	-7
520.166	1	9
520.336	1	0
520.506	1	-4
520.676	1	-3
520.846	1	-1
521.017	1	1
521.187	1	10
521.357	1	5
521.527	1	-3
521.697	1	4
521.867	1	-3
522.037	1	-2
522.207	1	7
522.377	1	-3
522.548	1	7
522.718	1	7
522.888	1	3
523.058	1	13
523.228	1	4
523.398	1	8
523.568	1	-1
523.738	1	-7
523.909	1	11
524.079	1	6
524.249	1	-1
524.419	1	2
524.589	1	2
524.759	1	-4
524.929	1	8
525.099	1	2
525.269	1	-3
525.439	1	-9
525.610	1	15
525.780	1	6
525.950	1	5
526.120	1	1
526.290	1	7
526.460	1	3
526.630	1	12
526.800	1	-1
526.970	1	-1
527.140	1	2
527.311	1	3
527.481	1	-3
527.651	1	-1
527.821	1	-4
527.991	1	11
528.161	1	1
528.331	1	4
528.501	1	-5
528.671	1	-6
528.841	1	-5
529.011	1	-6
529.181	1	0
529.352	1	2
529.522	1	-5
529.692	1	9
529.862	1	3
530.032	1	-3
530.202	1	3
530.372	1	5
530.542	1	-6
530.712	1	-12
530.882	1	-12
531.052	1	2
531.222	1	1
531.392	1	5
531.563	1	-1
531.733	1	-4
531.903	1	7
532.073	1	-2
532.243	1	6
532.413	1	-2
532.583	1	7
532.753	1	-3
532.923	1	4
533.093	1	7
533.263	1	2
533.433	1	-1
533.603	1	8
533.773	1	-6
533.943	1	11
534.113	1	1
534.284	1	5
534.454	1	-1
534.624	1	-2
534.794	1	1
534.964	1	14
535.134	1	12
535.304	1	-4
535.474	1	2
535.644	1	2
535.814	1	-1
535.984	1	5
536.154	1	2
536.324	1	4
536.494	1	-8
536.664	1	4
536.834	1	3
537.004	1	-1
537.174	1	-7
537.344	1	7
537.514	1	8
537.685	1	2
537.855	1	3
538.025	1	-1
538.195	1	5
538.365	1	-3
538.535	1	-1
538.705	1	5
538.875	1	5
539.045	1	-1
539.215	1	-2
539.385	1	0
539.555	1	6
539.725	1	1
539.895	1	-11
540.065	1	-5
540.235	1	-2
540.405	1	4
540.575	1	4
540.745	1	6
540.915	1	-11
541.085	1	5
541.255	1	-7
541.425	1	5
541.595	1	-2
541.765	1	1
541.935	1	0
542.105	1	3
542.275	1	7
542.445	1	8
542.615	1	3
542.785	1	3
542.955	1	3
543.125	1	-7
543.295	1	-8
543.465	1	-2
543.635	1	1
543.805	1	-4
543.975	1	-2
544.145	1	0
544.315	1	-2
544.485	1	-6
544.655	1	0
544.825	1	3
544.995	1	13
545.165	1	7
545.335	1	-1
545.505	1	7
545.675	1	10
545.845	1	4
546.015	1	-10
546.185	1	-2
546.355	1	10
546.525	1	12
546.695	1	7
546.865	1	7
547.035	1	0
547.205	1	11
547.375	1	3
547.545	1	-8
547.715	1	-5
547.885	1	-11
548.055	1	1
548.225	1	17
548.395	1	0
548.565	1	2
548.735	1	6
548.905	1	-1
549.075	1	2
549.245	1	-10
549.415	1	-2
549.585	1	-4
549.755	1	2
549.925	1	10
550.095	1	3
550.265	1	-15
550.435	1	0
550.605	1	0
550.775	1	-2
550.945	1	0
551.115	1	-4
551.285	1	5
551.455	1	-3
551.625	1	-1
551.795	1	-14
551.965	1	-13
552.135	1	1
552.305	1	1
552.475	1	11
552.645	1	6
552.815	1	-4
552.985	1	-1
553.155	1	7
553.325	1	-3
553.495	1	5
553.665	1	-2
553.835	1	9
554.004	1	2
554.174	1	5
554.344	1	-3
554.514	1	7
554.684	1	1
554.854	1	3
555.024	1	-4
555.194	1	4
555.364	1	-4
555.534	1	7
555.704	1	5
555.874	1	2
556.044	1	1
556.214	1	1
556.384	1	5
556.554	1	3
556.724	1	-9
556.894	1	-7
557.064	1	3
557.234	1	-2
557.404	1	4
557.573	1	1
557.743	1	-4
557.913	1	-4
558.083	1	2
558.253	1	2
558.423	1	7
558.593	1	-2
558.763	1	-6
558.933	1	3
559.103	1	11
559.273	1	8
559.443	1	-12
559.613	1	-7
559.783	1	2
559.953	1	-5
560.122	1	-4
560.292	1	1
560.462	1	7
560.632	1	11
560.802	1	4
560.972	1	2
561.142	1	8
561.312	1	-4
561.482	1	-4
561.652	1	-9
561.822	1	0
561.992	1	2
562.162	1	-4
562.331	1	10
562.501	1	13
562.671	1	2
562.841	1	-2
563.011	1	8
563.181	1	4
563.351	1	7
563.521	1	-12
563.691	1	-2
563.861	1	0
564.031	1	-6
564.201	1	-6
564.370	1	1
564.540	1	12
564.710	1	-1
564.880	1	0
565.050	1	0
565.220	1	14
565.390	1	7
565.560	1	10
565.730	1	-5
565.900	1	1
566.069	1	-13
566.239	1	10
566.409	1	-3
566.579	1	-9
566.749	1	-11
566.919	1	0
567.089	1	2
567.259	1	-10
567.429	1	11
567.599	1	9
567.768	1	5
567.938	1	3
568.108	1	-1
568.278	1	10
568.448	1	1
568.618	1	1
568.788	1	3
568.958	1	0
569.128	1	1
569.297	1	4
569.467	1	7
569.637	1	1
569.807	1	12
569.977	1	-11
570.147	1	9
570.317	1	-7
570.487	1	2
570.656	1	1
570.826	1	2
570.996	1	-3
571.166	1	-5
571.336	1	-8
571.506	1	3
571.676	1	-3
571.846	1	6
572.015	1	-2
572.185	1	0
572.355	1	3
572.525	1	-5
572.695	1	2
572.865	1	2
573.035	1	-2
573.205	1	1
573.374	1	5
573.544	1	3
573.714	1	-7
573.884	1	4
574.054	1	15
574.224	1	5
574.394	1	2
574.563	1	0
574.733	1	3
574.903	1	-8
575.073	1	1
575.243	1	2
575.413	1	-11
575.583	1	10
575.752	1	6
575.922	1	4
576.092	1	1
576.262	1	-6
576.432	1	7
576.602	1	10
576.772	1	-4
576.941	1	0
577.111	1	12
577.281	1	6
577.451	1	0
577.621	1	13
577.791	1	3
577.960	1	-3
578.130	1	-1
578.300	1	4
578.470	1	-5
578.640	1	14
578.810	1	-3
578.979	1	-7
579.149	1	10
579.319	1	-3
579.489	1	-7
579.659	1	-2
579.829	1	5
579.998	1	-2
580.168	1	-6
580.338	1	6
580.508	1	0
580.678	1	-5
580.848	1	0
581.017	1	4
581.187	1	0
581.357	1	4
581.527	1	-9
581.697	1	-1
581.867	1	-5
582.036	1	-4
582.206	1	-1
582.376	1	-8
582.546	1	-8
582.716	1	-4
582.885	1	-1
583.055	1	5
583.225	1	6
583.395	1	1
583.565	1	-8
583.735	1	6
583.904	1	4
584.074	1	2
584.244	1	-13
584.414	1	6
584.584	1	3
584.753	1	-11
584.923	1	-7
585.093	1	1
585.263	1	-3
585.433	1	-10
585.602	1	5
585.772	1	10
585.942	1	-4
586.112	1	-2
586.282	1	11
586.451	1	3
586.621	1	-3
586.791	1	3
586.961	1	7
587.131	1	-3
587.300	1	6
587.470	1	-10
587.640	1	1
587.810	1	1
587.980	1	0
588.149	1	18
588.319	1	1
588.489	1	-5
588.659	1	9
588.829	1	11
588.998	1	7
589.168	1	5
589.338	1	5
589.508	1	0
589.677	1	0
589.847	1	-12
590.017	1	1
590.187	1	-7
590.357	1	4
590.526	1	-6
590.696	1	-10
590.866	1	-15
591.036	1	10
591.205	1	4
591.375	1	-6
591.545	1	5
591.715	1	-17
591.885	1	6
592.054	1	-2
592.224	1	7
592.394	1	6
592.564	1	9
592.733	1	9
592.903	1	4
593.073	1	11
593.243	1	4
593.412	1	4
593.582	1	-11
593.752	1	2
593.922	1	6
594.091	1	-4
594.261	1	-6
594.431	1	1
594.601	1	0
594.771	1	-11
594.940	1	-3
595.110	1	6
595.280	1	0
595.450	1	15
595.619	1	-6
595.789	1	0
595.959	1	-4
596.129	1	7
596.298	1	3
596.468	1	3
596.638	1	-1
596.808	1	3
596.977	1	-1
597.147	1	3
597.317	1	5
597.487	1	-8
597.656	1	-8
597.826	1	-1
597.996	1	7
598.166	1	6
598.335	1	10
598.505	1	5
598.675	1	-5
598.844	1	3
599.014	1	-4
599.184	1	-1
599.354	1	14
599.523	1	13
599.693	1	10
599.863	1	-1
600.033	1	-4
600.202	1	7
600.372	1	-2
600.542	1	3
600.712	1	6
600.881	1	8
601.051	1	3
601.221	1	8
601.390	1	0
601.560	1	-5
601.730	1	-8
601.900	1	-8
602.069	1	3
602.239	1	-8
602.409	1	6
602.578	1	13
602.748	1	-5
602.918	1	3
603.088	1	0
603.257	1	8
603.427	1	9
603.597	1	-2
603.767	1	5
603.936	1	8
604.106	1	10
604.276	1	-8
604.445	1	-5
604.615	1	9
604.785	1	12
604.954	1	5
605.124	1	8
605.294	1	3
605.464	1	3
605.633	1	0
605.803	1	1
605.973	1	12
606.142	1	7
606.312	1	8
606.482	1	-1
606.652	1	0
606.821	1	-2
606.991	1	3
607.161	1	16
607.330	1	3
607.500	1	16
607.670	1	3
607.839	1	7
608.009	1	-8
608.179	1	-2
608.348	1	8
608.518	1	16
608.688	1	-7
608.858	1	3
609.027	1	9
609.197	1	-1
609.367	1	6
609.536	1	2
609.706	1	11
609.876	1	4
610.045	1	14
610.215	1	15
610.385	1	11
610.554	1	11
610.724	1	5
610.894	1	12
611.063	1	13
611.233	1	-2
611.403	1	3
611.572	1	2
611.742	1	8
611.912	1	2
612.081	1	-3
612.251	1	4
612.421	1	7
612.590	1	3
612.760	1	7
612.930	1	7
613.099	1	15
613.269	1	2
613.439	1	8
613.608	1	10
613.778	1	11
613.948	1	-1
614.117	1	3
614.287	1	-4
614.457	1	-3
614.626	1	13
614.796	1	-4
614.966	1	8
615.135	1	13
615.305	1	18
615.475	1	13
615.644	1	8
615.814	1	5
615.984	1	-1
616.153	1	10
616.323	1	-1
616.493	1	3
616.662	1	17
616.832	1	-3
617.002	1	-1
617.171	1	-4
617.341	1	4
617.511	1	8
617.680	1	6
617.850	1	9
618.019	1	6
618.189	1	7
618.359	1	16
618.528	1	7
618.698	1	6
618.868	1	3
619.037	1	3
619.207	1	4
619.377	1	8
619.546	1	9
619.716	1	13
619.885	1	7
620.055	1	8
620.225	1	10
620.394	1	5
620.564	1	14
620.734	1	3
620.903	1	14
621.073	1	6
621.242	1	19
621.412	1	1
621.582	1	11
621.751	1	2
621.921	1	15
622.091	1	9
622.260	1	2
622.430	1	7
622.599	1	4
622.769	1	8
622.939	1	-6
623.108	1	10
623.278	1	4
623.448	1	12
623.617	1	7
623.787	1	16
623.956	1	8
624.126	1	10
624.296	1	0
624.465	1	7
624.635	1	6
624.804	1	4
624.974	1	6
625.144	1	-2
625.313	1	10
625.483	1	15
625.652	1	12
625.822	1	1
625.992	1	19
626.161	1	7
626.331	1	19
626.501	1	-4
626.670	1	13
626.840	1	4
627.009	1	9
627.179	1	23
627.348	1	20
627.518	1	-2
627.688	1	8
627.857	1	3
628.027	1	7
628.196	1	13
628.366	1	8
628.536	1	2
628.705	1	12
628.875	1	4
629.044	1	5
629.214	1	-3
629.384	1	6
629.553	1	4
629.723	1	9
629.892	1	4
630.062	1	0
630.232	1	-2
630.401	1	11
630.571	1	-6
630.740	1	2
630.910	1	19
631.079	1	11
631.249	1	-3
631.419	1	5
631.588	1	5
631.758	1	2
631.927	1	6
632.097	1	4
632.266	1	-3
632.436	1	10
632.606	1	4
632.775	1	2
632.945	1	2
633.114	1	11
633.284	1	0
633.453	1	0
633.623	1	5
633.793	1	4
633.962	1	8
634.132	1	-2
634.301	1	10
634.471	1	8
634.640	1	-8
634.810	1	13
634.979	1	-2
635.149	1	2
635.319	1	8
635.488	1	14
635.658	1	5
635.827	1	5
635.997	1	9
636.166	1	6
636.336	1	8
636.505	1	3
636.675	1	7
636.845	1	5
637.014	1	5
637.184	1	6
637.353	1	8
637.523	1	13
637.692	1	7
637.862	1	10
638.031	1	8
638.201	1	12
638.370	1	6
638.540	1	3
638.710	1	-5
638.879	1	9
639.049	1	0
639.218	1	14
639.388	1	9
639.557	1	0
639.727	1	13
639.896	1	14
640.066	1	3
640.235	1	6
640.405	1	14
640.574	1	14
640.744	1	10
640.914	1	4
641.083	1	14
641.253	1	-1
641.422	1	4
641.592	1	0
641.761	1	-1
641.931	1	4
642.100	1	6
642.270	1	4
642.439	1	5
642.609	1	10
642.778	1	6
642.948	1	9
643.117	1	5
643.287	1	5
643.456	1	8
643.626	1	10
643.795	1	9
643.965	1	10
644.134	1	8
644.304	1	-5
644.473	1	5
644.643	1	-3
644.812	1	6
644.982	1	-1
645.151	1	-6
645.321	1	16
645.490	1	5
645.660	1	6
645.829	1	2
645.999	1	9
646.168	1	8
646.338	1	-8
646.507	1	14
646.677	1	8
646.846	1	-1
647.016	1	14
647.185	1	-1
647.355	1	2
647.524	1	0
647.694	1	8
647.863	1	4
648.033	1	2
648.202	1	4
648.372	1	3
648.541	1	2
648.711	1	7
648.880	1	0
649.050	1	-6
649.219	1	0
649.389	1	12
649.558	1	15
649.728	1	0
649.897	1	9
650.067	1	-3
650.236	1	2
650.406	1	0
650.575	1	6
650.745	1	2
650.914	1	2
651.084	1	1
651.253	1	14
651.423	1	12
651.592	1	-1
651.762	1	11
651.931	1	18
652.101	1	3
652.270	1	-4
652.440	1	10
652.609	1	9
652.778	1	16
652.948	1	-3
653.117	1	18
653.287	1	0
653.456	1	2
653.626	1	13
653.795	1	2
653.965	1	10
654.134	1	0
654.304	1	-8
654.473	1	-6
654.643	1	2
654.812	1	8
654.982	1	8
655.151	1	-4
655.320	1	11
655.490	1	-7
655.659	1	9
655.829	1	-6
655.998	1	3
656.168	1	-2
656.337	1	2
656.507	1	-6
656.676	1	8
656.846	1	7
657.015	1	-3
657.184	1	6
657.354	1	0
657.523	1	-8
657.693	1	9
657.862	1	-4
658.032	1	2
658.201	1	5
658.371	1	6
658.540	1	6
658.709	1	1
658.879	1	15
659.048	1	-1
659.218	1	6
659.387	1	-1
659.557	1	3
659.726	1	5
659.895	1	5
660.065	1	3
660.234	1	3
660.404	1	1
660.573	1	-2
660.743	1	-3
660.912	1	0
661.081	1	0
661.251	1	8
661.420	1	-2
661.590	1	-6
661.759	1	0
661.929	1	-4
662.098	1	-1
662.267	1	-2
662.437	1	0
662.606	1	-8
662.776	1	-8
662.945	1	10
663.115	1	-1
663.284	1	3
663.453	1	5
663.623	1	-4
663.792	1	-2
663.962	1	-5
664.131	1	5
664.300	1	-5
664.470	1	-2
664.639	1	-1
664.809	1	-4
664.978	1	8
665.148	1	9
665.317	1	2
665.486	1	-7
665.656	1	16
665.825	1	0
665.995	1	-9
666.164	1	-9
666.333	1	3
666.503	1	7
666.672	1	-8
666.842	1	-3
667.011	1	20
667.180	1	7
667.350	1	-1
667.519	1	-5
667.689	1	0
667.858	1	3
668.027	1	3
668.197	1	8
668.366	1	-1
668.536	1	2
668.705	1	-8
668.874	1	-3
669.044	1	0
669.213	1	2
669.382	1	2
669.552	1	-8
669.721	1	8
669.891	1	-5
670.060	1	-6
670.229	1	4
670.399	1	6
670.568	1	-2
670.738	1	-3
670.907	1	3
671.076	1	0
671.246	1	-3
671.415	1	1
671.584	1	1
671.754	1	0
671.923	1	3
672.093	1	1
672.262	1	8
672.431	1	-6
672.601	1	3
672.770	1	6
672.939	1	-3
673.109	1	-12
673.278	1	4
673.448	1	-8
673.617	1	-6
673.786	1	-7
