340.368	1	6
340.539	1	2
340.710	1	6
340.881	1	1
341.052	1	-2
341.223	1	7
341.394	1	-6
341.565	1	-5
341.737	1	-2
341.908	1	9
342.079	1	14
342.250	1	-2
342.421	1	4
342.592	1	21
342.763	1	-14
342.934	1	-1
343.105	1	-8
343.276	1	4
343.447	1	6
343.618	1	-4
343.789	1	3
343.960	1	9
344.131	1	6
344.302	1	6
344.473	1	22
344.644	1	12
344.815	1	9
344.986	1	10
345.157	1	2
345.328	1	9
345.499	1	11
345.670	1	-7
345.841	1	7
346.012	1	6
346.183	1	4
346.354	1	18
346.526	1	-2
346.697	1	-2
346.868	1	3
347.039	1	9
347.210	1	15
347.381	1	9
347.552	1	10
347.723	1	9
347.894	1	3
348.065	1	6
348.236	1	12
348.407	1	10
348.578	1	10
348.749	1	13
348.920	1	6
349.091	1	7
349.262	1	8
349.433	1	10
349.604	1	10
349.775	1	-4
349.946	1	19
350.117	1	17
350.288	1	0
350.459	1	7
350.630	1	0
350.801	1	16
350.972	1	21
351.143	1	14
351.314	1	-1
351.485	1	5
351.656	1	11
351.827	1	1
351.998	1	13
352.169	1	9
352.340	1	16
352.511	1	19
352.682	1	18
352.853	1	13
353.024	1	27
353.195	1	7
353.366	1	15
353.537	1	16
353.708	1	15
353.879	1	7
354.050	1	15
354.221	1	19
354.392	1	15
354.563	1	3
354.734	1	23
354.905	1	30
355.076	1	12
355.247	1	23
355.418	1	17
355.589	1	21
355.760	1	18
355.931	1	17
356.102	1	28
356.273	1	16
356.444	1	23
356.615	1	17
356.785	1	22
356.956	1	23
357.127	1	29
357.298	1	40
357.469	1	28
357.640	1	27
357.811	1	31
357.982	1	38
358.153	1	35
358.324	1	39
358.495	1	32
358.666	1	40
358.837	1	48
359.008	1	37
359.179	1	40
359.350	1	36
359.521	1	31
359.692	1	42
359.863	1	45
360.034	1	48
360.205	1	53
360.376	1	46
360.547	1	49
360.718	1	43
360.889	1	70
361.060	1	66
361.231	1	49
361.401	1	52
361.572	1	70
361.743	1	55
361.914	1	69
362.085	1	77
362.256	1	69
362.427	1	75
362.598	1	80
362.769	1	82
362.940	1	73
363.111	1	83
363.282	1	95
363.453	1	91
363.624	1	102
363.795	1	107
363.966	1	105
364.137	1	104
364.308	1	113
364.478	1	105
364.649	1	116
364.820	1	121
364.991	1	125
365.162	1	134
365.333	1	134
365.504	1	150
365.675	1	139
365.846	1	159
366.017	1	182
366.188	1	184
366.359	1	178
366.530	1	178
366.701	1	196
366.871	1	200
367.042	1	205
367.213	1	221
367.384	1	226
367.555	1	223
367.726	1	244
367.897	1	250
368.068	1	242
368.239	1	256
368.410	1	261
368.581	1	296
368.752	1	293
368.923	1	286
369.093	1	320
369.264	1	318
369.435	1	333
369.606	1	339
369.777	1	355
369.948	1	357
370.119	1	367
370.290	1	375
370.461	1	394
370.632	1	387
370.803	1	414
370.973	1	416
371.144	1	432
371.315	1	433
371.486	1	444
371.657	1	419
371.828	1	442
371.999	1	440
372.170	1	460
372.341	1	460
372.512	1	466
372.682	1	490
372.853	1	476
373.024	1	481
373.195	1	505
373.366	1	510
373.537	1	518
373.708	1	482
373.879	1	504
374.050	1	507
374.220	1	496
374.391	1	507
374.562	1	487
374.733	1	501
374.904	1	482
375.075	1	487
375.246	1	498
375.417	1	473
375.588	1	469
375.758	1	485
375.929	1	458
376.100	1	448
376.271	1	438
376.442	1	434
376.613	1	440
376.784	1	428
376.955	1	420
377.125	1	410
377.296	1	405
377.467	1	411
377.638	1	378
377.809	1	389
377.980	1	373
378.151	1	354
378.321	1	354
378.492	1	337
378.663	1	334
378.834	1	330
379.005	1	326
379.176	1	321
379.347	1	302
379.518	1	304
379.688	1	306
379.859	1	294
380.030	1	290
380.201	1	298
380.372	1	263
380.543	1	281
380.714	1	265
380.884	1	265
381.055	1	232
381.226	1	244
381.397	1	243
381.568	1	240
381.739	1	227
381.910	1	240
382.080	1	243
382.251	1	213
382.422	1	234
382.593	1	207
382.764	1	190
382.935	1	195
383.105	1	208
383.276	1	195
383.447	1	172
383.618	1	177
383.789	1	194
383.960	1	180
384.130	1	168
384.301	1	150
384.472	1	146
384.643	1	161
384.814	1	162
384.985	1	148
385.156	1	154
385.326	1	148
385.497	1	142
385.668	1	130
385.839	1	150
386.010	1	132
386.180	1	125
386.351	1	123
386.522	1	115
386.693	1	114
386.864	1	113
387.035	1	118
387.205	1	112
387.376	1	121
387.547	1	99
387.718	1	113
387.889	1	117
388.060	1	111
388.230	1	99
388.401	1	99
388.572	1	95
388.743	1	89
388.914	1	102
389.084	1	94
389.255	1	81
389.426	1	98
389.597	1	102
389.768	1	92
389.939	1	83
390.109	1	76
390.280	1	74
390.451	1	73
390.622	1	73
390.793	1	66
390.963	1	71
391.134	1	79
391.305	1	71
391.476	1	72
391.647	1	65
391.817	1	73
391.988	1	69
392.159	1	73
392.330	1	63
392.501	1	69
392.671	1	60
392.842	1	59
393.013	1	64
393.184	1	67
393.355	1	50
393.525	1	67
393.696	1	63
393.867	1	66
394.038	1	48
394.208	1	66
394.379	1	60
394.550	1	50
394.721	1	58
394.892	1	60
395.062	1	56
395.233	1	49
395.404	1	50
395.575	1	46
395.746	1	45
395.916	1	46
396.087	1	48
396.258	1	50
396.429	1	37
396.599	1	38
396.770	1	33
396.941	1	35
397.112	1	38
397.283	1	46
397.453	1	47
397.624	1	50
397.795	1	39
397.966	1	44
398.136	1	41
398.307	1	37
398.478	1	41
398.649	1	37
398.819	1	32
398.990	1	30
399.161	1	39
399.332	1	30
399.503	1	40
399.673	1	35
399.844	1	27
400.015	1	36
400.186	1	36
400.356	1	36
400.527	1	29
400.698	1	34
400.869	1	33
401.039	1	31
401.210	1	32
401.381	1	32
401.552	1	26
401.722	1	36
401.893	1	23
402.064	1	29
402.235	1	32
402.405	1	37
402.576	1	22
402.747	1	32
402.918	1	32
403.088	1	15
403.259	1	33
403.430	1	25
403.601	1	23
403.771	1	23
403.942	1	18
404.113	1	8
404.284	1	23
404.454	1	24
404.625	1	18
404.796	1	25
404.967	1	27
405.137	1	13
405.308	1	26
405.479	1	23
405.649	1	25
405.820	1	21
405.991	1	25
406.162	1	26
406.332	1	22
406.503	1	6
406.674	1	21
406.845	1	19
407.015	1	24
407.186	1	18
407.357	1	23
407.527	1	18
407.698	1	10
407.869	1	18
408.040	1	8
408.210	1	10
408.381	1	12
408.552	1	14
408.722	1	8
408.893	1	25
409.064	1	20
409.235	1	13
409.405	1	17
409.576	1	11
409.747	1	16
409.917	1	20
410.088	1	14
410.259	1	7
410.430	1	18
410.600	1	13
410.771	1	15
410.942	1	11
411.112	1	24
411.283	1	9
411.454	1	10
411.625	1	7
411.795	1	2
411.966	1	16
412.137	1	29
412.307	1	11
412.478	1	9
412.649	1	26
412.819	1	21
412.990	1	9
413.161	1	19
413.332	1	10
413.502	1	9
413.673	1	14
413.844	1	13
414.014	1	25
414.185	1	1
414.356	1	21
414.526	1	14
414.697	1	21
414.868	1	4
415.038	1	7
415.209	1	7
415.380	1	12
415.550	1	9
415.721	1	12
415.892	1	8
416.063	1	3
416.233	1	18
416.404	1	21
416.575	1	10
416.745	1	4
416.916	1	12
417.087	1	13
417.257	1	18
417.428	1	2
417.599	1	20
417.769	1	6
417.940	1	12
418.111	1	10
418.281	1	9
418.452	1	7
418.623	1	14
418.793	1	7
418.964	1	8
419.135	1	17
419.305	1	3
419.476	1	11
419.647	1	6
419.817	1	1
419.988	1	11
420.159	1	9
420.329	1	6
420.500	1	-2
420.671	1	10
420.841	1	9
421.012	1	14
421.183	1	13
421.353	1	7
421.524	1	8
421.695	1	11
421.865	1	14
422.036	1	14
422.206	1	16
422.377	1	11
422.548	1	11
422.718	1	11
422.889	1	8
423.060	1	1
423.230	1	13
423.401	1	14
423.572	1	10
423.742	1	11
423.913	1	11
424.084	1	12
424.254	1	9
424.425	1	6
424.595	1	16
424.766	1	12
424.937	1	10
425.107	1	1
425.278	1	12
425.449	1	0
425.619	1	-2
425.790	1	5
425.961	1	9
426.131	1	0
426.302	1	14
426.472	1	12
426.643	1	2
426.814	1	12
426.984	1	5
427.155	1	7
427.326	1	18
427.496	1	7
427.667	1	10
427.837	1	18
428.008	1	3
428.179	1	2
428.349	1	2
428.520	1	4
428.691	1	-1
428.861	1	11
429.032	1	3
429.202	1	16
429.373	1	5
429.544	1	16
429.714	1	6
429.885	1	17
430.055	1	8
430.226	1	11
430.397	1	-3
430.567	1	15
430.738	1	12
430.909	1	5
431.079	1	1
431.250	1	3
431.420	1	16
431.591	1	1
431.762	1	2
431.932	1	15
432.103	1	16
432.273	1	8
432.444	1	14
432.615	1	2
432.785	1	9
432.956	1	11
433.126	1	8
433.297	1	8
433.468	1	3
433.638	1	3
433.809	1	6
433.979	1	4
434.150	1	19
434.320	1	7
434.491	1	4
434.662	1	-3
434.832	1	5
435.003	1	7
435.173	1	13
435.344	1	7
435.515	1	20
435.685	1	7
435.856	1	11
436.026	1	-3
436.197	1	16
436.368	1	-5
436.538	1	12
436.709	1	3
436.879	1	0
437.050	1	10
437.220	1	20
437.391	1	10
437.562	1	6
437.732	1	11
437.903	1	5
438.073	1	3
438.244	1	6
438.414	1	16
438.585	1	6
438.756	1	9
438.926	1	6
439.097	1	1
439.267	1	5
439.438	1	11
439.608	1	7
439.779	1	17
439.949	1	7
440.120	1	3
440.291	1	7
440.461	1	-3
440.632	1	3
440.802	1	5
440.973	1	13
441.143	1	0
441.314	1	13
441.485	1	-1
441.655	1	12
441.826	1	4
441.996	1	9
442.167	1	2
442.337	1	11
442.508	1	19
442.678	1	13
442.849	1	16
443.019	1	0
443.190	1	4
443.361	1	-4
443.531	1	6
443.702	1	11
443.872	1	11
444.043	1	14
444.213	1	18
444.384	1	6
444.554	1	5
444.725	1	5
444.895	1	12
445.066	1	-1
445.237	1	10
445.407	1	9
445.578	1	3
445.748	1	8
445.919	1	8
446.089	1	5
446.260	1	1
446.430	1	11
446.601	1	2
446.771	1	17
446.942	1	11
447.112	1	9
447.283	1	16
447.453	1	1
447.624	1	6
447.794	1	12
447.965	1	-3
448.135	1	6
448.306	1	9
448.477	1	2
448.647	1	14
448.818	1	1
448.988	1	9
449.159	1	2
449.329	1	11
449.500	1	4
449.670	1	9
449.841	1	4
450.011	1	10
450.182	1	9
450.352	1	3
450.523	1	4
450.693	1	7
450.864	1	8
451.034	1	2
451.205	1	6
451.375	1	-6
451.546	1	7
451.716	1	1
451.887	1	4
452.057	1	4
452.228	1	10
452.398	1	6
452.569	1	18
452.739	1	12
452.910	1	-4
453.080	1	8
453.251	1	13
453.421	1	0
453.592	1	11
453.762	1	3
453.933	1	11
454.103	1	10
454.274	1	7
454.444	1	7
454.615	1	3
454.785	1	-5
454.956	1	-1
455.126	1	5
455.297	1	4
455.467	1	9
455.638	1	-6
455.808	1	5
455.979	1	12
456.149	1	2
456.320	1	1
456.490	1	11
456.661	1	8
456.831	1	-3
457.001	1	13
457.172	1	3
457.342	1	6
457.513	1	12
457.683	1	5
457.854	1	10
458.024	1	1
458.195	1	-4
458.365	1	11
458.536	1	1
458.706	1	4
458.877	1	10
459.047	1	-2
459.218	1	-1
459.388	1	8
459.559	1	7
459.729	1	15
459.899	1	8
460.070	1	14
460.240	1	10
460.411	1	6
460.581	1	-1
460.752	1	5
460.922	1	9
461.093	1	9
461.263	1	10
461.434	1	3
461.604	1	-7
461.775	1	10
461.945	1	-4
462.115	1	7
462.286	1	15
462.456	1	11
462.627	1	7
462.797	1	6
462.968	1	9
463.138	1	19
463.309	1	7
463.479	1	8
463.649	1	9
463.820	1	-3
463.990	1	3
464.161	1	3
464.331	1	3
464.502	1	12
464.672	1	15
464.843	1	13
465.013	1	6
465.183	1	-2
465.354	1	13
465.524	1	12
465.695	1	12
465.865	1	1
466.036	1	8
466.206	1	7
466.376	1	5
466.547	1	7
466.717	1	-2
466.888	1	-3
467.058	1	-1
467.229	1	13
467.399	1	16
467.569	1	18
467.740	1	-5
467.910	1	-2
468.081	1	-4
468.251	1	12
468.422	1	-3
468.592	1	12
468.762	1	13
468.933	1	11
469.103	1	0
469.274	1	18
469.444	1	8
469.614	1	12
469.785	1	5
469.955	1	4
470.126	1	9
470.296	1	4
470.467	1	4
470.637	1	10
470.807	1	5
470.978	1	2
471.148	1	18
471.319	1	5
471.489	1	15
471.659	1	2
471.830	1	0
472.000	1	4
472.171	1	5
472.341	1	7
472.511	1	7
472.682	1	4
472.852	1	10
473.023	1	-3
473.193	1	3
473.363	1	6
473.534	1	-3
473.704	1	-3
473.875	1	11
474.045	1	9
474.215	1	15
474.386	1	13
474.556	1	0
474.727	1	10
474.897	1	3
475.067	1	1
475.238	1	15
475.408	1	15
475.578	1	13
475.749	1	9
475.919	1	4
476.090	1	20
476.260	1	6
476.430	1	-5
476.601	1	3
476.771	1	4
476.942	1	7
477.112	1	5
477.282	1	9
477.453	1	16
477.623	1	0
477.793	1	8
477.964	1	3
478.134	1	-1
478.305	1	-7
478.475	1	-4
478.645	1	10
478.816	1	14
478.986	1	14
479.156	1	3
479.327	1	-9
479.497	1	8
479.667	1	0
479.838	1	3
480.008	1	11
480.179	1	13
480.349	1	3
480.519	1	9
480.690	1	9
480.860	1	11
481.030	1	6
481.201	1	-1
481.371	1	18
481.541	1	6
481.712	1	4
481.882	1	8
482.053	1	14
482.223	1	4
482.393	1	8
482.564	1	4
482.734	1	10
482.904	1	9
483.075	1	11
483.245	1	14
483.415	1	6
483.586	1	4
483.756	1	9
483.926	1	5
484.097	1	3
484.267	1	-1
484.437	1	4
484.608	1	-4
484.778	1	13
484.948	1	6
485.119	1	7
485.289	1	-2
485.459	1	10
485.630	1	22
485.800	1	-1
485.970	1	8
486.141	1	5
486.311	1	12
486.481	1	5
486.652	1	11
486.822	1	12
486.992	1	3
487.163	1	2
487.333	1	6
487.503	1	10
487.674	1	9
487.844	1	5
488.014	1	1
488.185	1	21
488.355	1	8
488.525	1	4
488.696	1	3
488.866	1	1
489.036	1	-6
489.207	1	15
489.377	1	-4
489.547	1	10
489.718	1	6
489.888	1	15
490.058	1	1
490.228	1	11
490.399	1	-3
490.569	1	7
490.739	1	15
490.910	1	1
491.080	1	3
491.250	1	-2
491.421	1	9
491.591	1	11
491.761	1	22
491.932	1	10
492.102	1	11
492.272	1	4
492.442	1	3
492.613	1	11
492.783	1	13
492.953	1	18
493.124	1	5
493.294	1	4
493.464	1	15
493.635	1	9
493.805	1	8
493.975	1	3
494.145	1	4
494.316	1	10
494.486	1	5
494.656	1	12
494.827	1	15
494.997	1	-2
495.167	1	9
495.337	1	12
495.508	1	15
495.678	1	17
495.848	1	6
496.019	1	-8
496.189	1	15
496.359	1	4
496.529	1	8
496.700	1	3
496.870	1	18
497.040	1	5
497.211	1	1
497.381	1	1
497.551	1	6
497.721	1	13
497.892	1	7
498.062	1	13
498.232	1	-3
498.403	1	-2
498.573	1	16
498.743	1	23
498.913	1	9
499.084	1	-1
499.254	1	-1
499.424	1	21
499.594	1	12
499.765	1	1
499.935	1	15
500.105	1	9
500.275	1	-3
500.446	1	10
500.616	1	3
500.786	1	1
500.956	1	14
501.127	1	10
501.297	1	13
501.467	1	4
501.638	1	7
501.808	1	-1
501.978	1	10
502.148	1	11
502.319	1	2
502.489	1	3
502.659	1	6
502.829	1	15
503.000	1	8
503.170	1	2
503.340	1	14
503.510	1	8
503.681	1	-4
503.851	1	5
504.021	1	9
504.191	1	5
504.362	1	5
504.532	1	1
504.702	1	11
504.872	1	11
505.042	1	1
505.213	1	15
505.383	1	3
505.553	1	13
505.723	1	4
505.894	1	7
506.064	1	16
506.234	1	15
506.404	1	3
506.575	1	-2
506.745	1	5
506.915	1	9
507.085	1	7
507.256	1	3
507.426	1	13
507.596	1	7
507.766	1	11
507.936	1	2
508.107	1	15
508.277	1	3
508.447	1	10
508.617	1	14
508.788	1	8
508.958	1	3
509.128	1	8
509.298	1	5
509.468	1	10
509.639	1	12
509.809	1	13
509.979	1	14
510.149	1	10
510.319	1	5
510.490	1	7
510.660	1	1
510.830	1	13
511.000	1	10
511.171	1	4
511.341	1	-2
511.511	1	17
511.681	1	13
511.851	1	4
512.022	1	8
512.192	1	7
512.362	1	10
512.532	1	5
512.702	1	2
512.873	1	12
513.043	1	19
513.213	1	7
513.383	1	5
513.553	1	-1
513.724	1	3
513.894	1	0
514.064	1	5
514.234	1	9
514.404	1	3
514.575	1	15
514.745	1	11
514.915	1	-9
515.085	1	10
515.255	1	21
515.425	1	5
515.596	1	8
515.766	1	7
515.936	1	14
516.106	1	17
516.276	1	5
516.447	1	10
516.617	1	1
516.787	1	0
516.957	1	18
517.127	1	11
517.297	1	13
517.468	1	8
517.638	1	12
517.808	1	10
517.978	1	18
518.148	1	12
518.319	1	23
518.489	1	4
518.659	1	15
518.829	1	12
518.999	1	0
519.169	1	11
519.340	1	15
519.510	1	2
519.680	1	5
519.850	1	7
520.020	1	15
520.190	1	7
520.361	1	21
520.531	1	11
520.701	1	11
520.871	1	4
521.041	1	8
521.211	1	4
521.382	1	14
521.552	1	11
521.722	1	19
521.892	1	9
522.062	1	10
522.232	1	14
522.402	1	4
522.573	1	13
522.743	1	12
522.913	1	11
523.083	1	17
523.253	1	8
523.423	1	19
523.593	1	-6
523.764	1	15
523.934	1	12
524.104	1	9
524.274	1	0
524.444	1	13
524.614	1	9
524.784	1	17
524.955	1	16
525.125	1	10
525.295	1	14
525.465	1	5
525.635	1	9
525.805	1	13
525.975	1	9
526.146	1	19
526.316	1	6
526.486	1	17
526.656	1	15
526.826	1	12
526.996	1	14
527.166	1	9
527.337	1	15
527.507	1	6
527.677	1	22
527.847	1	19
528.017	1	3
528.187	1	5
528.357	1	8
528.527	1	15
528.698	1	11
528.868	1	1
529.038	1	1
529.208	1	18
529.378	1	8
529.548	1	3
529.718	1	13
529.888	1	18
530.058	1	17
530.229	1	9
530.399	1	22
530.569	1	2
530.739	1	17
530.909	1	7
531.079	1	4
531.249	1	19
531.419	1	7
531.589	1	4
531.760	1	17
531.930	1	13
532.100	1	4
532.270	1	9
532.440	1	15
532.610	1	10
532.780	1	15
532.950	1	5
533.120	1	26
533.290	1	13
533.461	1	2
533.631	1	13
533.801	1	14
533.971	1	8
534.141	1	7
534.311	1	5
534.481	1	7
534.651	1	16
534.821	1	11
534.991	1	9
535.162	1	23
535.332	1	25
535.502	1	18
535.672	1	10
535.842	1	22
536.012	1	6
536.182	1	22
536.352	1	20
536.522	1	15
536.692	1	23
536.862	1	14
537.032	1	20
537.203	1	23
537.373	1	27
537.543	1	9
537.713	1	7
537.883	1	16
538.053	1	16
538.223	1	16
538.393	1	1
538.563	1	15
538.733	1	15
538.903	1	10
539.073	1	7
539.243	1	8
539.413	1	5
539.584	1	22
539.754	1	10
539.924	1	23
540.094	1	7
540.264	1	0
540.434	1	13
540.604	1	12
540.774	1	15
540.944	1	23
541.114	1	14
541.284	1	11
541.454	1	5
541.624	1	6
541.794	1	25
541.964	1	11
542.134	1	11
542.305	1	13
542.475	1	19
542.645	1	16
542.815	1	19
542.985	1	23
543.155	1	12
543.325	1	7
543.495	1	27
543.665	1	17
543.835	1	7
544.005	1	12
544.175	1	4
544.345	1	13
544.515	1	10
544.685	1	1
544.855	1	18
545.025	1	28
545.195	1	18
545.365	1	11
545.535	1	18
545.705	1	11
545.875	1	17
546.045	1	10
546.216	1	16
546.386	1	5
546.556	1	22
546.726	1	18
546.896	1	28
547.066	1	14
547.236	1	10
547.406	1	18
547.576	1	11
547.746	1	27
547.916	1	11
548.086	1	18
548.256	1	22
548.426	1	14
548.596	1	8
548.766	1	27
548.936	1	0
549.106	1	19
549.276	1	21
549.446	1	10
549.616	1	9
549.786	1	11
549.956	1	22
550.126	1	22
550.296	1	29
550.466	1	12
550.636	1	23
550.806	1	20
550.976	1	15
551.146	1	30
551.316	1	32
551.486	1	0
551.656	1	26
551.826	1	25
551.996	1	13
552.166	1	20
552.336	1	33
552.506	1	19
552.676	1	15
552.846	1	33
553.016	1	27
553.186	1	11
553.356	1	12
553.526	1	30
553.696	1	25
553.866	1	19
554.036	1	20
554.206	1	24
554.376	1	23
554.546	1	15
554.716	1	15
554.886	1	29
555.056	1	20
555.226	1	26
555.396	1	23
555.566	1	20
555.736	1	6
555.906	1	25
556.076	1	21
556.246	1	22
556.416	1	24
556.586	1	11
556.756	1	22
556.926	1	17
557.096	1	11
557.266	1	12
557.436	1	14
557.606	1	10
557.776	1	17
557.946	1	17
558.116	1	6
558.286	1	17
558.456	1	9
558.626	1	31
558.796	1	9
558.966	1	21
559.136	1	19
559.306	1	29
559.476	1	13
559.646	1	5
559.816	1	13
559.986	1	19
560.155	1	11
560.325	1	14
560.495	1	16
560.665	1	15
560.835	1	10
561.005	1	17
561.175	1	3
561.345	1	13
561.515	1	22
561.685	1	15
561.855	1	7
562.025	1	26
562.195	1	21
562.365	1	7
562.535	1	9
562.705	1	9
562.875	1	17
563.045	1	21
563.215	1	21
563.385	1	20
563.555	1	36
563.725	1	7
563.895	1	24
564.064	1	41
564.234	1	15
564.404	1	1
564.574	1	31
564.744	1	17
564.914	1	19
565.084	1	17
565.254	1	19
565.424	1	16
565.594	1	19
565.764	1	18
565.934	1	13
566.104	1	16
566.274	1	9
566.444	1	21
566.614	1	16
566.783	1	13
566.953	1	21
567.123	1	30
567.293	1	23
567.463	1	16
567.633	1	24
567.803	1	10
567.973	1	14
568.143	1	15
568.313	1	7
568.483	1	17
568.653	1	16
568.823	1	18
568.993	1	21
569.162	1	20
569.332	1	19
569.502	1	15
569.672	1	19
569.842	1	14
570.012	1	15
570.182	1	16
570.352	1	14
570.522	1	13
570.692	1	2
570.862	1	30
571.031	1	24
571.201	1	20
571.371	1	2
571.541	1	26
571.711	1	6
571.881	1	18
572.051	1	23
572.221	1	18
572.391	1	10
572.561	1	18
572.731	1	13
572.900	1	16
573.070	1	17
573.240	1	16
573.410	1	11
573.580	1	17
573.750	1	15
573.920	1	15
574.090	1	14
574.260	1	16
574.430	1	5
574.599	1	9
574.769	1	16
574.939	1	18
575.109	1	12
575.279	1	15
575.449	1	16
575.619	1	27
575.789	1	14
575.959	1	8
576.128	1	24
576.298	1	14
576.468	1	12
576.638	1	23
576.808	1	22
576.978	1	14
577.148	1	21
577.318	1	8
577.487	1	5
577.657	1	21
577.827	1	14
577.997	1	13
578.167	1	25
578.337	1	14
578.507	1	17
578.677	1	9
578.846	1	29
579.016	1	11
579.186	1	19
579.356	1	7
579.526	1	16
579.696	1	8
579.866	1	18
580.036	1	18
580.205	1	17
580.375	1	21
580.545	1	18
580.715	1	18
580.885	1	17
581.055	1	11
581.225	1	5
581.394	1	6
581.564	1	3
581.734	1	15
581.904	1	23
582.074	1	15
582.244	1	21
582.414	1	23
582.583	1	23
582.753	1	10
582.923	1	11
583.093	1	10
583.263	1	17
583.433	1	15
583.603	1	23
583.772	1	27
583.942	1	14
584.112	1	14
584.282	1	33
584.452	1	26
584.622	1	19
584.791	1	25
584.961	1	26
585.131	1	21
585.301	1	24
585.471	1	12
585.641	1	34
585.811	1	24
585.980	1	16
586.150	1	26
586.320	1	20
586.490	1	19
586.660	1	17
586.830	1	19
586.999	1	12
587.169	1	13
587.339	1	10
587.509	1	18
587.679	1	20
587.849	1	16
588.018	1	8
588.188	1	18
588.358	1	21
588.528	1	8
588.698	1	14
588.867	1	10
589.037	1	24
589.207	1	16
589.377	1	16
589.547	1	23
589.717	1	25
589.886	1	5
590.056	1	2
590.226	1	24
590.396	1	14
590.566	1	11
590.735	1	12
590.905	1	15
591.075	1	16
591.245	1	23
591.415	1	25
591.585	1	16
591.754	1	14
591.924	1	24
592.094	1	5
592.264	1	30
592.434	1	29
592.603	1	16
592.773	1	25
592.943	1	5
593.113	1	5
593.283	1	11
593.452	1	16
593.622	1	14
593.792	1	24
593.962	1	22
594.132	1	19
594.301	1	24
594.471	1	-2
594.641	1	11
594.811	1	22
594.981	1	8
595.150	1	2
595.320	1	18
595.490	1	14
595.660	1	14
595.829	1	23
595.999	1	10
596.169	1	14
596.339	1	18
596.509	1	6
596.678	1	17
596.848	1	11
597.018	1	5
597.188	1	6
597.358	1	12
597.527	1	23
597.697	1	18
597.867	1	13
598.037	1	16
598.206	1	6
598.376	1	18
598.546	1	16
598.716	1	12
598.885	1	20
599.055	1	13
599.225	1	20
599.395	1	20
599.565	1	12
599.734	1	14
599.904	1	20
600.074	1	25
600.244	1	19
600.413	1	9
600.583	1	9
600.753	1	15
600.923	1	9
601.092	1	15
601.262	1	12
601.432	1	22
601.602	1	24
601.771	1	9
601.941	1	17
602.111	1	19
602.281	1	22
602.451	1	13
602.620	1	13
602.790	1	3
602.960	1	7
603.130	1	14
603.299	1	16
603.469	1	17
603.639	1	21
603.809	1	20
603.978	1	13
604.148	1	11
604.318	1	13
604.487	1	17
604.657	1	19
604.827	1	15
604.997	1	23
605.166	1	4
605.336	1	21
605.506	1	10
605.676	1	16
605.845	1	9
606.015	1	23
606.185	1	23
606.355	1	19
606.524	1	20
606.694	1	15
606.864	1	11
607.034	1	16
607.203	1	18
607.373	1	6
607.543	1	9
607.712	1	23
607.882	1	10
608.052	1	2
608.222	1	25
608.391	1	22
608.561	1	24
608.731	1	21
608.901	1	12
609.070	1	18
609.240	1	24
609.410	1	18
609.579	1	8
609.749	1	20
609.919	1	8
610.089	1	17
610.258	1	29
610.428	1	16
610.598	1	15
610.767	1	16
610.937	1	17
611.107	1	12
611.277	1	11
611.446	1	9
611.616	1	11
611.786	1	21
611.955	1	27
612.125	1	9
612.295	1	24
612.465	1	16
612.634	1	9
612.804	1	12
612.974	1	7
613.143	1	15
613.313	1	5
613.483	1	16
613.652	1	18
613.822	1	13
613.992	1	14
614.162	1	16
614.331	1	10
614.501	1	17
614.671	1	22
614.840	1	14
615.010	1	8
615.180	1	21
615.349	1	15
615.519	1	20
615.689	1	21
615.858	1	15
616.028	1	11
616.198	1	23
616.368	1	20
616.537	1	10
616.707	1	20
616.877	1	12
617.046	1	16
617.216	1	11
617.386	1	9
617.555	1	9
617.725	1	11
617.895	1	26
618.064	1	16
618.234	1	5
618.404	1	20
618.573	1	16
618.743	1	14
618.913	1	24
619.082	1	16
619.252	1	25
619.422	1	6
619.591	1	7
619.761	1	8
619.931	1	12
620.100	1	11
620.270	1	5
620.440	1	14
620.609	1	7
620.779	1	16
620.949	1	12
621.118	1	13
621.288	1	12
621.458	1	18
621.627	1	6
621.797	1	10
621.967	1	20
622.136	1	10
622.306	1	11
622.476	1	21
622.645	1	13
622.815	1	11
622.985	1	12
623.154	1	15
623.324	1	8
623.494	1	16
623.663	1	12
623.833	1	15
624.002	1	9
624.172	1	13
624.342	1	1
624.511	1	0
624.681	1	16
624.851	1	18
625.020	1	13
625.190	1	19
625.360	1	11
625.529	1	17
625.699	1	19
625.869	1	15
626.038	1	5
626.208	1	10
626.377	1	17
626.547	1	20
626.717	1	6
626.886	1	10
627.056	1	13
627.226	1	8
627.395	1	14
627.565	1	20
627.735	1	11
627.904	1	6
628.074	1	8
628.243	1	19
628.413	1	6
628.583	1	9
628.752	1	11
628.922	1	12
629.091	1	14
629.261	1	15
629.431	1	17
629.600	1	23
629.770	1	6
629.940	1	0
630.109	1	7
630.279	1	1
630.448	1	16
630.618	1	23
630.788	1	12
630.957	1	14
631.127	1	24
631.297	1	11
631.466	1	11
631.636	1	8
631.805	1	25
631.975	1	17
632.145	1	16
632.314	1	16
632.484	1	18
632.653	1	11
632.823	1	13
632.993	1	5
633.162	1	7
633.332	1	7
633.501	1	10
633.671	1	14
633.841	1	28
634.010	1	17
634.180	1	10
634.349	1	17
634.519	1	-3
634.689	1	3
634.858	1	-3
635.028	1	20
635.197	1	8
635.367	1	4
635.537	1	12
635.706	1	17
635.876	1	19
636.045	1	14
636.215	1	13
636.384	1	15
636.554	1	13
636.724	1	7
636.893	1	13
637.063	1	18
637.232	1	13
637.402	1	13
637.572	1	10
637.741	1	17
637.911	1	7
638.080	1	11
638.250	1	4
638.419	1	16
638.589	1	11
638.759	1	14
638.928	1	5
639.098	1	4
639.267	1	11
639.437	1	2
639.606	1	24
639.776	1	0
639.946	1	14
640.115	1	2
640.285	1	16
640.454	1	2
640.624	1	20
640.793	1	13
640.963	1	19
641.132	1	2
641.302	1	24
641.472	1	10
641.641	1	14
641.811	1	11
641.980	1	4
642.150	1	9
642.319	1	16
642.489	1	12
642.659	1	12
642.828	1	14
642.998	1	4
643.167	1	9
643.337	1	10
643.506	1	6
643.676	1	7
643.845	1	1
644.015	1	13
644.184	1	16
644.354	1	6
644.524	1	10
644.693	1	7
644.863	1	9
645.032	1	11
645.202	1	2
645.371	1	19
645.541	1	16
645.710	1	7
645.880	1	14
646.049	1	10
646.219	1	12
646.388	1	17
646.558	1	6
646.728	1	15
646.897	1	2
647.067	1	13
647.236	1	6
647.406	1	15
647.575	1	15
647.745	1	9
647.914	1	6
648.084	1	13
648.253	1	16
648.423	1	9
648.592	1	15
648.762	1	19
648.931	1	20
649.101	1	16
649.270	1	12
649.440	1	5
649.610	1	5
649.779	1	15
649.949	1	4
650.118	1	16
650.288	1	18
650.457	1	24
650.627	1	7
650.796	1	16
650.966	1	6
651.135	1	18
651.305	1	10
651.474	1	17
651.644	1	2
651.813	1	0
651.983	1	2
652.152	1	8
652.322	1	11
652.491	1	28
652.661	1	19
652.830	1	19
653.000	1	10
653.169	1	17
653.339	1	5
653.508	1	3
653.678	1	18
653.847	1	26
654.017	1	17
654.186	1	14
654.356	1	3
654.525	1	17
654.695	1	14
654.864	1	13
655.034	1	8
655.203	1	8
655.373	1	11
655.542	1	8
655.712	1	-4
655.881	1	0
656.051	1	9
656.220	1	17
656.390	1	9
656.559	1	18
656.729	1	14
656.898	1	11
657.068	1	14
657.237	1	17
657.406	1	16
657.576	1	5
657.745	1	6
657.915	1	3
658.084	1	15
658.254	1	5
658.423	1	7
658.593	1	5
658.762	1	5
658.932	1	16
659.101	1	7
659.271	1	10
659.440	1	11
659.610	1	11
659.779	1	20
659.949	1	6
660.118	1	9
660.288	1	8
660.457	1	13
660.626	1	-4
660.796	1	11
660.965	1	23
661.135	1	7
661.304	1	6
661.474	1	18
661.643	1	10
661.813	1	11
661.982	1	6
662.152	1	8
662.321	1	13
662.491	1	5
662.660	1	2
662.829	1	8
662.999	1	9
663.168	1	11
663.338	1	16
663.507	1	5
663.677	1	14
663.846	1	13
664.016	1	-5
664.185	1	9
664.354	1	7
664.524	1	-3
664.693	1	14
664.863	1	6
665.032	1	18
665.202	1	11
665.371	1	6
665.541	1	14
665.710	1	2
665.879	1	8
666.049	1	17
666.218	1	9
666.388	1	16
666.557	1	10
666.727	1	7
666.896	1	9
667.065	1	7
667.235	1	8
667.404	1	4
667.574	1	19
667.743	1	4
667.913	1	3
668.082	1	11
668.251	1	15
668.421	1	1
668.590	1	9
668.760	1	5
668.929	1	8
669.099	1	11
669.268	1	13
669.437	1	8
669.607	1	7
669.776	1	-2
669.946	1	9
670.115	1	4
670.285	1	1
670.454	1	4
670.623	1	6
670.793	1	14
670.962	1	14
671.132	1	1
671.301	1	-1
671.470	1	8
671.640	1	-3
671.809	1	20
671.979	1	18
672.148	1	7
672.317	1	10
672.487	1	15
672.656	1	6
672.826	1	12
672.995	1	0
673.164	1	14
673.334	1	3
673.503	1	3
673.673	1	9
673.842	1	3
674.011	1	19
674.181	1	6
674.350	1	19
674.520	1	-7
674.689	1	13
674.858	1	14
675.028	1	28
675.197	1	8
675.367	1	12
675.536	1	4
675.705	1	12
675.875	1	16
676.044	1	11
676.214	1	4
676.383	1	15
676.552	1	0
676.722	1	17
676.891	1	13
677.060	1	-7
677.230	1	-2
677.399	1	5
677.569	1	18
677.738	1	-6
677.907	1	19
678.077	1	-2
678.246	1	10
678.416	1	5
678.585	1	2
678.754	1	9
678.924	1	16
679.093	1	12
679.262	1	6
679.432	1	5
679.601	1	19
679.771	1	-5
679.940	1	11
680.109	1	10
680.279	1	5
680.448	1	0
680.617	1	20
680.787	1	22
680.956	1	12
681.125	1	5
681.295	1	2
681.464	1	4
681.634	1	14
681.803	1	9
681.972	1	14
682.142	1	15
682.311	1	9
682.480	1	11
682.650	1	18
682.819	1	1
682.988	1	14
683.158	1	10
683.327	1	15
683.496	1	8
683.666	1	10
683.835	1	18
684.004	1	10
684.174	1	13
684.343	1	-2
684.512	1	29
684.682	1	17
684.851	1	17
685.021	1	14
685.190	1	20
685.359	1	16
685.529	1	13
685.698	1	20
685.867	1	5
686.037	1	19
686.206	1	6
686.375	1	31
686.545	1	10
686.714	1	18
686.883	1	20
687.053	1	18
687.222	1	11
687.391	1	3
687.561	1	6
687.730	1	15
687.899	1	6
688.069	1	8
688.238	1	17
688.407	1	15
688.577	1	20
688.746	1	2
