340.368	1	1
340.539	1	5
340.710	1	5
340.881	1	-3
341.052	1	0
341.223	1	11
341.394	1	-5
341.565	1	-9
341.737	1	-1
341.908	1	10
342.079	1	9
342.250	1	-14
342.421	1	1
342.592	1	5
342.763	1	0
342.934	1	-3
343.105	1	0
343.276	1	-3
343.447	1	-9
343.618	1	-10
343.789	1	-4
343.960	1	6
344.131	1	9
344.302	1	6
344.473	1	11
344.644	1	16
344.815	1	-3
344.986	1	4
345.157	1	-3
345.328	1	7
345.499	1	4
345.670	1	-3
345.841	1	1
346.012	1	0
346.183	1	-3
346.354	1	0
346.526	1	-2
346.697	1	-3
346.868	1	3
347.039	1	2
347.210	1	-2
347.381	1	4
347.552	1	-3
347.723	1	13
347.894	1	-5
348.065	1	8
348.236	1	1
348.407	1	1
348.578	1	6
348.749	1	-6
348.920	1	-3
349.091	1	5
349.262	1	6
349.433	1	9
349.604	1	-4
349.775	1	-4
349.946	1	1
350.117	1	10
350.288	1	2
350.459	1	-1
350.630	1	-9
350.801	1	8
350.972	1	7
351.143	1	7
351.314	1	-7
351.485	1	1
351.656	1	-1
351.827	1	-1
351.998	1	-5
352.169	1	4
352.340	1	12
352.511	1	-4
352.682	1	-1
352.853	1	13
353.024	1	0
353.195	1	7
353.366	1	-4
353.537	1	0
353.708	1	-1
353.879	1	-4
354.050	1	3
354.221	1	5
354.392	1	-9
354.563	1	-4
354.734	1	1
354.905	1	7
355.076	1	-5
355.247	1	-1
355.418	1	2
355.589	1	-4
355.760	1	6
355.931	1	-7
356.102	1	8
356.273	1	3
356.444	1	7
356.615	1	-6
356.785	1	-6
356.956	1	-6
357.127	1	2
357.298	1	9
357.469	1	-5
357.640	1	0
357.811	1	-6
357.982	1	5
358.153	1	0
358.324	1	8
358.495	1	-6
358.666	1	1
358.837	1	-5
359.008	1	9
359.179	1	2
359.350	1	-3
359.521	1	-3
359.692	1	3
359.863	1	-7
360.034	1	0
360.205	1	5
360.376	1	1
360.547	1	1
360.718	1	-10
360.889	1	6
361.060	1	6
361.231	1	4
361.401	1	-8
361.572	1	-1
361.743	1	-4
361.914	1	7
362.085	1	4
362.256	1	4
362.427	1	5
362.598	1	-4
362.769	1	7
362.940	1	-4
363.111	1	9
363.282	1	-1
363.453	1	3
363.624	1	14
363.795	1	8
363.966	1	0
364.137	1	-3
364.308	1	-11
364.478	1	3
364.649	1	-5
364.820	1	-6
364.991	1	-5
365.162	1	1
365.333	1	-5
365.504	1	1
365.675	1	7
365.846	1	4
366.017	1	1
366.188	1	-3
366.359	1	7
366.530	1	2
366.701	1	5
366.871	1	1
367.042	1	2
367.213	1	3
367.384	1	6
367.555	1	-10
367.726	1	14
367.897	1	9
368.068	1	-4
368.239	1	5
368.410	1	2
368.581	1	6
368.752	1	13
368.923	1	-4
369.093	1	5
369.264	1	-7
369.435	1	8
369.606	1	-3
369.777	1	-8
369.948	1	2
370.119	1	2
370.290	1	2
370.461	1	1
370.632	1	11
370.803	1	6
370.973	1	-9
371.144	1	7
371.315	1	8
371.486	1	-6
371.657	1	1
371.828	1	5
371.999	1	10
372.170	1	2
372.341	1	6
372.512	1	11
372.682	1	2
372.853	1	-6
373.024	1	5
373.195	1	4
373.366	1	7
373.537	1	11
373.708	1	2
373.879	1	-12
374.050	1	15
374.220	1	-7
374.391	1	-6
374.562	1	-11
374.733	1	-5
374.904	1	9
375.075	1	1
375.246	1	-1
375.417	1	9
375.588	1	8
375.758	1	15
375.929	1	0
376.100	1	6
376.271	1	-7
376.442	1	-1
376.613	1	0
376.784	1	-8
376.955	1	-1
377.125	1	3
377.296	1	-6
377.467	1	2
377.638	1	-3
377.809	1	7
377.980	1	-13
378.151	1	6
378.321	1	8
378.492	1	3
378.663	1	0
378.834	1	1
379.005	1	-1
379.176	1	3
379.347	1	2
379.518	1	-5
379.688	1	10
379.859	1	1
380.030	1	0
380.201	1	10
380.372	1	-7
380.543	1	6
380.714	1	-3
380.884	1	14
381.055	1	-10
381.226	1	4
381.397	1	2
381.568	1	-1
381.739	1	10
381.910	1	6
382.080	1	5
382.251	1	14
382.422	1	15
382.593	1	0
382.764	1	-8
382.935	1	-4
383.105	1	11
383.276	1	2
383.447	1	5
383.618	1	-7
383.789	1	3
383.960	1	4
384.130	1	7
384.301	1	-9
384.472	1	-2
384.643	1	-2
384.814	1	-6
384.985	1	10
385.156	1	13
385.326	1	4
385.497	1	-3
385.668	1	1
385.839	1	6
386.010	1	6
386.180	1	-2
386.351	1	1
386.522	1	-8
386.693	1	-6
386.864	1	1
387.035	1	-4
387.205	1	-2
387.376	1	-7
387.547	1	-11
387.718	1	3
387.889	1	18
388.060	1	17
388.230	1	-3
388.401	1	3
388.572	1	1
388.743	1	-5
388.914	1	3
389.084	1	1
389.255	1	-1
389.426	1	-12
389.597	1	0
389.768	1	11
389.939	1	-7
390.109	1	6
390.280	1	3
390.451	1	1
390.622	1	-3
390.793	1	4
390.963	1	-3
391.134	1	7
391.305	1	7
391.476	1	6
391.647	1	-4
391.817	1	2
391.988	1	9
392.159	1	1
392.330	1	4
392.501	1	-11
392.671	1	-3
392.842	1	-11
393.013	1	4
393.184	1	8
393.355	1	-7
393.525	1	9
393.696	1	7
393.867	1	3
394.038	1	-4
394.208	1	-1
394.379	1	-9
394.550	1	6
394.721	1	13
394.892	1	6
395.062	1	6
395.233	1	-1
395.404	1	-6
395.575	1	3
395.746	1	1
395.916	1	-5
396.087	1	-3
396.258	1	-1
396.429	1	6
396.599	1	-2
396.770	1	-5
396.941	1	-2
397.112	1	-3
397.283	1	3
397.453	1	1
397.624	1	11
397.795	1	4
397.966	1	12
398.136	1	10
398.307	1	8
398.478	1	1
398.649	1	-10
398.819	1	2
398.990	1	-8
399.161	1	5
399.332	1	6
399.503	1	-6
399.673	1	2
399.844	1	-3
400.015	1	8
400.186	1	2
400.356	1	-7
400.527	1	5
400.698	1	6
400.869	1	0
401.039	1	8
401.210	1	16
401.381	1	1
401.552	1	4
401.722	1	2
401.893	1	1
402.064	1	2
402.235	1	5
402.405	1	14
402.576	1	5
402.747	1	-1
402.918	1	10
403.088	1	3
403.259	1	-1
403.430	1	3
403.601	1	10
403.771	1	9
403.942	1	-11
404.113	1	-1
404.284	1	6
404.454	1	-2
404.625	1	2
404.796	1	16
404.967	1	-3
405.137	1	-4
405.308	1	-12
405.479	1	5
405.649	1	3
405.820	1	1
405.991	1	2
406.162	1	-1
406.332	1	0
406.503	1	-3
406.674	1	13
406.845	1	-1
407.015	1	1
407.186	1	-7
407.357	1	8
407.527	1	0
407.698	1	0
407.869	1	1
408.040	1	-2
408.210	1	6
408.381	1	-5
408.552	1	8
408.722	1	0
408.893	1	-6
409.064	1	2
409.235	1	9
409.405	1	-8
409.576	1	-1
409.747	1	1
409.917	1	2
410.088	1	7
410.259	1	-2
410.430	1	6
410.600	1	5
410.771	1	0
410.942	1	-5
411.112	1	6
411.283	1	6
411.454	1	-4
411.625	1	-5
411.795	1	-4
411.966	1	6
412.137	1	10
412.307	1	-1
412.478	1	10
412.649	1	-1
412.819	1	7
412.990	1	-3
413.161	1	2
413.332	1	2
413.502	1	-3
413.673	1	-3
413.844	1	5
414.014	1	10
414.185	1	-1
414.356	1	-3
414.526	1	9
414.697	1	3
414.868	1	7
415.038	1	-8
415.209	1	3
415.380	1	2
415.550	1	2
415.721	1	-1
415.892	1	1
416.063	1	3
416.233	1	8
416.404	1	-3
416.575	1	4
416.745	1	-3
416.916	1	-2
417.087	1	3
417.257	1	-2
417.428	1	-9
417.599	1	4
417.769	1	-2
417.940	1	1
418.111	1	2
418.281	1	1
418.452	1	-1
418.623	1	1
418.793	1	2
418.964	1	3
419.135	1	-1
419.305	1	4
419.476	1	-4
419.647	1	1
419.817	1	-4
419.988	1	-1
420.159	1	3
420.329	1	14
420.500	1	-6
420.671	1	15
420.841	1	-5
421.012	1	11
421.183	1	9
421.353	1	-14
421.524	1	7
421.695	1	5
421.865	1	-1
422.036	1	10
422.206	1	-2
422.377	1	8
422.548	1	2
422.718	1	3
422.889	1	3
423.060	1	-5
423.230	1	4
423.401	1	4
423.572	1	1
423.742	1	5
423.913	1	1
424.084	1	4
424.254	1	-2
424.425	1	-1
424.595	1	-4
424.766	1	-4
424.937	1	-6
425.107	1	3
425.278	1	-3
425.449	1	-6
425.619	1	0
425.790	1	6
425.961	1	2
426.131	1	-2
426.302	1	10
426.472	1	4
426.643	1	-1
426.814	1	10
426.984	1	-3
427.155	1	2
427.326	1	5
427.496	1	5
427.667	1	0
427.837	1	7
428.008	1	-4
428.179	1	-1
428.349	1	-6
428.520	1	7
428.691	1	7
428.861	1	17
429.032	1	-4
429.202	1	1
429.373	1	-3
429.544	1	6
429.714	1	-1
429.885	1	8
430.055	1	10
430.226	1	-4
430.397	1	-6
430.567	1	18
430.738	1	3
430.909	1	1
431.079	1	1
431.250	1	5
431.420	1	8
431.591	1	-1
431.762	1	5
431.932	1	2
432.103	1	10
432.273	1	0
432.444	1	-6
432.615	1	-1
432.785	1	8
432.956	1	8
433.126	1	2
433.297	1	-2
433.468	1	-1
433.638	1	-6
433.809	1	-2
433.979	1	-2
434.150	1	10
434.320	1	8
434.491	1	0
434.662	1	-5
434.832	1	-2
435.003	1	1
435.173	1	7
435.344	1	-3
435.515	1	1
435.685	1	1
435.856	1	12
436.026	1	-6
436.197	1	7
436.368	1	5
436.538	1	5
436.709	1	-4
436.879	1	-1
437.050	1	6
437.220	1	4
437.391	1	8
437.562	1	-5
437.732	1	9
437.903	1	7
438.073	1	-3
438.244	1	5
438.414	1	8
438.585	1	2
438.756	1	-2
438.926	1	7
439.097	1	-13
439.267	1	5
439.438	1	3
439.608	1	7
439.779	1	11
439.949	1	-1
440.120	1	-3
440.291	1	8
440.461	1	-6
440.632	1	3
440.802	1	7
440.973	1	7
441.143	1	-3
441.314	1	-7
441.485	1	3
441.655	1	4
441.826	1	6
441.996	1	5
442.167	1	1
442.337	1	-1
442.508	1	9
442.678	1	4
442.849	1	3
443.019	1	3
443.190	1	2
443.361	1	14
443.531	1	4
443.702	1	1
443.872	1	5
444.043	1	-4
444.213	1	16
444.384	1	5
444.554	1	0
444.725	1	3
444.895	1	7
445.066	1	3
445.237	1	0
445.407	1	2
445.578	1	14
445.748	1	2
445.919	1	4
446.089	1	-2
446.260	1	-7
446.430	1	4
446.601	1	-2
446.771	1	5
446.942	1	-1
447.112	1	-4
447.283	1	2
447.453	1	-6
447.624	1	-4
447.794	1	12
447.965	1	2
448.135	1	-4
448.306	1	0
448.477	1	1
448.647	1	6
448.818	1	-3
448.988	1	-7
449.159	1	2
449.329	1	8
449.500	1	10
449.670	1	-2
449.841	1	-1
450.011	1	4
450.182	1	3
450.352	1	8
450.523	1	6
450.693	1	0
450.864	1	12
451.034	1	6
451.205	1	7
451.375	1	-7
451.546	1	-1
451.716	1	4
451.887	1	0
452.057	1	3
452.228	1	10
452.398	1	9
452.569	1	-5
452.739	1	9
452.910	1	0
453.080	1	4
453.251	1	6
453.421	1	4
453.592	1	8
453.762	1	1
453.933	1	6
454.103	1	6
454.274	1	0
454.444	1	1
454.615	1	-4
454.785	1	-4
454.956	1	1
455.126	1	4
455.297	1	-5
455.467	1	2
455.638	1	0
455.808	1	11
455.979	1	5
456.149	1	-3
456.320	1	8
456.490	1	7
456.661	1	2
456.831	1	-4
457.001	1	5
457.172	1	2
457.342	1	1
457.513	1	7
457.683	1	7
457.854	1	2
458.024	1	4
458.195	1	-12
458.365	1	4
458.536	1	-1
458.706	1	-2
458.877	1	-3
459.047	1	0
459.218	1	5
459.388	1	-2
459.559	1	13
459.729	1	7
459.899	1	6
460.070	1	6
460.240	1	6
460.411	1	2
460.581	1	-2
460.752	1	-7
460.922	1	10
461.093	1	9
461.263	1	5
461.434	1	0
461.604	1	5
461.775	1	-3
461.945	1	-8
462.115	1	0
462.286	1	11
462.456	1	5
462.627	1	4
462.797	1	-3
462.968	1	-5
463.138	1	1
463.309	1	11
463.479	1	10
463.649	1	-2
463.820	1	-15
463.990	1	3
464.161	1	1
464.331	1	3
464.502	1	1
464.672	1	-6
464.843	1	8
465.013	1	12
465.183	1	-2
465.354	1	1
465.524	1	11
465.695	1	12
465.865	1	2
466.036	1	6
466.206	1	7
466.376	1	9
466.547	1	-4
466.717	1	-7
466.888	1	1
467.058	1	-1
467.229	1	0
467.399	1	2
467.569	1	6
467.740	1	-14
467.910	1	-9
468.081	1	-5
468.251	1	7
468.422	1	-4
468.592	1	5
468.762	1	15
468.933	1	9
469.103	1	-11
469.274	1	8
469.444	1	7
469.614	1	7
469.785	1	-4
469.955	1	-2
470.126	1	3
470.296	1	-9
470.467	1	-1
470.637	1	10
470.807	1	8
470.978	1	-6
471.148	1	10
471.319	1	-4
471.489	1	6
471.659	1	2
471.830	1	-2
472.000	1	2
472.171	1	4
472.341	1	-10
472.511	1	-1
472.682	1	6
472.852	1	4
473.023	1	-1
473.193	1	0
473.363	1	-5
473.534	1	-2
473.704	1	3
473.875	1	4
474.045	1	-5
474.215	1	2
474.386	1	3
474.556	1	3
474.727	1	4
474.897	1	-4
475.067	1	7
475.238	1	-5
475.408	1	4
475.578	1	4
475.749	1	6
475.919	1	-10
476.090	1	10
476.260	1	0
476.430	1	-1
476.601	1	-5
476.771	1	9
476.942	1	1
477.112	1	9
477.282	1	3
477.453	1	3
477.623	1	3
477.793	1	-6
477.964	1	-12
478.134	1	4
478.305	1	-1
478.475	1	-4
478.645	1	0
478.816	1	21
478.986	1	-7
479.156	1	0
479.327	1	-14
479.497	1	-3
479.667	1	5
479.838	1	5
480.008	1	0
480.179	1	3
480.349	1	-7
480.519	1	1
480.690	1	5
480.860	1	9
481.030	1	0
481.201	1	-6
481.371	1	6
481.541	1	-5
481.712	1	3
481.882	1	3
482.053	1	3
482.223	1	-2
482.393	1	-6
482.564	1	-2
482.734	1	5
482.904	1	-6
483.075	1	-1
483.245	1	11
483.415	1	-2
483.586	1	0
483.756	1	0
483.926	1	-2
484.097	1	-5
484.267	1	-4
484.437	1	0
484.608	1	3
484.778	1	8
484.948	1	-1
485.119	1	-4
485.289	1	-5
485.459	1	9
485.630	1	8
485.800	1	-4
485.970	1	-2
486.141	1	-1
486.311	1	1
486.481	1	-13
486.652	1	3
486.822	1	14
486.992	1	-2
487.163	1	-4
487.333	1	8
487.503	1	3
487.674	1	4
487.844	1	-6
488.014	1	-5
488.185	1	13
488.355	1	12
488.525	1	6
488.696	1	-6
488.866	1	-2
489.036	1	3
489.207	1	4
489.377	1	1
489.547	1	14
489.718	1	2
489.888	1	2
490.058	1	6
490.228	1	10
490.399	1	-6
490.569	1	-1
490.739	1	2
490.910	1	-5
491.080	1	-5
491.250	1	-1
491.421	1	1
491.591	1	-1
491.761	1	7
491.932	1	8
492.102	1	-2
492.272	1	0
492.442	1	-5
492.613	1	12
492.783	1	11
492.953	1	3
493.124	1	1
493.294	1	-2
493.464	1	8
493.635	1	-6
493.805	1	-3
493.975	1	0
494.145	1	0
494.316	1	-5
494.486	1	1
494.656	1	9
494.827	1	-5
494.997	1	-5
495.167	1	3
495.337	1	12
495.508	1	-8
495.678	1	-5
495.848	1	-4
496.019	1	0
496.189	1	3
496.359	1	1
496.529	1	2
496.700	1	2
496.870	1	-3
497.040	1	-3
497.211	1	-3
497.381	1	-8
497.551	1	-2
497.721	1	16
497.892	1	2
498.062	1	16
498.232	1	-3
498.403	1	8
498.573	1	9
498.743	1	13
498.913	1	2
499.084	1	-8
499.254	1	0
499.424	1	8
499.594	1	5
499.765	1	-4
499.935	1	3
500.105	1	-9
500.275	1	1
500.446	1	4
500.616	1	1
500.786	1	2
500.956	1	7
501.127	1	-2
501.297	1	4
501.467	1	-4
501.638	1	-3
501.808	1	-6
501.978	1	-2
502.148	1	11
502.319	1	1
502.489	1	3
502.659	1	-8
502.829	1	4
503.000	1	0
503.170	1	2
503.340	1	6
503.510	1	6
503.681	1	-4
503.851	1	1
504.021	1	0
504.191	1	-5
504.362	1	-4
504.532	1	-11
504.702	1	6
504.872	1	-6
505.042	1	-3
505.213	1	2
505.383	1	2
505.553	1	14
505.723	1	-3
505.894	1	6
506.064	1	1
506.234	1	9
506.404	1	-7
506.575	1	-2
506.745	1	-13
506.915	1	0
507.085	1	-3
507.256	1	-1
507.426	1	-8
507.596	1	-1
507.766	1	9
507.936	1	1
508.107	1	7
508.277	1	-3
508.447	1	-2
508.617	1	1
508.788	1	-6
508.958	1	5
509.128	1	-7
509.298	1	-9
509.468	1	5
509.639	1	4
509.809	1	3
509.979	1	1
510.149	1	0
510.319	1	0
510.490	1	6
510.660	1	13
510.830	1	-4
511.000	1	-1
511.171	1	-15
511.341	1	5
511.511	1	12
511.681	1	0
511.851	1	8
512.022	1	2
512.192	1	4
512.362	1	10
512.532	1	-8
512.702	1	-3
512.873	1	0
513.043	1	6
513.213	1	1
513.383	1	0
513.553	1	0
513.724	1	1
513.894	1	0
514.064	1	-14
514.234	1	-2
514.404	1	-1
514.575	1	16
514.745	1	-9
514.915	1	-21
515.085	1	-3
515.255	1	12
515.425	1	-5
515.596	1	-1
515.766	1	0
515.936	1	4
516.106	1	-2
516.276	1	8
516.447	1	3
516.617	1	-2
516.787	1	-4
516.957	1	11
517.127	1	11
517.297	1	1
517.468	1	9
517.638	1	-4
517.808	1	1
517.978	1	5
518.148	1	11
518.319	1	7
518.489	1	9
518.659	1	2
518.829	1	4
518.999	1	-4
519.169	1	-10
519.340	1	1
519.510	1	-7
519.680	1	-4
519.850	1	3
520.020	1	8
520.190	1	2
520.361	1	3
520.531	1	-10
520.701	1	-2
520.871	1	-7
521.041	1	-7
521.211	1	0
521.382	1	2
521.552	1	11
521.722	1	8
521.892	1	1
522.062	1	2
522.232	1	1
522.402	1	0
522.573	1	12
522.743	1	-1
522.913	1	-17
523.083	1	5
523.253	1	6
523.423	1	5
523.593	1	-16
523.764	1	0
523.934	1	4
524.104	1	5
524.274	1	-3
524.444	1	8
524.614	1	5
524.784	1	16
524.955	1	6
525.125	1	1
525.295	1	-1
525.465	1	-7
525.635	1	-5
525.805	1	1
525.975	1	4
526.146	1	4
526.316	1	6
526.486	1	9
526.656	1	3
526.826	1	-1
526.996	1	12
527.166	1	5
527.337	1	-3
527.507	1	-3
527.677	1	12
527.847	1	6
528.017	1	-9
528.187	1	1
528.357	1	10
528.527	1	1
528.698	1	3
528.868	1	-5
529.038	1	2
529.208	1	7
529.378	1	6
529.548	1	-15
529.718	1	-9
529.888	1	7
530.058	1	5
530.229	1	11
530.399	1	13
530.569	1	-7
530.739	1	2
530.909	1	-3
531.079	1	-11
531.249	1	1
531.419	1	2
531.589	1	-5
531.760	1	5
531.930	1	-1
532.100	1	-2
532.270	1	-5
532.440	1	-9
532.610	1	8
532.780	1	-9
532.950	1	-10
533.120	1	1
533.290	1	9
533.461	1	-6
533.631	1	8
533.801	1	0
533.971	1	4
534.141	1	2
534.311	1	2
534.481	1	0
534.651	1	4
534.821	1	-5
534.991	1	-6
535.162	1	7
535.332	1	-4
535.502	1	0
535.672	1	-2
535.842	1	-2
536.012	1	-1
536.182	1	3
536.352	1	9
536.522	1	-4
536.692	1	4
536.862	1	5
537.032	1	7
537.203	1	7
537.373	1	14
537.543	1	5
537.713	1	-2
537.883	1	-5
538.053	1	-4
538.223	1	-2
538.393	1	-9
538.563	1	3
538.733	1	0
538.903	1	-7
539.073	1	-1
539.243	1	-6
539.413	1	3
539.584	1	1
539.754	1	-5
539.924	1	6
540.094	1	-5
540.264	1	2
540.434	1	9
540.604	1	6
540.774	1	18
540.944	1	2
541.114	1	4
541.284	1	0
541.454	1	-10
541.624	1	-6
541.794	1	9
541.964	1	13
542.134	1	-5
542.305	1	9
542.475	1	12
542.645	1	4
542.815	1	7
542.985	1	11
543.155	1	4
543.325	1	-5
543.495	1	9
543.665	1	8
543.835	1	-4
544.005	1	-1
544.175	1	-4
544.345	1	7
544.515	1	-4
544.685	1	-7
544.855	1	3
545.025	1	9
545.195	1	2
545.365	1	-2
545.535	1	-4
545.705	1	-1
545.875	1	0
546.045	1	-2
546.216	1	0
546.386	1	-3
546.556	1	6
546.726	1	4
546.896	1	-1
547.066	1	-5
547.236	1	1
547.406	1	-3
547.576	1	8
547.746	1	9
547.916	1	1
548.086	1	-5
548.256	1	0
548.426	1	2
548.596	1	2
548.766	1	1
548.936	1	-12
549.106	1	-1
549.276	1	2
549.446	1	1
549.616	1	-8
549.786	1	15
549.956	1	7
550.126	1	9
550.296	1	-3
550.466	1	0
550.636	1	10
550.806	1	6
550.976	1	-4
551.146	1	8
551.316	1	9
551.486	1	1
551.656	1	7
551.826	1	4
551.996	1	4
552.166	1	10
552.336	1	2
552.506	1	4
552.676	1	8
552.846	1	5
553.016	1	9
553.186	1	3
553.356	1	-1
553.526	1	2
553.696	1	15
553.866	1	1
554.036	1	0
554.206	1	-7
554.376	1	-1
554.546	1	8
554.716	1	-13
554.886	1	11
555.056	1	4
555.226	1	11
555.396	1	-12
555.566	1	3
555.736	1	2
555.906	1	7
556.076	1	1
556.246	1	7
556.416	1	10
556.586	1	2
556.756	1	7
556.926	1	12
557.096	1	1
557.266	1	-2
557.436	1	-10
557.606	1	-3
557.776	1	-6
557.946	1	-4
558.116	1	3
558.286	1	4
558.456	1	5
558.626	1	5
558.796	1	1
558.966	1	1
559.136	1	8
559.306	1	2
559.476	1	-2
559.646	1	-6
559.816	1	-1
559.986	1	4
560.155	1	5
560.325	1	-6
560.495	1	-1
560.665	1	-3
560.835	1	1
561.005	1	-6
561.175	1	3
561.345	1	-12
561.515	1	6
561.685	1	-1
561.855	1	-2
562.025	1	4
562.195	1	3
562.365	1	-2
562.535	1	0
562.705	1	5
562.875	1	1
563.045	1	-7
563.215	1	3
563.385	1	3
563.555	1	9
563.725	1	-12
563.895	1	3
564.064	1	5
564.234	1	2
564.404	1	-14
564.574	1	20
564.744	1	-1
564.914	1	8
565.084	1	3
565.254	1	11
565.424	1	8
565.594	1	15
565.764	1	1
565.934	1	0
566.104	1	-11
566.274	1	-1
566.444	1	5
566.614	1	-5
566.783	1	-2
566.953	1	7
567.123	1	-2
567.293	1	9
567.463	1	10
567.633	1	-4
567.803	1	-1
567.973	1	6
568.143	1	-6
568.313	1	4
568.483	1	-4
568.653	1	1
568.823	1	8
568.993	1	1
569.162	1	-7
569.332	1	7
569.502	1	8
569.672	1	-4
569.842	1	6
570.012	1	-9
570.182	1	-3
570.352	1	2
570.522	1	2
570.692	1	2
570.862	1	12
571.031	1	-1
571.201	1	3
571.371	1	-6
571.541	1	8
571.711	1	9
571.881	1	3
572.051	1	1
572.221	1	4
572.391	1	-10
572.561	1	11
572.731	1	-2
572.900	1	2
573.070	1	-12
573.240	1	0
573.410	1	4
573.580	1	4
573.750	1	2
573.920	1	-6
574.090	1	-2
574.260	1	2
574.430	1	0
574.599	1	5
574.769	1	0
574.939	1	1
575.109	1	9
575.279	1	-7
575.449	1	1
575.619	1	-3
575.789	1	3
575.959	1	4
576.128	1	2
576.298	1	11
576.468	1	6
576.638	1	-3
576.808	1	1
576.978	1	8
577.148	1	-9
577.318	1	-8
577.487	1	-1
577.657	1	9
577.827	1	3
577.997	1	4
578.167	1	6
578.337	1	2
578.507	1	7
578.677	1	-4
578.846	1	6
579.016	1	0
579.186	1	10
579.356	1	3
579.526	1	4
579.696	1	5
579.866	1	0
580.036	1	10
580.205	1	-8
580.375	1	-1
580.545	1	4
580.715	1	3
580.885	1	10
581.055	1	1
581.225	1	0
581.394	1	-7
581.564	1	-1
581.734	1	1
581.904	1	-1
582.074	1	5
582.244	1	4
582.414	1	13
582.583	1	13
582.753	1	-9
582.923	1	3
583.093	1	9
583.263	1	-3
583.433	1	-2
583.603	1	10
583.772	1	-1
583.942	1	10
584.112	1	3
584.282	1	6
584.452	1	5
584.622	1	6
584.791	1	5
584.961	1	6
585.131	1	6
585.301	1	-7
585.471	1	0
585.641	1	3
585.811	1	7
585.980	1	0
586.150	1	6
586.320	1	3
586.490	1	0
586.660	1	-1
586.830	1	11
586.999	1	8
587.169	1	-5
587.339	1	-8
587.509	1	-3
587.679	1	-5
587.849	1	0
588.018	1	-7
588.188	1	4
588.358	1	4
588.528	1	-3
588.698	1	-2
588.867	1	-4
589.037	1	3
589.207	1	-11
589.377	1	5
589.547	1	8
589.717	1	-5
589.886	1	0
590.056	1	1
590.226	1	2
590.396	1	1
590.566	1	0
590.735	1	-11
590.905	1	2
591.075	1	5
591.245	1	12
591.415	1	-2
591.585	1	6
591.754	1	-9
591.924	1	-10
592.094	1	0
592.264	1	8
592.434	1	11
592.603	1	2
592.773	1	13
592.943	1	3
593.113	1	-6
593.283	1	-2
593.452	1	0
593.622	1	5
593.792	1	4
593.962	1	3
594.132	1	10
594.301	1	-9
594.471	1	-3
594.641	1	-1
594.811	1	-9
594.981	1	-8
595.150	1	-4
595.320	1	-2
595.490	1	-6
595.660	1	4
595.829	1	8
595.999	1	-10
596.169	1	-8
596.339	1	-8
596.509	1	2
596.678	1	3
596.848	1	3
597.018	1	-6
597.188	1	-5
597.358	1	0
597.527	1	14
597.697	1	-2
597.867	1	4
598.037	1	-2
598.206	1	3
598.376	1	6
598.546	1	-1
598.716	1	6
598.885	1	12
599.055	1	2
599.225	1	6
599.395	1	-3
599.565	1	0
599.734	1	7
599.904	1	9
600.074	1	13
600.244	1	0
600.413	1	-8
600.583	1	7
600.753	1	6
600.923	1	1
601.092	1	1
601.262	1	-2
601.432	1	6
601.602	1	-6
601.771	1	0
601.941	1	2
602.111	1	-1
602.281	1	9
602.451	1	6
602.620	1	1
602.790	1	-5
602.960	1	-8
603.130	1	-9
603.299	1	-1
603.469	1	1
603.639	1	4
603.809	1	11
603.978	1	-6
604.148	1	1
604.318	1	3
604.487	1	-4
604.657	1	2
604.827	1	4
604.997	1	3
605.166	1	5
605.336	1	1
605.506	1	-7
605.676	1	6
605.845	1	-3
606.015	1	3
606.185	1	4
606.355	1	2
606.524	1	4
606.694	1	-2
606.864	1	2
607.034	1	5
607.203	1	-2
607.373	1	0
607.543	1	-3
607.712	1	-6
607.882	1	-7
608.052	1	-5
608.222	1	-5
608.391	1	6
608.561	1	13
608.731	1	11
608.901	1	3
609.070	1	7
609.240	1	8
609.410	1	3
609.579	1	-13
609.749	1	5
609.919	1	-4
610.089	1	8
610.258	1	6
610.428	1	2
610.598	1	3
610.767	1	-5
610.937	1	6
611.107	1	-2
611.277	1	-9
611.446	1	3
611.616	1	3
611.786	1	6
611.955	1	14
612.125	1	-4
612.295	1	-2
612.465	1	1
612.634	1	-3
612.804	1	9
612.974	1	-1
613.143	1	3
613.313	1	0
613.483	1	1
613.652	1	14
613.822	1	-6
613.992	1	0
614.162	1	12
614.331	1	-3
614.501	1	8
614.671	1	4
614.840	1	9
615.010	1	-4
615.180	1	7
615.349	1	2
615.519	1	1
615.689	1	13
615.858	1	3
616.028	1	-4
616.198	1	11
616.368	1	1
616.537	1	0
616.707	1	11
616.877	1	-9
617.046	1	2
617.216	1	6
617.386	1	7
617.555	1	3
617.725	1	-3
617.895	1	6
618.064	1	-6
618.234	1	-1
618.404	1	-8
618.573	1	9
618.743	1	1
618.913	1	12
619.082	1	5
619.252	1	-3
619.422	1	-6
619.591	1	-4
619.761	1	-2
619.931	1	7
620.100	1	1
620.270	1	-2
620.440	1	2
620.609	1	6
620.779	1	4
620.949	1	-8
621.118	1	2
621.288	1	-2
621.458	1	5
621.627	1	-8
621.797	1	11
621.967	1	6
622.136	1	-5
622.306	1	2
622.476	1	11
622.645	1	5
622.815	1	-2
622.985	1	-11
623.154	1	1
623.324	1	-4
623.494	1	6
623.663	1	4
623.833	1	5
624.002	1	-6
624.172	1	-5
624.342	1	-13
624.511	1	-6
624.681	1	5
624.851	1	0
625.020	1	-3
625.190	1	10
625.360	1	-13
625.529	1	-3
625.699	1	1
625.869	1	5
626.038	1	-2
626.208	1	-4
626.377	1	9
626.547	1	3
626.717	1	0
626.886	1	2
627.056	1	-7
627.226	1	1
627.395	1	-3
627.565	1	0
627.735	1	4
627.904	1	-6
628.074	1	-1
628.243	1	14
628.413	1	-13
628.583	1	-1
628.752	1	1
628.922	1	-1
629.091	1	-1
629.261	1	-8
629.431	1	3
629.600	1	13
629.770	1	5
629.940	1	1
630.109	1	8
630.279	1	-8
630.448	1	1
630.618	1	12
630.788	1	5
630.957	1	2
631.127	1	1
631.297	1	-11
631.466	1	4
631.636	1	-2
631.805	1	12
631.975	1	8
632.145	1	13
632.314	1	-3
632.484	1	0
632.653	1	-3
632.823	1	7
632.993	1	0
633.162	1	-4
633.332	1	-8
633.501	1	1
633.671	1	1
633.841	1	18
634.010	1	6
634.180	1	5
634.349	1	12
634.519	1	-13
634.689	1	1
634.858	1	-14
635.028	1	14
635.197	1	4
635.367	1	-1
635.537	1	0
635.706	1	9
635.876	1	4
636.045	1	1
636.215	1	9
636.384	1	14
636.554	1	3
636.724	1	-2
636.893	1	-5
637.063	1	3
637.232	1	-1
637.402	1	-1
637.572	1	1
637.741	1	-4
637.911	1	-1
638.080	1	-3
638.250	1	7
638.419	1	11
638.589	1	11
638.759	1	3
638.928	1	5
639.098	1	-9
639.267	1	-7
639.437	1	0
639.606	1	5
639.776	1	6
639.946	1	5
640.115	1	3
640.285	1	-3
640.454	1	-6
640.624	1	10
640.793	1	3
640.963	1	-6
641.132	1	-7
641.302	1	12
641.472	1	-6
641.641	1	5
641.811	1	2
641.980	1	-8
642.150	1	2
642.319	1	5
642.489	1	5
642.659	1	-1
642.828	1	4
642.998	1	2
643.167	1	3
643.337	1	-1
643.506	1	7
643.676	1	7
643.845	1	-10
644.015	1	4
644.184	1	5
644.354	1	2
644.524	1	-4
644.693	1	10
644.863	1	1
645.032	1	5
645.202	1	1
645.371	1	2
645.541	1	0
645.710	1	2
645.880	1	0
646.049	1	-1
646.219	1	3
646.388	1	5
646.558	1	0
646.728	1	10
646.897	1	3
647.067	1	4
647.236	1	4
647.406	1	0
647.575	1	8
647.745	1	1
647.914	1	2
648.084	1	9
648.253	1	7
648.423	1	-3
648.592	1	2
648.762	1	12
648.931	1	2
649.101	1	7
649.270	1	4
649.440	1	0
649.610	1	-16
649.779	1	1
649.949	1	-2
650.118	1	5
650.288	1	6
650.457	1	8
650.627	1	2
650.796	1	8
650.966	1	3
651.135	1	4
651.305	1	6
651.474	1	-2
651.644	1	-14
651.813	1	-17
651.983	1	1
652.152	1	-2
652.322	1	4
652.491	1	16
652.661	1	6
652.830	1	5
653.000	1	4
653.169	1	0
653.339	1	-8
653.508	1	6
653.678	1	2
653.847	1	3
654.017	1	5
654.186	1	-1
654.356	1	-7
654.525	1	6
654.695	1	5
654.864	1	4
655.034	1	-3
655.203	1	-4
655.373	1	7
655.542	1	10
655.712	1	1
655.881	1	-15
656.051	1	2
656.220	1	7
656.390	1	-8
656.559	1	6
656.729	1	2
656.898	1	-1
657.068	1	8
657.237	1	6
657.406	1	4
657.576	1	-1
657.745	1	-4
657.915	1	2
658.084	1	-2
658.254	1	3
658.423	1	-2
658.593	1	-1
658.762	1	-4
658.932	1	0
659.101	1	2
659.271	1	5
659.440	1	4
659.610	1	3
659.779	1	4
659.949	1	3
660.118	1	9
660.288	1	0
660.457	1	-4
660.626	1	1
660.796	1	1
660.965	1	-3
661.135	1	-4
661.304	1	4
661.474	1	5
661.643	1	-2
661.813	1	-2
661.982	1	1
662.152	1	6
662.321	1	-6
662.491	1	12
662.660	1	-6
662.829	1	3
662.999	1	9
663.168	1	0
663.338	1	2
663.507	1	-14
663.677	1	14
663.846	1	7
664.016	1	1
664.185	1	-5
664.354	1	0
664.524	1	1
664.693	1	9
664.863	1	-5
665.032	1	1
665.202	1	6
665.371	1	-1
665.541	1	8
665.710	1	-4
665.879	1	4
666.049	1	7
666.218	1	13
666.388	1	3
666.557	1	-3
666.727	1	8
666.896	1	4
667.065	1	0
667.235	1	-1
667.404	1	0
667.574	1	10
667.743	1	-3
667.913	1	2
668.082	1	-2
668.251	1	8
668.421	1	-5
668.590	1	9
668.760	1	3
668.929	1	2
669.099	1	3
669.268	1	-1
669.437	1	-1
669.607	1	9
669.776	1	-14
669.946	1	-2
670.115	1	-6
670.285	1	3
670.454	1	-2
670.623	1	-10
670.793	1	11
670.962	1	2
671.132	1	-6
671.301	1	-5
671.470	1	0
671.640	1	-3
671.809	1	14
671.979	1	7
672.148	1	-8
672.317	1	-2
672.487	1	11
672.656	1	6
672.826	1	10
672.995	1	-8
673.164	1	4
673.334	1	5
673.503	1	0
673.673	1	-2
673.842	1	-2
674.011	1	-1
674.181	1	-9
674.350	1	9
674.520	1	-3
674.689	1	5
674.858	1	-2
675.028	1	12
675.197	1	2
675.367	1	-3
675.536	1	-6
675.705	1	-4
675.875	1	-1
676.044	1	6
676.214	1	0
676.383	1	7
676.552	1	-9
676.722	1	3
676.891	1	-5
677.060	1	-4
677.230	1	-9
677.399	1	-2
677.569	1	-5
677.738	1	-3
677.907	1	1
678.077	1	-15
678.246	1	2
678.416	1	-6
678.585	1	-6
678.754	1	5
678.924	1	-4
679.093	1	6
679.262	1	-9
679.432	1	7
679.601	1	-4
679.771	1	4
679.940	1	2
680.109	1	0
680.279	1	-1
680.448	1	-17
680.617	1	10
680.787	1	14
680.956	1	14
681.125	1	6
681.295	1	-1
681.464	1	1
681.634	1	8
681.803	1	9
681.972	1	-2
682.142	1	-6
682.311	1	-6
682.480	1	6
682.650	1	3
682.819	1	-6
682.988	1	10
683.158	1	-2
683.327	1	1
683.496	1	-6
683.666	1	6
683.835	1	3
684.004	1	1
684.174	1	-2
684.343	1	-8
684.512	1	12
684.682	1	4
684.851	1	6
685.021	1	7
685.190	1	-1
685.359	1	-1
685.529	1	-10
685.698	1	0
685.867	1	-1
686.037	1	2
686.206	1	1
686.375	1	20
686.545	1	0
686.714	1	9
686.883	1	-8
687.053	1	4
687.222	1	-6
687.391	1	1
687.561	1	1
687.730	1	0
687.899	1	-9
688.069	1	8
688.238	1	-5
688.407	1	5
688.577	1	7
688.746	1	-3
