340.368	1	-3
340.539	1	0
340.710	1	-3
340.881	1	-3
341.052	1	-3
341.223	1	5
341.394	1	-8
341.565	1	-11
341.737	1	-5
341.908	1	13
342.079	1	14
342.250	1	-9
342.421	1	-9
342.592	1	11
342.763	1	-13
342.934	1	-7
343.105	1	-9
343.276	1	-1
343.447	1	-2
343.618	1	-17
343.789	1	2
343.960	1	-1
344.131	1	5
344.302	1	1
344.473	1	8
344.644	1	5
344.815	1	-5
344.986	1	7
345.157	1	-3
345.328	1	3
345.499	1	12
345.670	1	-5
345.841	1	1
346.012	1	5
346.183	1	-3
346.354	1	1
346.526	1	-6
346.697	1	-9
346.868	1	-1
347.039	1	-3
347.210	1	-5
347.381	1	2
347.552	1	1
347.723	1	3
347.894	1	-5
348.065	1	0
348.236	1	-4
348.407	1	-1
348.578	1	3
348.749	1	10
348.920	1	-1
349.091	1	0
349.262	1	0
349.433	1	12
349.604	1	-1
349.775	1	-7
349.946	1	7
350.117	1	-1
350.288	1	-1
350.459	1	2
350.630	1	-1
350.801	1	5
350.972	1	6
351.143	1	2
351.314	1	-8
351.485	1	0
351.656	1	-4
351.827	1	1
351.998	1	4
352.169	1	10
352.340	1	9
352.511	1	-2
352.682	1	4
352.853	1	-11
353.024	1	6
353.195	1	2
353.366	1	2
353.537	1	-5
353.708	1	-3
353.879	1	-3
354.050	1	-2
354.221	1	4
354.392	1	-16
354.563	1	2
354.734	1	0
354.905	1	12
355.076	1	5
355.247	1	6
355.418	1	-2
355.589	1	-6
355.760	1	-7
355.931	1	1
356.102	1	1
356.273	1	-1
356.444	1	9
356.615	1	6
356.785	1	1
356.956	1	-3
357.127	1	-2
357.298	1	3
357.469	1	-7
357.640	1	3
357.811	1	2
357.982	1	7
358.153	1	-1
358.324	1	3
358.495	1	-2
358.666	1	2
358.837	1	5
359.008	1	5
359.179	1	10
359.350	1	-8
359.521	1	-1
359.692	1	2
359.863	1	0
360.034	1	2
360.205	1	13
360.376	1	-6
360.547	1	13
360.718	1	-10
360.889	1	4
361.060	1	5
361.231	1	-2
361.401	1	6
361.572	1	0
361.743	1	-5
361.914	1	6
362.085	1	10
362.256	1	4
362.427	1	-4
362.598	1	4
362.769	1	12
362.940	1	-6
363.111	1	14
363.282	1	-2
363.453	1	1
363.624	1	13
363.795	1	9
363.966	1	6
364.137	1	4
364.308	1	11
364.478	1	12
364.649	1	0
364.820	1	-3
364.991	1	4
365.162	1	14
365.333	1	-3
365.504	1	-1
365.675	1	5
365.846	1	10
366.017	1	5
366.188	1	14
366.359	1	4
366.530	1	6
366.701	1	-2
366.871	1	6
367.042	1	-2
367.213	1	12
367.384	1	3
367.555	1	-12
367.726	1	14
367.897	1	4
368.068	1	-6
368.239	1	5
368.410	1	5
368.581	1	11
368.752	1	16
368.923	1	-7
369.093	1	1
369.264	1	-2
369.435	1	16
369.606	1	-3
369.777	1	4
369.948	1	11
370.119	1	15
370.290	1	0
370.461	1	8
370.632	1	12
370.803	1	11
370.973	1	-4
371.144	1	13
371.315	1	7
371.486	1	-2
371.657	1	12
371.828	1	15
371.999	1	9
372.170	1	1
372.341	1	12
372.512	1	8
372.682	1	6
372.853	1	7
373.024	1	15
373.195	1	20
373.366	1	7
373.537	1	15
373.708	1	9
373.879	1	14
374.050	1	24
374.220	1	-2
374.391	1	8
374.562	1	3
374.733	1	-5
374.904	1	7
375.075	1	9
375.246	1	8
375.417	1	12
375.588	1	13
375.758	1	9
375.929	1	7
376.100	1	1
376.271	1	4
376.442	1	7
376.613	1	8
376.784	1	7
376.955	1	-2
377.125	1	9
377.296	1	5
377.467	1	0
377.638	1	10
377.809	1	11
377.980	1	-7
378.151	1	5
378.321	1	15
378.492	1	10
378.663	1	3
378.834	1	17
379.005	1	1
379.176	1	10
379.347	1	8
379.518	1	-2
379.688	1	17
379.859	1	15
380.030	1	7
380.201	1	16
380.372	1	4
380.543	1	9
380.714	1	4
380.884	1	14
381.055	1	0
381.226	1	2
381.397	1	0
381.568	1	7
381.739	1	7
381.910	1	5
382.080	1	18
382.251	1	9
382.422	1	9
382.593	1	6
382.764	1	0
382.935	1	8
383.105	1	15
383.276	1	1
383.447	1	15
383.618	1	-3
383.789	1	12
383.960	1	-2
384.130	1	2
384.301	1	-4
384.472	1	1
384.643	1	1
384.814	1	11
384.985	1	12
385.156	1	9
385.326	1	0
385.497	1	1
385.668	1	1
385.839	1	1
386.010	1	6
386.180	1	1
386.351	1	5
386.522	1	-2
386.693	1	1
386.864	1	7
387.035	1	11
387.205	1	-2
387.376	1	7
387.547	1	-1
387.718	1	13
387.889	1	8
388.060	1	15
388.230	1	-1
388.401	1	3
388.572	1	6
388.743	1	-7
388.914	1	12
389.084	1	-1
389.255	1	-2
389.426	1	-3
389.597	1	-3
389.768	1	5
389.939	1	12
390.109	1	3
390.280	1	6
390.451	1	1
390.622	1	4
390.793	1	12
390.963	1	-5
391.134	1	4
391.305	1	5
391.476	1	2
391.647	1	4
391.817	1	0
391.988	1	7
392.159	1	4
392.330	1	7
392.501	1	-2
392.671	1	1
392.842	1	-5
393.013	1	1
393.184	1	5
393.355	1	-5
393.525	1	9
393.696	1	11
393.867	1	5
394.038	1	-1
394.208	1	5
394.379	1	-4
394.550	1	1
394.721	1	10
394.892	1	7
395.062	1	-1
395.233	1	-1
395.404	1	-3
395.575	1	10
395.746	1	-7
395.916	1	3
396.087	1	-4
396.258	1	-1
396.429	1	2
396.599	1	0
396.770	1	-9
396.941	1	0
397.112	1	8
397.283	1	9
397.453	1	3
397.624	1	-1
397.795	1	7
397.966	1	14
398.136	1	5
398.307	1	5
398.478	1	7
398.649	1	-3
398.819	1	10
398.990	1	3
399.161	1	1
399.332	1	-4
399.503	1	-2
399.673	1	7
399.844	1	-2
400.015	1	-3
400.186	1	-1
400.356	1	-3
400.527	1	0
400.698	1	20
400.869	1	8
401.039	1	7
401.210	1	7
401.381	1	1
401.552	1	-2
401.722	1	-7
401.893	1	-6
402.064	1	0
402.235	1	1
402.405	1	6
402.576	1	12
402.747	1	2
402.918	1	2
403.088	1	-6
403.259	1	-7
403.430	1	7
403.601	1	-3
403.771	1	6
403.942	1	-8
404.113	1	-12
404.284	1	4
404.454	1	3
404.625	1	6
404.796	1	-2
404.967	1	2
405.137	1	-7
405.308	1	4
405.479	1	-4
405.649	1	6
405.820	1	-4
405.991	1	1
406.162	1	0
406.332	1	0
406.503	1	-1
406.674	1	13
406.845	1	-2
407.015	1	13
407.186	1	2
407.357	1	0
407.527	1	-2
407.698	1	1
407.869	1	3
408.040	1	-1
408.210	1	-4
408.381	1	4
408.552	1	1
408.722	1	-6
408.893	1	0
409.064	1	6
409.235	1	0
409.405	1	-4
409.576	1	9
409.747	1	-8
409.917	1	-1
410.088	1	3
410.259	1	-2
410.430	1	4
410.600	1	0
410.771	1	-4
410.942	1	-15
411.112	1	-1
411.283	1	-1
411.454	1	4
411.625	1	6
411.795	1	-1
411.966	1	6
412.137	1	4
412.307	1	-3
412.478	1	-3
412.649	1	0
412.819	1	14
412.990	1	-12
413.161	1	7
413.332	1	5
413.502	1	-3
413.673	1	8
413.844	1	3
414.014	1	8
414.185	1	-10
414.356	1	2
414.526	1	2
414.697	1	-1
414.868	1	9
415.038	1	-8
415.209	1	-4
415.380	1	-8
415.550	1	3
415.721	1	-9
415.892	1	-4
416.063	1	-4
416.233	1	12
416.404	1	1
416.575	1	5
416.745	1	-3
416.916	1	-4
417.087	1	1
417.257	1	6
417.428	1	-5
417.599	1	11
417.769	1	4
417.940	1	1
418.111	1	8
418.281	1	15
418.452	1	-2
418.623	1	-4
418.793	1	11
418.964	1	2
419.135	1	0
419.305	1	3
419.476	1	-1
419.647	1	-1
419.817	1	-5
419.988	1	8
420.159	1	6
420.329	1	7
420.500	1	-12
420.671	1	2
420.841	1	6
421.012	1	8
421.183	1	2
421.353	1	-10
421.524	1	3
421.695	1	2
421.865	1	8
422.036	1	15
422.206	1	3
422.377	1	4
422.548	1	-3
422.718	1	7
422.889	1	-2
423.060	1	2
423.230	1	10
423.401	1	-4
423.572	1	3
423.742	1	2
423.913	1	0
424.084	1	1
424.254	1	-9
424.425	1	-5
424.595	1	-3
424.766	1	2
424.937	1	-1
425.107	1	-2
425.278	1	8
425.449	1	7
425.619	1	3
425.790	1	-4
425.961	1	5
426.131	1	2
426.302	1	9
426.472	1	-2
426.643	1	-1
426.814	1	3
426.984	1	5
427.155	1	0
427.326	1	8
427.496	1	6
427.667	1	1
427.837	1	2
428.008	1	2
428.179	1	-1
428.349	1	0
428.520	1	1
428.691	1	4
428.861	1	16
429.032	1	-1
429.202	1	9
429.373	1	-5
429.544	1	-1
429.714	1	0
429.885	1	11
430.055	1	15
430.226	1	5
430.397	1	5
430.567	1	10
430.738	1	5
430.909	1	-6
431.079	1	-1
431.250	1	-2
431.420	1	5
431.591	1	0
431.762	1	-4
431.932	1	8
432.103	1	4
432.273	1	-3
432.444	1	-4
432.615	1	0
432.785	1	4
432.956	1	8
433.126	1	5
433.297	1	3
433.468	1	6
433.638	1	-6
433.809	1	7
433.979	1	4
434.150	1	6
434.320	1	4
434.491	1	-6
434.662	1	-1
434.832	1	-2
435.003	1	-3
435.173	1	4
435.344	1	3
435.515	1	0
435.685	1	3
435.856	1	5
436.026	1	-6
436.197	1	8
436.368	1	-4
436.538	1	10
436.709	1	1
436.879	1	-7
437.050	1	9
437.220	1	17
437.391	1	14
437.562	1	2
437.732	1	2
437.903	1	10
438.073	1	-11
438.244	1	10
438.414	1	1
438.585	1	0
438.756	1	7
438.926	1	6
439.097	1	0
439.267	1	5
439.438	1	-1
439.608	1	3
439.779	1	10
439.949	1	-3
440.120	1	5
440.291	1	9
440.461	1	-3
440.632	1	8
440.802	1	5
440.973	1	1
441.143	1	-7
441.314	1	-3
441.485	1	-3
441.655	1	1
441.826	1	-3
441.996	1	9
442.167	1	-5
442.337	1	7
442.508	1	6
442.678	1	-2
442.849	1	0
443.019	1	-1
443.190	1	8
443.361	1	0
443.531	1	7
443.702	1	11
443.872	1	7
444.043	1	1
444.213	1	6
444.384	1	-3
444.554	1	-8
444.725	1	4
444.895	1	1
445.066	1	-5
445.237	1	4
445.407	1	1
445.578	1	13
445.748	1	-3
445.919	1	1
446.089	1	7
446.260	1	-2
446.430	1	5
446.601	1	4
446.771	1	2
446.942	1	4
447.112	1	8
447.283	1	25
447.453	1	-2
447.624	1	-4
447.794	1	13
447.965	1	4
448.135	1	-1
448.306	1	-5
448.477	1	3
448.647	1	5
448.818	1	0
448.988	1	-7
449.159	1	5
449.329	1	9
449.500	1	-5
449.670	1	8
449.841	1	1
450.011	1	6
450.182	1	3
450.352	1	16
450.523	1	7
450.693	1	-1
450.864	1	14
451.034	1	7
451.205	1	11
451.375	1	-17
451.546	1	-6
451.716	1	-5
451.887	1	2
452.057	1	0
452.228	1	11
452.398	1	0
452.569	1	-5
452.739	1	1
452.910	1	-4
453.080	1	6
453.251	1	6
453.421	1	5
453.592	1	6
453.762	1	0
453.933	1	-1
454.103	1	-1
454.274	1	1
454.444	1	-3
454.615	1	-9
454.785	1	8
454.956	1	3
455.126	1	7
455.297	1	-3
455.467	1	6
455.638	1	-7
455.808	1	0
455.979	1	-6
456.149	1	4
456.320	1	1
456.490	1	5
456.661	1	-1
456.831	1	-3
457.001	1	18
457.172	1	-3
457.342	1	2
457.513	1	-7
457.683	1	6
457.854	1	-2
458.024	1	1
458.195	1	-5
458.365	1	-5
458.536	1	-4
458.706	1	0
458.877	1	8
459.047	1	-4
459.218	1	-11
459.388	1	5
459.559	1	1
459.729	1	11
459.899	1	-7
460.070	1	9
460.240	1	5
460.411	1	6
460.581	1	-5
460.752	1	1
460.922	1	6
461.093	1	-2
461.263	1	-7
461.434	1	3
461.604	1	-7
461.775	1	4
461.945	1	-1
462.115	1	-5
462.286	1	12
462.456	1	1
462.627	1	2
462.797	1	0
462.968	1	2
463.138	1	13
463.309	1	4
463.479	1	8
463.649	1	4
463.820	1	-10
463.990	1	2
464.161	1	-6
464.331	1	-3
464.502	1	15
464.672	1	5
464.843	1	5
465.013	1	9
465.183	1	-6
465.354	1	1
465.524	1	-2
465.695	1	9
465.865	1	-7
466.036	1	5
466.206	1	3
466.376	1	-1
466.547	1	-7
466.717	1	-8
466.888	1	8
467.058	1	-3
467.229	1	0
467.399	1	11
467.569	1	11
467.740	1	-22
467.910	1	-8
468.081	1	-4
468.251	1	6
468.422	1	-7
468.592	1	0
468.762	1	12
468.933	1	4
469.103	1	-2
469.274	1	0
469.444	1	9
469.614	1	-3
469.785	1	1
469.955	1	3
470.126	1	-2
470.296	1	-5
470.467	1	5
470.637	1	2
470.807	1	3
470.978	1	1
471.148	1	7
471.319	1	-9
471.489	1	9
471.659	1	-1
471.830	1	9
472.000	1	6
472.171	1	2
472.341	1	-2
472.511	1	-4
472.682	1	7
472.852	1	3
473.023	1	1
473.193	1	-3
473.363	1	3
473.534	1	-9
473.704	1	0
473.875	1	7
474.045	1	8
474.215	1	8
474.386	1	6
474.556	1	-1
474.727	1	5
474.897	1	-8
475.067	1	5
475.238	1	-1
475.408	1	8
475.578	1	3
475.749	1	1
475.919	1	0
476.090	1	7
476.260	1	1
476.430	1	5
476.601	1	0
476.771	1	2
476.942	1	1
477.112	1	5
477.282	1	7
477.453	1	0
477.623	1	3
477.793	1	7
477.964	1	-4
478.134	1	-1
478.305	1	-14
478.475	1	-9
478.645	1	5
478.816	1	9
478.986	1	-6
479.156	1	3
479.327	1	-9
479.497	1	1
479.667	1	-6
479.838	1	-4
480.008	1	-8
480.179	1	11
480.349	1	4
480.519	1	3
480.690	1	0
480.860	1	-2
481.030	1	-12
481.201	1	-8
481.371	1	4
481.541	1	0
481.712	1	2
481.882	1	2
482.053	1	1
482.223	1	-1
482.393	1	-5
482.564	1	-5
482.734	1	-1
482.904	1	2
483.075	1	3
483.245	1	1
483.415	1	-7
483.586	1	5
483.756	1	2
483.926	1	1
484.097	1	4
484.267	1	-5
484.437	1	6
484.608	1	-6
484.778	1	7
484.948	1	-1
485.119	1	1
485.289	1	-5
485.459	1	8
485.630	1	12
485.800	1	5
485.970	1	-14
486.141	1	0
486.311	1	10
486.481	1	-8
486.652	1	7
486.822	1	9
486.992	1	0
487.163	1	-2
487.333	1	3
487.503	1	2
487.674	1	8
487.844	1	-1
488.014	1	-2
488.185	1	15
488.355	1	-8
488.525	1	0
488.696	1	7
488.866	1	-3
489.036	1	2
489.207	1	-3
489.377	1	0
489.547	1	-2
489.718	1	2
489.888	1	3
490.058	1	4
490.228	1	-2
490.399	1	-8
490.569	1	11
490.739	1	-2
490.910	1	0
491.080	1	-9
491.250	1	-2
491.421	1	-1
491.591	1	13
491.761	1	14
491.932	1	-3
492.102	1	2
492.272	1	-5
492.442	1	2
492.613	1	1
492.783	1	10
492.953	1	13
493.124	1	-6
493.294	1	0
493.464	1	7
493.635	1	1
493.805	1	3
493.975	1	-5
494.145	1	0
494.316	1	2
494.486	1	-1
494.656	1	5
494.827	1	-5
494.997	1	-3
495.167	1	-1
495.337	1	12
495.508	1	-4
495.678	1	4
495.848	1	-1
496.019	1	-3
496.189	1	8
496.359	1	-10
496.529	1	5
496.700	1	-8
496.870	1	7
497.040	1	-8
497.211	1	3
497.381	1	7
497.551	1	-8
497.721	1	5
497.892	1	3
498.062	1	10
498.232	1	-7
498.403	1	-6
498.573	1	7
498.743	1	4
498.913	1	2
499.084	1	0
499.254	1	9
499.424	1	11
499.594	1	0
499.765	1	0
499.935	1	7
500.105	1	1
500.275	1	-8
500.446	1	12
500.616	1	-1
500.786	1	-1
500.956	1	3
501.127	1	3
501.297	1	14
501.467	1	-3
501.638	1	-8
501.808	1	-7
501.978	1	-3
502.148	1	1
502.319	1	5
502.489	1	-2
502.659	1	-3
502.829	1	5
503.000	1	-2
503.170	1	-1
503.340	1	11
503.510	1	-5
503.681	1	-8
503.851	1	2
504.021	1	6
504.191	1	0
504.362	1	4
504.532	1	-5
504.702	1	-7
504.872	1	-8
505.042	1	-5
505.213	1	4
505.383	1	-10
505.553	1	12
505.723	1	6
505.894	1	6
506.064	1	0
506.234	1	6
506.404	1	-8
506.575	1	-16
506.745	1	0
506.915	1	1
507.085	1	7
507.256	1	-3
507.426	1	-3
507.596	1	3
507.766	1	7
507.936	1	-7
508.107	1	5
508.277	1	-6
508.447	1	-2
508.617	1	-1
508.788	1	-8
508.958	1	2
509.128	1	2
509.298	1	8
509.468	1	-3
509.639	1	-6
509.809	1	14
509.979	1	11
510.149	1	-1
510.319	1	9
510.490	1	5
510.660	1	4
510.830	1	-9
511.000	1	-1
511.171	1	-8
511.341	1	-1
511.511	1	10
511.681	1	9
511.851	1	2
512.022	1	-12
512.192	1	-3
512.362	1	9
512.532	1	2
512.702	1	3
512.873	1	-5
513.043	1	13
513.213	1	-10
513.383	1	-1
513.553	1	-6
513.724	1	3
513.894	1	-6
514.064	1	9
514.234	1	2
514.404	1	6
514.575	1	1
514.745	1	-3
514.915	1	-17
515.085	1	6
515.255	1	16
515.425	1	-3
515.596	1	-5
515.766	1	-6
515.936	1	4
516.106	1	3
516.276	1	0
516.447	1	7
516.617	1	-9
516.787	1	2
516.957	1	5
517.127	1	5
517.297	1	0
517.468	1	0
517.638	1	-6
517.808	1	-1
517.978	1	3
518.148	1	3
518.319	1	11
518.489	1	0
518.659	1	8
518.829	1	-5
518.999	1	-5
519.169	1	-3
519.340	1	-2
519.510	1	-6
519.680	1	2
519.850	1	10
520.020	1	9
520.190	1	-3
520.361	1	5
520.531	1	-4
520.701	1	-1
520.871	1	-15
521.041	1	-1
521.211	1	-5
521.382	1	-1
521.552	1	6
521.722	1	21
521.892	1	-1
522.062	1	-6
522.232	1	3
522.402	1	1
522.573	1	6
522.743	1	-2
522.913	1	-11
523.083	1	-4
523.253	1	-6
523.423	1	10
523.593	1	-12
523.764	1	5
523.934	1	-5
524.104	1	0
524.274	1	-3
524.444	1	5
524.614	1	0
524.784	1	3
524.955	1	2
525.125	1	7
525.295	1	8
525.465	1	-10
525.635	1	-5
525.805	1	4
525.975	1	-5
526.146	1	-2
526.316	1	-4
526.486	1	1
526.656	1	6
526.826	1	-4
526.996	1	11
527.166	1	4
527.337	1	-7
527.507	1	-11
527.677	1	2
527.847	1	3
528.017	1	-13
528.187	1	-9
528.357	1	-1
528.527	1	5
528.698	1	4
528.868	1	-1
529.038	1	-3
529.208	1	-3
529.378	1	-8
529.548	1	-5
529.718	1	2
529.888	1	12
530.058	1	8
530.229	1	-3
530.399	1	-2
530.569	1	2
530.739	1	6
530.909	1	-5
531.079	1	-7
531.249	1	-2
531.419	1	13
531.589	1	-2
531.760	1	6
531.930	1	1
532.100	1	-9
532.270	1	-4
532.440	1	-4
532.610	1	7
532.780	1	-4
532.950	1	-1
533.120	1	8
533.290	1	9
533.461	1	-18
533.631	1	3
533.801	1	-6
533.971	1	-4
534.141	1	-2
534.311	1	-3
534.481	1	3
534.651	1	3
534.821	1	2
534.991	1	-10
535.162	1	7
535.332	1	1
535.502	1	-1
535.672	1	2
535.842	1	6
536.012	1	3
536.182	1	2
536.352	1	0
536.522	1	7
536.692	1	6
536.862	1	-5
537.032	1	9
537.203	1	4
537.373	1	15
537.543	1	0
537.713	1	-6
537.883	1	0
538.053	1	-2
538.223	1	0
538.393	1	-5
538.563	1	-8
538.733	1	1
538.903	1	-6
539.073	1	-3
539.243	1	-13
539.413	1	0
539.584	1	7
539.754	1	0
539.924	1	12
540.094	1	-8
540.264	1	-9
540.434	1	5
540.604	1	-2
540.774	1	12
540.944	1	3
541.114	1	3
541.284	1	1
541.454	1	-6
541.624	1	-4
541.794	1	9
541.964	1	10
542.134	1	0
542.305	1	0
542.475	1	4
542.645	1	-2
542.815	1	7
542.985	1	7
543.155	1	-1
543.325	1	-5
543.495	1	15
543.665	1	3
543.835	1	-9
544.005	1	-1
544.175	1	-8
544.345	1	8
544.515	1	-1
544.685	1	-11
544.855	1	-4
545.025	1	10
545.195	1	6
545.365	1	-2
545.535	1	-1
545.705	1	-7
545.875	1	1
546.045	1	5
546.216	1	0
546.386	1	-1
546.556	1	14
546.726	1	7
546.896	1	7
547.066	1	3
547.236	1	2
547.406	1	-5
547.576	1	0
547.746	1	9
547.916	1	12
548.086	1	3
548.256	1	7
548.426	1	3
548.596	1	-2
548.766	1	-1
548.936	1	-16
549.106	1	-2
549.276	1	3
549.446	1	-4
549.616	1	1
549.786	1	10
549.956	1	6
550.126	1	10
550.296	1	6
550.466	1	-3
550.636	1	-1
550.806	1	-1
550.976	1	-9
551.146	1	6
551.316	1	5
551.486	1	-9
551.656	1	2
551.826	1	7
551.996	1	9
552.166	1	-5
552.336	1	7
552.506	1	-2
552.676	1	3
552.846	1	-2
553.016	1	9
553.186	1	-7
553.356	1	2
553.526	1	7
553.696	1	16
553.866	1	0
554.036	1	6
554.206	1	0
554.376	1	6
554.546	1	2
554.716	1	-3
554.886	1	8
555.056	1	2
555.226	1	14
555.396	1	-6
555.566	1	10
555.736	1	7
555.906	1	-13
556.076	1	7
556.246	1	8
556.416	1	9
556.586	1	-5
556.756	1	-1
556.926	1	24
557.096	1	2
557.266	1	-4
557.436	1	-4
557.606	1	-3
557.776	1	-12
557.946	1	-2
558.116	1	2
558.286	1	0
558.456	1	0
558.626	1	9
558.796	1	5
558.966	1	2
559.136	1	19
559.306	1	5
559.476	1	4
559.646	1	-7
559.816	1	-5
559.986	1	5
560.155	1	-8
560.325	1	-4
560.495	1	4
560.665	1	0
560.835	1	-6
561.005	1	3
561.175	1	-5
561.345	1	-4
561.515	1	-6
561.685	1	4
561.855	1	0
562.025	1	-5
562.195	1	9
562.365	1	3
562.535	1	-8
562.705	1	-2
562.875	1	-1
563.045	1	-4
563.215	1	8
563.385	1	12
563.555	1	6
563.725	1	6
563.895	1	3
564.064	1	15
564.234	1	5
564.404	1	-10
564.574	1	11
564.744	1	3
564.914	1	0
565.084	1	9
565.254	1	5
565.424	1	2
565.594	1	8
565.764	1	3
565.934	1	3
566.104	1	0
566.274	1	-6
566.444	1	4
566.614	1	-13
566.783	1	7
566.953	1	8
567.123	1	3
567.293	1	5
567.463	1	6
567.633	1	1
567.803	1	2
567.973	1	-4
568.143	1	-3
568.313	1	-3
568.483	1	-6
568.653	1	0
568.823	1	7
568.993	1	6
569.162	1	11
569.332	1	5
569.502	1	5
569.672	1	-10
569.842	1	-1
570.012	1	-4
570.182	1	1
570.352	1	-3
570.522	1	-1
570.692	1	3
570.862	1	14
571.031	1	0
571.201	1	-5
571.371	1	-10
571.541	1	2
571.711	1	0
571.881	1	8
572.051	1	9
572.221	1	-9
572.391	1	-3
572.561	1	11
572.731	1	-2
572.900	1	-5
573.070	1	-9
573.240	1	5
573.410	1	-4
573.580	1	5
573.750	1	11
573.920	1	-7
574.090	1	-2
574.260	1	9
574.430	1	2
574.599	1	-5
574.769	1	2
574.939	1	9
575.109	1	10
575.279	1	-6
575.449	1	5
575.619	1	2
575.789	1	-1
575.959	1	1
576.128	1	-1
576.298	1	-7
576.468	1	-1
576.638	1	-1
576.808	1	-3
576.978	1	4
577.148	1	2
577.318	1	-5
577.487	1	-1
577.657	1	15
577.827	1	-8
577.997	1	2
578.167	1	5
578.337	1	-6
578.507	1	3
578.677	1	-12
578.846	1	2
579.016	1	-5
579.186	1	3
579.356	1	7
579.526	1	-1
579.696	1	-2
579.866	1	4
580.036	1	-1
580.205	1	-1
580.375	1	4
580.545	1	4
580.715	1	1
580.885	1	-1
581.055	1	-1
581.225	1	-2
581.394	1	-16
581.564	1	-11
581.734	1	0
581.904	1	0
582.074	1	3
582.244	1	9
582.414	1	10
582.583	1	9
582.753	1	-11
582.923	1	-3
583.093	1	-1
583.263	1	-8
583.433	1	-13
583.603	1	6
583.772	1	2
583.942	1	2
584.112	1	5
584.282	1	5
584.452	1	3
584.622	1	6
584.791	1	-1
584.961	1	2
585.131	1	0
585.301	1	-9
585.471	1	4
585.641	1	-1
585.811	1	5
585.980	1	0
586.150	1	10
586.320	1	3
586.490	1	-6
586.660	1	-6
586.830	1	4
586.999	1	-9
587.169	1	5
587.339	1	-1
587.509	1	-5
587.679	1	-2
587.849	1	-3
588.018	1	-3
588.188	1	3
588.358	1	8
588.528	1	-6
588.698	1	-5
588.867	1	-2
589.037	1	9
589.207	1	-6
589.377	1	2
589.547	1	12
589.717	1	1
589.886	1	-8
590.056	1	-10
590.226	1	2
590.396	1	-3
590.566	1	-2
590.735	1	-2
590.905	1	2
591.075	1	8
591.245	1	6
591.415	1	-1
591.585	1	-4
591.754	1	-7
591.924	1	-13
592.094	1	-5
592.264	1	0
592.434	1	12
592.603	1	4
592.773	1	13
592.943	1	-5
593.113	1	-8
593.283	1	-2
593.452	1	3
593.622	1	-3
593.792	1	-1
593.962	1	1
594.132	1	3
594.301	1	-7
594.471	1	1
594.641	1	-1
594.811	1	-8
594.981	1	-3
595.150	1	-11
595.320	1	2
595.490	1	0
595.660	1	-3
595.829	1	4
595.999	1	-4
596.169	1	7
596.339	1	3
596.509	1	-7
596.678	1	8
596.848	1	6
597.018	1	-8
597.188	1	-3
597.358	1	1
597.527	1	13
597.697	1	1
597.867	1	4
598.037	1	5
598.206	1	-6
598.376	1	1
598.546	1	4
598.716	1	5
598.885	1	0
599.055	1	4
599.225	1	11
599.395	1	2
599.565	1	-3
599.734	1	0
599.904	1	11
600.074	1	0
600.244	1	4
600.413	1	4
600.583	1	-5
600.753	1	1
600.923	1	-10
601.092	1	2
601.262	1	-3
601.432	1	6
601.602	1	2
601.771	1	-2
601.941	1	6
602.111	1	6
602.281	1	3
602.451	1	-2
602.620	1	-3
602.790	1	-15
602.960	1	-5
603.130	1	4
603.299	1	-5
603.469	1	1
603.639	1	7
603.809	1	7
603.978	1	0
604.148	1	4
604.318	1	7
604.487	1	3
604.657	1	1
604.827	1	8
604.997	1	-5
605.166	1	-6
605.336	1	1
605.506	1	-10
605.676	1	-10
605.845	1	0
606.015	1	-8
606.185	1	3
606.355	1	9
606.524	1	5
606.694	1	4
606.864	1	4
607.034	1	4
607.203	1	0
607.373	1	0
607.543	1	1
607.712	1	0
607.882	1	-5
608.052	1	-4
608.222	1	3
608.391	1	17
608.561	1	10
608.731	1	-1
608.901	1	13
609.070	1	3
609.240	1	5
609.410	1	-3
609.579	1	0
609.749	1	-11
609.919	1	5
610.089	1	4
610.258	1	10
610.428	1	1
610.598	1	4
610.767	1	-2
610.937	1	-1
611.107	1	-9
611.277	1	-2
611.446	1	0
611.616	1	-6
611.786	1	2
611.955	1	-1
612.125	1	0
612.295	1	6
612.465	1	-8
612.634	1	4
612.804	1	6
612.974	1	-10
613.143	1	-16
613.313	1	2
613.483	1	-2
613.652	1	15
613.822	1	-1
613.992	1	-3
614.162	1	3
614.331	1	-5
614.501	1	-1
614.671	1	9
614.840	1	6
615.010	1	0
615.180	1	10
615.349	1	-2
615.519	1	-2
615.689	1	9
615.858	1	9
616.028	1	1
616.198	1	4
616.368	1	2
616.537	1	-8
616.707	1	10
616.877	1	3
617.046	1	-2
617.216	1	4
617.386	1	-3
617.555	1	-1
617.725	1	-5
617.895	1	2
618.064	1	2
618.234	1	-4
618.404	1	-3
618.573	1	8
618.743	1	6
618.913	1	7
619.082	1	6
619.252	1	8
619.422	1	1
619.591	1	-4
619.761	1	-3
619.931	1	5
620.100	1	-1
620.270	1	-2
620.440	1	-3
620.609	1	1
620.779	1	11
620.949	1	7
621.118	1	-3
621.288	1	4
621.458	1	-3
621.627	1	-6
621.797	1	-5
621.967	1	2
622.136	1	-9
622.306	1	1
622.476	1	6
622.645	1	2
622.815	1	-2
622.985	1	-1
623.154	1	3
623.324	1	-2
623.494	1	10
623.663	1	2
623.833	1	1
624.002	1	-11
624.172	1	-5
624.342	1	-18
624.511	1	-5
624.681	1	0
624.851	1	13
625.020	1	-8
625.190	1	1
625.360	1	-11
625.529	1	0
625.699	1	5
625.869	1	6
626.038	1	-6
626.208	1	0
626.377	1	8
626.547	1	4
626.717	1	-5
626.886	1	5
627.056	1	-1
627.226	1	-2
627.395	1	-4
627.565	1	5
627.735	1	1
627.904	1	-5
628.074	1	-2
628.243	1	7
628.413	1	-3
628.583	1	-5
628.752	1	-2
628.922	1	-4
629.091	1	-3
629.261	1	-4
629.431	1	9
629.600	1	11
629.770	1	-5
629.940	1	-2
630.109	1	9
630.279	1	-10
630.448	1	4
630.618	1	5
630.788	1	1
630.957	1	3
631.127	1	14
631.297	1	-4
631.466	1	6
631.636	1	3
631.805	1	8
631.975	1	13
632.145	1	4
632.314	1	0
632.484	1	-3
632.653	1	-4
632.823	1	6
632.993	1	2
633.162	1	0
633.332	1	-1
633.501	1	-1
633.671	1	-1
633.841	1	4
634.010	1	8
634.180	1	-6
634.349	1	10
634.519	1	-6
634.689	1	-3
634.858	1	-12
635.028	1	1
635.197	1	1
635.367	1	3
635.537	1	-7
635.706	1	12
635.876	1	10
636.045	1	-5
636.215	1	9
636.384	1	1
636.554	1	3
636.724	1	-5
636.893	1	1
637.063	1	2
637.232	1	13
637.402	1	1
637.572	1	0
637.741	1	-1
637.911	1	5
638.080	1	-7
638.250	1	4
638.419	1	6
638.589	1	10
638.759	1	-3
638.928	1	0
639.098	1	0
639.267	1	1
639.437	1	0
639.606	1	6
639.776	1	-6
639.946	1	4
640.115	1	1
640.285	1	6
640.454	1	-1
640.624	1	7
640.793	1	7
640.963	1	-2
641.132	1	-7
641.302	1	4
641.472	1	-1
641.641	1	2
641.811	1	-14
641.980	1	3
642.150	1	-9
642.319	1	10
642.489	1	2
642.659	1	2
642.828	1	-8
642.998	1	1
643.167	1	3
643.337	1	2
643.506	1	1
643.676	1	1
643.845	1	-10
644.015	1	2
644.184	1	4
644.354	1	-1
644.524	1	-3
644.693	1	5
644.863	1	-11
645.032	1	-3
645.202	1	4
645.371	1	4
645.541	1	1
645.710	1	9
645.880	1	2
646.049	1	15
646.219	1	2
646.388	1	3
646.558	1	1
646.728	1	6
646.897	1	-2
647.067	1	0
647.236	1	1
647.406	1	-1
647.575	1	4
647.745	1	-2
647.914	1	-4
648.084	1	2
648.253	1	0
648.423	1	-4
648.592	1	9
648.762	1	4
648.931	1	10
649.101	1	7
649.270	1	7
649.440	1	-13
649.610	1	-8
649.779	1	-5
649.949	1	-10
650.118	1	4
650.288	1	6
650.457	1	1
650.627	1	5
650.796	1	9
650.966	1	1
651.135	1	12
651.305	1	1
651.474	1	-2
651.644	1	-10
651.813	1	-12
651.983	1	-3
652.152	1	-2
652.322	1	1
652.491	1	25
652.661	1	15
652.830	1	5
653.000	1	3
653.169	1	-2
653.339	1	-1
653.508	1	2
653.678	1	0
653.847	1	7
654.017	1	0
654.186	1	4
654.356	1	-7
654.525	1	12
654.695	1	3
654.864	1	-6
655.034	1	4
655.203	1	1
655.373	1	-6
655.542	1	0
655.712	1	-1
655.881	1	-2
656.051	1	-5
656.220	1	4
656.390	1	6
656.559	1	7
656.729	1	-9
656.898	1	-9
657.068	1	10
657.237	1	6
657.406	1	-4
657.576	1	0
657.745	1	-8
657.915	1	5
658.084	1	-3
658.254	1	0
658.423	1	-6
658.593	1	0
658.762	1	-2
658.932	1	8
659.101	1	-6
659.271	1	7
659.440	1	-3
659.610	1	9
659.779	1	-1
659.949	1	2
660.118	1	-4
660.288	1	5
660.457	1	-9
660.626	1	-10
660.796	1	6
660.965	1	13
661.135	1	3
661.304	1	3
661.474	1	10
661.643	1	-5
661.813	1	-3
661.982	1	-7
662.152	1	1
662.321	1	4
662.491	1	0
662.660	1	-7
662.829	1	3
662.999	1	2
663.168	1	1
663.338	1	2
663.507	1	-7
663.677	1	0
663.846	1	3
664.016	1	-13
664.185	1	-2
664.354	1	-2
664.524	1	-6
664.693	1	3
664.863	1	0
665.032	1	5
665.202	1	5
665.371	1	-2
665.541	1	10
665.710	1	3
665.879	1	2
666.049	1	2
666.218	1	7
666.388	1	2
666.557	1	9
666.727	1	-1
666.896	1	-5
667.065	1	8
667.235	1	5
667.404	1	3
667.574	1	5
667.743	1	-11
667.913	1	2
668.082	1	-4
668.251	1	9
668.421	1	-5
668.590	1	3
668.760	1	-3
668.929	1	10
669.099	1	8
669.268	1	10
669.437	1	-3
669.607	1	-10
669.776	1	-8
669.946	1	0
670.115	1	-11
670.285	1	-1
670.454	1	-2
670.623	1	-6
670.793	1	2
670.962	1	10
671.132	1	-3
671.301	1	-8
671.470	1	-4
671.640	1	-11
671.809	1	10
671.979	1	3
672.148	1	-3
672.317	1	-5
672.487	1	20
672.656	1	2
672.826	1	9
672.995	1	-8
673.164	1	2
673.334	1	-6
673.503	1	2
673.673	1	2
673.842	1	0
674.011	1	1
674.181	1	-14
674.350	1	8
674.520	1	-5
674.689	1	-2
674.858	1	-2
675.028	1	17
675.197	1	2
675.367	1	4
675.536	1	5
675.705	1	3
675.875	1	1
676.044	1	4
676.214	1	-12
676.383	1	18
676.552	1	-10
676.722	1	0
676.891	1	-5
677.060	1	-12
677.230	1	-6
677.399	1	-4
677.569	1	3
677.738	1	-6
677.907	1	3
678.077	1	-6
678.246	1	4
678.416	1	-6
678.585	1	-12
678.754	1	0
678.924	1	-8
679.093	1	-3
679.262	1	3
679.432	1	3
679.601	1	-4
679.771	1	-3
679.940	1	2
680.109	1	-2
680.279	1	-12
680.448	1	-15
680.617	1	5
680.787	1	3
680.956	1	17
681.125	1	-5
681.295	1	-2
681.464	1	3
681.634	1	6
681.803	1	6
681.972	1	11
682.142	1	-2
682.311	1	-13
682.480	1	1
682.650	1	5
682.819	1	-2
682.988	1	7
683.158	1	-6
683.327	1	2
683.496	1	-4
683.666	1	-8
683.835	1	1
684.004	1	3
684.174	1	-6
684.343	1	-4
684.512	1	8
684.682	1	5
684.851	1	12
685.021	1	4
685.190	1	-3
685.359	1	6
685.529	1	7
685.698	1	8
685.867	1	-7
686.037	1	7
686.206	1	1
686.375	1	10
686.545	1	-3
686.714	1	6
686.883	1	-4
687.053	1	8
687.222	1	-1
687.391	1	0
687.561	1	-6
687.730	1	6
687.899	1	-7
688.069	1	9
688.238	1	6
688.407	1	2
688.577	1	2
688.746	1	1
