500.757	1	17
500.928	1	10
501.099	1	17
501.269	1	6
501.440	1	10
501.611	1	8
501.782	1	6
501.952	1	17
502.123	1	4
502.294	1	7
502.464	1	15
502.635	1	19
502.806	1	8
502.976	1	-9
503.147	1	7
503.318	1	10
503.489	1	10
503.659	1	19
503.830	1	1
504.001	1	18
504.171	1	10
504.342	1	25
504.513	1	9
504.683	1	7
504.854	1	-1
505.025	1	-3
505.195	1	18
505.366	1	6
505.537	1	8
505.707	1	8
505.878	1	11
506.049	1	12
506.219	1	11
506.390	1	1
506.561	1	3
506.731	1	10
506.902	1	9
507.073	1	14
507.243	1	26
507.414	1	11
507.585	1	11
507.755	1	13
507.926	1	10
508.097	1	7
508.267	1	2
508.438	1	14
508.609	1	7
508.779	1	12
508.950	1	18
509.121	1	16
509.291	1	3
509.462	1	10
509.633	1	15
509.803	1	6
509.974	1	-3
510.145	1	15
510.315	1	7
510.486	1	9
510.657	1	13
510.827	1	17
510.998	1	9
511.169	1	13
511.339	1	10
511.510	1	3
511.680	1	11
511.851	1	2
512.022	1	17
512.192	1	9
512.363	1	3
512.534	1	16
512.704	1	1
512.875	1	-5
513.046	1	5
513.216	1	18
513.387	1	10
513.558	1	10
513.728	1	8
513.899	1	10
514.069	1	12
514.240	1	16
514.411	1	12
514.581	1	3
514.752	1	3
514.923	1	2
515.093	1	11
515.264	1	6
515.434	1	14
515.605	1	10
515.776	1	3
515.946	1	9
516.117	1	12
516.288	1	3
516.458	1	6
516.629	1	3
516.799	1	10
516.970	1	10
517.141	1	16
517.311	1	2
517.482	1	16
517.653	1	16
517.823	1	16
517.994	1	1
518.164	1	0
518.335	1	18
518.506	1	-4
518.676	1	-3
518.847	1	6
519.017	1	2
519.188	1	1
519.359	1	9
519.529	1	7
519.700	1	7
519.870	1	-4
520.041	1	15
520.212	1	-4
520.382	1	16
520.553	1	4
520.723	1	14
520.894	1	3
521.065	1	-1
521.235	1	2
521.406	1	15
521.576	1	8
521.747	1	2
521.918	1	13
522.088	1	5
522.259	1	9
522.429	1	3
522.600	1	11
522.770	1	7
522.941	1	7
523.112	1	18
523.282	1	7
523.453	1	8
523.623	1	9
523.794	1	7
523.965	1	-5
524.135	1	1
524.306	1	15
524.476	1	2
524.647	1	3
524.817	1	14
524.988	1	6
525.159	1	4
525.329	1	12
525.500	1	3
525.670	1	6
525.841	1	2
526.011	1	-3
526.182	1	1
526.353	1	2
526.523	1	0
526.694	1	10
526.864	1	-4
527.035	1	10
527.205	1	1
527.376	1	10
527.547	1	0
527.717	1	20
527.888	1	3
528.058	1	3
528.229	1	13
528.399	1	6
528.570	1	6
528.740	1	14
528.911	1	7
529.082	1	19
529.252	1	13
529.423	1	13
529.593	1	5
529.764	1	4
529.934	1	9
530.105	1	8
530.275	1	1
530.446	1	9
530.617	1	13
530.787	1	17
530.958	1	6
531.128	1	5
531.299	1	1
531.469	1	21
531.640	1	5
531.810	1	9
531.981	1	10
532.151	1	9
532.322	1	10
532.492	1	2
532.663	1	5
532.834	1	11
533.004	1	-1
533.175	1	3
533.345	1	-5
533.516	1	6
533.686	1	-6
533.857	1	-3
534.027	1	2
534.198	1	12
534.368	1	8
534.539	1	10
534.709	1	8
534.880	1	9
535.050	1	12
535.221	1	-7
535.391	1	13
535.562	1	6
535.732	1	6
535.903	1	5
536.073	1	6
536.244	1	0
536.415	1	4
536.585	1	8
536.756	1	-7
536.926	1	-5
537.097	1	2
537.267	1	-1
537.438	1	6
537.608	1	8
537.779	1	15
537.949	1	4
538.120	1	7
538.290	1	2
538.461	1	0
538.631	1	13
538.802	1	-4
538.972	1	5
539.143	1	-1
539.313	1	8
539.484	1	2
539.654	1	12
539.825	1	3
539.995	1	3
540.166	1	5
540.336	1	15
540.507	1	12
540.677	1	4
540.848	1	3
541.018	1	-9
541.189	1	0
541.359	1	9
541.530	1	9
541.700	1	4
541.871	1	6
542.041	1	8
542.211	1	4
542.382	1	11
542.552	1	3
542.723	1	-3
542.893	1	12
543.064	1	2
543.234	1	12
543.405	1	11
543.575	1	-5
543.746	1	18
543.916	1	18
544.087	1	0
544.257	1	9
544.428	1	12
544.598	1	5
544.769	1	-6
544.939	1	6
545.110	1	0
545.280	1	8
545.451	1	3
545.621	1	11
545.791	1	-2
545.962	1	9
546.132	1	7
546.303	1	11
546.473	1	2
546.644	1	6
546.814	1	11
546.985	1	5
547.155	1	12
547.326	1	6
547.496	1	2
547.666	1	9
547.837	1	-3
548.007	1	10
548.178	1	0
548.348	1	5
548.519	1	8
548.689	1	5
548.860	1	5
549.030	1	-9
549.201	1	3
549.371	1	7
549.541	1	3
549.712	1	6
549.882	1	11
550.053	1	6
550.223	1	2
550.394	1	-3
550.564	1	-3
550.735	1	9
550.905	1	-1
551.075	1	6
551.246	1	6
551.416	1	-2
551.587	1	7
551.757	1	-1
551.928	1	-2
552.098	1	11
552.268	1	5
552.439	1	12
552.609	1	-3
552.780	1	1
552.950	1	9
553.121	1	13
553.291	1	17
553.461	1	10
553.632	1	-1
553.802	1	1
553.973	1	6
554.143	1	0
554.314	1	5
554.484	1	0
554.654	1	1
554.825	1	11
554.995	1	5
555.166	1	7
555.336	1	18
555.506	1	-6
555.677	1	9
555.847	1	16
556.018	1	6
556.188	1	2
556.359	1	11
556.529	1	4
556.699	1	7
556.870	1	8
557.040	1	8
557.211	1	1
557.381	1	6
557.551	1	-8
557.722	1	14
557.892	1	2
558.063	1	12
558.233	1	3
558.403	1	-6
558.574	1	5
558.744	1	13
558.915	1	15
559.085	1	15
559.255	1	8
559.426	1	10
559.596	1	9
559.767	1	10
559.937	1	14
560.107	1	12
560.278	1	7
560.448	1	-7
560.618	1	1
560.789	1	4
560.959	1	2
561.130	1	2
561.300	1	-1
561.470	1	7
561.641	1	7
561.811	1	-3
561.982	1	-2
562.152	1	5
562.322	1	6
562.493	1	12
562.663	1	3
562.833	1	8
563.004	1	13
563.174	1	1
563.345	1	-6
563.515	1	-1
563.685	1	10
563.856	1	6
564.026	1	2
564.196	1	5
564.367	1	-6
564.537	1	-1
564.707	1	-4
564.878	1	6
565.048	1	0
565.219	1	1
565.389	1	0
565.559	1	2
565.730	1	15
565.900	1	14
566.070	1	9
566.241	1	0
566.411	1	7
566.581	1	7
566.752	1	9
566.922	1	-2
567.093	1	11
567.263	1	5
567.433	1	-8
567.604	1	-8
567.774	1	6
567.944	1	5
568.115	1	18
568.285	1	8
568.455	1	7
568.626	1	9
568.796	1	-4
568.966	1	-1
569.137	1	11
569.307	1	3
569.477	1	4
569.648	1	7
569.818	1	4
569.988	1	-2
570.159	1	-4
570.329	1	4
570.499	1	11
570.670	1	9
570.840	1	-1
571.010	1	9
571.181	1	3
571.351	1	-4
571.521	1	5
571.692	1	4
571.862	1	14
572.032	1	-4
572.203	1	14
572.373	1	5
572.543	1	5
572.714	1	1
572.884	1	3
573.054	1	5
573.225	1	3
573.395	1	1
573.565	1	16
573.736	1	-8
573.906	1	11
574.076	1	-1
574.247	1	9
574.417	1	14
574.587	1	7
574.757	1	6
574.928	1	5
575.098	1	15
575.268	1	-3
575.439	1	3
575.609	1	-1
575.779	1	6
575.950	1	6
576.120	1	10
576.290	1	23
576.461	1	10
576.631	1	7
576.801	1	3
576.971	1	14
577.142	1	13
577.312	1	2
577.482	1	5
577.653	1	7
577.823	1	1
577.993	1	14
578.164	1	-2
578.334	1	11
578.504	1	2
578.674	1	8
578.845	1	7
579.015	1	3
579.185	1	5
579.356	1	-10
579.526	1	10
579.696	1	5
579.866	1	4
580.037	1	10
580.207	1	4
580.377	1	11
580.548	1	3
580.718	1	7
580.888	1	16
581.058	1	-15
581.229	1	-4
581.399	1	11
581.569	1	0
581.739	1	1
581.910	1	0
582.080	1	3
582.250	1	4
582.421	1	7
582.591	1	0
582.761	1	7
582.931	1	10
583.102	1	-3
583.272	1	9
583.442	1	2
583.612	1	-3
583.783	1	7
583.953	1	4
584.123	1	15
584.294	1	1
584.464	1	1
584.634	1	24
584.804	1	-2
584.975	1	9
585.145	1	-3
585.315	1	2
585.485	1	3
585.656	1	12
585.826	1	5
585.996	1	12
586.166	1	12
586.337	1	4
586.507	1	-4
586.677	1	4
586.847	1	0
587.018	1	4
587.188	1	-8
587.358	1	8
587.528	1	8
587.699	1	3
587.869	1	17
588.039	1	6
588.209	1	-1
588.380	1	-4
588.550	1	8
588.720	1	11
588.890	1	3
589.060	1	6
589.231	1	3
589.401	1	16
589.571	1	4
589.741	1	6
589.912	1	0
590.082	1	-11
590.252	1	3
590.422	1	4
590.593	1	10
590.763	1	-3
590.933	1	5
591.103	1	5
591.273	1	7
591.444	1	2
591.614	1	3
591.784	1	7
591.954	1	15
592.125	1	8
592.295	1	5
592.465	1	-3
592.635	1	1
592.805	1	3
592.976	1	6
593.146	1	4
593.316	1	6
593.486	1	2
593.657	1	8
593.827	1	-2
593.997	1	3
594.167	1	-2
594.337	1	7
594.508	1	-10
594.678	1	6
594.848	1	2
595.018	1	17
595.188	1	5
595.359	1	6
595.529	1	12
595.699	1	9
595.869	1	8
596.039	1	-3
596.210	1	-2
596.380	1	11
596.550	1	3
596.720	1	12
596.890	1	5
597.061	1	8
597.231	1	4
597.401	1	-3
597.571	1	-4
597.741	1	1
597.912	1	0
598.082	1	10
598.252	1	-6
598.422	1	9
598.592	1	2
598.762	1	17
598.933	1	11
599.103	1	2
599.273	1	-1
599.443	1	10
599.613	1	4
599.784	1	-8
599.954	1	13
600.124	1	9
600.294	1	6
600.464	1	0
600.634	1	3
600.805	1	4
600.975	1	7
601.145	1	-1
601.315	1	6
601.485	1	12
601.656	1	7
601.826	1	4
601.996	1	7
602.166	1	6
602.336	1	-4
602.506	1	-4
602.677	1	7
602.847	1	-6
603.017	1	2
603.187	1	3
603.357	1	6
603.527	1	17
603.697	1	6
603.868	1	4
604.038	1	5
604.208	1	1
604.378	1	13
604.548	1	3
604.718	1	0
604.889	1	-1
605.059	1	14
605.229	1	-4
605.399	1	7
605.569	1	2
605.739	1	9
605.909	1	13
606.080	1	5
606.250	1	8
606.420	1	9
606.590	1	13
606.760	1	13
606.930	1	17
607.100	1	-4
607.271	1	11
607.441	1	3
607.611	1	5
607.781	1	12
607.951	1	14
608.121	1	3
608.291	1	1
608.462	1	11
608.632	1	8
608.802	1	12
608.972	1	-1
609.142	1	5
609.312	1	1
609.482	1	7
609.652	1	13
609.823	1	11
609.993	1	-1
610.163	1	1
610.333	1	9
610.503	1	14
610.673	1	19
610.843	1	-6
611.013	1	15
611.184	1	3
611.354	1	5
611.524	1	8
611.694	1	10
611.864	1	15
612.034	1	17
612.204	1	3
612.374	1	16
612.545	1	4
612.715	1	7
612.885	1	4
613.055	1	4
613.225	1	3
613.395	1	17
613.565	1	-1
613.735	1	9
613.905	1	3
614.075	1	2
614.246	1	17
614.416	1	11
614.586	1	-1
614.756	1	-4
614.926	1	10
615.096	1	-4
615.266	1	12
615.436	1	16
615.606	1	10
615.776	1	6
615.947	1	-1
616.117	1	4
616.287	1	16
616.457	1	5
616.627	1	19
616.797	1	0
616.967	1	11
617.137	1	-8
617.307	1	6
617.477	1	4
617.647	1	6
617.818	1	-2
617.988	1	5
618.158	1	11
618.328	1	12
618.498	1	12
618.668	1	24
618.838	1	9
619.008	1	3
619.178	1	5
619.348	1	7
619.518	1	10
619.688	1	17
619.859	1	18
620.029	1	8
620.199	1	13
620.369	1	-1
620.539	1	9
620.709	1	4
620.879	1	4
621.049	1	5
621.219	1	13
621.389	1	13
621.559	1	12
621.729	1	5
621.899	1	12
622.069	1	3
622.239	1	10
622.410	1	12
622.580	1	20
622.750	1	10
622.920	1	11
623.090	1	7
623.260	1	6
623.430	1	6
623.600	1	8
623.770	1	10
623.940	1	14
624.110	1	5
624.280	1	13
624.450	1	14
624.620	1	12
624.790	1	17
624.960	1	17
625.130	1	19
625.300	1	5
625.470	1	6
625.640	1	4
625.811	1	12
625.981	1	15
626.151	1	6
626.321	1	17
626.491	1	-2
626.661	1	11
626.831	1	8
627.001	1	5
627.171	1	10
627.341	1	20
627.511	1	10
627.681	1	20
627.851	1	8
628.021	1	15
628.191	1	17
628.361	1	16
628.531	1	13
628.701	1	9
628.871	1	10
629.041	1	17
629.211	1	17
629.381	1	24
629.551	1	19
629.721	1	17
629.891	1	11
630.061	1	6
630.231	1	11
630.401	1	17
630.571	1	14
630.741	1	12
630.911	1	18
631.081	1	15
631.251	1	18
631.421	1	7
631.591	1	24
631.761	1	14
631.931	1	20
632.101	1	6
632.271	1	16
632.441	1	11
632.611	1	7
632.782	1	12
632.952	1	12
633.122	1	3
633.292	1	16
633.462	1	22
633.632	1	13
633.802	1	19
633.972	1	13
634.142	1	22
634.312	1	9
634.482	1	15
634.652	1	23
634.821	1	7
634.991	1	9
635.161	1	16
635.331	1	18
635.501	1	13
635.671	1	10
635.841	1	11
636.011	1	14
636.181	1	30
636.351	1	22
636.521	1	14
636.691	1	16
636.861	1	5
637.031	1	13
637.201	1	20
637.371	1	16
637.541	1	24
637.711	1	6
637.881	1	18
638.051	1	14
638.221	1	22
638.391	1	15
638.561	1	19
638.731	1	24
638.901	1	15
639.071	1	7
639.241	1	3
639.411	1	20
639.581	1	19
639.751	1	22
639.921	1	17
640.091	1	10
640.261	1	17
640.431	1	23
640.601	1	17
640.771	1	9
640.941	1	18
641.111	1	28
641.281	1	20
641.451	1	20
641.621	1	28
641.791	1	28
641.960	1	9
642.130	1	21
642.300	1	17
642.470	1	24
642.640	1	12
642.810	1	31
642.980	1	12
643.150	1	16
643.320	1	25
643.490	1	14
643.660	1	16
643.830	1	12
644.000	1	6
644.170	1	13
644.340	1	13
644.510	1	23
644.680	1	15
644.850	1	21
645.020	1	12
645.189	1	12
645.359	1	9
645.529	1	20
645.699	1	19
645.869	1	19
646.039	1	17
646.209	1	13
646.379	1	29
646.549	1	12
646.719	1	14
646.889	1	19
647.059	1	12
647.229	1	7
647.399	1	32
647.569	1	10
647.738	1	13
647.908	1	22
648.078	1	25
648.248	1	8
648.418	1	23
648.588	1	30
648.758	1	23
648.928	1	19
649.098	1	24
649.268	1	4
649.438	1	17
649.608	1	25
649.778	1	26
649.947	1	21
650.117	1	17
650.287	1	19
650.457	1	38
650.627	1	10
650.797	1	18
650.967	1	16
651.137	1	19
651.307	1	12
651.477	1	9
651.647	1	7
651.816	1	4
651.986	1	14
652.156	1	28
652.326	1	30
652.496	1	29
652.666	1	32
652.836	1	18
653.006	1	10
653.176	1	15
653.346	1	10
653.515	1	20
653.685	1	24
653.855	1	20
654.025	1	10
654.195	1	12
654.365	1	23
654.535	1	25
654.705	1	24
654.875	1	9
655.044	1	23
655.214	1	11
655.384	1	17
655.554	1	19
655.724	1	16
655.894	1	25
656.064	1	16
656.234	1	18
656.404	1	15
656.573	1	20
656.743	1	18
656.913	1	18
657.083	1	22
657.253	1	21
657.423	1	16
657.593	1	21
657.763	1	18
657.932	1	8
658.102	1	20
658.272	1	13
658.442	1	17
658.612	1	15
658.782	1	25
658.952	1	9
659.121	1	24
659.291	1	20
659.461	1	16
659.631	1	17
659.801	1	13
659.971	1	22
660.141	1	14
660.311	1	20
660.480	1	20
660.650	1	15
660.820	1	20
660.990	1	34
661.160	1	9
661.330	1	15
661.500	1	26
661.669	1	15
661.839	1	23
662.009	1	18
662.179	1	26
662.349	1	17
662.519	1	12
662.688	1	16
662.858	1	31
663.028	1	10
663.198	1	8
663.368	1	17
663.538	1	13
663.708	1	12
663.877	1	27
664.047	1	14
664.217	1	12
664.387	1	22
664.557	1	11
664.727	1	23
664.896	1	6
665.066	1	11
665.236	1	11
665.406	1	20
665.576	1	11
665.746	1	16
665.915	1	11
666.085	1	24
666.255	1	7
666.425	1	15
666.595	1	12
666.765	1	16
666.934	1	8
667.104	1	29
667.274	1	11
667.444	1	18
667.614	1	15
667.783	1	19
667.953	1	18
668.123	1	15
668.293	1	17
668.463	1	12
668.633	1	16
668.802	1	13
668.972	1	1
669.142	1	11
669.312	1	24
669.482	1	18
669.651	1	27
669.821	1	24
669.991	1	13
670.161	1	14
670.331	1	17
670.500	1	15
670.670	1	25
670.840	1	20
671.010	1	17
671.180	1	18
671.349	1	19
671.519	1	5
671.689	1	23
671.859	1	16
672.029	1	16
672.198	1	21
672.368	1	8
672.538	1	17
672.708	1	20
672.878	1	0
673.047	1	7
673.217	1	14
673.387	1	12
673.557	1	11
673.727	1	9
673.896	1	15
674.066	1	19
674.236	1	20
674.406	1	16
674.576	1	7
674.745	1	12
674.915	1	18
675.085	1	17
675.255	1	11
675.424	1	11
675.594	1	18
675.764	1	14
675.934	1	11
676.104	1	14
676.273	1	10
676.443	1	18
676.613	1	9
676.783	1	18
676.952	1	8
677.122	1	10
677.292	1	-1
677.462	1	13
677.632	1	13
677.801	1	15
677.971	1	14
678.141	1	-4
678.311	1	2
678.480	1	21
678.650	1	14
678.820	1	23
678.990	1	8
679.159	1	8
679.329	1	11
679.499	1	16
679.669	1	1
679.838	1	16
680.008	1	3
680.178	1	12
680.348	1	12
680.517	1	5
680.687	1	10
680.857	1	3
681.027	1	9
681.196	1	21
681.366	1	5
681.536	1	9
681.706	1	12
681.875	1	5
682.045	1	12
682.215	1	13
682.385	1	18
682.554	1	7
682.724	1	9
682.894	1	14
683.064	1	2
683.233	1	14
683.403	1	13
683.573	1	9
683.743	1	15
683.912	1	8
684.082	1	23
684.252	1	7
684.421	1	18
684.591	1	6
684.761	1	5
684.931	1	2
685.100	1	20
685.270	1	23
685.440	1	10
685.610	1	9
685.779	1	16
685.949	1	9
686.119	1	11
686.288	1	10
686.458	1	9
686.628	1	6
686.798	1	13
686.967	1	15
687.137	1	12
687.307	1	11
687.477	1	3
687.646	1	3
687.816	1	12
687.986	1	9
688.155	1	8
688.325	1	15
688.495	1	8
688.665	1	6
688.834	1	4
689.004	1	7
689.174	1	9
689.343	1	8
689.513	1	0
689.683	1	6
689.852	1	14
690.022	1	4
690.192	1	16
690.362	1	6
690.531	1	-1
690.701	1	13
690.871	1	16
691.040	1	17
691.210	1	8
691.380	1	6
691.549	1	9
691.719	1	3
691.889	1	6
692.059	1	5
692.228	1	4
692.398	1	4
692.568	1	5
692.737	1	10
692.907	1	3
693.077	1	0
693.246	1	8
693.416	1	14
693.586	1	8
693.755	1	1
693.925	1	7
694.095	1	1
694.264	1	8
694.434	1	14
694.604	1	9
694.773	1	5
694.943	1	14
695.113	1	11
695.282	1	14
695.452	1	15
695.622	1	17
695.791	1	11
695.961	1	18
696.131	1	5
696.301	1	1
696.470	1	10
696.640	1	7
696.810	1	12
696.979	1	6
697.149	1	11
697.319	1	7
697.488	1	7
697.658	1	11
697.827	1	1
697.997	1	-4
698.167	1	3
698.336	1	9
698.506	1	4
698.676	1	10
698.845	1	5
699.015	1	5
699.185	1	15
699.354	1	7
699.524	1	-1
699.694	1	10
699.863	1	6
700.033	1	2
700.203	1	6
700.372	1	0
700.542	1	19
700.712	1	6
700.881	1	11
701.051	1	7
701.221	1	11
701.390	1	10
701.560	1	4
701.729	1	17
701.899	1	-3
702.069	1	6
702.238	1	13
702.408	1	9
702.578	1	7
702.747	1	4
702.917	1	16
703.087	1	15
703.256	1	8
703.426	1	12
703.595	1	5
703.765	1	6
703.935	1	2
704.104	1	-2
704.274	1	-5
704.444	1	7
704.613	1	9
704.783	1	3
704.952	1	8
705.122	1	14
705.292	1	-2
705.461	1	11
705.631	1	9
705.801	1	10
705.970	1	5
706.140	1	5
706.309	1	2
706.479	1	5
706.649	1	16
706.818	1	6
706.988	1	8
707.157	1	4
707.327	1	14
707.497	1	7
707.666	1	-6
707.836	1	12
708.006	1	-2
708.175	1	5
708.345	1	14
708.514	1	2
708.684	1	17
708.854	1	-3
709.023	1	-2
709.193	1	1
709.362	1	7
709.532	1	3
709.702	1	4
709.871	1	2
710.041	1	-9
710.210	1	3
710.380	1	-1
710.550	1	11
710.719	1	-8
710.889	1	5
711.058	1	14
711.228	1	1
711.397	1	1
711.567	1	3
711.737	1	8
711.906	1	9
712.076	1	5
712.245	1	9
712.415	1	-1
712.585	1	-2
712.754	1	3
712.924	1	-6
713.093	1	6
713.263	1	14
713.432	1	-8
713.602	1	12
713.772	1	2
713.941	1	1
714.111	1	8
714.280	1	9
714.450	1	9
714.619	1	14
714.789	1	9
714.959	1	12
715.128	1	-4
715.298	1	-3
715.467	1	0
715.637	1	1
715.806	1	9
715.976	1	4
716.146	1	9
716.315	1	5
716.485	1	7
716.654	1	11
716.824	1	13
716.993	1	4
717.163	1	13
717.333	1	13
717.502	1	7
717.672	1	-3
717.841	1	10
718.011	1	8
718.180	1	7
718.350	1	9
718.519	1	14
718.689	1	8
718.858	1	12
719.028	1	0
719.198	1	-1
719.367	1	2
719.537	1	-1
719.706	1	7
719.876	1	2
720.045	1	4
720.215	1	4
720.384	1	12
720.554	1	-1
720.723	1	7
720.893	1	9
721.063	1	6
721.232	1	6
721.402	1	-2
721.571	1	13
721.741	1	-1
721.910	1	5
722.080	1	8
722.249	1	17
722.419	1	7
722.588	1	-11
722.758	1	0
722.927	1	3
723.097	1	5
723.266	1	2
723.436	1	1
723.606	1	0
723.775	1	7
723.945	1	-4
724.114	1	10
724.284	1	1
724.453	1	6
724.623	1	-3
724.792	1	-5
724.962	1	-4
725.131	1	4
725.301	1	4
725.470	1	2
725.640	1	-4
725.809	1	-5
725.979	1	7
726.148	1	-1
726.318	1	5
726.487	1	-8
726.657	1	0
726.826	1	-3
726.996	1	6
727.165	1	17
727.335	1	14
727.504	1	6
727.674	1	0
727.843	1	13
728.013	1	-1
728.182	1	2
728.352	1	1
728.521	1	5
728.691	1	8
728.860	1	15
729.030	1	-3
729.199	1	10
729.369	1	-6
729.538	1	6
729.708	1	11
729.877	1	-1
730.047	1	14
730.216	1	-9
730.386	1	0
730.555	1	-5
730.725	1	-3
730.894	1	4
731.064	1	4
731.233	1	-1
731.403	1	10
731.572	1	9
731.742	1	-6
731.911	1	7
732.081	1	10
732.250	1	-8
732.420	1	8
732.589	1	3
732.758	1	1
732.928	1	7
733.097	1	5
733.267	1	3
733.436	1	3
733.606	1	-2
733.775	1	5
733.945	1	14
734.114	1	0
734.284	1	13
734.453	1	2
734.623	1	-1
734.792	1	11
734.962	1	-1
735.131	1	-5
735.301	1	1
735.470	1	-4
735.639	1	3
735.809	1	1
735.978	1	9
736.148	1	-7
736.317	1	8
736.487	1	-3
736.656	1	16
736.826	1	1
736.995	1	-6
737.165	1	0
737.334	1	-9
737.503	1	4
737.673	1	11
737.842	1	4
738.012	1	4
738.181	1	4
738.351	1	6
738.520	1	-10
738.690	1	8
738.859	1	7
739.028	1	4
739.198	1	8
739.367	1	6
739.537	1	6
739.706	1	7
739.876	1	11
740.045	1	-2
740.215	1	6
740.384	1	3
740.553	1	0
740.723	1	-2
740.892	1	4
741.062	1	8
741.231	1	-1
741.401	1	9
741.570	1	-5
741.739	1	-5
741.909	1	6
742.078	1	6
742.248	1	-3
742.417	1	-4
742.587	1	1
742.756	1	-5
742.925	1	-3
743.095	1	9
743.264	1	10
743.434	1	4
743.603	1	11
743.772	1	-2
743.942	1	-1
744.111	1	17
744.281	1	-3
744.450	1	10
744.620	1	4
744.789	1	5
744.958	1	-9
745.128	1	-1
745.297	1	1
745.467	1	11
745.636	1	7
745.805	1	8
745.975	1	-4
746.144	1	6
746.314	1	-1
746.483	1	5
746.652	1	0
746.822	1	0
746.991	1	9
747.161	1	6
747.330	1	6
747.499	1	3
747.669	1	-3
747.838	1	12
748.008	1	9
748.177	1	6
748.346	1	-7
748.516	1	8
748.685	1	0
748.855	1	-3
749.024	1	0
749.193	1	15
749.363	1	2
749.532	1	2
749.702	1	-5
749.871	1	0
750.040	1	4
750.210	1	-6
750.379	1	6
750.548	1	6
750.718	1	-1
750.887	1	-7
751.057	1	3
751.226	1	-7
751.395	1	-1
751.565	1	0
751.734	1	13
751.903	1	7
752.073	1	18
752.242	1	-6
752.412	1	5
752.581	1	1
752.750	1	2
752.920	1	1
753.089	1	13
753.258	1	-3
753.428	1	11
753.597	1	8
753.767	1	1
753.936	1	7
754.105	1	3
754.275	1	1
754.444	1	-9
754.613	1	-2
754.783	1	9
754.952	1	12
755.121	1	9
755.291	1	-6
755.460	1	0
755.629	1	7
755.799	1	1
755.968	1	-2
756.138	1	5
756.307	1	-4
756.476	1	13
756.646	1	-14
756.815	1	4
756.984	1	2
757.154	1	1
757.323	1	3
757.492	1	9
757.662	1	5
757.831	1	7
758.000	1	3
758.170	1	1
758.339	1	2
758.508	1	8
758.678	1	-10
758.847	1	7
759.016	1	7
759.186	1	-1
759.355	1	6
759.524	1	1
759.694	1	-5
759.863	1	2
760.032	1	9
760.202	1	5
760.371	1	10
760.540	1	16
760.710	1	1
760.879	1	-2
761.048	1	6
761.218	1	3
761.387	1	4
761.556	1	6
761.726	1	2
761.895	1	6
762.064	1	3
762.234	1	3
762.403	1	8
762.572	1	12
762.742	1	5
762.911	1	10
763.080	1	3
763.249	1	5
763.419	1	-1
763.588	1	2
763.757	1	8
763.927	1	-1
764.096	1	8
764.265	1	0
764.435	1	0
764.604	1	2
764.773	1	2
764.943	1	5
765.112	1	-3
765.281	1	8
765.450	1	9
765.620	1	8
765.789	1	4
765.958	1	5
766.128	1	9
766.297	1	3
766.466	1	1
766.636	1	4
766.805	1	-13
766.974	1	17
767.143	1	-6
767.313	1	12
767.482	1	3
767.651	1	3
767.821	1	9
767.990	1	-3
768.159	1	9
768.328	1	4
768.498	1	11
768.667	1	1
768.836	1	6
769.006	1	8
769.175	1	-2
769.344	1	-4
769.513	1	4
769.683	1	2
769.852	1	-3
770.021	1	-6
770.191	1	3
770.360	1	1
770.529	1	4
770.698	1	3
770.868	1	15
771.037	1	2
771.206	1	-4
771.375	1	6
771.545	1	3
771.714	1	3
771.883	1	7
772.053	1	3
772.222	1	5
772.391	1	13
772.560	1	3
772.730	1	7
772.899	1	4
773.068	1	3
773.237	1	5
773.407	1	-1
773.576	1	-3
773.745	1	-2
773.914	1	0
774.084	1	6
774.253	1	-1
774.422	1	4
774.591	1	6
774.761	1	5
774.930	1	2
775.099	1	4
775.268	1	1
775.438	1	5
775.607	1	3
775.776	1	7
775.945	1	-3
776.115	1	-1
776.284	1	6
776.453	1	9
776.622	1	1
776.792	1	6
776.961	1	0
777.130	1	-7
777.299	1	-6
777.469	1	-3
777.638	1	4
777.807	1	5
777.976	1	3
778.146	1	5
778.315	1	-2
778.484	1	11
778.653	1	1
778.822	1	5
778.992	1	3
779.161	1	10
779.330	1	-2
779.499	1	15
779.669	1	10
779.838	1	10
780.007	1	13
780.176	1	2
780.346	1	6
780.515	1	0
780.684	1	2
780.853	1	-4
781.022	1	-3
781.192	1	0
781.361	1	4
781.530	1	4
781.699	1	11
781.868	1	6
782.038	1	8
782.207	1	-17
782.376	1	4
782.545	1	-9
782.715	1	3
782.884	1	4
783.053	1	2
783.222	1	-1
783.391	1	4
783.561	1	-7
783.730	1	6
783.899	1	12
784.068	1	0
784.237	1	-1
784.407	1	3
784.576	1	5
784.745	1	2
784.914	1	15
785.083	1	2
785.253	1	2
785.422	1	3
785.591	1	3
785.760	1	-9
785.929	1	-4
786.099	1	-3
786.268	1	11
786.437	1	1
786.606	1	6
786.775	1	-1
786.945	1	3
787.114	1	3
787.283	1	12
787.452	1	0
787.621	1	-2
787.790	1	7
787.960	1	-1
788.129	1	12
788.298	1	5
788.467	1	6
788.636	1	13
788.806	1	11
788.975	1	0
789.144	1	-4
789.313	1	-8
789.482	1	9
789.651	1	-3
789.821	1	2
789.990	1	-5
790.159	1	-4
790.328	1	3
790.497	1	-2
790.666	1	2
790.836	1	1
791.005	1	4
791.174	1	-2
791.343	1	7
791.512	1	4
791.681	1	-2
791.851	1	8
792.020	1	12
792.189	1	14
792.358	1	6
792.527	1	-4
792.696	1	-6
792.866	1	1
793.035	1	-8
793.204	1	-9
793.373	1	7
793.542	1	-6
793.711	1	9
793.880	1	14
794.050	1	6
794.219	1	10
794.388	1	5
794.557	1	8
794.726	1	-9
794.895	1	1
795.064	1	-4
795.234	1	10
795.403	1	2
795.572	1	9
795.741	1	-11
795.910	1	1
796.079	1	-3
796.248	1	2
796.418	1	18
796.587	1	3
796.756	1	-1
796.925	1	-4
797.094	1	9
797.263	1	3
797.432	1	3
797.602	1	-7
797.771	1	-7
797.940	1	-3
798.109	1	6
798.278	1	0
798.447	1	15
798.616	1	2
798.785	1	0
798.955	1	3
799.124	1	0
799.293	1	6
799.462	1	4
799.631	1	0
799.800	1	10
799.969	1	8
800.138	1	-1
800.308	1	-1
800.477	1	11
800.646	1	7
800.815	1	-9
800.984	1	13
801.153	1	-1
801.322	1	-4
801.491	1	5
801.660	1	-17
801.830	1	-8
801.999	1	0
802.168	1	7
802.337	1	17
802.506	1	-4
802.675	1	8
802.844	1	7
803.013	1	6
803.182	1	6
803.351	1	14
803.521	1	0
803.690	1	7
803.859	1	2
804.028	1	4
804.197	1	1
804.366	1	1
804.535	1	5
804.704	1	-2
804.873	1	6
805.042	1	10
805.212	1	4
805.381	1	-11
805.550	1	3
805.719	1	5
805.888	1	8
806.057	1	5
806.226	1	0
806.395	1	-6
806.564	1	0
806.733	1	3
806.902	1	-5
807.071	1	2
807.241	1	-8
807.410	1	-4
807.579	1	7
807.748	1	12
807.917	1	-6
808.086	1	1
808.255	1	-4
808.424	1	0
808.593	1	0
808.762	1	0
808.931	1	-1
809.100	1	1
809.269	1	5
809.439	1	4
809.608	1	4
809.777	1	5
809.946	1	10
810.115	1	7
810.284	1	-6
810.453	1	11
810.622	1	0
810.791	1	4
810.960	1	-2
811.129	1	16
811.298	1	4
811.467	1	7
811.636	1	0
811.805	1	-9
811.974	1	-9
812.143	1	-10
812.313	1	-6
812.482	1	0
812.651	1	7
812.820	1	1
812.989	1	7
813.158	1	-4
813.327	1	8
813.496	1	-4
813.665	1	12
813.834	1	-5
814.003	1	0
814.172	1	3
814.341	1	-1
814.510	1	7
814.679	1	1
814.848	1	8
815.017	1	0
815.186	1	0
815.355	1	-2
815.524	1	10
815.693	1	5
815.862	1	-3
816.031	1	8
816.200	1	4
816.370	1	13
816.539	1	-3
816.708	1	2
816.877	1	7
817.046	1	1
817.215	1	5
817.384	1	9
817.553	1	10
817.722	1	6
817.891	1	5
818.060	1	1
818.229	1	9
818.398	1	-4
818.567	1	-5
818.736	1	2
818.905	1	4
819.074	1	-3
819.243	1	2
819.412	1	5
819.581	1	6
819.750	1	2
819.919	1	9
820.088	1	3
820.257	1	-1
820.426	1	-1
820.595	1	2
820.764	1	1
820.933	1	4
821.102	1	10
821.271	1	0
821.440	1	3
821.609	1	-10
821.778	1	3
821.947	1	-11
822.116	1	1
822.285	1	-1
822.454	1	10
822.623	1	-7
822.792	1	5
822.961	1	1
823.130	1	13
823.299	1	4
823.468	1	-7
823.637	1	-5
823.806	1	5
823.975	1	4
824.144	1	2
824.313	1	14
824.482	1	1
824.651	1	-1
824.820	1	7
824.989	1	9
825.158	1	1
825.327	1	-3
825.496	1	3
825.665	1	8
825.834	1	0
826.003	1	-8
826.172	1	7
826.341	1	-7
826.510	1	5
826.679	1	7
826.848	1	-9
827.017	1	1
827.186	1	-11
827.355	1	-4
827.524	1	-4
827.693	1	-5
827.862	1	1
828.031	1	4
828.199	1	0
828.368	1	4
828.537	1	-5
828.706	1	-4
828.875	1	-1
829.044	1	5
829.213	1	9
829.382	1	4
829.551	1	3
829.720	1	14
829.889	1	12
830.058	1	3
830.227	1	-12
830.396	1	0
830.565	1	2
830.734	1	10
830.903	1	9
831.072	1	3
831.241	1	1
831.410	1	1
831.579	1	0
831.748	1	8
831.917	1	-3
832.086	1	0
832.254	1	9
832.423	1	3
832.592	1	2
832.761	1	1
832.930	1	12
833.099	1	0
833.268	1	8
833.437	1	-2
833.606	1	3
833.775	1	4
833.944	1	8
834.113	1	18
834.282	1	4
834.451	1	-6
834.620	1	12
834.789	1	3
834.957	1	1
835.126	1	6
835.295	1	-1
835.464	1	-1
835.633	1	-1
835.802	1	6
835.971	1	0
836.140	1	7
836.309	1	5
836.478	1	3
836.647	1	4
836.816	1	11
836.985	1	-3
837.154	1	2
837.322	1	-5
837.491	1	5
837.660	1	2
837.829	1	-1
837.998	1	7
838.167	1	2
838.336	1	0
838.505	1	3
838.674	1	2
838.843	1	5
839.012	1	3
839.181	1	-4
839.349	1	12
839.518	1	2
839.687	1	5
839.856	1	7
840.025	1	5
840.194	1	-1
840.363	1	-2
840.532	1	-9
840.701	1	1
840.870	1	10
841.038	1	0
841.207	1	4
841.376	1	-4
841.545	1	-10
841.714	1	12
841.883	1	4
842.052	1	3
842.221	1	1
842.390	1	-1
842.559	1	10
842.727	1	-2
842.896	1	-3
843.065	1	6
843.234	1	-2
843.403	1	-3
843.572	1	9
843.741	1	3
843.910	1	-3
844.079	1	2
844.247	1	3
844.416	1	8
844.585	1	3
844.754	1	4
844.923	1	-11
845.092	1	-2
845.261	1	3
845.430	1	10
845.598	1	-4
845.767	1	-8
845.936	1	5
846.105	1	3
846.274	1	1
846.443	1	9
846.612	1	-2
846.781	1	-2
846.949	1	1
847.118	1	-2
847.287	1	0
847.456	1	12
847.625	1	0
847.794	1	-9
847.963	1	-1
848.131	1	1
848.300	1	17
