500.757	1	9
500.928	1	13
501.099	1	11
501.269	1	10
501.440	1	2
501.611	1	17
501.782	1	16
501.952	1	13
502.123	1	11
502.294	1	16
502.464	1	12
502.635	1	23
502.806	1	18
502.976	1	2
503.147	1	17
503.318	1	10
503.489	1	18
503.659	1	16
503.830	1	4
504.001	1	19
504.171	1	10
504.342	1	24
504.513	1	13
504.683	1	8
504.854	1	8
505.025	1	1
505.195	1	23
505.366	1	14
505.537	1	11
505.707	1	-4
505.878	1	12
506.049	1	17
506.219	1	15
506.390	1	12
506.561	1	11
506.731	1	2
506.902	1	6
507.073	1	16
507.243	1	20
507.414	1	16
507.585	1	3
507.755	1	11
507.926	1	12
508.097	1	8
508.267	1	7
508.438	1	11
508.609	1	6
508.779	1	10
508.950	1	11
509.121	1	14
509.291	1	1
509.462	1	2
509.633	1	13
509.803	1	10
509.974	1	4
510.145	1	19
510.315	1	6
510.486	1	12
510.657	1	5
510.827	1	21
510.998	1	3
511.169	1	20
511.339	1	10
511.510	1	9
511.680	1	12
511.851	1	1
512.022	1	10
512.192	1	10
512.363	1	0
512.534	1	15
512.704	1	7
512.875	1	0
513.046	1	11
513.216	1	28
513.387	1	10
513.558	1	12
513.728	1	-6
513.899	1	9
514.069	1	8
514.240	1	21
514.411	1	9
514.581	1	10
514.752	1	7
514.923	1	12
515.093	1	1
515.264	1	8
515.434	1	8
515.605	1	3
515.776	1	5
515.946	1	25
516.117	1	4
516.288	1	9
516.458	1	5
516.629	1	7
516.799	1	11
516.970	1	6
517.141	1	16
517.311	1	-3
517.482	1	15
517.653	1	7
517.823	1	6
517.994	1	2
518.164	1	-3
518.335	1	16
518.506	1	6
518.676	1	9
518.847	1	19
519.017	1	-2
519.188	1	7
519.359	1	3
519.529	1	4
519.700	1	9
519.870	1	5
520.041	1	11
520.212	1	-2
520.382	1	8
520.553	1	-2
520.723	1	12
520.894	1	7
521.065	1	0
521.235	1	-5
521.406	1	18
521.576	1	-1
521.747	1	5
521.918	1	15
522.088	1	6
522.259	1	6
522.429	1	4
522.600	1	4
522.770	1	4
522.941	1	13
523.112	1	16
523.282	1	21
523.453	1	8
523.623	1	16
523.794	1	1
523.965	1	-2
524.135	1	1
524.306	1	8
524.476	1	-1
524.647	1	9
524.817	1	15
524.988	1	13
525.159	1	11
525.329	1	1
525.500	1	6
525.670	1	8
525.841	1	4
526.011	1	-2
526.182	1	5
526.353	1	3
526.523	1	2
526.694	1	17
526.864	1	0
527.035	1	3
527.205	1	-3
527.376	1	8
527.547	1	6
527.717	1	18
527.888	1	4
528.058	1	2
528.229	1	18
528.399	1	5
528.570	1	9
528.740	1	13
528.911	1	13
529.082	1	17
529.252	1	10
529.423	1	20
529.593	1	5
529.764	1	2
529.934	1	8
530.105	1	3
530.275	1	0
530.446	1	2
530.617	1	15
530.787	1	15
530.958	1	16
531.128	1	19
531.299	1	4
531.469	1	16
531.640	1	26
531.810	1	5
531.981	1	8
532.151	1	17
532.322	1	12
532.492	1	3
532.663	1	9
532.834	1	10
533.004	1	-4
533.175	1	14
533.345	1	7
533.516	1	5
533.686	1	4
533.857	1	-4
534.027	1	2
534.198	1	2
534.368	1	6
534.539	1	3
534.709	1	2
534.880	1	5
535.050	1	5
535.221	1	-3
535.391	1	9
535.562	1	3
535.732	1	15
535.903	1	1
536.073	1	7
536.244	1	11
536.415	1	2
536.585	1	4
536.756	1	6
536.926	1	-5
537.097	1	4
537.267	1	13
537.438	1	11
537.608	1	14
537.779	1	18
537.949	1	5
538.120	1	4
538.290	1	6
538.461	1	-1
538.631	1	3
538.802	1	-7
538.972	1	1
539.143	1	1
539.313	1	14
539.484	1	7
539.654	1	13
539.825	1	4
539.995	1	4
540.166	1	4
540.336	1	9
540.507	1	-2
540.677	1	4
540.848	1	2
541.018	1	13
541.189	1	-6
541.359	1	7
541.530	1	16
541.700	1	8
541.871	1	9
542.041	1	16
542.211	1	7
542.382	1	16
542.552	1	0
542.723	1	9
542.893	1	5
543.064	1	1
543.234	1	1
543.405	1	14
543.575	1	-5
543.746	1	18
543.916	1	13
544.087	1	5
544.257	1	3
544.428	1	15
544.598	1	14
544.769	1	-4
544.939	1	-7
545.110	1	5
545.280	1	14
545.451	1	0
545.621	1	3
545.791	1	-2
545.962	1	11
546.132	1	9
546.303	1	10
546.473	1	2
546.644	1	6
546.814	1	14
546.985	1	7
547.155	1	15
547.326	1	12
547.496	1	-4
547.666	1	1
547.837	1	4
548.007	1	11
548.178	1	1
548.348	1	4
548.519	1	9
548.689	1	2
548.860	1	-1
549.030	1	1
549.201	1	5
549.371	1	3
549.541	1	3
549.712	1	3
549.882	1	9
550.053	1	3
550.223	1	-9
550.394	1	9
550.564	1	0
550.735	1	5
550.905	1	9
551.075	1	8
551.246	1	4
551.416	1	7
551.587	1	7
551.757	1	0
551.928	1	0
552.098	1	14
552.268	1	4
552.439	1	3
552.609	1	1
552.780	1	9
552.950	1	0
553.121	1	16
553.291	1	15
553.461	1	16
553.632	1	1
553.802	1	-4
553.973	1	1
554.143	1	0
554.314	1	-5
554.484	1	11
554.654	1	6
554.825	1	6
554.995	1	-5
555.166	1	7
555.336	1	18
555.506	1	5
555.677	1	1
555.847	1	4
556.018	1	1
556.188	1	9
556.359	1	8
556.529	1	2
556.699	1	6
556.870	1	2
557.040	1	9
557.211	1	-1
557.381	1	9
557.551	1	-5
557.722	1	6
557.892	1	9
558.063	1	11
558.233	1	5
558.403	1	4
558.574	1	0
558.744	1	5
558.915	1	8
559.085	1	13
559.255	1	2
559.426	1	12
559.596	1	8
559.767	1	3
559.937	1	1
560.107	1	2
560.278	1	5
560.448	1	3
560.618	1	5
560.789	1	-1
560.959	1	9
561.130	1	5
561.300	1	14
561.470	1	3
561.641	1	6
561.811	1	-2
561.982	1	2
562.152	1	4
562.322	1	2
562.493	1	14
562.663	1	9
562.833	1	14
563.004	1	4
563.174	1	2
563.345	1	3
563.515	1	-4
563.685	1	6
563.856	1	-2
564.026	1	9
564.196	1	11
564.367	1	-3
564.537	1	16
564.707	1	2
564.878	1	-3
565.048	1	-14
565.219	1	1
565.389	1	-10
565.559	1	-2
565.730	1	6
565.900	1	17
566.070	1	7
566.241	1	1
566.411	1	-4
566.581	1	3
566.752	1	4
566.922	1	-6
567.093	1	9
567.263	1	10
567.433	1	-11
567.604	1	9
567.774	1	13
567.944	1	5
568.115	1	7
568.285	1	6
568.455	1	5
568.626	1	1
568.796	1	-1
568.966	1	-5
569.137	1	12
569.307	1	1
569.477	1	10
569.648	1	11
569.818	1	11
569.988	1	3
570.159	1	2
570.329	1	3
570.499	1	4
570.670	1	-9
570.840	1	0
571.010	1	1
571.181	1	6
571.351	1	5
571.521	1	0
571.692	1	-3
571.862	1	-3
572.032	1	3
572.203	1	8
572.373	1	-3
572.543	1	5
572.714	1	3
572.884	1	6
573.054	1	5
573.225	1	15
573.395	1	7
573.565	1	15
573.736	1	-3
573.906	1	12
574.076	1	8
574.247	1	10
574.417	1	11
574.587	1	7
574.757	1	4
574.928	1	1
575.098	1	5
575.268	1	-1
575.439	1	5
575.609	1	-1
575.779	1	10
575.950	1	6
576.120	1	5
576.290	1	14
576.461	1	6
576.631	1	-1
576.801	1	4
576.971	1	11
577.142	1	8
577.312	1	10
577.482	1	3
577.653	1	11
577.823	1	3
577.993	1	9
578.164	1	9
578.334	1	6
578.504	1	8
578.674	1	1
578.845	1	0
579.015	1	-2
579.185	1	7
579.356	1	-13
579.526	1	3
579.696	1	-5
579.866	1	1
580.037	1	11
580.207	1	7
580.377	1	20
580.548	1	-2
580.718	1	14
580.888	1	19
581.058	1	-5
581.229	1	3
581.399	1	10
581.569	1	13
581.739	1	1
581.910	1	6
582.080	1	12
582.250	1	-3
582.421	1	10
582.591	1	7
582.761	1	12
582.931	1	8
583.102	1	0
583.272	1	2
583.442	1	1
583.612	1	-1
583.783	1	9
583.953	1	3
584.123	1	9
584.294	1	17
584.464	1	3
584.634	1	18
584.804	1	4
584.975	1	12
585.145	1	3
585.315	1	7
585.485	1	3
585.656	1	17
585.826	1	6
585.996	1	-1
586.166	1	10
586.337	1	15
586.507	1	-1
586.677	1	-9
586.847	1	-4
587.018	1	3
587.188	1	-6
587.358	1	10
587.528	1	19
587.699	1	12
587.869	1	17
588.039	1	-3
588.209	1	-1
588.380	1	-5
588.550	1	9
588.720	1	10
588.890	1	0
589.060	1	6
589.231	1	2
589.401	1	12
589.571	1	7
589.741	1	3
589.912	1	6
590.082	1	2
590.252	1	-5
590.422	1	4
590.593	1	-1
590.763	1	6
590.933	1	2
591.103	1	5
591.273	1	3
591.444	1	4
591.614	1	2
591.784	1	3
591.954	1	11
592.125	1	4
592.295	1	3
592.465	1	-3
592.635	1	13
592.805	1	-1
592.976	1	-2
593.146	1	4
593.316	1	5
593.486	1	8
593.657	1	7
593.827	1	4
593.997	1	-3
594.167	1	2
594.337	1	3
594.508	1	2
594.678	1	3
594.848	1	3
595.018	1	17
595.188	1	6
595.359	1	-5
595.529	1	10
595.699	1	4
595.869	1	0
596.039	1	6
596.210	1	-1
596.380	1	1
596.550	1	12
596.720	1	10
596.890	1	-2
597.061	1	0
597.231	1	7
597.401	1	-1
597.571	1	7
597.741	1	10
597.912	1	3
598.082	1	1
598.252	1	4
598.422	1	11
598.592	1	2
598.762	1	5
598.933	1	7
599.103	1	5
599.273	1	-2
599.443	1	13
599.613	1	3
599.784	1	1
599.954	1	5
600.124	1	10
600.294	1	-1
600.464	1	6
600.634	1	4
600.805	1	10
600.975	1	10
601.145	1	13
601.315	1	6
601.485	1	3
601.656	1	5
601.826	1	9
601.996	1	4
602.166	1	5
602.336	1	-1
602.506	1	14
602.677	1	8
602.847	1	3
603.017	1	3
603.187	1	4
603.357	1	6
603.527	1	9
603.697	1	6
603.868	1	5
604.038	1	-1
604.208	1	0
604.378	1	11
604.548	1	3
604.718	1	3
604.889	1	-1
605.059	1	6
605.229	1	3
605.399	1	8
605.569	1	6
605.739	1	9
605.909	1	10
606.080	1	3
606.250	1	8
606.420	1	14
606.590	1	6
606.760	1	12
606.930	1	17
607.100	1	-1
607.271	1	-3
607.441	1	8
607.611	1	4
607.781	1	12
607.951	1	9
608.121	1	9
608.291	1	8
608.462	1	6
608.632	1	15
608.802	1	12
608.972	1	3
609.142	1	5
609.312	1	2
609.482	1	4
609.652	1	13
609.823	1	0
609.993	1	7
610.163	1	1
610.333	1	9
610.503	1	18
610.673	1	10
610.843	1	-5
611.013	1	10
611.184	1	3
611.354	1	-4
611.524	1	5
611.694	1	9
611.864	1	17
612.034	1	17
612.204	1	3
612.374	1	5
612.545	1	6
612.715	1	15
612.885	1	5
613.055	1	7
613.225	1	8
613.395	1	15
613.565	1	0
613.735	1	16
613.905	1	11
614.075	1	9
614.246	1	5
614.416	1	6
614.586	1	5
614.756	1	-4
614.926	1	6
615.096	1	3
615.266	1	15
615.436	1	12
615.606	1	11
615.776	1	10
615.947	1	6
616.117	1	-2
616.287	1	5
616.457	1	6
616.627	1	12
616.797	1	5
616.967	1	1
617.137	1	6
617.307	1	8
617.477	1	2
617.647	1	3
617.818	1	8
617.988	1	10
618.158	1	4
618.328	1	4
618.498	1	2
618.668	1	15
618.838	1	6
619.008	1	7
619.178	1	4
619.348	1	7
619.518	1	16
619.688	1	16
619.859	1	13
620.029	1	8
620.199	1	5
620.369	1	14
620.539	1	15
620.709	1	0
620.879	1	5
621.049	1	5
621.219	1	19
621.389	1	7
621.559	1	11
621.729	1	3
621.899	1	8
622.069	1	15
622.239	1	17
622.410	1	10
622.580	1	16
622.750	1	11
622.920	1	17
623.090	1	9
623.260	1	8
623.430	1	1
623.600	1	11
623.770	1	14
623.940	1	7
624.110	1	5
624.280	1	17
624.450	1	23
624.620	1	27
624.790	1	16
624.960	1	24
625.130	1	31
625.300	1	11
625.470	1	1
625.640	1	13
625.811	1	27
625.981	1	8
626.151	1	9
626.321	1	23
626.491	1	14
626.661	1	20
626.831	1	-1
627.001	1	3
627.171	1	14
627.341	1	13
627.511	1	9
627.681	1	8
627.851	1	8
628.021	1	18
628.191	1	22
628.361	1	14
628.531	1	16
628.701	1	16
628.871	1	17
629.041	1	8
629.211	1	6
629.381	1	24
629.551	1	29
629.721	1	27
629.891	1	24
630.061	1	8
630.231	1	11
630.401	1	14
630.571	1	14
630.741	1	14
630.911	1	16
631.081	1	17
631.251	1	15
631.421	1	3
631.591	1	24
631.761	1	12
631.931	1	20
632.101	1	13
632.271	1	8
632.441	1	16
632.611	1	15
632.782	1	16
632.952	1	11
633.122	1	5
633.292	1	16
633.462	1	13
633.632	1	18
633.802	1	15
633.972	1	7
634.142	1	5
634.312	1	16
634.482	1	25
634.652	1	20
634.821	1	5
634.991	1	12
635.161	1	23
635.331	1	22
635.501	1	7
635.671	1	22
635.841	1	13
636.011	1	13
636.181	1	25
636.351	1	19
636.521	1	19
636.691	1	22
636.861	1	10
637.031	1	11
637.201	1	16
637.371	1	14
637.541	1	28
637.711	1	3
637.881	1	13
638.051	1	10
638.221	1	19
638.391	1	22
638.561	1	20
638.731	1	30
638.901	1	20
639.071	1	7
639.241	1	17
639.411	1	20
639.581	1	20
639.751	1	23
639.921	1	23
640.091	1	12
640.261	1	27
640.431	1	27
640.601	1	14
640.771	1	10
640.941	1	25
641.111	1	19
641.281	1	12
641.451	1	21
641.621	1	20
641.791	1	23
641.960	1	2
642.130	1	23
642.300	1	21
642.470	1	15
642.640	1	15
642.810	1	16
642.980	1	19
643.150	1	15
643.320	1	17
643.490	1	11
643.660	1	11
643.830	1	15
644.000	1	10
644.170	1	13
644.340	1	18
644.510	1	23
644.680	1	16
644.850	1	18
645.020	1	16
645.189	1	17
645.359	1	21
645.529	1	18
645.699	1	20
645.869	1	8
646.039	1	17
646.209	1	15
646.379	1	30
646.549	1	19
646.719	1	5
646.889	1	12
647.059	1	21
647.229	1	11
647.399	1	28
647.569	1	28
647.738	1	11
647.908	1	12
648.078	1	21
648.248	1	3
648.418	1	15
648.588	1	19
648.758	1	19
648.928	1	27
649.098	1	6
649.268	1	30
649.438	1	29
649.608	1	13
649.778	1	26
649.947	1	17
650.117	1	18
650.287	1	24
650.457	1	30
650.627	1	16
650.797	1	16
650.967	1	13
651.137	1	26
651.307	1	15
651.477	1	9
651.647	1	13
651.816	1	15
651.986	1	9
652.156	1	27
652.326	1	18
652.496	1	20
652.666	1	15
652.836	1	19
653.006	1	13
653.176	1	15
653.346	1	14
653.515	1	27
653.685	1	23
653.855	1	9
654.025	1	22
654.195	1	4
654.365	1	31
654.535	1	22
654.705	1	26
654.875	1	19
655.044	1	21
655.214	1	10
655.384	1	11
655.554	1	16
655.724	1	10
655.894	1	23
656.064	1	23
656.234	1	12
656.404	1	12
656.573	1	36
656.743	1	20
656.913	1	17
657.083	1	27
657.253	1	18
657.423	1	6
657.593	1	27
657.763	1	20
657.932	1	23
658.102	1	22
658.272	1	17
658.442	1	27
658.612	1	12
658.782	1	29
658.952	1	27
659.121	1	25
659.291	1	16
659.461	1	24
659.631	1	19
659.801	1	12
659.971	1	26
660.141	1	13
660.311	1	24
660.480	1	16
660.650	1	10
660.820	1	28
660.990	1	31
661.160	1	12
661.330	1	26
661.500	1	26
661.669	1	25
661.839	1	26
662.009	1	24
662.179	1	34
662.349	1	18
662.519	1	16
662.688	1	16
662.858	1	4
663.028	1	13
663.198	1	21
663.368	1	8
663.538	1	20
663.708	1	21
663.877	1	23
664.047	1	7
664.217	1	18
664.387	1	8
664.557	1	10
664.727	1	28
664.896	1	19
665.066	1	9
665.236	1	16
665.406	1	27
665.576	1	17
665.746	1	12
665.915	1	5
666.085	1	22
666.255	1	18
666.425	1	13
666.595	1	12
666.765	1	14
666.934	1	11
667.104	1	22
667.274	1	19
667.444	1	30
667.614	1	14
667.783	1	14
667.953	1	24
668.123	1	11
668.293	1	17
668.463	1	20
668.633	1	11
668.802	1	12
668.972	1	11
669.142	1	15
669.312	1	25
669.482	1	25
669.651	1	32
669.821	1	22
669.991	1	9
670.161	1	22
670.331	1	22
670.500	1	10
670.670	1	14
670.840	1	23
671.010	1	26
671.180	1	24
671.349	1	20
671.519	1	7
671.689	1	14
671.859	1	6
672.029	1	19
672.198	1	27
672.368	1	9
672.538	1	12
672.708	1	18
672.878	1	11
673.047	1	13
673.217	1	19
673.387	1	16
673.557	1	17
673.727	1	19
673.896	1	11
674.066	1	12
674.236	1	7
674.406	1	13
674.576	1	3
674.745	1	19
674.915	1	19
675.085	1	20
675.255	1	9
675.424	1	4
675.594	1	19
675.764	1	8
675.934	1	12
676.104	1	10
676.273	1	13
676.443	1	7
676.613	1	14
676.783	1	19
676.952	1	15
677.122	1	13
677.292	1	0
677.462	1	12
677.632	1	9
677.801	1	18
677.971	1	22
678.141	1	10
678.311	1	9
678.480	1	4
678.650	1	10
678.820	1	15
678.990	1	11
679.159	1	8
679.329	1	11
679.499	1	11
679.669	1	5
679.838	1	24
680.008	1	4
680.178	1	17
680.348	1	11
680.517	1	11
680.687	1	9
680.857	1	10
681.027	1	16
681.196	1	27
681.366	1	12
681.536	1	7
681.706	1	11
681.875	1	9
682.045	1	-2
682.215	1	9
682.385	1	23
682.554	1	17
682.724	1	11
682.894	1	12
683.064	1	12
683.233	1	13
683.403	1	7
683.573	1	17
683.743	1	2
683.912	1	5
684.082	1	19
684.252	1	11
684.421	1	19
684.591	1	8
684.761	1	12
684.931	1	-2
685.100	1	15
685.270	1	20
685.440	1	14
685.610	1	15
685.779	1	18
685.949	1	11
686.119	1	13
686.288	1	11
686.458	1	12
686.628	1	7
686.798	1	12
686.967	1	19
687.137	1	0
687.307	1	13
687.477	1	10
687.646	1	11
687.816	1	16
687.986	1	23
688.155	1	10
688.325	1	19
688.495	1	5
688.665	1	2
688.834	1	7
689.004	1	7
689.174	1	1
689.343	1	5
689.513	1	3
689.683	1	8
689.852	1	22
690.022	1	14
690.192	1	9
690.362	1	6
690.531	1	3
690.701	1	10
690.871	1	11
691.040	1	12
691.210	1	18
691.380	1	11
691.549	1	6
691.719	1	3
691.889	1	7
692.059	1	-3
692.228	1	10
692.398	1	9
692.568	1	10
692.737	1	3
692.907	1	3
693.077	1	8
693.246	1	5
693.416	1	12
693.586	1	23
693.755	1	1
693.925	1	2
694.095	1	-6
694.264	1	16
694.434	1	5
694.604	1	11
694.773	1	10
694.943	1	7
695.113	1	12
695.282	1	8
695.452	1	15
695.622	1	6
695.791	1	-3
695.961	1	12
696.131	1	17
696.301	1	-4
696.470	1	4
696.640	1	3
696.810	1	5
696.979	1	3
697.149	1	9
697.319	1	20
697.488	1	3
697.658	1	8
697.827	1	7
697.997	1	3
698.167	1	8
698.336	1	14
698.506	1	11
698.676	1	5
698.845	1	2
699.015	1	1
699.185	1	0
699.354	1	16
699.524	1	10
699.694	1	8
699.863	1	14
700.033	1	6
700.203	1	7
700.372	1	3
700.542	1	16
700.712	1	-1
700.881	1	19
701.051	1	7
701.221	1	6
701.390	1	11
701.560	1	0
701.729	1	12
701.899	1	3
702.069	1	4
702.238	1	8
702.408	1	7
702.578	1	12
702.747	1	0
702.917	1	3
703.087	1	19
703.256	1	8
703.426	1	7
703.595	1	5
703.765	1	13
703.935	1	-4
704.104	1	6
704.274	1	13
704.444	1	8
704.613	1	13
704.783	1	3
704.952	1	15
705.122	1	0
705.292	1	0
705.461	1	3
705.631	1	6
705.801	1	-3
705.970	1	1
706.140	1	6
706.309	1	7
706.479	1	15
706.649	1	3
706.818	1	10
706.988	1	14
707.157	1	17
707.327	1	7
707.497	1	9
707.666	1	-1
707.836	1	8
708.006	1	-5
708.175	1	7
708.345	1	18
708.514	1	9
708.684	1	13
708.854	1	6
709.023	1	1
709.193	1	2
709.362	1	12
709.532	1	-8
709.702	1	9
709.871	1	1
710.041	1	-5
710.210	1	6
710.380	1	-4
710.550	1	3
710.719	1	-1
710.889	1	4
711.058	1	14
711.228	1	10
711.397	1	4
711.567	1	5
711.737	1	8
711.906	1	0
712.076	1	8
712.245	1	2
712.415	1	3
712.585	1	-1
712.754	1	10
712.924	1	3
713.093	1	8
713.263	1	18
713.432	1	-7
713.602	1	2
713.772	1	7
713.941	1	6
714.111	1	10
714.280	1	11
714.450	1	15
714.619	1	5
714.789	1	9
714.959	1	16
715.128	1	-2
715.298	1	0
715.467	1	11
715.637	1	14
715.806	1	9
715.976	1	-3
716.146	1	9
716.315	1	5
716.485	1	3
716.654	1	12
716.824	1	4
716.993	1	8
717.163	1	9
717.333	1	1
717.502	1	8
717.672	1	5
717.841	1	10
718.011	1	7
718.180	1	-1
718.350	1	5
718.519	1	9
718.689	1	16
718.858	1	6
719.028	1	2
719.198	1	1
719.367	1	-8
719.537	1	1
719.706	1	1
719.876	1	1
720.045	1	6
720.215	1	4
720.384	1	6
720.554	1	6
720.723	1	10
720.893	1	1
721.063	1	-3
721.232	1	2
721.402	1	-2
721.571	1	12
721.741	1	10
721.910	1	9
722.080	1	7
722.249	1	12
722.419	1	13
722.588	1	-2
722.758	1	1
722.927	1	7
723.097	1	9
723.266	1	3
723.436	1	8
723.606	1	1
723.775	1	13
723.945	1	5
724.114	1	8
724.284	1	-2
724.453	1	5
724.623	1	4
724.792	1	-3
724.962	1	1
725.131	1	8
725.301	1	2
725.470	1	-8
725.640	1	2
725.809	1	6
725.979	1	9
726.148	1	0
726.318	1	11
726.487	1	-6
726.657	1	0
726.826	1	-8
726.996	1	6
727.165	1	9
727.335	1	15
727.504	1	2
727.674	1	4
727.843	1	14
728.013	1	6
728.182	1	-2
728.352	1	8
728.521	1	15
728.691	1	2
728.860	1	10
729.030	1	-7
729.199	1	18
729.369	1	-1
729.538	1	-1
729.708	1	12
729.877	1	3
730.047	1	10
730.216	1	1
730.386	1	3
730.555	1	-8
730.725	1	3
730.894	1	-4
731.064	1	0
731.233	1	3
731.403	1	10
731.572	1	11
731.742	1	-1
731.911	1	-2
732.081	1	12
732.250	1	5
732.420	1	-4
732.589	1	8
732.758	1	10
732.928	1	5
733.097	1	6
733.267	1	1
733.436	1	5
733.606	1	-4
733.775	1	7
733.945	1	11
734.114	1	10
734.284	1	2
734.453	1	-1
734.623	1	5
734.792	1	8
734.962	1	8
735.131	1	7
735.301	1	4
735.470	1	-3
735.639	1	-2
735.809	1	7
735.978	1	-5
736.148	1	-2
736.317	1	7
736.487	1	-3
736.656	1	10
736.826	1	0
736.995	1	-3
737.165	1	7
737.334	1	1
737.503	1	2
737.673	1	20
737.842	1	4
738.012	1	8
738.181	1	3
738.351	1	10
738.520	1	-15
738.690	1	5
738.859	1	9
739.028	1	7
739.198	1	-2
739.367	1	1
739.537	1	10
739.706	1	15
739.876	1	6
740.045	1	7
740.215	1	9
740.384	1	6
740.553	1	3
740.723	1	-2
740.892	1	1
741.062	1	10
741.231	1	3
741.401	1	11
741.570	1	1
741.739	1	11
741.909	1	11
742.078	1	0
742.248	1	1
742.417	1	-8
742.587	1	17
742.756	1	-2
742.925	1	4
743.095	1	7
743.264	1	9
743.434	1	11
743.603	1	2
743.772	1	4
743.942	1	5
744.111	1	3
744.281	1	4
744.450	1	4
744.620	1	5
744.789	1	11
744.958	1	6
745.128	1	-2
745.297	1	9
745.467	1	7
745.636	1	0
745.805	1	3
745.975	1	-9
746.144	1	6
746.314	1	12
746.483	1	11
746.652	1	2
746.822	1	5
746.991	1	4
747.161	1	5
747.330	1	5
747.499	1	9
747.669	1	3
747.838	1	2
748.008	1	5
748.177	1	5
748.346	1	1
748.516	1	7
748.685	1	-5
748.855	1	-4
749.024	1	0
749.193	1	14
749.363	1	14
749.532	1	4
749.702	1	-3
749.871	1	5
750.040	1	-5
750.210	1	-8
750.379	1	2
750.548	1	16
750.718	1	-6
750.887	1	0
751.057	1	0
751.226	1	3
751.395	1	4
751.565	1	0
751.734	1	20
751.903	1	-2
752.073	1	11
752.242	1	-4
752.412	1	-7
752.581	1	-4
752.750	1	2
752.920	1	7
753.089	1	12
753.258	1	-2
753.428	1	5
753.597	1	19
753.767	1	2
753.936	1	6
754.105	1	14
754.275	1	-2
754.444	1	4
754.613	1	-1
754.783	1	14
754.952	1	13
755.121	1	10
755.291	1	1
755.460	1	1
755.629	1	-1
755.799	1	-8
755.968	1	5
756.138	1	5
756.307	1	3
756.476	1	13
756.646	1	-4
756.815	1	4
756.984	1	-7
757.154	1	10
757.323	1	12
757.492	1	13
757.662	1	14
757.831	1	4
758.000	1	4
758.170	1	8
758.339	1	8
758.508	1	4
758.678	1	-7
758.847	1	7
759.016	1	-1
759.186	1	3
759.355	1	-1
759.524	1	9
759.694	1	1
759.863	1	-3
760.032	1	7
760.202	1	5
760.371	1	8
760.540	1	11
760.710	1	-5
760.879	1	0
761.048	1	2
761.218	1	10
761.387	1	3
761.556	1	19
761.726	1	13
761.895	1	-2
762.064	1	-5
762.234	1	3
762.403	1	15
762.572	1	8
762.742	1	19
762.911	1	0
763.080	1	1
763.249	1	-3
763.419	1	5
763.588	1	0
763.757	1	1
763.927	1	0
764.096	1	-8
764.265	1	2
764.435	1	4
764.604	1	10
764.773	1	14
764.943	1	8
765.112	1	10
765.281	1	6
765.450	1	7
765.620	1	5
765.789	1	1
765.958	1	15
766.128	1	2
766.297	1	4
766.466	1	4
766.636	1	10
766.805	1	-11
766.974	1	4
767.143	1	1
767.313	1	6
767.482	1	4
767.651	1	-2
767.821	1	13
767.990	1	8
768.159	1	10
768.328	1	-2
768.498	1	6
768.667	1	4
768.836	1	12
769.006	1	2
769.175	1	0
769.344	1	0
769.513	1	7
769.683	1	-6
769.852	1	-9
770.021	1	2
770.191	1	0
770.360	1	10
770.529	1	0
770.698	1	6
770.868	1	6
771.037	1	4
771.206	1	-1
771.375	1	12
771.545	1	-7
771.714	1	9
771.883	1	6
772.053	1	10
772.222	1	-3
772.391	1	6
772.560	1	12
772.730	1	12
772.899	1	3
773.068	1	18
773.237	1	7
773.407	1	-13
773.576	1	-6
773.745	1	7
773.914	1	-1
774.084	1	2
774.253	1	2
774.422	1	5
774.591	1	10
774.761	1	7
774.930	1	4
775.099	1	2
775.268	1	-2
775.438	1	11
775.607	1	5
775.776	1	21
775.945	1	5
776.115	1	9
776.284	1	3
776.453	1	5
776.622	1	-2
776.792	1	6
776.961	1	-5
777.130	1	4
777.299	1	-3
777.469	1	10
777.638	1	-1
777.807	1	9
777.976	1	-11
778.146	1	4
778.315	1	12
778.484	1	-3
778.653	1	-3
778.822	1	2
778.992	1	3
779.161	1	1
779.330	1	0
779.499	1	10
779.669	1	2
779.838	1	6
780.007	1	14
780.176	1	3
780.346	1	1
780.515	1	5
780.684	1	-6
780.853	1	12
781.022	1	-10
781.192	1	16
781.361	1	1
781.530	1	1
781.699	1	3
781.868	1	7
782.038	1	0
782.207	1	-7
782.376	1	-4
782.545	1	-5
782.715	1	7
782.884	1	-2
783.053	1	2
783.222	1	-1
783.391	1	-9
783.561	1	-4
783.730	1	8
783.899	1	11
784.068	1	-1
784.237	1	-10
784.407	1	8
784.576	1	2
784.745	1	3
784.914	1	-1
785.083	1	9
785.253	1	3
785.422	1	3
785.591	1	7
785.760	1	-2
785.929	1	-5
786.099	1	3
786.268	1	15
786.437	1	-5
786.606	1	-8
786.775	1	-2
786.945	1	-2
787.114	1	4
787.283	1	15
787.452	1	2
787.621	1	1
787.790	1	3
787.960	1	2
788.129	1	4
788.298	1	6
788.467	1	4
788.636	1	16
788.806	1	7
788.975	1	-1
789.144	1	7
789.313	1	4
789.482	1	7
789.651	1	1
789.821	1	-6
789.990	1	-7
790.159	1	2
790.328	1	-10
790.497	1	7
790.666	1	1
790.836	1	2
791.005	1	11
791.174	1	7
791.343	1	12
791.512	1	1
791.681	1	-3
791.851	1	-5
792.020	1	18
792.189	1	5
792.358	1	6
792.527	1	10
792.696	1	-6
792.866	1	0
793.035	1	-4
793.204	1	11
793.373	1	4
793.542	1	3
793.711	1	10
793.880	1	5
794.050	1	-1
794.219	1	5
794.388	1	2
794.557	1	9
794.726	1	-3
794.895	1	2
795.064	1	1
795.234	1	4
795.403	1	0
795.572	1	1
795.741	1	1
795.910	1	2
796.079	1	10
796.248	1	3
796.418	1	16
796.587	1	9
796.756	1	-1
796.925	1	2
797.094	1	0
797.263	1	8
797.432	1	-14
797.602	1	-1
797.771	1	-5
797.940	1	7
798.109	1	7
798.278	1	4
798.447	1	9
798.616	1	-9
798.785	1	0
798.955	1	0
799.124	1	-8
799.293	1	8
799.462	1	3
799.631	1	7
799.800	1	6
799.969	1	6
800.138	1	8
800.308	1	-9
800.477	1	14
800.646	1	-1
800.815	1	7
800.984	1	5
801.153	1	-9
801.322	1	1
801.491	1	-1
801.660	1	-2
801.830	1	-5
801.999	1	5
802.168	1	-7
802.337	1	10
802.506	1	-7
802.675	1	19
802.844	1	2
803.013	1	0
803.182	1	-5
803.351	1	14
803.521	1	0
803.690	1	1
803.859	1	1
804.028	1	-5
804.197	1	5
804.366	1	3
804.535	1	8
804.704	1	-2
804.873	1	4
805.042	1	4
805.212	1	6
805.381	1	-4
805.550	1	-3
805.719	1	17
805.888	1	4
806.057	1	6
806.226	1	4
806.395	1	0
806.564	1	1
806.733	1	0
806.902	1	1
807.071	1	0
807.241	1	6
807.410	1	0
807.579	1	5
807.748	1	2
807.917	1	2
808.086	1	-1
808.255	1	4
808.424	1	-1
808.593	1	6
808.762	1	2
808.931	1	-6
809.100	1	7
809.269	1	-6
809.439	1	-2
809.608	1	3
809.777	1	5
809.946	1	4
810.115	1	6
810.284	1	-9
810.453	1	11
810.622	1	12
810.791	1	9
810.960	1	-1
811.129	1	13
811.298	1	15
811.467	1	2
811.636	1	-8
811.805	1	-4
811.974	1	-3
812.143	1	-13
812.313	1	-2
812.482	1	-2
812.651	1	1
812.820	1	-2
812.989	1	14
813.158	1	-7
813.327	1	1
813.496	1	-7
813.665	1	7
813.834	1	5
814.003	1	-7
814.172	1	6
814.341	1	-3
814.510	1	2
814.679	1	7
814.848	1	-1
815.017	1	3
815.186	1	9
815.355	1	5
815.524	1	-3
815.693	1	4
815.862	1	-1
816.031	1	9
816.200	1	5
816.370	1	2
816.539	1	-2
816.708	1	6
816.877	1	11
817.046	1	9
817.215	1	-2
817.384	1	4
817.553	1	10
817.722	1	-1
817.891	1	7
818.060	1	8
818.229	1	13
818.398	1	1
818.567	1	0
818.736	1	4
818.905	1	6
819.074	1	3
819.243	1	-5
819.412	1	-1
819.581	1	0
819.750	1	-1
819.919	1	7
820.088	1	4
820.257	1	0
820.426	1	-4
820.595	1	9
820.764	1	4
820.933	1	-8
821.102	1	4
821.271	1	-4
821.440	1	6
821.609	1	1
821.778	1	2
821.947	1	-2
822.116	1	-1
822.285	1	3
822.454	1	6
822.623	1	-2
822.792	1	2
822.961	1	8
823.130	1	3
823.299	1	1
823.468	1	1
823.637	1	1
823.806	1	6
823.975	1	0
824.144	1	4
824.313	1	-1
824.482	1	7
824.651	1	-1
824.820	1	12
824.989	1	10
825.158	1	-2
825.327	1	6
825.496	1	3
825.665	1	8
825.834	1	-5
826.003	1	-5
826.172	1	0
826.341	1	-3
826.510	1	6
826.679	1	3
826.848	1	-1
827.017	1	8
827.186	1	-8
827.355	1	1
827.524	1	-1
827.693	1	-1
827.862	1	2
828.031	1	0
828.199	1	8
828.368	1	-2
828.537	1	-2
828.706	1	-8
828.875	1	0
829.044	1	6
829.213	1	6
829.382	1	6
829.551	1	14
829.720	1	6
829.889	1	13
830.058	1	-2
830.227	1	3
830.396	1	-7
830.565	1	6
830.734	1	14
830.903	1	21
831.072	1	-3
831.241	1	0
831.410	1	0
831.579	1	-2
831.748	1	16
831.917	1	-3
832.086	1	-3
832.254	1	4
832.423	1	-5
832.592	1	11
832.761	1	-2
832.930	1	17
833.099	1	-2
833.268	1	7
833.437	1	10
833.606	1	10
833.775	1	13
833.944	1	7
834.113	1	6
834.282	1	1
834.451	1	3
834.620	1	2
834.789	1	-2
834.957	1	-8
835.126	1	1
835.295	1	2
835.464	1	1
835.633	1	4
835.802	1	1
835.971	1	1
836.140	1	10
836.309	1	0
836.478	1	-4
836.647	1	7
836.816	1	5
836.985	1	5
837.154	1	1
837.322	1	8
837.491	1	10
837.660	1	-1
837.829	1	-2
837.998	1	-2
838.167	1	3
838.336	1	3
838.505	1	6
838.674	1	2
838.843	1	2
839.012	1	0
839.181	1	5
839.349	1	8
839.518	1	4
839.687	1	7
839.856	1	10
840.025	1	-6
840.194	1	2
840.363	1	1
840.532	1	-6
840.701	1	2
840.870	1	10
841.038	1	6
841.207	1	8
841.376	1	-3
841.545	1	-7
841.714	1	4
841.883	1	-6
842.052	1	1
842.221	1	-1
842.390	1	17
842.559	1	7
842.727	1	0
842.896	1	-7
843.065	1	-2
843.234	1	-9
843.403	1	11
843.572	1	10
843.741	1	6
843.910	1	-3
844.079	1	-9
844.247	1	-1
844.416	1	2
844.585	1	8
844.754	1	10
844.923	1	-7
845.092	1	2
845.261	1	-1
845.430	1	5
845.598	1	0
845.767	1	-11
845.936	1	1
846.105	1	1
846.274	1	6
846.443	1	-2
846.612	1	-1
846.781	1	6
846.949	1	-1
847.118	1	8
847.287	1	1
847.456	1	3
847.625	1	-1
847.794	1	-4
847.963	1	5
848.131	1	1
848.300	1	23
