500.757	1	12
500.928	1	17
501.099	1	3
501.269	1	8
501.440	1	-1
501.611	1	15
501.782	1	9
501.952	1	3
502.123	1	18
502.294	1	9
502.464	1	4
502.635	1	25
502.806	1	7
502.976	1	2
503.147	1	7
503.318	1	5
503.489	1	2
503.659	1	7
503.830	1	4
504.001	1	8
504.171	1	6
504.342	1	16
504.513	1	12
504.683	1	-2
504.854	1	10
505.025	1	-5
505.195	1	13
505.366	1	0
505.537	1	-4
505.707	1	2
505.878	1	4
506.049	1	8
506.219	1	12
506.390	1	9
506.561	1	5
506.731	1	-1
506.902	1	-2
507.073	1	7
507.243	1	9
507.414	1	8
507.585	1	12
507.755	1	2
507.926	1	8
508.097	1	7
508.267	1	5
508.438	1	-1
508.609	1	4
508.779	1	2
508.950	1	12
509.121	1	7
509.291	1	5
509.462	1	2
509.633	1	14
509.803	1	8
509.974	1	3
510.145	1	9
510.315	1	2
510.486	1	8
510.657	1	10
510.827	1	6
510.998	1	12
511.169	1	16
511.339	1	8
511.510	1	7
511.680	1	5
511.851	1	1
512.022	1	15
512.192	1	8
512.363	1	-9
512.534	1	9
512.704	1	7
512.875	1	-9
513.046	1	3
513.216	1	18
513.387	1	1
513.558	1	0
513.728	1	-3
513.899	1	-1
514.069	1	2
514.240	1	16
514.411	1	-1
514.581	1	0
514.752	1	-3
514.923	1	4
515.093	1	-2
515.264	1	3
515.434	1	7
515.605	1	6
515.776	1	-6
515.946	1	18
516.117	1	3
516.288	1	6
516.458	1	5
516.629	1	-1
516.799	1	2
516.970	1	-3
517.141	1	1
517.311	1	-7
517.482	1	4
517.653	1	7
517.823	1	3
517.994	1	6
518.164	1	11
518.335	1	7
518.506	1	-3
518.676	1	5
518.847	1	3
519.017	1	-1
519.188	1	3
519.359	1	5
519.529	1	3
519.700	1	4
519.870	1	2
520.041	1	0
520.212	1	0
520.382	1	4
520.553	1	-4
520.723	1	12
520.894	1	0
521.065	1	9
521.235	1	0
521.406	1	7
521.576	1	3
521.747	1	5
521.918	1	11
522.088	1	-2
522.259	1	-1
522.429	1	11
522.600	1	9
522.770	1	2
522.941	1	-2
523.112	1	3
523.282	1	21
523.453	1	8
523.623	1	3
523.794	1	-5
523.965	1	-2
524.135	1	5
524.306	1	13
524.476	1	0
524.647	1	7
524.817	1	11
524.988	1	10
525.159	1	6
525.329	1	-1
525.500	1	-6
525.670	1	0
525.841	1	-7
526.011	1	-8
526.182	1	-1
526.353	1	0
526.523	1	-5
526.694	1	18
526.864	1	3
527.035	1	1
527.205	1	-6
527.376	1	0
527.547	1	8
527.717	1	11
527.888	1	5
528.058	1	4
528.229	1	26
528.399	1	-4
528.570	1	-4
528.740	1	12
528.911	1	12
529.082	1	12
529.252	1	-2
529.423	1	15
529.593	1	-4
529.764	1	5
529.934	1	9
530.105	1	4
530.275	1	-5
530.446	1	6
530.617	1	12
530.787	1	11
530.958	1	5
531.128	1	0
531.299	1	0
531.469	1	12
531.640	1	6
531.810	1	9
531.981	1	3
532.151	1	10
532.322	1	4
532.492	1	-3
532.663	1	1
532.834	1	6
533.004	1	-2
533.175	1	1
533.345	1	-9
533.516	1	7
533.686	1	1
533.857	1	-5
534.027	1	4
534.198	1	18
534.368	1	0
534.539	1	-1
534.709	1	-6
534.880	1	12
535.050	1	4
535.221	1	-1
535.391	1	7
535.562	1	3
535.732	1	9
535.903	1	-9
536.073	1	6
536.244	1	6
536.415	1	3
536.585	1	4
536.756	1	-11
536.926	1	-6
537.097	1	-5
537.267	1	-2
537.438	1	9
537.608	1	9
537.779	1	17
537.949	1	7
538.120	1	8
538.290	1	2
538.461	1	-5
538.631	1	7
538.802	1	1
538.972	1	2
539.143	1	-1
539.313	1	15
539.484	1	-1
539.654	1	7
539.825	1	6
539.995	1	-2
540.166	1	0
540.336	1	10
540.507	1	13
540.677	1	-4
540.848	1	1
541.018	1	2
541.189	1	-2
541.359	1	7
541.530	1	7
541.700	1	5
541.871	1	6
542.041	1	2
542.211	1	-4
542.382	1	10
542.552	1	5
542.723	1	-1
542.893	1	0
543.064	1	1
543.234	1	9
543.405	1	3
543.575	1	-6
543.746	1	9
543.916	1	7
544.087	1	2
544.257	1	8
544.428	1	6
544.598	1	8
544.769	1	-7
544.939	1	3
545.110	1	2
545.280	1	5
545.451	1	3
545.621	1	13
545.791	1	4
545.962	1	15
546.132	1	8
546.303	1	-1
546.473	1	4
546.644	1	7
546.814	1	11
546.985	1	8
547.155	1	7
547.326	1	7
547.496	1	-1
547.666	1	5
547.837	1	-3
548.007	1	7
548.178	1	-7
548.348	1	2
548.519	1	7
548.689	1	-1
548.860	1	-2
549.030	1	3
549.201	1	2
549.371	1	-4
549.541	1	0
549.712	1	3
549.882	1	1
550.053	1	9
550.223	1	-11
550.394	1	4
550.564	1	-2
550.735	1	10
550.905	1	8
551.075	1	5
551.246	1	0
551.416	1	-5
551.587	1	3
551.757	1	-8
551.928	1	2
552.098	1	2
552.268	1	9
552.439	1	3
552.609	1	-3
552.780	1	10
552.950	1	4
553.121	1	9
553.291	1	14
553.461	1	-1
553.632	1	1
553.802	1	5
553.973	1	9
554.143	1	3
554.314	1	8
554.484	1	9
554.654	1	5
554.825	1	8
554.995	1	-3
555.166	1	1
555.336	1	15
555.506	1	5
555.677	1	3
555.847	1	20
556.018	1	-5
556.188	1	4
556.359	1	10
556.529	1	-1
556.699	1	3
556.870	1	-10
557.040	1	10
557.211	1	4
557.381	1	8
557.551	1	1
557.722	1	12
557.892	1	5
558.063	1	7
558.233	1	5
558.403	1	-6
558.574	1	-3
558.744	1	15
558.915	1	11
559.085	1	8
559.255	1	-2
559.426	1	9
559.596	1	13
559.767	1	6
559.937	1	10
560.107	1	10
560.278	1	5
560.448	1	0
560.618	1	6
560.789	1	5
560.959	1	-7
561.130	1	-6
561.300	1	8
561.470	1	6
561.641	1	1
561.811	1	0
561.982	1	-2
562.152	1	11
562.322	1	-2
562.493	1	5
562.663	1	3
562.833	1	0
563.004	1	9
563.174	1	-2
563.345	1	2
563.515	1	-3
563.685	1	8
563.856	1	-3
564.026	1	0
564.196	1	6
564.367	1	-8
564.537	1	3
564.707	1	-12
564.878	1	4
565.048	1	-11
565.219	1	0
565.389	1	-6
565.559	1	0
565.730	1	-2
565.900	1	5
566.070	1	17
566.241	1	6
566.411	1	0
566.581	1	5
566.752	1	8
566.922	1	-2
567.093	1	8
567.263	1	1
567.433	1	-5
567.604	1	4
567.774	1	8
567.944	1	5
568.115	1	7
568.285	1	12
568.455	1	5
568.626	1	11
568.796	1	-7
568.966	1	-6
569.137	1	2
569.307	1	1
569.477	1	5
569.648	1	9
569.818	1	2
569.988	1	-5
570.159	1	5
570.329	1	4
570.499	1	6
570.670	1	-4
570.840	1	3
571.010	1	8
571.181	1	-4
571.351	1	1
571.521	1	-2
571.692	1	-10
571.862	1	-1
572.032	1	-4
572.203	1	5
572.373	1	-7
572.543	1	-7
572.714	1	-1
572.884	1	8
573.054	1	2
573.225	1	-3
573.395	1	6
573.565	1	7
573.736	1	4
573.906	1	13
574.076	1	2
574.247	1	-11
574.417	1	11
574.587	1	5
574.757	1	2
574.928	1	-8
575.098	1	4
575.268	1	3
575.439	1	-2
575.609	1	2
575.779	1	6
575.950	1	6
576.120	1	3
576.290	1	8
576.461	1	9
576.631	1	0
576.801	1	-5
576.971	1	5
577.142	1	8
577.312	1	9
577.482	1	3
577.653	1	7
577.823	1	5
577.993	1	2
578.164	1	0
578.334	1	10
578.504	1	7
578.674	1	-10
578.845	1	-1
579.015	1	4
579.185	1	-2
579.356	1	-17
579.526	1	-2
579.696	1	10
579.866	1	7
580.037	1	15
580.207	1	-3
580.377	1	13
580.548	1	-4
580.718	1	10
580.888	1	5
581.058	1	-2
581.229	1	0
581.399	1	9
581.569	1	5
581.739	1	1
581.910	1	3
582.080	1	4
582.250	1	-6
582.421	1	2
582.591	1	16
582.761	1	8
582.931	1	12
583.102	1	-6
583.272	1	5
583.442	1	-8
583.612	1	-4
583.783	1	0
583.953	1	6
584.123	1	0
584.294	1	1
584.464	1	-4
584.634	1	0
584.804	1	-1
584.975	1	1
585.145	1	-3
585.315	1	5
585.485	1	-1
585.656	1	8
585.826	1	6
585.996	1	-1
586.166	1	2
586.337	1	6
586.507	1	9
586.677	1	3
586.847	1	-5
587.018	1	-3
587.188	1	-14
587.358	1	10
587.528	1	11
587.699	1	14
587.869	1	14
588.039	1	3
588.209	1	5
588.380	1	2
588.550	1	10
588.720	1	6
588.890	1	-2
589.060	1	1
589.231	1	0
589.401	1	10
589.571	1	3
589.741	1	5
589.912	1	-5
590.082	1	-2
590.252	1	-1
590.422	1	1
590.593	1	-14
590.763	1	3
590.933	1	11
591.103	1	-1
591.273	1	9
591.444	1	-8
591.614	1	5
591.784	1	8
591.954	1	3
592.125	1	-3
592.295	1	-4
592.465	1	4
592.635	1	9
592.805	1	8
592.976	1	3
593.146	1	5
593.316	1	1
593.486	1	5
593.657	1	2
593.827	1	1
593.997	1	1
594.167	1	-6
594.337	1	-8
594.508	1	2
594.678	1	6
594.848	1	6
595.018	1	13
595.188	1	-4
595.359	1	-9
595.529	1	11
595.699	1	4
595.869	1	-6
596.039	1	4
596.210	1	5
596.380	1	9
596.550	1	10
596.720	1	6
596.890	1	-4
597.061	1	2
597.231	1	8
597.401	1	3
597.571	1	-1
597.741	1	6
597.912	1	4
598.082	1	1
598.252	1	-2
598.422	1	9
598.592	1	7
598.762	1	9
598.933	1	14
599.103	1	6
599.273	1	0
599.443	1	10
599.613	1	4
599.784	1	-4
599.954	1	-3
600.124	1	-6
600.294	1	6
600.464	1	12
600.634	1	-2
600.805	1	4
600.975	1	9
601.145	1	8
601.315	1	1
601.485	1	8
601.656	1	3
601.826	1	11
601.996	1	3
602.166	1	2
602.336	1	11
602.506	1	12
602.677	1	12
602.847	1	5
603.017	1	-4
603.187	1	-8
603.357	1	2
603.527	1	6
603.697	1	5
603.868	1	-6
604.038	1	-1
604.208	1	-4
604.378	1	12
604.548	1	7
604.718	1	-2
604.889	1	-4
605.059	1	16
605.229	1	6
605.399	1	-8
605.569	1	2
605.739	1	7
605.909	1	10
606.080	1	7
606.250	1	8
606.420	1	-3
606.590	1	8
606.760	1	10
606.930	1	11
607.100	1	1
607.271	1	7
607.441	1	4
607.611	1	-1
607.781	1	11
607.951	1	2
608.121	1	3
608.291	1	-4
608.462	1	6
608.632	1	2
608.802	1	8
608.972	1	-3
609.142	1	15
609.312	1	-3
609.482	1	6
609.652	1	10
609.823	1	2
609.993	1	-3
610.163	1	6
610.333	1	0
610.503	1	12
610.673	1	8
610.843	1	5
611.013	1	8
611.184	1	-6
611.354	1	-1
611.524	1	6
611.694	1	4
611.864	1	15
612.034	1	4
612.204	1	4
612.374	1	13
612.545	1	-3
612.715	1	-1
612.885	1	1
613.055	1	7
613.225	1	-3
613.395	1	15
613.565	1	3
613.735	1	5
613.905	1	7
614.075	1	2
614.246	1	6
614.416	1	1
614.586	1	7
614.756	1	-11
614.926	1	9
615.096	1	-10
615.266	1	7
615.436	1	9
615.606	1	6
615.776	1	4
615.947	1	3
616.117	1	1
616.287	1	11
616.457	1	0
616.627	1	13
616.797	1	-4
616.967	1	2
617.137	1	4
617.307	1	5
617.477	1	4
617.647	1	-1
617.818	1	2
617.988	1	-5
618.158	1	-6
618.328	1	7
618.498	1	-3
618.668	1	10
618.838	1	5
619.008	1	7
619.178	1	0
619.348	1	16
619.518	1	4
619.688	1	5
619.859	1	9
620.029	1	14
620.199	1	3
620.369	1	10
620.539	1	3
620.709	1	5
620.879	1	12
621.049	1	7
621.219	1	16
621.389	1	21
621.559	1	3
621.729	1	5
621.899	1	2
622.069	1	10
622.239	1	18
622.410	1	10
622.580	1	10
622.750	1	0
622.920	1	13
623.090	1	4
623.260	1	5
623.430	1	3
623.600	1	2
623.770	1	14
623.940	1	9
624.110	1	4
624.280	1	10
624.450	1	18
624.620	1	6
624.790	1	20
624.960	1	19
625.130	1	16
625.300	1	7
625.470	1	0
625.640	1	7
625.811	1	12
625.981	1	7
626.151	1	1
626.321	1	12
626.491	1	8
626.661	1	3
626.831	1	13
627.001	1	12
627.171	1	4
627.341	1	13
627.511	1	6
627.681	1	18
627.851	1	6
628.021	1	7
628.191	1	20
628.361	1	19
628.531	1	7
628.701	1	12
628.871	1	17
629.041	1	8
629.211	1	10
629.381	1	26
629.551	1	14
629.721	1	14
629.891	1	16
630.061	1	4
630.231	1	7
630.401	1	18
630.571	1	16
630.741	1	20
630.911	1	11
631.081	1	10
631.251	1	8
631.421	1	7
631.591	1	22
631.761	1	13
631.931	1	10
632.101	1	3
632.271	1	10
632.441	1	18
632.611	1	14
632.782	1	14
632.952	1	13
633.122	1	11
633.292	1	7
633.462	1	17
633.632	1	9
633.802	1	3
633.972	1	2
634.142	1	18
634.312	1	13
634.482	1	17
634.652	1	18
634.821	1	-1
634.991	1	8
635.161	1	14
635.331	1	9
635.501	1	10
635.671	1	1
635.841	1	4
636.011	1	8
636.181	1	18
636.351	1	12
636.521	1	21
636.691	1	18
636.861	1	3
637.031	1	6
637.201	1	16
637.371	1	18
637.541	1	19
637.711	1	9
637.881	1	15
638.051	1	14
638.221	1	15
638.391	1	14
638.561	1	14
638.731	1	18
638.901	1	11
639.071	1	19
639.241	1	3
639.411	1	15
639.581	1	14
639.751	1	14
639.921	1	8
640.091	1	7
640.261	1	17
640.431	1	15
640.601	1	9
640.771	1	13
640.941	1	12
641.111	1	14
641.281	1	2
641.451	1	24
641.621	1	21
641.791	1	8
641.960	1	5
642.130	1	6
642.300	1	21
642.470	1	20
642.640	1	15
642.810	1	15
642.980	1	16
643.150	1	11
643.320	1	10
643.490	1	7
643.660	1	12
643.830	1	4
644.000	1	6
644.170	1	14
644.340	1	13
644.510	1	27
644.680	1	17
644.850	1	18
645.020	1	7
645.189	1	22
645.359	1	3
645.529	1	21
645.699	1	17
645.869	1	14
646.039	1	16
646.209	1	18
646.379	1	26
646.549	1	16
646.719	1	5
646.889	1	6
647.059	1	14
647.229	1	6
647.399	1	14
647.569	1	15
647.738	1	13
647.908	1	19
648.078	1	19
648.248	1	5
648.418	1	14
648.588	1	22
648.758	1	14
648.928	1	19
649.098	1	8
649.268	1	1
649.438	1	11
649.608	1	18
649.778	1	16
649.947	1	9
650.117	1	15
650.287	1	14
650.457	1	26
650.627	1	6
650.797	1	-1
650.967	1	9
651.137	1	13
651.307	1	20
651.477	1	5
651.647	1	12
651.816	1	6
651.986	1	12
652.156	1	14
652.326	1	12
652.496	1	13
652.666	1	20
652.836	1	11
653.006	1	11
653.176	1	16
653.346	1	13
653.515	1	14
653.685	1	21
653.855	1	12
654.025	1	1
654.195	1	12
654.365	1	19
654.535	1	22
654.705	1	16
654.875	1	16
655.044	1	27
655.214	1	22
655.384	1	14
655.554	1	18
655.724	1	16
655.894	1	11
656.064	1	9
656.234	1	12
656.404	1	13
656.573	1	15
656.743	1	20
656.913	1	15
657.083	1	7
657.253	1	11
657.423	1	14
657.593	1	11
657.763	1	20
657.932	1	11
658.102	1	15
658.272	1	9
658.442	1	17
658.612	1	18
658.782	1	25
658.952	1	20
659.121	1	21
659.291	1	7
659.461	1	9
659.631	1	10
659.801	1	12
659.971	1	18
660.141	1	13
660.311	1	18
660.480	1	9
660.650	1	13
660.820	1	27
660.990	1	14
661.160	1	12
661.330	1	5
661.500	1	24
661.669	1	24
661.839	1	22
662.009	1	25
662.179	1	25
662.349	1	22
662.519	1	11
662.688	1	13
662.858	1	17
663.028	1	8
663.198	1	18
663.368	1	6
663.538	1	13
663.708	1	7
663.877	1	23
664.047	1	10
664.217	1	6
664.387	1	12
664.557	1	6
664.727	1	22
664.896	1	14
665.066	1	4
665.236	1	4
665.406	1	11
665.576	1	6
665.746	1	22
665.915	1	3
666.085	1	19
666.255	1	3
666.425	1	9
666.595	1	4
666.765	1	13
666.934	1	14
667.104	1	18
667.274	1	4
667.444	1	13
667.614	1	8
667.783	1	10
667.953	1	11
668.123	1	19
668.293	1	20
668.463	1	15
668.633	1	12
668.802	1	11
668.972	1	-12
669.142	1	1
669.312	1	16
669.482	1	12
669.651	1	20
669.821	1	25
669.991	1	3
670.161	1	15
670.331	1	10
670.500	1	8
670.670	1	16
670.840	1	10
671.010	1	18
671.180	1	15
671.349	1	18
671.519	1	-1
671.689	1	15
671.859	1	3
672.029	1	11
672.198	1	14
672.368	1	-3
672.538	1	7
672.708	1	16
672.878	1	7
673.047	1	3
673.217	1	18
673.387	1	7
673.557	1	8
673.727	1	12
673.896	1	16
674.066	1	11
674.236	1	16
674.406	1	10
674.576	1	-1
674.745	1	7
674.915	1	16
675.085	1	10
675.255	1	14
675.424	1	5
675.594	1	4
675.764	1	15
675.934	1	10
676.104	1	3
676.273	1	7
676.443	1	10
676.613	1	6
676.783	1	19
676.952	1	15
677.122	1	7
677.292	1	0
677.462	1	5
677.632	1	11
677.801	1	11
677.971	1	13
678.141	1	4
678.311	1	6
678.480	1	12
678.650	1	13
678.820	1	10
678.990	1	8
679.159	1	-1
679.329	1	6
679.499	1	14
679.669	1	-5
679.838	1	8
680.008	1	-4
680.178	1	9
680.348	1	15
680.517	1	8
680.687	1	5
680.857	1	5
681.027	1	-4
681.196	1	14
681.366	1	2
681.536	1	8
681.706	1	13
681.875	1	16
682.045	1	15
682.215	1	10
682.385	1	8
682.554	1	6
682.724	1	8
682.894	1	10
683.064	1	11
683.233	1	9
683.403	1	16
683.573	1	4
683.743	1	10
683.912	1	5
684.082	1	12
684.252	1	7
684.421	1	12
684.591	1	2
684.761	1	-4
684.931	1	3
685.100	1	16
685.270	1	20
685.440	1	12
685.610	1	5
685.779	1	15
685.949	1	9
686.119	1	3
686.288	1	11
686.458	1	10
686.628	1	3
686.798	1	2
686.967	1	16
687.137	1	-2
687.307	1	8
687.477	1	6
687.646	1	-4
687.816	1	2
687.986	1	11
688.155	1	0
688.325	1	15
688.495	1	8
688.665	1	5
688.834	1	1
689.004	1	7
689.174	1	9
689.343	1	-3
689.513	1	-1
689.683	1	-3
689.852	1	13
690.022	1	12
690.192	1	6
690.362	1	6
690.531	1	0
690.701	1	5
690.871	1	20
691.040	1	8
691.210	1	12
691.380	1	3
691.549	1	8
691.719	1	2
691.889	1	5
692.059	1	14
692.228	1	0
692.398	1	10
692.568	1	4
692.737	1	3
692.907	1	10
693.077	1	-2
693.246	1	5
693.416	1	11
693.586	1	8
693.755	1	3
693.925	1	0
694.095	1	14
694.264	1	11
694.434	1	11
694.604	1	6
694.773	1	-1
694.943	1	10
695.113	1	8
695.282	1	15
695.452	1	6
695.622	1	9
695.791	1	2
695.961	1	11
696.131	1	9
696.301	1	0
696.470	1	6
696.640	1	8
696.810	1	9
696.979	1	-9
697.149	1	3
697.319	1	0
697.488	1	3
697.658	1	3
697.827	1	6
697.997	1	-10
698.167	1	7
698.336	1	7
698.506	1	14
698.676	1	-2
698.845	1	2
699.015	1	14
699.185	1	4
699.354	1	11
699.524	1	4
699.694	1	4
699.863	1	-4
700.033	1	3
700.203	1	5
700.372	1	15
700.542	1	21
700.712	1	3
700.881	1	7
701.051	1	-1
701.221	1	5
701.390	1	11
701.560	1	7
701.729	1	9
701.899	1	-2
702.069	1	-4
702.238	1	16
702.408	1	10
702.578	1	4
702.747	1	-2
702.917	1	12
703.087	1	11
703.256	1	7
703.426	1	4
703.595	1	8
703.765	1	17
703.935	1	2
704.104	1	6
704.274	1	3
704.444	1	4
704.613	1	11
704.783	1	3
704.952	1	11
705.122	1	5
705.292	1	-7
705.461	1	0
705.631	1	3
705.801	1	3
705.970	1	2
706.140	1	3
706.309	1	7
706.479	1	5
706.649	1	11
706.818	1	4
706.988	1	8
707.157	1	8
707.327	1	6
707.497	1	2
707.666	1	-4
707.836	1	-3
708.006	1	-5
708.175	1	-1
708.345	1	12
708.514	1	12
708.684	1	4
708.854	1	0
709.023	1	-6
709.193	1	6
709.362	1	-5
709.532	1	2
709.702	1	-2
709.871	1	-8
710.041	1	-5
710.210	1	4
710.380	1	1
710.550	1	1
710.719	1	-12
710.889	1	1
711.058	1	10
711.228	1	-1
711.397	1	-2
711.567	1	-2
711.737	1	12
711.906	1	9
712.076	1	7
712.245	1	10
712.415	1	-4
712.585	1	-8
712.754	1	9
712.924	1	-1
713.093	1	-3
713.263	1	4
713.432	1	-7
713.602	1	2
713.772	1	10
713.941	1	4
714.111	1	6
714.280	1	6
714.450	1	-1
714.619	1	8
714.789	1	2
714.959	1	2
715.128	1	-6
715.298	1	-2
715.467	1	1
715.637	1	-1
715.806	1	5
715.976	1	7
716.146	1	-1
716.315	1	2
716.485	1	1
716.654	1	10
716.824	1	2
716.993	1	5
717.163	1	12
717.333	1	3
717.502	1	12
717.672	1	2
717.841	1	8
718.011	1	-4
718.180	1	5
718.350	1	8
718.519	1	13
718.689	1	1
718.858	1	12
719.028	1	-3
719.198	1	-2
719.367	1	-11
719.537	1	1
719.706	1	0
719.876	1	-2
720.045	1	-7
720.215	1	8
720.384	1	8
720.554	1	7
720.723	1	6
720.893	1	10
721.063	1	-12
721.232	1	-7
721.402	1	2
721.571	1	8
721.741	1	1
721.910	1	-3
722.080	1	5
722.249	1	3
722.419	1	9
722.588	1	-2
722.758	1	-11
722.927	1	2
723.097	1	-1
723.266	1	7
723.436	1	-8
723.606	1	3
723.775	1	13
723.945	1	1
724.114	1	10
724.284	1	-6
724.453	1	10
724.623	1	0
724.792	1	-1
724.962	1	-7
725.131	1	0
725.301	1	2
725.470	1	-4
725.640	1	2
725.809	1	2
725.979	1	-2
726.148	1	-1
726.318	1	4
726.487	1	-3
726.657	1	0
726.826	1	9
726.996	1	-1
727.165	1	9
727.335	1	15
727.504	1	17
727.674	1	-10
727.843	1	-4
728.013	1	2
728.182	1	3
728.352	1	0
728.521	1	10
728.691	1	3
728.860	1	20
729.030	1	-10
729.199	1	15
729.369	1	-4
729.538	1	4
729.708	1	5
729.877	1	-1
730.047	1	6
730.216	1	-18
730.386	1	-2
730.555	1	-1
730.725	1	-2
730.894	1	3
731.064	1	-2
731.233	1	10
731.403	1	3
731.572	1	6
731.742	1	4
731.911	1	4
732.081	1	6
732.250	1	1
732.420	1	-3
732.589	1	4
732.758	1	0
732.928	1	0
733.097	1	10
733.267	1	2
733.436	1	1
733.606	1	4
733.775	1	5
733.945	1	8
734.114	1	2
734.284	1	8
734.453	1	1
734.623	1	-3
734.792	1	2
734.962	1	5
735.131	1	13
735.301	1	-7
735.470	1	-7
735.639	1	2
735.809	1	7
735.978	1	4
736.148	1	-6
736.317	1	2
736.487	1	1
736.656	1	10
736.826	1	2
736.995	1	0
737.165	1	2
737.334	1	-9
737.503	1	7
737.673	1	7
737.842	1	1
738.012	1	8
738.181	1	6
738.351	1	8
738.520	1	-6
738.690	1	9
738.859	1	6
739.028	1	1
739.198	1	-1
739.367	1	3
739.537	1	0
739.706	1	9
739.876	1	4
740.045	1	3
740.215	1	-5
740.384	1	5
740.553	1	-5
740.723	1	-3
740.892	1	2
741.062	1	8
741.231	1	-4
741.401	1	-2
741.570	1	-8
741.739	1	8
741.909	1	7
742.078	1	1
742.248	1	-5
742.417	1	-7
742.587	1	6
742.756	1	-5
742.925	1	-1
743.095	1	13
743.264	1	10
743.434	1	2
743.603	1	1
743.772	1	-5
743.942	1	-3
744.111	1	-4
744.281	1	5
744.450	1	3
744.620	1	6
744.789	1	-1
744.958	1	-8
745.128	1	0
745.297	1	13
745.467	1	8
745.636	1	7
745.805	1	9
745.975	1	-4
746.144	1	4
746.314	1	-6
746.483	1	5
746.652	1	-4
746.822	1	8
746.991	1	8
747.161	1	7
747.330	1	3
747.499	1	11
747.669	1	-3
747.838	1	8
748.008	1	6
748.177	1	6
748.346	1	-10
748.516	1	5
748.685	1	-6
748.855	1	-5
749.024	1	1
749.193	1	-2
749.363	1	4
749.532	1	-1
749.702	1	-5
749.871	1	-1
750.040	1	1
750.210	1	-13
750.379	1	4
750.548	1	9
750.718	1	-9
750.887	1	1
751.057	1	9
751.226	1	3
751.395	1	7
751.565	1	1
751.734	1	7
751.903	1	-4
752.073	1	5
752.242	1	-9
752.412	1	-6
752.581	1	0
752.750	1	6
752.920	1	1
753.089	1	10
753.258	1	-3
753.428	1	1
753.597	1	10
753.767	1	-5
753.936	1	11
754.105	1	1
754.275	1	-5
754.444	1	-5
754.613	1	1
754.783	1	8
754.952	1	7
755.121	1	8
755.291	1	3
755.460	1	-5
755.629	1	-1
755.799	1	0
755.968	1	0
756.138	1	8
756.307	1	-1
756.476	1	8
756.646	1	-1
756.815	1	0
756.984	1	-10
757.154	1	10
757.323	1	4
757.492	1	2
757.662	1	4
757.831	1	0
758.000	1	7
758.170	1	2
758.339	1	1
758.508	1	10
758.678	1	-11
758.847	1	6
759.016	1	2
759.186	1	2
759.355	1	-2
759.524	1	9
759.694	1	-6
759.863	1	7
760.032	1	7
760.202	1	-4
760.371	1	7
760.540	1	10
760.710	1	-6
760.879	1	4
761.048	1	3
761.218	1	5
761.387	1	10
761.556	1	6
761.726	1	10
761.895	1	2
762.064	1	8
762.234	1	2
762.403	1	-3
762.572	1	5
762.742	1	5
762.911	1	-5
763.080	1	2
763.249	1	-2
763.419	1	-1
763.588	1	4
763.757	1	-2
763.927	1	-1
764.096	1	-4
764.265	1	3
764.435	1	-3
764.604	1	1
764.773	1	11
764.943	1	7
765.112	1	-1
765.281	1	-8
765.450	1	-7
765.620	1	-2
765.789	1	-1
765.958	1	2
766.128	1	3
766.297	1	-6
766.466	1	6
766.636	1	3
766.805	1	-4
766.974	1	0
767.143	1	-5
767.313	1	1
767.482	1	-3
767.651	1	-2
767.821	1	13
767.990	1	-4
768.159	1	6
768.328	1	6
768.498	1	3
768.667	1	0
768.836	1	4
769.006	1	-2
769.175	1	-1
769.344	1	-7
769.513	1	10
769.683	1	-10
769.852	1	6
770.021	1	0
770.191	1	1
770.360	1	3
770.529	1	-7
770.698	1	0
770.868	1	8
771.037	1	-1
771.206	1	10
771.375	1	0
771.545	1	1
771.714	1	8
771.883	1	5
772.053	1	6
772.222	1	-12
772.391	1	10
772.560	1	1
772.730	1	4
772.899	1	-2
773.068	1	-3
773.237	1	1
773.407	1	-7
773.576	1	-8
773.745	1	1
773.914	1	-3
774.084	1	1
774.253	1	-5
774.422	1	17
774.591	1	8
774.761	1	11
774.930	1	-1
775.099	1	10
775.268	1	-3
775.438	1	6
775.607	1	-1
775.776	1	4
775.945	1	-1
776.115	1	12
776.284	1	6
776.453	1	0
776.622	1	-5
776.792	1	17
776.961	1	-2
777.130	1	0
777.299	1	0
777.469	1	2
777.638	1	-8
777.807	1	0
777.976	1	-6
778.146	1	10
778.315	1	6
778.484	1	7
778.653	1	-2
778.822	1	-3
778.992	1	-3
779.161	1	10
779.330	1	-4
779.499	1	4
779.669	1	3
779.838	1	3
780.007	1	10
780.176	1	-3
780.346	1	5
780.515	1	-3
780.684	1	-1
780.853	1	-4
781.022	1	-4
781.192	1	1
781.361	1	-3
781.530	1	3
781.699	1	16
781.868	1	10
782.038	1	1
782.207	1	-7
782.376	1	-5
782.545	1	-7
782.715	1	3
782.884	1	-2
783.053	1	3
783.222	1	-2
783.391	1	-6
783.561	1	-1
783.730	1	4
783.899	1	15
784.068	1	-3
784.237	1	-10
784.407	1	5
784.576	1	6
784.745	1	7
784.914	1	2
785.083	1	4
785.253	1	-1
785.422	1	-3
785.591	1	-2
785.760	1	-15
785.929	1	-9
786.099	1	-1
786.268	1	7
786.437	1	4
786.606	1	1
786.775	1	2
786.945	1	3
787.114	1	-2
787.283	1	-1
787.452	1	0
787.621	1	3
787.790	1	-2
787.960	1	2
788.129	1	13
788.298	1	-9
788.467	1	1
788.636	1	8
788.806	1	11
788.975	1	-3
789.144	1	1
789.313	1	0
789.482	1	3
789.651	1	0
789.821	1	-4
789.990	1	-13
790.159	1	2
790.328	1	-3
790.497	1	-2
790.666	1	5
790.836	1	1
791.005	1	7
791.174	1	-4
791.343	1	-3
791.512	1	0
791.681	1	-5
791.851	1	-10
792.020	1	7
792.189	1	13
792.358	1	3
792.527	1	11
792.696	1	-4
792.866	1	0
793.035	1	-12
793.204	1	0
793.373	1	6
793.542	1	-5
793.711	1	1
793.880	1	10
794.050	1	-4
794.219	1	8
794.388	1	0
794.557	1	9
794.726	1	-4
794.895	1	-7
795.064	1	4
795.234	1	-2
795.403	1	-8
795.572	1	2
795.741	1	-5
795.910	1	12
796.079	1	0
796.248	1	5
796.418	1	12
796.587	1	6
796.756	1	-8
796.925	1	-8
797.094	1	12
797.263	1	-3
797.432	1	-10
797.602	1	-2
797.771	1	3
797.940	1	-9
798.109	1	4
798.278	1	0
798.447	1	5
798.616	1	-3
798.785	1	-5
798.955	1	-2
799.124	1	3
799.293	1	9
799.462	1	1
799.631	1	-3
799.800	1	3
799.969	1	5
800.138	1	-6
800.308	1	-3
800.477	1	3
800.646	1	8
800.815	1	-4
800.984	1	7
801.153	1	-1
801.322	1	-9
801.491	1	-7
801.660	1	-13
801.830	1	-1
801.999	1	10
802.168	1	4
802.337	1	11
802.506	1	0
802.675	1	10
802.844	1	0
803.013	1	0
803.182	1	1
803.351	1	2
803.521	1	-4
803.690	1	-3
803.859	1	0
804.028	1	0
804.197	1	1
804.366	1	-6
804.535	1	10
804.704	1	2
804.873	1	-5
805.042	1	5
805.212	1	0
805.381	1	-1
805.550	1	-6
805.719	1	4
805.888	1	4
806.057	1	4
806.226	1	-5
806.395	1	0
806.564	1	3
806.733	1	0
806.902	1	0
807.071	1	-5
807.241	1	5
807.410	1	-7
807.579	1	8
807.748	1	-4
807.917	1	2
808.086	1	7
808.255	1	-2
808.424	1	-12
808.593	1	0
808.762	1	0
808.931	1	7
809.100	1	5
809.269	1	2
809.439	1	-2
809.608	1	5
809.777	1	-3
809.946	1	5
810.115	1	5
810.284	1	2
810.453	1	-1
810.622	1	4
810.791	1	2
810.960	1	-3
811.129	1	2
811.298	1	7
811.467	1	-9
811.636	1	-12
811.805	1	-6
811.974	1	-8
812.143	1	-3
812.313	1	-1
812.482	1	5
812.651	1	1
812.820	1	1
812.989	1	3
813.158	1	-9
813.327	1	2
813.496	1	-4
813.665	1	1
813.834	1	-5
814.003	1	-1
814.172	1	-5
814.341	1	0
814.510	1	-6
814.679	1	2
814.848	1	-5
815.017	1	0
815.186	1	2
815.355	1	2
815.524	1	7
815.693	1	-4
815.862	1	-6
816.031	1	0
816.200	1	4
816.370	1	3
816.539	1	2
816.708	1	2
816.877	1	13
817.046	1	0
817.215	1	4
817.384	1	12
817.553	1	2
817.722	1	2
817.891	1	4
818.060	1	-2
818.229	1	1
818.398	1	5
818.567	1	4
818.736	1	-3
818.905	1	2
819.074	1	8
819.243	1	3
819.412	1	4
819.581	1	5
819.750	1	1
819.919	1	5
820.088	1	-2
820.257	1	-1
820.426	1	-3
820.595	1	3
820.764	1	2
820.933	1	-4
821.102	1	6
821.271	1	9
821.440	1	-4
821.609	1	1
821.778	1	4
821.947	1	2
822.116	1	-3
822.285	1	0
822.454	1	9
822.623	1	-2
822.792	1	-5
822.961	1	5
823.130	1	1
823.299	1	-1
823.468	1	-8
823.637	1	7
823.806	1	6
823.975	1	3
824.144	1	-1
824.313	1	1
824.482	1	2
824.651	1	-9
824.820	1	8
824.989	1	7
825.158	1	3
825.327	1	3
825.496	1	-2
825.665	1	7
825.834	1	-4
826.003	1	-9
826.172	1	-2
826.341	1	1
826.510	1	1
826.679	1	6
826.848	1	-1
827.017	1	11
827.186	1	-9
827.355	1	-4
827.524	1	0
827.693	1	-6
827.862	1	-4
828.031	1	-6
828.199	1	0
828.368	1	1
828.537	1	6
828.706	1	-1
828.875	1	4
829.044	1	-5
829.213	1	-2
829.382	1	4
829.551	1	8
829.720	1	1
829.889	1	9
830.058	1	-5
830.227	1	-1
830.396	1	-3
830.565	1	-7
830.734	1	0
830.903	1	8
831.072	1	-3
831.241	1	-3
831.410	1	2
831.579	1	9
831.748	1	7
831.917	1	-6
832.086	1	9
832.254	1	2
832.423	1	3
832.592	1	5
832.761	1	-1
832.930	1	3
833.099	1	-2
833.268	1	-3
833.437	1	3
833.606	1	10
833.775	1	11
833.944	1	5
834.113	1	1
834.282	1	1
834.451	1	3
834.620	1	3
834.789	1	5
834.957	1	-1
835.126	1	3
835.295	1	10
835.464	1	0
835.633	1	0
835.802	1	0
835.971	1	-1
836.140	1	2
836.309	1	12
836.478	1	-3
836.647	1	11
836.816	1	-10
836.985	1	-2
837.154	1	2
837.322	1	4
837.491	1	3
837.660	1	3
837.829	1	-4
837.998	1	2
838.167	1	0
838.336	1	7
838.505	1	3
838.674	1	5
838.843	1	-11
839.012	1	-5
839.181	1	3
839.349	1	2
839.518	1	4
839.687	1	11
839.856	1	2
840.025	1	-2
840.194	1	-7
840.363	1	0
840.532	1	-1
840.701	1	3
840.870	1	-5
841.038	1	0
841.207	1	2
841.376	1	-1
841.545	1	-8
841.714	1	8
841.883	1	7
842.052	1	2
842.221	1	-6
842.390	1	-1
842.559	1	14
842.727	1	-6
842.896	1	2
843.065	1	0
843.234	1	-4
843.403	1	-4
843.572	1	4
843.741	1	-2
843.910	1	-5
844.079	1	-4
844.247	1	0
844.416	1	-3
844.585	1	1
844.754	1	5
844.923	1	-7
845.092	1	5
845.261	1	1
845.430	1	9
845.598	1	-9
845.767	1	-6
845.936	1	-2
846.105	1	-8
846.274	1	3
846.443	1	2
846.612	1	-6
846.781	1	-1
846.949	1	-2
847.118	1	2
847.287	1	-5
847.456	1	5
847.625	1	-7
847.794	1	0
847.963	1	0
848.131	1	6
848.300	1	6
