500.757	1	124
500.928	1	124
501.099	1	107
501.269	1	106
501.440	1	103
501.611	1	125
501.782	1	109
501.952	1	114
502.123	1	108
502.294	1	107
502.464	1	118
502.635	1	126
502.806	1	110
502.976	1	106
503.147	1	124
503.318	1	103
503.489	1	112
503.659	1	114
503.830	1	119
504.001	1	120
504.171	1	92
504.342	1	121
504.513	1	108
504.683	1	108
504.854	1	101
505.025	1	89
505.195	1	98
505.366	1	104
505.537	1	107
505.707	1	108
505.878	1	94
506.049	1	113
506.219	1	112
506.390	1	120
506.561	1	109
506.731	1	111
506.902	1	106
507.073	1	103
507.243	1	114
507.414	1	104
507.585	1	104
507.755	1	100
507.926	1	106
508.097	1	108
508.267	1	87
508.438	1	99
508.609	1	95
508.779	1	93
508.950	1	113
509.121	1	103
509.291	1	98
509.462	1	101
509.633	1	91
509.803	1	100
509.974	1	94
510.145	1	105
510.315	1	99
510.486	1	99
510.657	1	101
510.827	1	93
510.998	1	87
511.169	1	106
511.339	1	108
511.510	1	109
511.680	1	96
511.851	1	97
512.022	1	98
512.192	1	112
512.363	1	91
512.534	1	103
512.704	1	96
512.875	1	75
513.046	1	100
513.216	1	91
513.387	1	88
513.558	1	102
513.728	1	89
513.899	1	92
514.069	1	98
514.240	1	95
514.411	1	90
514.581	1	90
514.752	1	92
514.923	1	88
515.093	1	87
515.264	1	95
515.434	1	100
515.605	1	88
515.776	1	88
515.946	1	90
516.117	1	84
516.288	1	86
516.458	1	80
516.629	1	74
516.799	1	86
516.970	1	92
517.141	1	99
517.311	1	73
517.482	1	90
517.653	1	95
517.823	1	89
517.994	1	98
518.164	1	86
518.335	1	85
518.506	1	73
518.676	1	74
518.847	1	82
519.017	1	78
519.188	1	74
519.359	1	79
519.529	1	86
519.700	1	95
519.870	1	71
520.041	1	82
520.212	1	73
520.382	1	86
520.553	1	67
520.723	1	90
520.894	1	81
521.065	1	69
521.235	1	68
521.406	1	81
521.576	1	70
521.747	1	76
521.918	1	95
522.088	1	77
522.259	1	78
522.429	1	67
522.600	1	88
522.770	1	79
522.941	1	81
523.112	1	83
523.282	1	83
523.453	1	78
523.623	1	83
523.794	1	69
523.965	1	66
524.135	1	68
524.306	1	79
524.476	1	80
524.647	1	71
524.817	1	79
524.988	1	81
525.159	1	69
525.329	1	73
525.500	1	74
525.670	1	71
525.841	1	68
526.011	1	54
526.182	1	67
526.353	1	70
526.523	1	67
526.694	1	76
526.864	1	65
527.035	1	79
527.205	1	60
527.376	1	65
527.547	1	78
527.717	1	75
527.888	1	69
528.058	1	75
528.229	1	85
528.399	1	66
528.570	1	64
528.740	1	87
528.911	1	76
529.082	1	78
529.252	1	68
529.423	1	82
529.593	1	61
529.764	1	66
529.934	1	71
530.105	1	63
530.275	1	63
530.446	1	66
530.617	1	76
530.787	1	74
530.958	1	67
531.128	1	59
531.299	1	67
531.469	1	87
531.640	1	73
531.810	1	72
531.981	1	56
532.151	1	55
532.322	1	60
532.492	1	75
532.663	1	64
532.834	1	62
533.004	1	64
533.175	1	57
533.345	1	55
533.516	1	51
533.686	1	60
533.857	1	57
534.027	1	55
534.198	1	63
534.368	1	69
534.539	1	60
534.709	1	60
534.880	1	73
535.050	1	63
535.221	1	49
535.391	1	64
535.562	1	75
535.732	1	58
535.903	1	61
536.073	1	60
536.244	1	70
536.415	1	62
536.585	1	66
536.756	1	43
536.926	1	61
537.097	1	56
537.267	1	44
537.438	1	62
537.608	1	68
537.779	1	65
537.949	1	57
538.120	1	52
538.290	1	61
538.461	1	62
538.631	1	60
538.802	1	46
538.972	1	57
539.143	1	52
539.313	1	67
539.484	1	71
539.654	1	62
539.825	1	65
539.995	1	48
540.166	1	47
540.336	1	66
540.507	1	45
540.677	1	58
540.848	1	63
541.018	1	53
541.189	1	47
541.359	1	50
541.530	1	70
541.700	1	52
541.871	1	40
542.041	1	52
542.211	1	51
542.382	1	54
542.552	1	49
542.723	1	49
542.893	1	61
543.064	1	43
543.234	1	55
543.405	1	55
543.575	1	43
543.746	1	62
543.916	1	53
544.087	1	46
544.257	1	49
544.428	1	58
544.598	1	48
544.769	1	49
544.939	1	45
545.110	1	47
545.280	1	49
545.451	1	46
545.621	1	52
545.791	1	48
545.962	1	53
546.132	1	60
546.303	1	49
546.473	1	47
546.644	1	45
546.814	1	59
546.985	1	54
547.155	1	62
547.326	1	57
547.496	1	45
547.666	1	45
547.837	1	41
548.007	1	51
548.178	1	47
548.348	1	45
548.519	1	45
548.689	1	48
548.860	1	43
549.030	1	45
549.201	1	43
549.371	1	57
549.541	1	42
549.712	1	44
549.882	1	50
550.053	1	51
550.223	1	34
550.394	1	40
550.564	1	46
550.735	1	48
550.905	1	47
551.075	1	57
551.246	1	47
551.416	1	49
551.587	1	46
551.757	1	49
551.928	1	35
552.098	1	42
552.268	1	38
552.439	1	46
552.609	1	43
552.780	1	49
552.950	1	46
553.121	1	48
553.291	1	58
553.461	1	42
553.632	1	40
553.802	1	41
553.973	1	34
554.143	1	40
554.314	1	43
554.484	1	50
554.654	1	47
554.825	1	43
554.995	1	31
555.166	1	48
555.336	1	48
555.506	1	41
555.677	1	48
555.847	1	59
556.018	1	35
556.188	1	52
556.359	1	52
556.529	1	35
556.699	1	44
556.870	1	45
557.040	1	41
557.211	1	44
557.381	1	42
557.551	1	43
557.722	1	43
557.892	1	45
558.063	1	49
558.233	1	48
558.403	1	33
558.574	1	41
558.744	1	45
558.915	1	51
559.085	1	50
559.255	1	33
559.426	1	43
559.596	1	36
559.767	1	33
559.937	1	47
560.107	1	46
560.278	1	45
560.448	1	26
560.618	1	45
560.789	1	45
560.959	1	40
561.130	1	40
561.300	1	29
561.470	1	45
561.641	1	29
561.811	1	30
561.982	1	35
562.152	1	50
562.322	1	34
562.493	1	44
562.663	1	42
562.833	1	37
563.004	1	43
563.174	1	26
563.345	1	44
563.515	1	34
563.685	1	35
563.856	1	36
564.026	1	34
564.196	1	42
564.367	1	30
564.537	1	40
564.707	1	34
564.878	1	38
565.048	1	27
565.219	1	37
565.389	1	39
565.559	1	33
565.730	1	36
565.900	1	46
566.070	1	38
566.241	1	34
566.411	1	41
566.581	1	30
566.752	1	35
566.922	1	29
567.093	1	50
567.263	1	33
567.433	1	27
567.604	1	39
567.774	1	43
567.944	1	34
568.115	1	29
568.285	1	36
568.455	1	36
568.626	1	46
568.796	1	28
568.966	1	38
569.137	1	37
569.307	1	33
569.477	1	33
569.648	1	35
569.818	1	37
569.988	1	34
570.159	1	33
570.329	1	29
570.499	1	34
570.670	1	34
570.840	1	24
571.010	1	34
571.181	1	32
571.351	1	30
571.521	1	27
571.692	1	29
571.862	1	37
572.032	1	21
572.203	1	28
572.373	1	37
572.543	1	42
572.714	1	34
572.884	1	29
573.054	1	37
573.225	1	30
573.395	1	33
573.565	1	39
573.736	1	37
573.906	1	50
574.076	1	32
574.247	1	31
574.417	1	43
574.587	1	34
574.757	1	28
574.928	1	29
575.098	1	39
575.268	1	32
575.439	1	34
575.609	1	28
575.779	1	47
575.950	1	31
576.120	1	43
576.290	1	45
576.461	1	27
576.631	1	29
576.801	1	33
576.971	1	40
577.142	1	37
577.312	1	38
577.482	1	37
577.653	1	45
577.823	1	27
577.993	1	26
578.164	1	27
578.334	1	38
578.504	1	40
578.674	1	26
578.845	1	29
579.015	1	31
579.185	1	28
579.356	1	14
579.526	1	27
579.696	1	38
579.866	1	28
580.037	1	37
580.207	1	31
580.377	1	43
580.548	1	28
580.718	1	34
580.888	1	36
581.058	1	29
581.229	1	31
581.399	1	36
581.569	1	27
581.739	1	31
581.910	1	26
582.080	1	41
582.250	1	27
582.421	1	27
582.591	1	33
582.761	1	43
582.931	1	40
583.102	1	24
583.272	1	28
583.442	1	30
583.612	1	23
583.783	1	35
583.953	1	34
584.123	1	32
584.294	1	29
584.464	1	31
584.634	1	39
584.804	1	25
584.975	1	32
585.145	1	16
585.315	1	18
585.485	1	26
585.656	1	21
585.826	1	32
585.996	1	23
586.166	1	28
586.337	1	32
586.507	1	25
586.677	1	19
586.847	1	24
587.018	1	32
587.188	1	14
587.358	1	26
587.528	1	32
587.699	1	31
587.869	1	47
588.039	1	35
588.209	1	27
588.380	1	24
588.550	1	32
588.720	1	32
588.890	1	28
589.060	1	37
589.231	1	32
589.401	1	42
589.571	1	27
589.741	1	28
589.912	1	22
590.082	1	22
590.252	1	33
590.422	1	30
590.593	1	27
590.763	1	18
590.933	1	24
591.103	1	30
591.273	1	24
591.444	1	25
591.614	1	23
591.784	1	28
591.954	1	35
592.125	1	26
592.295	1	25
592.465	1	28
592.635	1	31
592.805	1	30
592.976	1	35
593.146	1	36
593.316	1	25
593.486	1	27
593.657	1	29
593.827	1	27
593.997	1	13
594.167	1	18
594.337	1	24
594.508	1	6
594.678	1	37
594.848	1	23
595.018	1	38
595.188	1	31
595.359	1	24
595.529	1	34
595.699	1	25
595.869	1	25
596.039	1	25
596.210	1	25
596.380	1	28
596.550	1	41
596.720	1	34
596.890	1	24
597.061	1	25
597.231	1	29
597.401	1	23
597.571	1	30
597.741	1	35
597.912	1	27
598.082	1	34
598.252	1	29
598.422	1	37
598.592	1	19
598.762	1	28
598.933	1	39
599.103	1	13
599.273	1	27
599.443	1	30
599.613	1	28
599.784	1	24
599.954	1	31
600.124	1	31
600.294	1	33
600.464	1	38
600.634	1	21
600.805	1	26
600.975	1	23
601.145	1	35
601.315	1	34
601.485	1	30
601.656	1	28
601.826	1	32
601.996	1	30
602.166	1	27
602.336	1	33
602.506	1	29
602.677	1	36
602.847	1	24
603.017	1	22
603.187	1	32
603.357	1	35
603.527	1	33
603.697	1	32
603.868	1	23
604.038	1	24
604.208	1	28
604.378	1	27
604.548	1	35
604.718	1	23
604.889	1	25
605.059	1	32
605.229	1	33
605.399	1	22
605.569	1	29
605.739	1	37
605.909	1	35
606.080	1	36
606.250	1	42
606.420	1	37
606.590	1	35
606.760	1	40
606.930	1	38
607.100	1	29
607.271	1	30
607.441	1	36
607.611	1	28
607.781	1	33
607.951	1	33
608.121	1	35
608.291	1	20
608.462	1	34
608.632	1	34
608.802	1	34
608.972	1	29
609.142	1	25
609.312	1	22
609.482	1	33
609.652	1	38
609.823	1	32
609.993	1	28
610.163	1	25
610.333	1	30
610.503	1	30
610.673	1	33
610.843	1	26
611.013	1	28
611.184	1	29
611.354	1	37
611.524	1	29
611.694	1	40
611.864	1	40
612.034	1	48
612.204	1	31
612.374	1	34
612.545	1	19
612.715	1	43
612.885	1	22
613.055	1	39
613.225	1	30
613.395	1	34
613.565	1	25
613.735	1	45
613.905	1	37
614.075	1	26
614.246	1	30
614.416	1	29
614.586	1	34
614.756	1	18
614.926	1	32
615.096	1	23
615.266	1	38
615.436	1	36
615.606	1	29
615.776	1	28
615.947	1	37
616.117	1	25
616.287	1	42
616.457	1	29
616.627	1	47
616.797	1	38
616.967	1	38
617.137	1	27
617.307	1	42
617.477	1	39
617.647	1	32
617.818	1	23
617.988	1	30
618.158	1	34
618.328	1	40
618.498	1	34
618.668	1	41
618.838	1	45
619.008	1	34
619.178	1	32
619.348	1	42
619.518	1	37
619.688	1	45
619.859	1	46
620.029	1	34
620.199	1	34
620.369	1	38
620.539	1	32
620.709	1	34
620.879	1	37
621.049	1	40
621.219	1	42
621.389	1	46
621.559	1	42
621.729	1	40
621.899	1	46
622.069	1	41
622.239	1	51
622.410	1	46
622.580	1	47
622.750	1	41
622.920	1	54
623.090	1	32
623.260	1	41
623.430	1	45
623.600	1	45
623.770	1	33
623.940	1	40
624.110	1	37
624.280	1	40
624.450	1	53
624.620	1	53
624.790	1	44
624.960	1	49
625.130	1	43
625.300	1	43
625.470	1	39
625.640	1	41
625.811	1	44
625.981	1	42
626.151	1	45
626.321	1	51
626.491	1	44
626.661	1	46
626.831	1	47
627.001	1	39
627.171	1	44
627.341	1	43
627.511	1	44
627.681	1	54
627.851	1	34
628.021	1	58
628.191	1	50
628.361	1	53
628.531	1	49
628.701	1	39
628.871	1	46
629.041	1	45
629.211	1	50
629.381	1	56
629.551	1	58
629.721	1	47
629.891	1	63
630.061	1	35
630.231	1	44
630.401	1	52
630.571	1	39
630.741	1	49
630.911	1	46
631.081	1	59
631.251	1	60
631.421	1	46
631.591	1	59
631.761	1	54
631.931	1	49
632.101	1	50
632.271	1	50
632.441	1	58
632.611	1	56
632.782	1	46
632.952	1	48
633.122	1	46
633.292	1	47
633.462	1	55
633.632	1	49
633.802	1	53
633.972	1	45
634.142	1	55
634.312	1	52
634.482	1	56
634.652	1	64
634.821	1	42
634.991	1	63
635.161	1	47
635.331	1	49
635.501	1	40
635.671	1	59
635.841	1	47
636.011	1	52
636.181	1	57
636.351	1	54
636.521	1	59
636.691	1	51
636.861	1	49
637.031	1	60
637.201	1	56
637.371	1	62
637.541	1	56
637.711	1	43
637.881	1	52
638.051	1	41
638.221	1	68
638.391	1	65
638.561	1	52
638.731	1	64
638.901	1	54
639.071	1	48
639.241	1	49
639.411	1	58
639.581	1	65
639.751	1	59
639.921	1	58
640.091	1	62
640.261	1	74
640.431	1	57
640.601	1	65
640.771	1	53
640.941	1	70
641.111	1	63
641.281	1	56
641.451	1	68
641.621	1	70
641.791	1	66
641.960	1	63
642.130	1	67
642.300	1	62
642.470	1	57
642.640	1	65
642.810	1	62
642.980	1	57
643.150	1	52
643.320	1	54
643.490	1	53
643.660	1	59
643.830	1	50
644.000	1	50
644.170	1	63
644.340	1	61
644.510	1	79
644.680	1	64
644.850	1	74
645.020	1	50
645.189	1	63
645.359	1	58
645.529	1	62
645.699	1	67
645.869	1	63
646.039	1	69
646.209	1	68
646.379	1	76
646.549	1	54
646.719	1	58
646.889	1	66
647.059	1	56
647.229	1	49
647.399	1	65
647.569	1	71
647.738	1	50
647.908	1	71
648.078	1	71
648.248	1	66
648.418	1	63
648.588	1	67
648.758	1	59
648.928	1	69
649.098	1	59
649.268	1	72
649.438	1	70
649.608	1	66
649.778	1	74
649.947	1	67
650.117	1	63
650.287	1	62
650.457	1	79
650.627	1	69
650.797	1	64
650.967	1	61
651.137	1	62
651.307	1	67
651.477	1	57
651.647	1	70
651.816	1	68
651.986	1	57
652.156	1	72
652.326	1	78
652.496	1	73
652.666	1	71
652.836	1	68
653.006	1	59
653.176	1	65
653.346	1	66
653.515	1	62
653.685	1	65
653.855	1	65
654.025	1	65
654.195	1	66
654.365	1	70
654.535	1	79
654.705	1	77
654.875	1	67
655.044	1	68
655.214	1	58
655.384	1	66
655.554	1	57
655.724	1	66
655.894	1	72
656.064	1	70
656.234	1	69
656.404	1	59
656.573	1	82
656.743	1	70
656.913	1	72
657.083	1	74
657.253	1	63
657.423	1	55
657.593	1	86
657.763	1	69
657.932	1	72
658.102	1	66
658.272	1	77
658.442	1	71
658.612	1	65
658.782	1	68
658.952	1	66
659.121	1	76
659.291	1	64
659.461	1	68
659.631	1	53
659.801	1	68
659.971	1	74
660.141	1	71
660.311	1	83
660.480	1	67
660.650	1	63
660.820	1	71
660.990	1	64
661.160	1	72
661.330	1	60
661.500	1	64
661.669	1	73
661.839	1	91
662.009	1	66
662.179	1	81
662.349	1	67
662.519	1	60
662.688	1	79
662.858	1	73
663.028	1	61
663.198	1	85
663.368	1	57
663.538	1	77
663.708	1	82
663.877	1	74
664.047	1	59
664.217	1	63
664.387	1	63
664.557	1	65
664.727	1	79
664.896	1	76
665.066	1	47
665.236	1	59
665.406	1	70
665.576	1	74
665.746	1	78
665.915	1	64
666.085	1	76
666.255	1	76
666.425	1	66
666.595	1	66
666.765	1	72
666.934	1	64
667.104	1	60
667.274	1	67
667.444	1	67
667.614	1	61
667.783	1	77
667.953	1	66
668.123	1	81
668.293	1	70
668.463	1	71
668.633	1	78
668.802	1	63
668.972	1	48
669.142	1	57
669.312	1	71
669.482	1	63
669.651	1	84
669.821	1	86
669.991	1	59
670.161	1	81
670.331	1	76
670.500	1	70
670.670	1	67
670.840	1	67
671.010	1	69
671.180	1	68
671.349	1	65
671.519	1	61
671.689	1	73
671.859	1	66
672.029	1	68
672.198	1	75
672.368	1	65
672.538	1	62
672.708	1	68
672.878	1	60
673.047	1	60
673.217	1	77
673.387	1	62
673.557	1	62
673.727	1	61
673.896	1	65
674.066	1	80
674.236	1	67
674.406	1	59
674.576	1	60
674.745	1	66
674.915	1	71
675.085	1	68
675.255	1	65
675.424	1	59
675.594	1	71
675.764	1	70
675.934	1	66
676.104	1	55
676.273	1	61
676.443	1	77
676.613	1	67
676.783	1	73
676.952	1	61
677.122	1	72
677.292	1	52
677.462	1	70
677.632	1	59
677.801	1	70
677.971	1	70
678.141	1	59
678.311	1	62
678.480	1	63
678.650	1	79
678.820	1	70
678.990	1	67
679.159	1	61
679.329	1	64
679.499	1	64
679.669	1	56
679.838	1	77
680.008	1	56
680.178	1	64
680.348	1	60
680.517	1	70
680.687	1	70
680.857	1	72
681.027	1	66
681.196	1	81
681.366	1	64
681.536	1	61
681.706	1	68
681.875	1	73
682.045	1	69
682.215	1	63
682.385	1	81
682.554	1	71
682.724	1	69
682.894	1	68
683.064	1	59
683.233	1	70
683.403	1	64
683.573	1	57
683.743	1	67
683.912	1	69
684.082	1	74
684.252	1	68
684.421	1	74
684.591	1	58
684.761	1	70
684.931	1	59
685.100	1	56
685.270	1	70
685.440	1	67
685.610	1	62
685.779	1	65
685.949	1	70
686.119	1	74
686.288	1	65
686.458	1	67
686.628	1	64
686.798	1	60
686.967	1	71
687.137	1	62
687.307	1	63
687.477	1	61
687.646	1	56
687.816	1	63
687.986	1	75
688.155	1	65
688.325	1	62
688.495	1	52
688.665	1	58
688.834	1	59
689.004	1	68
689.174	1	81
689.343	1	59
689.513	1	55
689.683	1	63
689.852	1	76
690.022	1	66
690.192	1	61
690.362	1	57
690.531	1	59
690.701	1	68
690.871	1	73
691.040	1	64
691.210	1	70
691.380	1	59
691.549	1	61
691.719	1	66
691.889	1	70
692.059	1	58
692.228	1	56
692.398	1	47
692.568	1	58
692.737	1	67
692.907	1	68
693.077	1	66
693.246	1	76
693.416	1	70
693.586	1	60
693.755	1	59
693.925	1	58
694.095	1	58
694.264	1	73
694.434	1	69
694.604	1	64
694.773	1	70
694.943	1	70
695.113	1	70
695.282	1	75
695.452	1	79
695.622	1	69
695.791	1	74
695.961	1	91
696.131	1	89
696.301	1	78
696.470	1	69
696.640	1	84
696.810	1	76
696.979	1	75
697.149	1	77
697.319	1	82
697.488	1	67
697.658	1	77
697.827	1	56
697.997	1	67
698.167	1	74
698.336	1	66
698.506	1	72
698.676	1	67
698.845	1	68
699.015	1	45
699.185	1	55
699.354	1	58
699.524	1	71
699.694	1	52
699.863	1	64
700.033	1	70
700.203	1	67
700.372	1	60
700.542	1	69
700.712	1	55
700.881	1	60
701.051	1	58
701.221	1	59
701.390	1	61
701.560	1	67
701.729	1	65
701.899	1	63
702.069	1	52
702.238	1	68
702.408	1	68
702.578	1	62
702.747	1	58
702.917	1	69
703.087	1	59
703.256	1	59
703.426	1	71
703.595	1	59
703.765	1	64
703.935	1	53
704.104	1	62
704.274	1	54
704.444	1	65
704.613	1	66
704.783	1	60
704.952	1	64
705.122	1	59
705.292	1	48
705.461	1	63
705.631	1	68
705.801	1	58
705.970	1	58
706.140	1	64
706.309	1	67
706.479	1	54
706.649	1	62
706.818	1	56
706.988	1	46
707.157	1	61
707.327	1	58
707.497	1	68
707.666	1	50
707.836	1	54
708.006	1	59
708.175	1	63
708.345	1	63
708.514	1	55
708.684	1	70
708.854	1	51
709.023	1	48
709.193	1	55
709.362	1	60
709.532	1	62
709.702	1	54
709.871	1	52
710.041	1	54
710.210	1	63
710.380	1	56
710.550	1	57
710.719	1	52
710.889	1	64
711.058	1	63
711.228	1	54
711.397	1	53
711.567	1	56
711.737	1	62
711.906	1	58
712.076	1	65
712.245	1	65
712.415	1	53
712.585	1	54
712.754	1	63
712.924	1	59
713.093	1	64
713.263	1	60
713.432	1	50
713.602	1	57
713.772	1	77
713.941	1	53
714.111	1	53
714.280	1	66
714.450	1	57
714.619	1	64
714.789	1	60
714.959	1	63
715.128	1	60
715.298	1	63
715.467	1	51
715.637	1	57
715.806	1	61
715.976	1	67
716.146	1	57
716.315	1	51
716.485	1	52
716.654	1	61
716.824	1	64
716.993	1	50
717.163	1	67
717.333	1	56
717.502	1	64
717.672	1	51
717.841	1	59
718.011	1	61
718.180	1	49
718.350	1	54
718.519	1	56
718.689	1	61
718.858	1	54
719.028	1	54
719.198	1	52
719.367	1	58
719.537	1	55
719.706	1	52
719.876	1	59
720.045	1	58
720.215	1	50
720.384	1	57
720.554	1	55
720.723	1	67
720.893	1	46
721.063	1	51
721.232	1	62
721.402	1	54
721.571	1	54
721.741	1	56
721.910	1	49
722.080	1	52
722.249	1	56
722.419	1	63
722.588	1	42
722.758	1	51
722.927	1	53
723.097	1	59
723.266	1	54
723.436	1	41
723.606	1	58
723.775	1	56
723.945	1	42
724.114	1	67
724.284	1	58
724.453	1	61
724.623	1	44
724.792	1	61
724.962	1	47
725.131	1	54
725.301	1	49
725.470	1	43
725.640	1	53
725.809	1	45
725.979	1	49
726.148	1	46
726.318	1	51
726.487	1	52
726.657	1	55
726.826	1	41
726.996	1	50
727.165	1	68
727.335	1	63
727.504	1	62
727.674	1	47
727.843	1	48
728.013	1	49
728.182	1	45
728.352	1	52
728.521	1	59
728.691	1	50
728.860	1	53
729.030	1	42
729.199	1	58
729.369	1	52
729.538	1	49
729.708	1	51
729.877	1	48
730.047	1	56
730.216	1	43
730.386	1	50
730.555	1	40
730.725	1	58
730.894	1	54
731.064	1	63
731.233	1	54
731.403	1	57
731.572	1	60
731.742	1	47
731.911	1	38
732.081	1	56
732.250	1	55
732.420	1	42
732.589	1	54
732.758	1	51
732.928	1	52
733.097	1	62
733.267	1	57
733.436	1	48
733.606	1	48
733.775	1	53
733.945	1	65
734.114	1	49
734.284	1	55
734.453	1	46
734.623	1	57
734.792	1	59
734.962	1	52
735.131	1	59
735.301	1	50
735.470	1	32
735.639	1	48
735.809	1	61
735.978	1	54
736.148	1	42
736.317	1	55
736.487	1	44
736.656	1	58
736.826	1	40
736.995	1	49
737.165	1	50
737.334	1	34
737.503	1	46
737.673	1	52
737.842	1	52
738.012	1	44
738.181	1	47
738.351	1	45
738.520	1	45
738.690	1	48
738.859	1	45
739.028	1	50
739.198	1	50
739.367	1	46
739.537	1	46
739.706	1	47
739.876	1	57
740.045	1	54
740.215	1	51
740.384	1	52
740.553	1	40
740.723	1	44
740.892	1	52
741.062	1	58
741.231	1	51
741.401	1	49
741.570	1	52
741.739	1	46
741.909	1	53
742.078	1	46
742.248	1	44
742.417	1	40
742.587	1	51
742.756	1	47
742.925	1	38
743.095	1	46
743.264	1	49
743.434	1	46
743.603	1	53
743.772	1	38
743.942	1	51
744.111	1	40
744.281	1	55
744.450	1	57
744.620	1	62
744.789	1	47
744.958	1	51
745.128	1	51
745.297	1	54
745.467	1	53
745.636	1	40
745.805	1	41
745.975	1	38
746.144	1	51
746.314	1	49
746.483	1	51
746.652	1	42
746.822	1	46
746.991	1	50
747.161	1	47
747.330	1	53
747.499	1	45
747.669	1	39
747.838	1	44
748.008	1	58
748.177	1	55
748.346	1	32
748.516	1	52
748.685	1	57
748.855	1	40
749.024	1	41
749.193	1	57
749.363	1	53
749.532	1	55
749.702	1	40
749.871	1	38
750.040	1	61
750.210	1	47
750.379	1	53
750.548	1	54
750.718	1	34
750.887	1	39
751.057	1	42
751.226	1	51
751.395	1	48
751.565	1	48
751.734	1	54
751.903	1	49
752.073	1	52
752.242	1	41
752.412	1	49
752.581	1	44
752.750	1	45
752.920	1	53
753.089	1	59
753.258	1	54
753.428	1	49
753.597	1	57
753.767	1	49
753.936	1	39
754.105	1	44
754.275	1	38
754.444	1	43
754.613	1	39
754.783	1	50
754.952	1	55
755.121	1	61
755.291	1	53
755.460	1	40
755.629	1	45
755.799	1	42
755.968	1	49
756.138	1	47
756.307	1	41
756.476	1	49
756.646	1	43
756.815	1	43
756.984	1	33
757.154	1	51
757.323	1	53
757.492	1	49
757.662	1	51
757.831	1	38
758.000	1	42
758.170	1	49
758.339	1	47
758.508	1	64
758.678	1	39
758.847	1	58
759.016	1	49
759.186	1	47
759.355	1	39
759.524	1	49
759.694	1	48
759.863	1	55
760.032	1	52
760.202	1	51
760.371	1	53
760.540	1	54
760.710	1	36
760.879	1	35
761.048	1	47
761.218	1	39
761.387	1	47
761.556	1	47
761.726	1	47
761.895	1	49
762.064	1	51
762.234	1	52
762.403	1	42
762.572	1	46
762.742	1	50
762.911	1	51
763.080	1	43
763.249	1	41
763.419	1	40
763.588	1	48
763.757	1	36
763.927	1	48
764.096	1	47
764.265	1	51
764.435	1	50
764.604	1	46
764.773	1	50
764.943	1	52
765.112	1	52
765.281	1	43
765.450	1	42
765.620	1	41
765.789	1	51
765.958	1	61
766.128	1	52
766.297	1	44
766.466	1	47
766.636	1	41
766.805	1	41
766.974	1	50
767.143	1	47
767.313	1	38
767.482	1	49
767.651	1	49
767.821	1	50
767.990	1	45
768.159	1	51
768.328	1	47
768.498	1	56
768.667	1	50
768.836	1	60
769.006	1	52
769.175	1	56
769.344	1	49
769.513	1	58
769.683	1	48
769.852	1	39
770.021	1	40
770.191	1	45
770.360	1	60
770.529	1	44
770.698	1	51
770.868	1	57
771.037	1	39
771.206	1	48
771.375	1	61
771.545	1	49
771.714	1	46
771.883	1	52
772.053	1	50
772.222	1	47
772.391	1	60
772.560	1	53
772.730	1	59
772.899	1	38
773.068	1	52
773.237	1	54
773.407	1	42
773.576	1	52
773.745	1	41
773.914	1	39
774.084	1	51
774.253	1	38
774.422	1	51
774.591	1	48
774.761	1	51
774.930	1	40
775.099	1	56
775.268	1	52
775.438	1	44
775.607	1	36
775.776	1	47
775.945	1	41
776.115	1	51
776.284	1	44
776.453	1	43
776.622	1	45
776.792	1	48
776.961	1	40
777.130	1	37
777.299	1	48
777.469	1	51
777.638	1	51
777.807	1	39
777.976	1	49
778.146	1	45
778.315	1	47
778.484	1	50
778.653	1	40
778.822	1	41
778.992	1	50
779.161	1	51
779.330	1	42
779.499	1	53
779.669	1	38
779.838	1	45
780.007	1	56
780.176	1	42
780.346	1	46
780.515	1	39
780.684	1	53
780.853	1	46
781.022	1	38
781.192	1	37
781.361	1	37
781.530	1	44
781.699	1	47
781.868	1	43
782.038	1	45
782.207	1	36
782.376	1	39
782.545	1	41
782.715	1	46
782.884	1	49
783.053	1	51
783.222	1	41
783.391	1	31
783.561	1	43
783.730	1	36
783.899	1	47
784.068	1	45
784.237	1	30
784.407	1	50
784.576	1	46
784.745	1	42
784.914	1	51
785.083	1	48
785.253	1	30
785.422	1	45
785.591	1	44
785.760	1	40
785.929	1	37
786.099	1	34
786.268	1	47
786.437	1	40
786.606	1	40
786.775	1	43
786.945	1	48
787.114	1	37
787.283	1	54
787.452	1	47
787.621	1	34
787.790	1	46
787.960	1	43
788.129	1	54
788.298	1	45
788.467	1	47
788.636	1	55
788.806	1	58
788.975	1	48
789.144	1	43
789.313	1	39
789.482	1	51
789.651	1	30
789.821	1	46
789.990	1	26
790.159	1	47
790.328	1	36
790.497	1	42
790.666	1	43
790.836	1	48
791.005	1	51
791.174	1	40
791.343	1	39
791.512	1	51
791.681	1	41
791.851	1	34
792.020	1	60
792.189	1	49
792.358	1	47
792.527	1	45
792.696	1	36
792.866	1	44
793.035	1	40
793.204	1	39
793.373	1	32
793.542	1	38
793.711	1	50
793.880	1	49
794.050	1	40
794.219	1	46
794.388	1	53
794.557	1	48
794.726	1	26
794.895	1	30
795.064	1	45
795.234	1	37
795.403	1	39
795.572	1	39
795.741	1	34
795.910	1	51
796.079	1	44
796.248	1	35
796.418	1	50
796.587	1	43
796.756	1	30
796.925	1	30
797.094	1	49
797.263	1	40
797.432	1	36
797.602	1	40
797.771	1	46
797.940	1	42
798.109	1	42
798.278	1	41
798.447	1	41
798.616	1	44
798.785	1	29
798.955	1	37
799.124	1	33
799.293	1	52
799.462	1	29
799.631	1	33
799.800	1	41
799.969	1	41
800.138	1	32
800.308	1	33
800.477	1	43
800.646	1	36
800.815	1	32
800.984	1	46
801.153	1	40
801.322	1	27
801.491	1	42
801.660	1	31
801.830	1	29
801.999	1	48
802.168	1	32
802.337	1	47
802.506	1	38
802.675	1	38
802.844	1	30
803.013	1	52
803.182	1	23
803.351	1	43
803.521	1	44
803.690	1	44
803.859	1	35
804.028	1	38
804.197	1	50
804.366	1	35
804.535	1	41
804.704	1	28
804.873	1	44
805.042	1	40
805.212	1	36
805.381	1	39
805.550	1	28
805.719	1	45
805.888	1	47
806.057	1	35
806.226	1	40
806.395	1	26
806.564	1	41
806.733	1	41
806.902	1	41
807.071	1	38
807.241	1	40
807.410	1	26
807.579	1	43
807.748	1	36
807.917	1	48
808.086	1	46
808.255	1	44
808.424	1	25
808.593	1	33
808.762	1	36
808.931	1	42
809.100	1	42
809.269	1	36
809.439	1	25
809.608	1	41
809.777	1	44
809.946	1	41
810.115	1	44
810.284	1	33
810.453	1	34
810.622	1	47
810.791	1	40
810.960	1	45
811.129	1	30
811.298	1	41
811.467	1	30
811.636	1	36
811.805	1	34
811.974	1	26
812.143	1	35
812.313	1	37
812.482	1	30
812.651	1	39
812.820	1	29
812.989	1	42
813.158	1	21
813.327	1	46
813.496	1	33
813.665	1	41
813.834	1	35
814.003	1	34
814.172	1	28
814.341	1	37
814.510	1	37
814.679	1	46
814.848	1	30
815.017	1	43
815.186	1	37
815.355	1	32
815.524	1	39
815.693	1	45
815.862	1	34
816.031	1	34
816.200	1	37
816.370	1	37
816.539	1	34
816.708	1	37
816.877	1	42
817.046	1	43
817.215	1	38
817.384	1	41
817.553	1	36
817.722	1	45
817.891	1	42
818.060	1	38
818.229	1	52
818.398	1	41
818.567	1	35
818.736	1	24
818.905	1	46
819.074	1	34
819.243	1	31
819.412	1	43
819.581	1	33
819.750	1	33
819.919	1	40
820.088	1	43
820.257	1	43
820.426	1	37
820.595	1	26
820.764	1	37
820.933	1	31
821.102	1	43
821.271	1	29
821.440	1	32
821.609	1	30
821.778	1	35
821.947	1	35
822.116	1	37
822.285	1	37
822.454	1	36
822.623	1	28
822.792	1	30
822.961	1	39
823.130	1	32
823.299	1	40
823.468	1	33
823.637	1	33
823.806	1	38
823.975	1	34
824.144	1	35
824.313	1	26
824.482	1	26
824.651	1	39
824.820	1	46
824.989	1	35
825.158	1	34
825.327	1	25
825.496	1	36
825.665	1	29
825.834	1	31
826.003	1	21
826.172	1	36
826.341	1	26
826.510	1	34
826.679	1	43
826.848	1	44
827.017	1	34
827.186	1	26
827.355	1	39
827.524	1	27
827.693	1	26
827.862	1	35
828.031	1	34
828.199	1	40
828.368	1	25
828.537	1	39
828.706	1	25
828.875	1	37
829.044	1	24
829.213	1	28
829.382	1	41
829.551	1	39
829.720	1	31
829.889	1	37
830.058	1	31
830.227	1	26
830.396	1	33
830.565	1	27
830.734	1	33
830.903	1	42
831.072	1	27
831.241	1	23
831.410	1	29
831.579	1	39
831.748	1	37
831.917	1	29
832.086	1	35
832.254	1	37
832.423	1	36
832.592	1	26
832.761	1	24
832.930	1	32
833.099	1	40
833.268	1	34
833.437	1	30
833.606	1	32
833.775	1	37
833.944	1	40
834.113	1	36
834.282	1	31
834.451	1	30
834.620	1	38
834.789	1	26
834.957	1	23
835.126	1	28
835.295	1	25
835.464	1	33
835.633	1	35
835.802	1	22
835.971	1	30
836.140	1	31
836.309	1	33
836.478	1	29
836.647	1	31
836.816	1	37
836.985	1	19
837.154	1	37
837.322	1	27
837.491	1	22
837.660	1	31
837.829	1	33
837.998	1	16
838.167	1	31
838.336	1	30
838.505	1	27
838.674	1	25
838.843	1	25
839.012	1	20
839.181	1	24
839.349	1	35
839.518	1	35
839.687	1	25
839.856	1	42
840.025	1	24
840.194	1	24
840.363	1	24
840.532	1	15
840.701	1	35
840.870	1	19
841.038	1	25
841.207	1	27
841.376	1	31
841.545	1	24
841.714	1	31
841.883	1	18
842.052	1	31
842.221	1	29
842.390	1	24
842.559	1	43
842.727	1	28
842.896	1	31
843.065	1	38
843.234	1	24
843.403	1	32
843.572	1	32
843.741	1	30
843.910	1	30
844.079	1	24
844.247	1	30
844.416	1	30
844.585	1	26
844.754	1	30
844.923	1	26
845.092	1	20
845.261	1	16
845.430	1	37
845.598	1	27
845.767	1	11
845.936	1	19
846.105	1	30
846.274	1	24
846.443	1	23
846.612	1	25
846.781	1	26
846.949	1	21
847.118	1	27
847.287	1	20
847.456	1	28
847.625	1	31
847.794	1	7
847.963	1	21
848.131	1	25
848.300	1	29
