500.757	1	108
500.928	1	118
501.099	1	105
501.269	1	104
501.440	1	95
501.611	1	105
501.782	1	110
501.952	1	101
502.123	1	113
502.294	1	106
502.464	1	116
502.635	1	117
502.806	1	109
502.976	1	97
503.147	1	113
503.318	1	96
503.489	1	103
503.659	1	94
503.830	1	98
504.001	1	101
504.171	1	114
504.342	1	112
504.513	1	109
504.683	1	101
504.854	1	93
505.025	1	90
505.195	1	109
505.366	1	98
505.537	1	105
505.707	1	102
505.878	1	100
506.049	1	98
506.219	1	109
506.390	1	100
506.561	1	114
506.731	1	98
506.902	1	96
507.073	1	88
507.243	1	115
507.414	1	85
507.585	1	96
507.755	1	85
507.926	1	108
508.097	1	97
508.267	1	89
508.438	1	93
508.609	1	86
508.779	1	84
508.950	1	106
509.121	1	91
509.291	1	94
509.462	1	88
509.633	1	97
509.803	1	91
509.974	1	98
510.145	1	100
510.315	1	94
510.486	1	94
510.657	1	110
510.827	1	97
510.998	1	96
511.169	1	105
511.339	1	88
511.510	1	91
511.680	1	90
511.851	1	97
512.022	1	88
512.192	1	94
512.363	1	74
512.534	1	96
512.704	1	87
512.875	1	76
513.046	1	94
513.216	1	101
513.387	1	84
513.558	1	95
513.728	1	86
513.899	1	82
514.069	1	91
514.240	1	99
514.411	1	85
514.581	1	83
514.752	1	96
514.923	1	84
515.093	1	89
515.264	1	87
515.434	1	85
515.605	1	77
515.776	1	66
515.946	1	86
516.117	1	86
516.288	1	77
516.458	1	83
516.629	1	72
516.799	1	75
516.970	1	80
517.141	1	85
517.311	1	66
517.482	1	83
517.653	1	73
517.823	1	88
517.994	1	77
518.164	1	70
518.335	1	86
518.506	1	76
518.676	1	67
518.847	1	80
519.017	1	68
519.188	1	69
519.359	1	72
519.529	1	65
519.700	1	84
519.870	1	68
520.041	1	87
520.212	1	62
520.382	1	67
520.553	1	73
520.723	1	76
520.894	1	76
521.065	1	69
521.235	1	62
521.406	1	83
521.576	1	69
521.747	1	79
521.918	1	90
522.088	1	76
522.259	1	73
522.429	1	72
522.600	1	82
522.770	1	77
522.941	1	62
523.112	1	77
523.282	1	84
523.453	1	87
523.623	1	74
523.794	1	65
523.965	1	64
524.135	1	61
524.306	1	71
524.476	1	69
524.647	1	77
524.817	1	85
524.988	1	70
525.159	1	71
525.329	1	64
525.500	1	69
525.670	1	72
525.841	1	68
526.011	1	70
526.182	1	75
526.353	1	60
526.523	1	62
526.694	1	71
526.864	1	75
527.035	1	64
527.205	1	69
527.376	1	61
527.547	1	59
527.717	1	70
527.888	1	67
528.058	1	62
528.229	1	78
528.399	1	73
528.570	1	56
528.740	1	77
528.911	1	60
529.082	1	73
529.252	1	71
529.423	1	82
529.593	1	59
529.764	1	67
529.934	1	70
530.105	1	67
530.275	1	54
530.446	1	71
530.617	1	71
530.787	1	66
530.958	1	66
531.128	1	65
531.299	1	56
531.469	1	76
531.640	1	67
531.810	1	66
531.981	1	61
532.151	1	69
532.322	1	70
532.492	1	62
532.663	1	66
532.834	1	55
533.004	1	56
533.175	1	59
533.345	1	59
533.516	1	66
533.686	1	55
533.857	1	56
534.027	1	65
534.198	1	63
534.368	1	60
534.539	1	58
534.709	1	58
534.880	1	75
535.050	1	52
535.221	1	42
535.391	1	61
535.562	1	57
535.732	1	64
535.903	1	63
536.073	1	60
536.244	1	61
536.415	1	54
536.585	1	68
536.756	1	46
536.926	1	59
537.097	1	42
537.267	1	58
537.438	1	56
537.608	1	67
537.779	1	78
537.949	1	58
538.120	1	55
538.290	1	54
538.461	1	63
538.631	1	55
538.802	1	39
538.972	1	55
539.143	1	38
539.313	1	59
539.484	1	64
539.654	1	60
539.825	1	59
539.995	1	52
540.166	1	42
540.336	1	59
540.507	1	54
540.677	1	47
540.848	1	49
541.018	1	52
541.189	1	55
541.359	1	51
541.530	1	49
541.700	1	54
541.871	1	44
542.041	1	51
542.211	1	58
542.382	1	53
542.552	1	50
542.723	1	55
542.893	1	58
543.064	1	38
543.234	1	41
543.405	1	53
543.575	1	42
543.746	1	60
543.916	1	53
544.087	1	35
544.257	1	51
544.428	1	58
544.598	1	56
544.769	1	46
544.939	1	53
545.110	1	36
545.280	1	53
545.451	1	34
545.621	1	48
545.791	1	50
545.962	1	49
546.132	1	51
546.303	1	54
546.473	1	53
546.644	1	44
546.814	1	47
546.985	1	52
547.155	1	51
547.326	1	54
547.496	1	49
547.666	1	40
547.837	1	39
548.007	1	56
548.178	1	33
548.348	1	43
548.519	1	44
548.689	1	51
548.860	1	41
549.030	1	44
549.201	1	50
549.371	1	44
549.541	1	42
549.712	1	31
549.882	1	44
550.053	1	42
550.223	1	33
550.394	1	41
550.564	1	26
550.735	1	49
550.905	1	45
551.075	1	47
551.246	1	40
551.416	1	45
551.587	1	43
551.757	1	36
551.928	1	36
552.098	1	48
552.268	1	46
552.439	1	59
552.609	1	36
552.780	1	53
552.950	1	47
553.121	1	41
553.291	1	50
553.461	1	48
553.632	1	40
553.802	1	45
553.973	1	34
554.143	1	27
554.314	1	36
554.484	1	46
554.654	1	43
554.825	1	43
554.995	1	31
555.166	1	49
555.336	1	49
555.506	1	27
555.677	1	44
555.847	1	51
556.018	1	39
556.188	1	40
556.359	1	43
556.529	1	34
556.699	1	45
556.870	1	40
557.040	1	38
557.211	1	36
557.381	1	38
557.551	1	30
557.722	1	38
557.892	1	33
558.063	1	37
558.233	1	41
558.403	1	35
558.574	1	42
558.744	1	38
558.915	1	46
559.085	1	40
559.255	1	35
559.426	1	49
559.596	1	29
559.767	1	42
559.937	1	43
560.107	1	45
560.278	1	46
560.448	1	29
560.618	1	43
560.789	1	36
560.959	1	35
561.130	1	37
561.300	1	32
561.470	1	36
561.641	1	28
561.811	1	35
561.982	1	23
562.152	1	40
562.322	1	30
562.493	1	34
562.663	1	37
562.833	1	41
563.004	1	48
563.174	1	26
563.345	1	30
563.515	1	30
563.685	1	40
563.856	1	29
564.026	1	39
564.196	1	35
564.367	1	32
564.537	1	31
564.707	1	45
564.878	1	37
565.048	1	24
565.219	1	30
565.389	1	34
565.559	1	27
565.730	1	41
565.900	1	41
566.070	1	40
566.241	1	23
566.411	1	42
566.581	1	32
566.752	1	32
566.922	1	23
567.093	1	44
567.263	1	35
567.433	1	28
567.604	1	35
567.774	1	39
567.944	1	36
568.115	1	39
568.285	1	39
568.455	1	36
568.626	1	34
568.796	1	35
568.966	1	32
569.137	1	29
569.307	1	33
569.477	1	27
569.648	1	38
569.818	1	34
569.988	1	28
570.159	1	29
570.329	1	35
570.499	1	33
570.670	1	33
570.840	1	27
571.010	1	25
571.181	1	33
571.351	1	35
571.521	1	29
571.692	1	28
571.862	1	40
572.032	1	18
572.203	1	31
572.373	1	20
572.543	1	29
572.714	1	31
572.884	1	27
573.054	1	32
573.225	1	39
573.395	1	38
573.565	1	40
573.736	1	27
573.906	1	35
574.076	1	40
574.247	1	28
574.417	1	39
574.587	1	33
574.757	1	28
574.928	1	28
575.098	1	29
575.268	1	32
575.439	1	35
575.609	1	35
575.779	1	37
575.950	1	42
576.120	1	24
576.290	1	29
576.461	1	39
576.631	1	30
576.801	1	29
576.971	1	37
577.142	1	30
577.312	1	41
577.482	1	34
577.653	1	32
577.823	1	32
577.993	1	36
578.164	1	25
578.334	1	34
578.504	1	27
578.674	1	17
578.845	1	25
579.015	1	33
579.185	1	26
579.356	1	13
579.526	1	29
579.696	1	30
579.866	1	35
580.037	1	41
580.207	1	23
580.377	1	45
580.548	1	25
580.718	1	37
580.888	1	41
581.058	1	28
581.229	1	30
581.399	1	39
581.569	1	35
581.739	1	26
581.910	1	22
582.080	1	26
582.250	1	23
582.421	1	33
582.591	1	22
582.761	1	31
582.931	1	47
583.102	1	20
583.272	1	46
583.442	1	25
583.612	1	32
583.783	1	23
583.953	1	24
584.123	1	32
584.294	1	25
584.464	1	31
584.634	1	43
584.804	1	29
584.975	1	42
585.145	1	23
585.315	1	24
585.485	1	27
585.656	1	30
585.826	1	22
585.996	1	24
586.166	1	32
586.337	1	23
586.507	1	22
586.677	1	26
586.847	1	13
587.018	1	32
587.188	1	14
587.358	1	25
587.528	1	46
587.699	1	23
587.869	1	47
588.039	1	24
588.209	1	12
588.380	1	26
588.550	1	35
588.720	1	27
588.890	1	15
589.060	1	24
589.231	1	27
589.401	1	33
589.571	1	33
589.741	1	34
589.912	1	23
590.082	1	23
590.252	1	33
590.422	1	24
590.593	1	22
590.763	1	23
590.933	1	29
591.103	1	28
591.273	1	33
591.444	1	27
591.614	1	28
591.784	1	38
591.954	1	30
592.125	1	30
592.295	1	26
592.465	1	22
592.635	1	31
592.805	1	33
592.976	1	35
593.146	1	29
593.316	1	23
593.486	1	32
593.657	1	27
593.827	1	24
593.997	1	20
594.167	1	16
594.337	1	25
594.508	1	17
594.678	1	26
594.848	1	29
595.018	1	36
595.188	1	26
595.359	1	11
595.529	1	31
595.699	1	30
595.869	1	13
596.039	1	23
596.210	1	23
596.380	1	27
596.550	1	34
596.720	1	37
596.890	1	24
597.061	1	22
597.231	1	24
597.401	1	24
597.571	1	19
597.741	1	25
597.912	1	32
598.082	1	20
598.252	1	28
598.422	1	32
598.592	1	19
598.762	1	29
598.933	1	30
599.103	1	11
599.273	1	22
599.443	1	45
599.613	1	178
599.784	1	223
599.954	1	90
600.124	1	27
600.294	1	25
600.464	1	33
600.634	1	26
600.805	1	16
600.975	1	33
601.145	1	29
601.315	1	22
601.485	1	36
601.656	1	27
601.826	1	18
601.996	1	31
602.166	1	28
602.336	1	25
602.506	1	22
602.677	1	37
602.847	1	23
603.017	1	15
603.187	1	33
603.357	1	23
603.527	1	25
603.697	1	31
603.868	1	18
604.038	1	18
604.208	1	18
604.378	1	33
604.548	1	19
604.718	1	23
604.889	1	21
605.059	1	24
605.229	1	30
605.399	1	24
605.569	1	18
605.739	1	29
605.909	1	37
606.080	1	27
606.250	1	34
606.420	1	28
606.590	1	31
606.760	1	35
606.930	1	40
607.100	1	22
607.271	1	29
607.441	1	27
607.611	1	30
607.781	1	37
607.951	1	28
608.121	1	28
608.291	1	32
608.462	1	36
608.632	1	29
608.802	1	30
608.972	1	18
609.142	1	35
609.312	1	27
609.482	1	15
609.652	1	48
609.823	1	32
609.993	1	31
610.163	1	31
610.333	1	27
610.503	1	32
610.673	1	32
610.843	1	23
611.013	1	31
611.184	1	21
611.354	1	24
611.524	1	31
611.694	1	30
611.864	1	34
612.034	1	46
612.204	1	24
612.374	1	43
612.545	1	17
612.715	1	29
612.885	1	36
613.055	1	22
613.225	1	28
613.395	1	32
613.565	1	26
613.735	1	37
613.905	1	29
614.075	1	32
614.246	1	33
614.416	1	28
614.586	1	33
614.756	1	23
614.926	1	43
615.096	1	25
615.266	1	37
615.436	1	40
615.606	1	29
615.776	1	31
615.947	1	31
616.117	1	38
616.287	1	36
616.457	1	35
616.627	1	38
616.797	1	37
616.967	1	29
617.137	1	35
617.307	1	30
617.477	1	34
617.647	1	19
617.818	1	31
617.988	1	37
618.158	1	31
618.328	1	46
618.498	1	24
618.668	1	39
618.838	1	35
619.008	1	40
619.178	1	32
619.348	1	32
619.518	1	36
619.688	1	46
619.859	1	39
620.029	1	36
620.199	1	44
620.369	1	44
620.539	1	30
620.709	1	32
620.879	1	39
621.049	1	35
621.219	1	40
621.389	1	45
621.559	1	43
621.729	1	35
621.899	1	34
622.069	1	45
622.239	1	43
622.410	1	40
622.580	1	45
622.750	1	40
622.920	1	49
623.090	1	39
623.260	1	30
623.430	1	37
623.600	1	37
623.770	1	46
623.940	1	41
624.110	1	31
624.280	1	39
624.450	1	48
624.620	1	48
624.790	1	46
624.960	1	46
625.130	1	49
625.300	1	34
625.470	1	31
625.640	1	43
625.811	1	52
625.981	1	39
626.151	1	47
626.321	1	48
626.491	1	34
626.661	1	40
626.831	1	49
627.001	1	47
627.171	1	33
627.341	1	37
627.511	1	40
627.681	1	51
627.851	1	49
628.021	1	49
628.191	1	51
628.361	1	46
628.531	1	54
628.701	1	38
628.871	1	54
629.041	1	47
629.211	1	46
629.381	1	50
629.551	1	50
629.721	1	53
629.891	1	64
630.061	1	41
630.231	1	52
630.401	1	52
630.571	1	50
630.741	1	50
630.911	1	46
631.081	1	49
631.251	1	50
631.421	1	56
631.591	1	59
631.761	1	55
631.931	1	50
632.101	1	34
632.271	1	51
632.441	1	61
632.611	1	54
632.782	1	52
632.952	1	42
633.122	1	34
633.292	1	53
633.462	1	64
633.632	1	62
633.802	1	53
633.972	1	53
634.142	1	47
634.312	1	48
634.482	1	67
634.652	1	67
634.821	1	50
634.991	1	56
635.161	1	47
635.331	1	57
635.501	1	54
635.671	1	51
635.841	1	53
636.011	1	47
636.181	1	55
636.351	1	54
636.521	1	57
636.691	1	52
636.861	1	50
637.031	1	59
637.201	1	57
637.371	1	58
637.541	1	53
637.711	1	38
637.881	1	49
638.051	1	51
638.221	1	56
638.391	1	39
638.561	1	53
638.731	1	63
638.901	1	50
639.071	1	45
639.241	1	44
639.411	1	61
639.581	1	56
639.751	1	57
639.921	1	60
640.091	1	46
640.261	1	54
640.431	1	62
640.601	1	63
640.771	1	64
640.941	1	53
641.111	1	62
641.281	1	60
641.451	1	68
641.621	1	54
641.791	1	57
641.960	1	55
642.130	1	60
642.300	1	63
642.470	1	63
642.640	1	57
642.810	1	56
642.980	1	63
643.150	1	57
643.320	1	54
643.490	1	54
643.660	1	61
643.830	1	58
644.000	1	40
644.170	1	61
644.340	1	55
644.510	1	63
644.680	1	60
644.850	1	59
645.020	1	44
645.189	1	62
645.359	1	58
645.529	1	70
645.699	1	51
645.869	1	64
646.039	1	60
646.209	1	56
646.379	1	70
646.549	1	51
646.719	1	50
646.889	1	65
647.059	1	57
647.229	1	57
647.399	1	66
647.569	1	55
647.738	1	48
647.908	1	66
648.078	1	69
648.248	1	54
648.418	1	73
648.588	1	70
648.758	1	70
648.928	1	67
649.098	1	56
649.268	1	56
649.438	1	61
649.608	1	60
649.778	1	68
649.947	1	62
650.117	1	70
650.287	1	56
650.457	1	70
650.627	1	62
650.797	1	70
650.967	1	62
651.137	1	63
651.307	1	73
651.477	1	55
651.647	1	68
651.816	1	51
651.986	1	64
652.156	1	62
652.326	1	71
652.496	1	60
652.666	1	65
652.836	1	67
653.006	1	69
653.176	1	57
653.346	1	64
653.515	1	82
653.685	1	78
653.855	1	62
654.025	1	57
654.195	1	65
654.365	1	60
654.535	1	70
654.705	1	69
654.875	1	73
655.044	1	69
655.214	1	73
655.384	1	65
655.554	1	64
655.724	1	70
655.894	1	80
656.064	1	59
656.234	1	59
656.404	1	68
656.573	1	77
656.743	1	68
656.913	1	71
657.083	1	68
657.253	1	66
657.423	1	59
657.593	1	72
657.763	1	68
657.932	1	67
658.102	1	61
658.272	1	61
658.442	1	74
658.612	1	61
658.782	1	82
658.952	1	64
659.121	1	74
659.291	1	66
659.461	1	75
659.631	1	65
659.801	1	67
659.971	1	71
660.141	1	71
660.311	1	67
660.480	1	68
660.650	1	59
660.820	1	78
660.990	1	68
661.160	1	58
661.330	1	70
661.500	1	65
661.669	1	69
661.839	1	81
662.009	1	72
662.179	1	79
662.349	1	64
662.519	1	75
662.688	1	61
662.858	1	60
663.028	1	60
663.198	1	70
663.368	1	53
663.538	1	71
663.708	1	79
663.877	1	75
664.047	1	51
664.217	1	65
664.387	1	70
664.557	1	65
664.727	1	74
664.896	1	54
665.066	1	53
665.236	1	51
665.406	1	60
665.576	1	67
665.746	1	77
665.915	1	63
666.085	1	69
666.255	1	54
666.425	1	71
666.595	1	53
666.765	1	71
666.934	1	55
667.104	1	71
667.274	1	60
667.444	1	70
667.614	1	68
667.783	1	65
667.953	1	61
668.123	1	72
668.293	1	77
668.463	1	71
668.633	1	63
668.802	1	60
668.972	1	57
669.142	1	67
669.312	1	67
669.482	1	74
669.651	1	74
669.821	1	81
669.991	1	60
670.161	1	71
670.331	1	61
670.500	1	66
670.670	1	59
670.840	1	64
671.010	1	63
671.180	1	65
671.349	1	60
671.519	1	64
671.689	1	64
671.859	1	63
672.029	1	73
672.198	1	78
672.368	1	57
672.538	1	67
672.708	1	61
672.878	1	68
673.047	1	52
673.217	1	79
673.387	1	51
673.557	1	63
673.727	1	57
673.896	1	68
674.066	1	60
674.236	1	55
674.406	1	61
674.576	1	66
674.745	1	74
674.915	1	63
675.085	1	71
675.255	1	61
675.424	1	66
675.594	1	54
675.764	1	62
675.934	1	64
676.104	1	57
676.273	1	65
676.443	1	65
676.613	1	65
676.783	1	61
676.952	1	72
677.122	1	67
677.292	1	56
677.462	1	56
677.632	1	65
677.801	1	64
677.971	1	74
678.141	1	49
678.311	1	53
678.480	1	65
678.650	1	83
678.820	1	65
678.990	1	62
679.159	1	53
679.329	1	65
679.499	1	66
679.669	1	48
679.838	1	74
680.008	1	51
680.178	1	71
680.348	1	66
680.517	1	69
680.687	1	57
680.857	1	59
681.027	1	61
681.196	1	71
681.366	1	63
681.536	1	64
681.706	1	64
681.875	1	63
682.045	1	65
682.215	1	63
682.385	1	70
682.554	1	61
682.724	1	61
682.894	1	63
683.064	1	58
683.233	1	69
683.403	1	53
683.573	1	62
683.743	1	59
683.912	1	48
684.082	1	72
684.252	1	54
684.421	1	65
684.591	1	69
684.761	1	62
684.931	1	60
685.100	1	65
685.270	1	65
685.440	1	67
685.610	1	59
685.779	1	68
685.949	1	68
686.119	1	64
686.288	1	53
686.458	1	56
686.628	1	65
686.798	1	55
686.967	1	74
687.137	1	52
687.307	1	79
687.477	1	55
687.646	1	56
687.816	1	64
687.986	1	64
688.155	1	61
688.325	1	65
688.495	1	55
688.665	1	52
688.834	1	58
689.004	1	68
689.174	1	70
689.343	1	54
689.513	1	65
689.683	1	54
689.852	1	69
690.022	1	50
690.192	1	59
690.362	1	63
690.531	1	60
690.701	1	64
690.871	1	62
691.040	1	58
691.210	1	48
691.380	1	58
691.549	1	61
691.719	1	55
691.889	1	61
692.059	1	49
692.228	1	59
692.398	1	59
692.568	1	66
692.737	1	59
692.907	1	61
693.077	1	65
693.246	1	72
693.416	1	57
693.586	1	64
693.755	1	61
693.925	1	51
694.095	1	62
694.264	1	53
694.434	1	59
694.604	1	63
694.773	1	58
694.943	1	59
695.113	1	67
695.282	1	71
695.452	1	66
695.622	1	67
695.791	1	61
695.961	1	74
696.131	1	79
696.301	1	82
696.470	1	77
696.640	1	70
696.810	1	80
696.979	1	62
697.149	1	84
697.319	1	71
697.488	1	63
697.658	1	63
697.827	1	68
697.997	1	60
698.167	1	69
698.336	1	70
698.506	1	74
698.676	1	64
698.845	1	49
699.015	1	55
699.185	1	57
699.354	1	63
699.524	1	61
699.694	1	62
699.863	1	50
700.033	1	70
700.203	1	67
700.372	1	59
700.542	1	63
700.712	1	41
700.881	1	68
701.051	1	54
701.221	1	49
701.390	1	66
701.560	1	55
701.729	1	57
701.899	1	67
702.069	1	52
702.238	1	63
702.408	1	47
702.578	1	61
702.747	1	57
702.917	1	56
703.087	1	66
703.256	1	54
703.426	1	52
703.595	1	59
703.765	1	68
703.935	1	57
704.104	1	53
704.274	1	52
704.444	1	54
704.613	1	52
704.783	1	46
704.952	1	59
705.122	1	54
705.292	1	47
705.461	1	50
705.631	1	65
705.801	1	54
705.970	1	63
706.140	1	55
706.309	1	59
706.479	1	45
706.649	1	53
706.818	1	59
706.988	1	60
707.157	1	60
707.327	1	61
707.497	1	63
707.666	1	54
707.836	1	48
708.006	1	47
708.175	1	42
708.345	1	56
708.514	1	56
708.684	1	60
708.854	1	49
709.023	1	56
709.193	1	52
709.362	1	54
709.532	1	54
709.702	1	55
709.871	1	62
710.041	1	42
710.210	1	51
710.380	1	47
710.550	1	64
710.719	1	54
710.889	1	55
711.058	1	55
711.228	1	52
711.397	1	46
711.567	1	52
711.737	1	56
711.906	1	52
712.076	1	59
712.245	1	55
712.415	1	51
712.585	1	53
712.754	1	53
712.924	1	62
713.093	1	59
713.263	1	56
713.432	1	42
713.602	1	53
713.772	1	55
713.941	1	59
714.111	1	59
714.280	1	63
714.450	1	56
714.619	1	63
714.789	1	55
714.959	1	49
715.128	1	51
715.298	1	50
715.467	1	61
715.637	1	51
715.806	1	61
715.976	1	57
716.146	1	65
716.315	1	47
716.485	1	46
716.654	1	54
716.824	1	60
716.993	1	60
717.163	1	59
717.333	1	42
717.502	1	57
717.672	1	42
717.841	1	60
718.011	1	46
718.180	1	61
718.350	1	53
718.519	1	56
718.689	1	59
718.858	1	58
719.028	1	50
719.198	1	53
719.367	1	46
719.537	1	50
719.706	1	52
719.876	1	48
720.045	1	47
720.215	1	54
720.384	1	63
720.554	1	55
720.723	1	52
720.893	1	52
721.063	1	38
721.232	1	42
721.402	1	45
721.571	1	60
721.741	1	48
721.910	1	51
722.080	1	47
722.249	1	58
722.419	1	50
722.588	1	41
722.758	1	40
722.927	1	64
723.097	1	52
723.266	1	51
723.436	1	49
723.606	1	51
723.775	1	59
723.945	1	50
724.114	1	52
724.284	1	39
724.453	1	56
724.623	1	50
724.792	1	52
724.962	1	40
725.131	1	42
725.301	1	50
725.470	1	36
725.640	1	53
725.809	1	53
725.979	1	55
726.148	1	43
726.318	1	54
726.487	1	49
726.657	1	48
726.826	1	38
726.996	1	34
727.165	1	50
727.335	1	59
727.504	1	54
727.674	1	51
727.843	1	56
728.013	1	47
728.182	1	49
728.352	1	46
728.521	1	48
728.691	1	52
728.860	1	52
729.030	1	37
729.199	1	56
729.369	1	34
729.538	1	45
729.708	1	51
729.877	1	42
730.047	1	41
730.216	1	42
730.386	1	47
730.555	1	44
730.725	1	43
730.894	1	38
731.064	1	54
731.233	1	50
731.403	1	48
731.572	1	48
731.742	1	52
731.911	1	47
732.081	1	44
732.250	1	48
732.420	1	44
732.589	1	54
732.758	1	44
732.928	1	44
733.097	1	48
733.267	1	47
733.436	1	36
733.606	1	52
733.775	1	48
733.945	1	49
734.114	1	47
734.284	1	50
734.453	1	49
734.623	1	45
734.792	1	58
734.962	1	53
735.131	1	43
735.301	1	40
735.470	1	34
735.639	1	44
735.809	1	52
735.978	1	51
736.148	1	40
736.317	1	51
736.487	1	36
736.656	1	60
736.826	1	36
736.995	1	45
737.165	1	39
737.334	1	39
737.503	1	51
737.673	1	58
737.842	1	38
738.012	1	51
738.181	1	46
738.351	1	58
738.520	1	29
738.690	1	50
738.859	1	53
739.028	1	48
739.198	1	44
739.367	1	45
739.537	1	45
739.706	1	49
739.876	1	39
740.045	1	36
740.215	1	44
740.384	1	43
740.553	1	50
740.723	1	47
740.892	1	42
741.062	1	46
741.231	1	43
741.401	1	54
741.570	1	51
741.739	1	45
741.909	1	45
742.078	1	51
742.248	1	36
742.417	1	33
742.587	1	52
742.756	1	45
742.925	1	39
743.095	1	38
743.264	1	48
743.434	1	49
743.603	1	47
743.772	1	42
743.942	1	31
744.111	1	37
744.281	1	40
744.450	1	61
744.620	1	39
744.789	1	36
744.958	1	34
745.128	1	39
745.297	1	48
745.467	1	50
745.636	1	49
745.805	1	49
745.975	1	41
746.144	1	44
746.314	1	46
746.483	1	39
746.652	1	47
746.822	1	48
746.991	1	40
747.161	1	50
747.330	1	46
747.499	1	41
747.669	1	39
747.838	1	59
748.008	1	50
748.177	1	53
748.346	1	32
748.516	1	60
748.685	1	41
748.855	1	40
749.024	1	44
749.193	1	48
749.363	1	49
749.532	1	39
749.702	1	37
749.871	1	41
750.040	1	41
750.210	1	44
750.379	1	53
750.548	1	54
750.718	1	36
750.887	1	45
751.057	1	44
751.226	1	51
751.395	1	56
751.565	1	46
751.734	1	48
751.903	1	38
752.073	1	46
752.242	1	44
752.412	1	38
752.581	1	39
752.750	1	44
752.920	1	37
753.089	1	61
753.258	1	39
753.428	1	51
753.597	1	56
753.767	1	33
753.936	1	47
754.105	1	46
754.275	1	32
754.444	1	37
754.613	1	33
754.783	1	48
754.952	1	56
755.121	1	52
755.291	1	42
755.460	1	40
755.629	1	39
755.799	1	44
755.968	1	39
756.138	1	48
756.307	1	43
756.476	1	52
756.646	1	43
756.815	1	48
756.984	1	38
757.154	1	48
757.323	1	52
757.492	1	50
757.662	1	59
757.831	1	41
758.000	1	42
758.170	1	47
758.339	1	45
758.508	1	49
758.678	1	39
758.847	1	51
759.016	1	49
759.186	1	35
759.355	1	41
759.524	1	42
759.694	1	37
759.863	1	56
760.032	1	44
760.202	1	46
760.371	1	46
760.540	1	55
760.710	1	36
760.879	1	37
761.048	1	43
761.218	1	44
761.387	1	32
761.556	1	53
761.726	1	40
761.895	1	45
762.064	1	57
762.234	1	42
762.403	1	45
762.572	1	47
762.742	1	47
762.911	1	44
763.080	1	49
763.249	1	48
763.419	1	42
763.588	1	49
763.757	1	44
763.927	1	36
764.096	1	47
764.265	1	47
764.435	1	47
764.604	1	46
764.773	1	49
764.943	1	41
765.112	1	40
765.281	1	34
765.450	1	39
765.620	1	37
765.789	1	41
765.958	1	49
766.128	1	43
766.297	1	48
766.466	1	47
766.636	1	50
766.805	1	30
766.974	1	45
767.143	1	43
767.313	1	39
767.482	1	42
767.651	1	48
767.821	1	54
767.990	1	42
768.159	1	46
768.328	1	43
768.498	1	40
768.667	1	50
768.836	1	51
769.006	1	42
769.175	1	47
769.344	1	32
769.513	1	48
769.683	1	45
769.852	1	46
770.021	1	51
770.191	1	36
770.360	1	48
770.529	1	49
770.698	1	45
770.868	1	63
771.037	1	41
771.206	1	46
771.375	1	48
771.545	1	38
771.714	1	43
771.883	1	56
772.053	1	59
772.222	1	46
772.391	1	44
772.560	1	52
772.730	1	46
772.899	1	39
773.068	1	42
773.237	1	39
773.407	1	35
773.576	1	37
773.745	1	46
773.914	1	41
774.084	1	45
774.253	1	44
774.422	1	50
774.591	1	51
774.761	1	41
774.930	1	42
775.099	1	44
775.268	1	43
775.438	1	57
775.607	1	48
775.776	1	53
775.945	1	50
776.115	1	56
776.284	1	39
776.453	1	38
776.622	1	52
776.792	1	51
776.961	1	43
777.130	1	44
777.299	1	44
777.469	1	45
777.638	1	43
777.807	1	38
777.976	1	43
778.146	1	39
778.315	1	37
778.484	1	38
778.653	1	46
778.822	1	40
778.992	1	48
779.161	1	38
779.330	1	42
779.499	1	52
779.669	1	32
779.838	1	34
780.007	1	46
780.176	1	48
780.346	1	40
780.515	1	49
780.684	1	35
780.853	1	25
781.022	1	36
781.192	1	38
781.361	1	42
781.530	1	47
781.699	1	46
781.868	1	61
782.038	1	49
782.207	1	36
782.376	1	35
782.545	1	30
782.715	1	32
782.884	1	37
783.053	1	38
783.222	1	34
783.391	1	36
783.561	1	46
783.730	1	36
783.899	1	52
784.068	1	34
784.237	1	26
784.407	1	43
784.576	1	38
784.745	1	52
784.914	1	50
785.083	1	54
785.253	1	29
785.422	1	34
785.591	1	38
785.760	1	27
785.929	1	31
786.099	1	37
786.268	1	40
786.437	1	37
786.606	1	39
786.775	1	44
786.945	1	47
787.114	1	47
787.283	1	46
787.452	1	47
787.621	1	28
787.790	1	36
787.960	1	33
788.129	1	49
788.298	1	33
788.467	1	40
788.636	1	54
788.806	1	48
788.975	1	33
789.144	1	47
789.313	1	39
789.482	1	44
789.651	1	36
789.821	1	32
789.990	1	35
790.159	1	43
790.328	1	28
790.497	1	41
790.666	1	36
790.836	1	38
791.005	1	48
791.174	1	46
791.343	1	40
791.512	1	35
791.681	1	36
791.851	1	37
792.020	1	52
792.189	1	48
792.358	1	48
792.527	1	43
792.696	1	40
792.866	1	47
793.035	1	31
793.204	1	34
793.373	1	37
793.542	1	44
793.711	1	38
793.880	1	56
794.050	1	47
794.219	1	36
794.388	1	25
794.557	1	44
794.726	1	32
794.895	1	40
795.064	1	37
795.234	1	37
795.403	1	51
795.572	1	34
795.741	1	30
795.910	1	35
796.079	1	33
796.248	1	37
796.418	1	49
796.587	1	32
796.756	1	32
796.925	1	39
797.094	1	43
797.263	1	35
797.432	1	33
797.602	1	30
797.771	1	42
797.940	1	33
798.109	1	43
798.278	1	36
798.447	1	49
798.616	1	32
798.785	1	41
798.955	1	42
799.124	1	35
799.293	1	43
799.462	1	41
799.631	1	26
799.800	1	31
799.969	1	39
800.138	1	38
800.308	1	33
800.477	1	42
800.646	1	38
800.815	1	37
800.984	1	47
801.153	1	34
801.322	1	34
801.491	1	39
801.660	1	19
801.830	1	34
801.999	1	47
802.168	1	37
802.337	1	46
802.506	1	35
802.675	1	50
802.844	1	27
803.013	1	31
803.182	1	28
803.351	1	36
803.521	1	36
803.690	1	46
803.859	1	32
804.028	1	29
804.197	1	41
804.366	1	35
804.535	1	56
804.704	1	29
804.873	1	38
805.042	1	41
805.212	1	31
805.381	1	33
805.550	1	24
805.719	1	40
805.888	1	46
806.057	1	36
806.226	1	35
806.395	1	34
806.564	1	41
806.733	1	32
806.902	1	47
807.071	1	36
807.241	1	32
807.410	1	38
807.579	1	47
807.748	1	32
807.917	1	50
808.086	1	41
808.255	1	38
808.424	1	40
808.593	1	41
808.762	1	27
808.931	1	37
809.100	1	47
809.269	1	39
809.439	1	36
809.608	1	36
809.777	1	40
809.946	1	37
810.115	1	46
810.284	1	30
810.453	1	39
810.622	1	40
810.791	1	43
810.960	1	37
811.129	1	35
811.298	1	45
811.467	1	33
811.636	1	29
811.805	1	35
811.974	1	34
812.143	1	26
812.313	1	22
812.482	1	32
812.651	1	33
812.820	1	38
812.989	1	36
813.158	1	28
813.327	1	37
813.496	1	26
813.665	1	45
813.834	1	33
814.003	1	37
814.172	1	29
814.341	1	41
814.510	1	32
814.679	1	38
814.848	1	32
815.017	1	38
815.186	1	34
815.355	1	37
815.524	1	30
815.693	1	39
815.862	1	34
816.031	1	41
816.200	1	34
816.370	1	41
816.539	1	34
816.708	1	33
816.877	1	49
817.046	1	37
817.215	1	36
817.384	1	30
817.553	1	43
817.722	1	44
817.891	1	31
818.060	1	43
818.229	1	43
818.398	1	34
818.567	1	42
818.736	1	41
818.905	1	38
819.074	1	38
819.243	1	33
819.412	1	37
819.581	1	27
819.750	1	34
819.919	1	35
820.088	1	46
820.257	1	31
820.426	1	35
820.595	1	35
820.764	1	39
820.933	1	29
821.102	1	34
821.271	1	36
821.440	1	30
821.609	1	27
821.778	1	35
821.947	1	27
822.116	1	26
822.285	1	34
822.454	1	38
822.623	1	36
822.792	1	35
822.961	1	29
823.130	1	30
823.299	1	33
823.468	1	36
823.637	1	33
823.806	1	34
823.975	1	29
824.144	1	31
824.313	1	29
824.482	1	32
824.651	1	14
824.820	1	39
824.989	1	38
825.158	1	11
825.327	1	32
825.496	1	40
825.665	1	34
825.834	1	38
826.003	1	32
826.172	1	33
826.341	1	18
826.510	1	32
826.679	1	34
826.848	1	34
827.017	1	32
827.186	1	16
827.355	1	33
827.524	1	26
827.693	1	32
827.862	1	24
828.031	1	35
828.199	1	28
828.368	1	36
828.537	1	28
828.706	1	23
828.875	1	35
829.044	1	21
829.213	1	35
829.382	1	29
829.551	1	28
829.720	1	37
829.889	1	33
830.058	1	30
830.227	1	33
830.396	1	29
830.565	1	24
830.734	1	26
830.903	1	52
831.072	1	42
831.241	1	18
831.410	1	36
831.579	1	28
831.748	1	24
831.917	1	33
832.086	1	31
832.254	1	37
832.423	1	35
832.592	1	24
832.761	1	26
832.930	1	34
833.099	1	32
833.268	1	23
833.437	1	31
833.606	1	34
833.775	1	29
833.944	1	35
834.113	1	43
834.282	1	19
834.451	1	28
834.620	1	25
834.789	1	16
834.957	1	28
835.126	1	21
835.295	1	32
835.464	1	29
835.633	1	24
835.802	1	36
835.971	1	32
836.140	1	32
836.309	1	32
836.478	1	27
836.647	1	32
836.816	1	30
836.985	1	23
837.154	1	34
837.322	1	25
837.491	1	32
837.660	1	38
837.829	1	24
837.998	1	26
838.167	1	33
838.336	1	36
838.505	1	21
838.674	1	29
838.843	1	36
839.012	1	19
839.181	1	37
839.349	1	34
839.518	1	27
839.687	1	31
839.856	1	36
840.025	1	31
840.194	1	22
840.363	1	36
840.532	1	12
840.701	1	32
840.870	1	27
841.038	1	32
841.207	1	28
841.376	1	32
841.545	1	23
841.714	1	29
841.883	1	31
842.052	1	24
842.221	1	16
842.390	1	27
842.559	1	26
842.727	1	21
842.896	1	22
843.065	1	33
843.234	1	14
843.403	1	26
843.572	1	30
843.741	1	24
843.910	1	21
844.079	1	8
844.247	1	24
844.416	1	23
844.585	1	25
844.754	1	27
844.923	1	21
845.092	1	24
845.261	1	24
845.430	1	32
845.598	1	15
845.767	1	22
845.936	1	30
846.105	1	12
846.274	1	20
846.443	1	29
846.612	1	21
846.781	1	24
846.949	1	28
847.118	1	19
847.287	1	22
847.456	1	26
847.625	1	18
847.794	1	15
847.963	1	22
848.131	1	16
848.300	1	34
