500.757	1	15
500.928	1	16
501.099	1	12
501.269	1	19
501.440	1	12
501.611	1	13
501.782	1	11
501.952	1	22
502.123	1	23
502.294	1	6
502.464	1	16
502.635	1	27
502.806	1	21
502.976	1	15
503.147	1	9
503.318	1	15
503.489	1	14
503.659	1	10
503.830	1	11
504.001	1	17
504.171	1	2
504.342	1	21
504.513	1	16
504.683	1	6
504.854	1	9
505.025	1	12
505.195	1	22
505.366	1	8
505.537	1	4
505.707	1	9
505.878	1	14
506.049	1	14
506.219	1	15
506.390	1	13
506.561	1	11
506.731	1	4
506.902	1	7
507.073	1	14
507.243	1	13
507.414	1	17
507.585	1	10
507.755	1	14
507.926	1	9
508.097	1	15
508.267	1	13
508.438	1	14
508.609	1	17
508.779	1	15
508.950	1	23
509.121	1	12
509.291	1	9
509.462	1	13
509.633	1	12
509.803	1	10
509.974	1	8
510.145	1	27
510.315	1	13
510.486	1	15
510.657	1	17
510.827	1	14
510.998	1	2
511.169	1	16
511.339	1	7
511.510	1	11
511.680	1	7
511.851	1	2
512.022	1	20
512.192	1	16
512.363	1	-1
512.534	1	16
512.704	1	11
512.875	1	0
513.046	1	7
513.216	1	13
513.387	1	6
513.558	1	14
513.728	1	3
513.899	1	10
514.069	1	11
514.240	1	14
514.411	1	6
514.581	1	6
514.752	1	14
514.923	1	1
515.093	1	5
515.264	1	15
515.434	1	20
515.605	1	7
515.776	1	5
515.946	1	15
516.117	1	16
516.288	1	5
516.458	1	-2
516.629	1	2
516.799	1	13
516.970	1	13
517.141	1	23
517.311	1	5
517.482	1	12
517.653	1	18
517.823	1	14
517.994	1	1
518.164	1	3
518.335	1	10
518.506	1	-1
518.676	1	11
518.847	1	5
519.017	1	9
519.188	1	5
519.359	1	4
519.529	1	10
519.700	1	14
519.870	1	-6
520.041	1	6
520.212	1	5
520.382	1	11
520.553	1	1
520.723	1	13
520.894	1	15
521.065	1	1
521.235	1	8
521.406	1	16
521.576	1	9
521.747	1	13
521.918	1	10
522.088	1	14
522.259	1	9
522.429	1	11
522.600	1	11
522.770	1	15
522.941	1	7
523.112	1	21
523.282	1	20
523.453	1	8
523.623	1	16
523.794	1	12
523.965	1	6
524.135	1	6
524.306	1	16
524.476	1	16
524.647	1	12
524.817	1	11
524.988	1	26
525.159	1	10
525.329	1	12
525.500	1	11
525.670	1	19
525.841	1	7
526.011	1	5
526.182	1	7
526.353	1	16
526.523	1	2
526.694	1	12
526.864	1	0
527.035	1	4
527.205	1	0
527.376	1	6
527.547	1	11
527.717	1	23
527.888	1	11
528.058	1	4
528.229	1	11
528.399	1	8
528.570	1	6
528.740	1	15
528.911	1	8
529.082	1	16
529.252	1	5
529.423	1	20
529.593	1	5
529.764	1	6
529.934	1	8
530.105	1	-1
530.275	1	2
530.446	1	9
530.617	1	15
530.787	1	7
530.958	1	10
531.128	1	19
531.299	1	9
531.469	1	21
531.640	1	13
531.810	1	23
531.981	1	2
532.151	1	16
532.322	1	-2
532.492	1	9
532.663	1	7
532.834	1	8
533.004	1	5
533.175	1	0
533.345	1	4
533.516	1	3
533.686	1	5
533.857	1	7
534.027	1	5
534.198	1	8
534.368	1	9
534.539	1	5
534.709	1	12
534.880	1	25
535.050	1	2
535.221	1	0
535.391	1	14
535.562	1	10
535.732	1	4
535.903	1	1
536.073	1	18
536.244	1	5
536.415	1	2
536.585	1	15
536.756	1	0
536.926	1	3
537.097	1	0
537.267	1	-13
537.438	1	10
537.608	1	7
537.779	1	11
537.949	1	7
538.120	1	2
538.290	1	7
538.461	1	14
538.631	1	6
538.802	1	-7
538.972	1	13
539.143	1	-5
539.313	1	8
539.484	1	10
539.654	1	11
539.825	1	8
539.995	1	3
540.166	1	2
540.336	1	12
540.507	1	10
540.677	1	-7
540.848	1	6
541.018	1	11
541.189	1	3
541.359	1	1
541.530	1	15
541.700	1	9
541.871	1	2
542.041	1	15
542.211	1	12
542.382	1	9
542.552	1	8
542.723	1	5
542.893	1	9
543.064	1	2
543.234	1	10
543.405	1	14
543.575	1	3
543.746	1	21
543.916	1	20
544.087	1	0
544.257	1	5
544.428	1	15
544.598	1	9
544.769	1	-5
544.939	1	4
545.110	1	-1
545.280	1	4
545.451	1	7
545.621	1	15
545.791	1	9
545.962	1	9
546.132	1	12
546.303	1	6
546.473	1	7
546.644	1	9
546.814	1	11
546.985	1	9
547.155	1	11
547.326	1	8
547.496	1	6
547.666	1	13
547.837	1	0
548.007	1	12
548.178	1	-1
548.348	1	8
548.519	1	7
548.689	1	4
548.860	1	5
549.030	1	-3
549.201	1	10
549.371	1	9
549.541	1	4
549.712	1	5
549.882	1	1
550.053	1	5
550.223	1	-2
550.394	1	-1
550.564	1	4
550.735	1	7
550.905	1	9
551.075	1	10
551.246	1	5
551.416	1	6
551.587	1	5
551.757	1	1
551.928	1	1
552.098	1	-1
552.268	1	10
552.439	1	15
552.609	1	-4
552.780	1	21
552.950	1	6
553.121	1	7
553.291	1	11
553.461	1	7
553.632	1	-4
553.802	1	6
553.973	1	12
554.143	1	0
554.314	1	5
554.484	1	18
554.654	1	12
554.825	1	-1
554.995	1	-10
555.166	1	12
555.336	1	18
555.506	1	-6
555.677	1	10
555.847	1	15
556.018	1	2
556.188	1	13
556.359	1	6
556.529	1	6
556.699	1	-5
556.870	1	4
557.040	1	11
557.211	1	13
557.381	1	5
557.551	1	8
557.722	1	4
557.892	1	15
558.063	1	8
558.233	1	10
558.403	1	-1
558.574	1	11
558.744	1	-2
558.915	1	8
559.085	1	15
559.255	1	-2
559.426	1	13
559.596	1	10
559.767	1	6
559.937	1	20
560.107	1	11
560.278	1	8
560.448	1	7
560.618	1	1
560.789	1	-1
560.959	1	7
561.130	1	4
561.300	1	11
561.470	1	4
561.641	1	3
561.811	1	0
561.982	1	7
562.152	1	10
562.322	1	-4
562.493	1	11
562.663	1	8
562.833	1	3
563.004	1	14
563.174	1	3
563.345	1	6
563.515	1	4
563.685	1	5
563.856	1	5
564.026	1	7
564.196	1	10
564.367	1	2
564.537	1	6
564.707	1	5
564.878	1	8
565.048	1	-12
565.219	1	5
565.389	1	5
565.559	1	-3
565.730	1	13
565.900	1	12
566.070	1	10
566.241	1	-4
566.411	1	9
566.581	1	5
566.752	1	15
566.922	1	0
567.093	1	8
567.263	1	8
567.433	1	-1
567.604	1	6
567.774	1	12
567.944	1	0
568.115	1	18
568.285	1	5
568.455	1	12
568.626	1	-1
568.796	1	-1
568.966	1	-2
569.137	1	6
569.307	1	-2
569.477	1	4
569.648	1	9
569.818	1	6
569.988	1	-1
570.159	1	8
570.329	1	12
570.499	1	10
570.670	1	7
570.840	1	-5
571.010	1	1
571.181	1	4
571.351	1	12
571.521	1	-4
571.692	1	-1
571.862	1	7
572.032	1	-1
572.203	1	9
572.373	1	7
572.543	1	1
572.714	1	4
572.884	1	-3
573.054	1	13
573.225	1	5
573.395	1	7
573.565	1	22
573.736	1	-1
573.906	1	13
574.076	1	14
574.247	1	10
574.417	1	15
574.587	1	2
574.757	1	1
574.928	1	-2
575.098	1	12
575.268	1	-4
575.439	1	6
575.609	1	5
575.779	1	9
575.950	1	7
576.120	1	7
576.290	1	17
576.461	1	-2
576.631	1	6
576.801	1	4
576.971	1	11
577.142	1	-1
577.312	1	18
577.482	1	4
577.653	1	5
577.823	1	6
577.993	1	11
578.164	1	2
578.334	1	11
578.504	1	4
578.674	1	1
578.845	1	5
579.015	1	-2
579.185	1	7
579.356	1	-2
579.526	1	-1
579.696	1	13
579.866	1	11
580.037	1	13
580.207	1	-5
580.377	1	13
580.548	1	4
580.718	1	9
580.888	1	16
581.058	1	1
581.229	1	0
581.399	1	8
581.569	1	-5
581.739	1	7
581.910	1	-1
582.080	1	10
582.250	1	-12
582.421	1	13
582.591	1	6
582.761	1	13
582.931	1	9
583.102	1	-3
583.272	1	2
583.442	1	5
583.612	1	1
583.783	1	8
583.953	1	7
584.123	1	12
584.294	1	6
584.464	1	5
584.634	1	9
584.804	1	6
584.975	1	7
585.145	1	3
585.315	1	11
585.485	1	-2
585.656	1	10
585.826	1	-1
585.996	1	0
586.166	1	10
586.337	1	11
586.507	1	6
586.677	1	1
586.847	1	-4
587.018	1	10
587.188	1	-5
587.358	1	8
587.528	1	11
587.699	1	7
587.869	1	15
588.039	1	2
588.209	1	-3
588.380	1	3
588.550	1	6
588.720	1	10
588.890	1	-1
589.060	1	1
589.231	1	5
589.401	1	19
589.571	1	17
589.741	1	12
589.912	1	0
590.082	1	-1
590.252	1	11
590.422	1	10
590.593	1	6
590.763	1	2
590.933	1	6
591.103	1	9
591.273	1	9
591.444	1	7
591.614	1	-6
591.784	1	19
591.954	1	16
592.125	1	4
592.295	1	5
592.465	1	8
592.635	1	-1
592.805	1	-2
592.976	1	-3
593.146	1	9
593.316	1	7
593.486	1	12
593.657	1	1
593.827	1	4
593.997	1	3
594.167	1	-8
594.337	1	2
594.508	1	-11
594.678	1	6
594.848	1	-4
595.018	1	13
595.188	1	8
595.359	1	-1
595.529	1	6
595.699	1	8
595.869	1	3
596.039	1	4
596.210	1	2
596.380	1	0
596.550	1	15
596.720	1	5
596.890	1	1
597.061	1	11
597.231	1	5
597.401	1	2
597.571	1	10
597.741	1	5
597.912	1	19
598.082	1	8
598.252	1	4
598.422	1	3
598.592	1	4
598.762	1	7
598.933	1	6
599.103	1	2
599.273	1	1
599.443	1	7
599.613	1	4
599.784	1	4
599.954	1	3
600.124	1	14
600.294	1	12
600.464	1	8
600.634	1	4
600.805	1	6
600.975	1	8
601.145	1	12
601.315	1	-3
601.485	1	10
601.656	1	3
601.826	1	7
601.996	1	0
602.166	1	1
602.336	1	0
602.506	1	12
602.677	1	14
602.847	1	9
603.017	1	1
603.187	1	5
603.357	1	6
603.527	1	8
603.697	1	8
603.868	1	4
604.038	1	13
604.208	1	3
604.378	1	12
604.548	1	6
604.718	1	-3
604.889	1	-6
605.059	1	6
605.229	1	7
605.399	1	1
605.569	1	10
605.739	1	5
605.909	1	17
606.080	1	8
606.250	1	12
606.420	1	0
606.590	1	0
606.760	1	7
606.930	1	13
607.100	1	2
607.271	1	14
607.441	1	10
607.611	1	5
607.781	1	6
607.951	1	13
608.121	1	10
608.291	1	-2
608.462	1	10
608.632	1	11
608.802	1	5
608.972	1	-4
609.142	1	14
609.312	1	2
609.482	1	18
609.652	1	14
609.823	1	-1
609.993	1	6
610.163	1	-4
610.333	1	8
610.503	1	1
610.673	1	12
610.843	1	3
611.013	1	10
611.184	1	9
611.354	1	2
611.524	1	7
611.694	1	4
611.864	1	15
612.034	1	19
612.204	1	7
612.374	1	13
612.545	1	4
612.715	1	8
612.885	1	7
613.055	1	10
613.225	1	7
613.395	1	11
613.565	1	0
613.735	1	7
613.905	1	13
614.075	1	6
614.246	1	2
614.416	1	1
614.586	1	13
614.756	1	-2
614.926	1	9
615.096	1	1
615.266	1	13
615.436	1	11
615.606	1	1
615.776	1	13
615.947	1	-1
616.117	1	5
616.287	1	12
616.457	1	15
616.627	1	16
616.797	1	10
616.967	1	10
617.137	1	0
617.307	1	0
617.477	1	7
617.647	1	2
617.818	1	5
617.988	1	3
618.158	1	1
618.328	1	18
618.498	1	1
618.668	1	14
618.838	1	3
619.008	1	6
619.178	1	7
619.348	1	2
619.518	1	10
619.688	1	9
619.859	1	19
620.029	1	-2
620.199	1	3
620.369	1	17
620.539	1	4
620.709	1	8
620.879	1	1
621.049	1	15
621.219	1	10
621.389	1	17
621.559	1	1
621.729	1	12
621.899	1	13
622.069	1	10
622.239	1	21
622.410	1	13
622.580	1	11
622.750	1	5
622.920	1	20
623.090	1	8
623.260	1	1
623.430	1	10
623.600	1	15
623.770	1	10
623.940	1	14
624.110	1	7
624.280	1	20
624.450	1	24
624.620	1	16
624.790	1	22
624.960	1	19
625.130	1	21
625.300	1	5
625.470	1	10
625.640	1	8
625.811	1	24
625.981	1	15
626.151	1	6
626.321	1	10
626.491	1	11
626.661	1	16
626.831	1	12
627.001	1	17
627.171	1	2
627.341	1	13
627.511	1	15
627.681	1	22
627.851	1	13
628.021	1	19
628.191	1	18
628.361	1	19
628.531	1	14
628.701	1	20
628.871	1	16
629.041	1	20
629.211	1	15
629.381	1	27
629.551	1	9
629.721	1	16
629.891	1	28
630.061	1	7
630.231	1	12
630.401	1	12
630.571	1	7
630.741	1	16
630.911	1	26
631.081	1	24
631.251	1	16
631.421	1	16
631.591	1	20
631.761	1	10
631.931	1	14
632.101	1	6
632.271	1	14
632.441	1	17
632.611	1	20
632.782	1	26
632.952	1	7
633.122	1	6
633.292	1	11
633.462	1	31
633.632	1	14
633.802	1	19
633.972	1	26
634.142	1	17
634.312	1	17
634.482	1	20
634.652	1	33
634.821	1	-8
634.991	1	13
635.161	1	7
635.331	1	14
635.501	1	31
635.671	1	20
635.841	1	15
636.011	1	21
636.181	1	25
636.351	1	23
636.521	1	20
636.691	1	11
636.861	1	14
637.031	1	17
637.201	1	28
637.371	1	18
637.541	1	23
637.711	1	13
637.881	1	16
638.051	1	18
638.221	1	24
638.391	1	26
638.561	1	18
638.731	1	30
638.901	1	13
639.071	1	10
639.241	1	14
639.411	1	16
639.581	1	29
639.751	1	19
639.921	1	27
640.091	1	22
640.261	1	22
640.431	1	19
640.601	1	23
640.771	1	14
640.941	1	28
641.111	1	21
641.281	1	12
641.451	1	24
641.621	1	15
641.791	1	21
641.960	1	17
642.130	1	31
642.300	1	23
642.470	1	18
642.640	1	21
642.810	1	15
642.980	1	23
643.150	1	24
643.320	1	25
643.490	1	8
643.660	1	25
643.830	1	5
644.000	1	12
644.170	1	21
644.340	1	20
644.510	1	23
644.680	1	17
644.850	1	21
645.020	1	9
645.189	1	26
645.359	1	21
645.529	1	9
645.699	1	12
645.869	1	16
646.039	1	26
646.209	1	26
646.379	1	31
646.549	1	12
646.719	1	14
646.889	1	34
647.059	1	21
647.229	1	8
647.399	1	36
647.569	1	24
647.738	1	12
647.908	1	28
648.078	1	24
648.248	1	22
648.418	1	22
648.588	1	25
648.758	1	29
648.928	1	17
649.098	1	16
649.268	1	23
649.438	1	13
649.608	1	27
649.778	1	33
649.947	1	9
650.117	1	25
650.287	1	31
650.457	1	30
650.627	1	30
650.797	1	21
650.967	1	15
651.137	1	24
651.307	1	42
651.477	1	7
651.647	1	29
651.816	1	9
651.986	1	16
652.156	1	31
652.326	1	33
652.496	1	26
652.666	1	29
652.836	1	26
653.006	1	15
653.176	1	21
653.346	1	21
653.515	1	24
653.685	1	20
653.855	1	12
654.025	1	19
654.195	1	6
654.365	1	25
654.535	1	28
654.705	1	25
654.875	1	21
655.044	1	26
655.214	1	11
655.384	1	31
655.554	1	22
655.724	1	22
655.894	1	35
656.064	1	14
656.234	1	19
656.404	1	25
656.573	1	30
656.743	1	21
656.913	1	30
657.083	1	20
657.253	1	16
657.423	1	14
657.593	1	28
657.763	1	24
657.932	1	22
658.102	1	22
658.272	1	16
658.442	1	24
658.612	1	24
658.782	1	20
658.952	1	30
659.121	1	19
659.291	1	27
659.461	1	34
659.631	1	18
659.801	1	26
659.971	1	20
660.141	1	20
660.311	1	39
660.480	1	3
660.650	1	21
660.820	1	33
660.990	1	25
661.160	1	23
661.330	1	20
661.500	1	15
661.669	1	30
661.839	1	38
662.009	1	24
662.179	1	36
662.349	1	22
662.519	1	26
662.688	1	22
662.858	1	19
663.028	1	12
663.198	1	17
663.368	1	5
663.538	1	13
663.708	1	24
663.877	1	28
664.047	1	14
664.217	1	11
664.387	1	26
664.557	1	18
664.727	1	29
664.896	1	28
665.066	1	10
665.236	1	17
665.406	1	22
665.576	1	14
665.746	1	32
665.915	1	9
666.085	1	22
666.255	1	27
666.425	1	15
666.595	1	10
666.765	1	17
666.934	1	15
667.104	1	11
667.274	1	21
667.444	1	25
667.614	1	15
667.783	1	21
667.953	1	14
668.123	1	23
668.293	1	12
668.463	1	13
668.633	1	18
668.802	1	16
668.972	1	-1
669.142	1	12
669.312	1	14
669.482	1	19
669.651	1	36
669.821	1	38
669.991	1	17
670.161	1	22
670.331	1	28
670.500	1	16
670.670	1	16
670.840	1	24
671.010	1	21
671.180	1	18
671.349	1	25
671.519	1	17
671.689	1	20
671.859	1	16
672.029	1	21
672.198	1	31
672.368	1	8
672.538	1	16
672.708	1	16
672.878	1	1
673.047	1	13
673.217	1	33
673.387	1	11
673.557	1	17
673.727	1	9
673.896	1	23
674.066	1	16
674.236	1	12
674.406	1	29
674.576	1	9
674.745	1	21
674.915	1	20
675.085	1	26
675.255	1	15
675.424	1	17
675.594	1	14
675.764	1	13
675.934	1	23
676.104	1	9
676.273	1	13
676.443	1	12
676.613	1	11
676.783	1	22
676.952	1	20
677.122	1	19
677.292	1	3
677.462	1	11
677.632	1	13
677.801	1	18
677.971	1	19
678.141	1	8
678.311	1	6
678.480	1	17
678.650	1	20
678.820	1	18
678.990	1	15
679.159	1	10
679.329	1	14
679.499	1	13
679.669	1	14
679.838	1	22
680.008	1	2
680.178	1	27
680.348	1	21
680.517	1	4
680.687	1	7
680.857	1	13
681.027	1	9
681.196	1	20
681.366	1	4
681.536	1	17
681.706	1	12
681.875	1	19
682.045	1	14
682.215	1	19
682.385	1	20
682.554	1	9
682.724	1	9
682.894	1	13
683.064	1	11
683.233	1	13
683.403	1	15
683.573	1	18
683.743	1	16
683.912	1	10
684.082	1	28
684.252	1	18
684.421	1	16
684.591	1	12
684.761	1	5
684.931	1	6
685.100	1	23
685.270	1	18
685.440	1	6
685.610	1	6
685.779	1	18
685.949	1	10
686.119	1	12
686.288	1	11
686.458	1	15
686.628	1	15
686.798	1	12
686.967	1	15
687.137	1	-3
687.307	1	21
687.477	1	14
687.646	1	10
687.816	1	13
687.986	1	22
688.155	1	4
688.325	1	9
688.495	1	8
688.665	1	3
688.834	1	6
689.004	1	18
689.174	1	9
689.343	1	4
689.513	1	2
689.683	1	0
689.852	1	17
690.022	1	7
690.192	1	5
690.362	1	12
690.531	1	15
690.701	1	7
690.871	1	19
691.040	1	10
691.210	1	11
691.380	1	12
691.549	1	13
691.719	1	11
691.889	1	9
692.059	1	13
692.228	1	7
692.398	1	20
692.568	1	8
692.737	1	17
692.907	1	4
693.077	1	10
693.246	1	15
693.416	1	16
693.586	1	9
693.755	1	11
693.925	1	12
694.095	1	10
694.264	1	20
694.434	1	5
694.604	1	7
694.773	1	8
694.943	1	17
695.113	1	4
695.282	1	15
695.452	1	20
695.622	1	21
695.791	1	7
695.961	1	20
696.131	1	12
696.301	1	16
696.470	1	5
696.640	1	9
696.810	1	10
696.979	1	7
697.149	1	4
697.319	1	11
697.488	1	5
697.658	1	5
697.827	1	16
697.997	1	-3
698.167	1	5
698.336	1	10
698.506	1	15
698.676	1	2
698.845	1	10
699.015	1	9
699.185	1	10
699.354	1	11
699.524	1	7
699.694	1	11
699.863	1	1
700.033	1	16
700.203	1	6
700.372	1	14
700.542	1	5
700.712	1	8
700.881	1	18
701.051	1	10
701.221	1	17
701.390	1	10
701.560	1	12
701.729	1	4
701.899	1	11
702.069	1	12
702.238	1	19
702.408	1	7
702.578	1	9
702.747	1	9
702.917	1	11
703.087	1	18
703.256	1	7
703.426	1	7
703.595	1	8
703.765	1	15
703.935	1	3
704.104	1	17
704.274	1	8
704.444	1	7
704.613	1	9
704.783	1	6
704.952	1	14
705.122	1	11
705.292	1	-2
705.461	1	0
705.631	1	19
705.801	1	13
705.970	1	9
706.140	1	10
706.309	1	7
706.479	1	16
706.649	1	16
706.818	1	12
706.988	1	9
707.157	1	13
707.327	1	15
707.497	1	8
707.666	1	0
707.836	1	2
708.006	1	3
708.175	1	5
708.345	1	8
708.514	1	11
708.684	1	12
708.854	1	-2
709.023	1	4
709.193	1	2
709.362	1	12
709.532	1	6
709.702	1	4
709.871	1	5
710.041	1	-8
710.210	1	14
710.380	1	7
710.550	1	6
710.719	1	2
710.889	1	4
711.058	1	5
711.228	1	0
711.397	1	5
711.567	1	14
711.737	1	12
711.906	1	14
712.076	1	5
712.245	1	7
712.415	1	4
712.585	1	3
712.754	1	11
712.924	1	0
713.093	1	10
713.263	1	9
713.432	1	-6
713.602	1	15
713.772	1	2
713.941	1	3
714.111	1	13
714.280	1	8
714.450	1	15
714.619	1	15
714.789	1	15
714.959	1	11
715.128	1	-1
715.298	1	9
715.467	1	7
715.637	1	12
715.806	1	8
715.976	1	8
716.146	1	1
716.315	1	2
716.485	1	1
716.654	1	1
716.824	1	10
716.993	1	11
717.163	1	15
717.333	1	3
717.502	1	7
717.672	1	8
717.841	1	6
718.011	1	4
718.180	1	-2
718.350	1	8
718.519	1	21
718.689	1	6
718.858	1	15
719.028	1	12
719.198	1	3
719.367	1	4
719.537	1	5
719.706	1	17
719.876	1	8
720.045	1	-1
720.215	1	4
720.384	1	15
720.554	1	5
720.723	1	13
720.893	1	-1
721.063	1	0
721.232	1	12
721.402	1	5
721.571	1	12
721.741	1	5
721.910	1	7
722.080	1	2
722.249	1	3
722.419	1	18
722.588	1	-1
722.758	1	3
722.927	1	6
723.097	1	5
723.266	1	9
723.436	1	-7
723.606	1	6
723.775	1	5
723.945	1	0
724.114	1	13
724.284	1	-2
724.453	1	6
724.623	1	6
724.792	1	3
724.962	1	0
725.131	1	3
725.301	1	3
725.470	1	-5
725.640	1	2
725.809	1	8
725.979	1	6
726.148	1	-1
726.318	1	12
726.487	1	-2
726.657	1	5
726.826	1	3
726.996	1	6
727.165	1	9
727.335	1	12
727.504	1	8
727.674	1	5
727.843	1	11
728.013	1	5
728.182	1	-5
728.352	1	9
728.521	1	14
728.691	1	6
728.860	1	16
729.030	1	-7
729.199	1	13
729.369	1	8
729.538	1	-3
729.708	1	11
729.877	1	1
730.047	1	-1
730.216	1	-11
730.386	1	-4
730.555	1	8
730.725	1	-1
730.894	1	-3
731.064	1	12
731.233	1	5
731.403	1	19
731.572	1	13
731.742	1	3
731.911	1	2
732.081	1	10
732.250	1	9
732.420	1	-1
732.589	1	1
732.758	1	4
732.928	1	9
733.097	1	12
733.267	1	3
733.436	1	3
733.606	1	3
733.775	1	7
733.945	1	13
734.114	1	8
734.284	1	0
734.453	1	-2
734.623	1	4
734.792	1	1
734.962	1	11
735.131	1	5
735.301	1	1
735.470	1	-2
735.639	1	8
735.809	1	10
735.978	1	11
736.148	1	-2
736.317	1	14
736.487	1	-3
736.656	1	4
736.826	1	-1
736.995	1	6
737.165	1	11
737.334	1	-5
737.503	1	7
737.673	1	20
737.842	1	3
738.012	1	6
738.181	1	2
738.351	1	9
738.520	1	-14
738.690	1	13
738.859	1	11
739.028	1	13
739.198	1	0
739.367	1	11
739.537	1	4
739.706	1	1
739.876	1	2
740.045	1	2
740.215	1	0
740.384	1	5
740.553	1	10
740.723	1	4
740.892	1	7
741.062	1	13
741.231	1	6
741.401	1	7
741.570	1	-1
741.739	1	15
741.909	1	0
742.078	1	-12
742.248	1	-4
742.417	1	4
742.587	1	10
742.756	1	6
742.925	1	-1
743.095	1	5
743.264	1	6
743.434	1	2
743.603	1	2
743.772	1	0
743.942	1	-2
744.111	1	11
744.281	1	8
744.450	1	12
744.620	1	6
744.789	1	7
744.958	1	-9
745.128	1	12
745.297	1	6
745.467	1	5
745.636	1	4
745.805	1	8
745.975	1	-2
746.144	1	10
746.314	1	5
746.483	1	6
746.652	1	-3
746.822	1	15
746.991	1	11
747.161	1	9
747.330	1	12
747.499	1	2
747.669	1	3
747.838	1	5
748.008	1	9
748.177	1	5
748.346	1	-1
748.516	1	12
748.685	1	6
748.855	1	-4
749.024	1	-1
749.193	1	5
749.363	1	16
749.532	1	-2
749.702	1	-6
749.871	1	-6
750.040	1	1
750.210	1	-2
750.379	1	5
750.548	1	9
750.718	1	1
750.887	1	0
751.057	1	4
751.226	1	0
751.395	1	7
751.565	1	2
751.734	1	5
751.903	1	3
752.073	1	15
752.242	1	0
752.412	1	2
752.581	1	-3
752.750	1	1
752.920	1	-2
753.089	1	13
753.258	1	-2
753.428	1	12
753.597	1	6
753.767	1	2
753.936	1	9
754.105	1	8
754.275	1	-7
754.444	1	-3
754.613	1	-8
754.783	1	12
754.952	1	12
755.121	1	18
755.291	1	10
755.460	1	1
755.629	1	6
755.799	1	-5
755.968	1	3
756.138	1	12
756.307	1	-6
756.476	1	10
756.646	1	2
756.815	1	1
756.984	1	-3
757.154	1	2
757.323	1	6
757.492	1	10
757.662	1	13
757.831	1	-1
758.000	1	8
758.170	1	9
758.339	1	7
758.508	1	9
758.678	1	-2
758.847	1	12
759.016	1	14
759.186	1	4
759.355	1	-8
759.524	1	6
759.694	1	-1
759.863	1	8
760.032	1	12
760.202	1	10
760.371	1	10
760.540	1	13
760.710	1	-5
760.879	1	-10
761.048	1	0
761.218	1	10
761.387	1	14
761.556	1	12
761.726	1	4
761.895	1	11
762.064	1	9
762.234	1	5
762.403	1	6
762.572	1	10
762.742	1	5
762.911	1	3
763.080	1	7
763.249	1	3
763.419	1	8
763.588	1	8
763.757	1	-6
763.927	1	0
764.096	1	-1
764.265	1	8
764.435	1	-1
764.604	1	5
764.773	1	13
764.943	1	7
765.112	1	-3
765.281	1	0
765.450	1	4
765.620	1	3
765.789	1	7
765.958	1	7
766.128	1	5
766.297	1	2
766.466	1	-4
766.636	1	11
766.805	1	2
766.974	1	7
767.143	1	-1
767.313	1	-1
767.482	1	2
767.651	1	-3
767.821	1	8
767.990	1	-2
768.159	1	-1
768.328	1	8
768.498	1	0
768.667	1	9
768.836	1	10
769.006	1	5
769.175	1	1
769.344	1	5
769.513	1	4
769.683	1	-4
769.852	1	-6
770.021	1	0
770.191	1	7
770.360	1	13
770.529	1	5
770.698	1	4
770.868	1	13
771.037	1	7
771.206	1	13
771.375	1	2
771.545	1	-4
771.714	1	9
771.883	1	2
772.053	1	14
772.222	1	4
772.391	1	13
772.560	1	-2
772.730	1	10
772.899	1	5
773.068	1	9
773.237	1	12
773.407	1	-7
773.576	1	-4
773.745	1	8
773.914	1	-1
774.084	1	2
774.253	1	6
774.422	1	10
774.591	1	13
774.761	1	1
774.930	1	-6
775.099	1	6
775.268	1	-2
775.438	1	8
775.607	1	2
775.776	1	16
775.945	1	3
776.115	1	14
776.284	1	3
776.453	1	5
776.622	1	8
776.792	1	7
776.961	1	-8
777.130	1	12
777.299	1	4
777.469	1	0
777.638	1	0
777.807	1	-3
777.976	1	4
778.146	1	6
778.315	1	12
778.484	1	-1
778.653	1	-8
778.822	1	8
778.992	1	10
779.161	1	9
779.330	1	2
779.499	1	18
779.669	1	2
779.838	1	5
780.007	1	15
780.176	1	5
780.346	1	-6
780.515	1	2
780.684	1	2
780.853	1	3
781.022	1	5
781.192	1	5
781.361	1	4
781.530	1	9
781.699	1	13
781.868	1	7
782.038	1	4
782.207	1	-3
782.376	1	-3
782.545	1	-2
782.715	1	-2
782.884	1	7
783.053	1	12
783.222	1	-6
783.391	1	6
783.561	1	-1
783.730	1	-2
783.899	1	10
784.068	1	-3
784.237	1	-8
784.407	1	-2
784.576	1	7
784.745	1	2
784.914	1	15
785.083	1	9
785.253	1	-6
785.422	1	12
785.591	1	1
785.760	1	-4
785.929	1	-10
786.099	1	7
786.268	1	10
786.437	1	8
786.606	1	12
786.775	1	7
786.945	1	3
787.114	1	4
787.283	1	5
787.452	1	4
787.621	1	4
787.790	1	9
787.960	1	3
788.129	1	12
788.298	1	0
788.467	1	6
788.636	1	13
788.806	1	-2
788.975	1	4
789.144	1	3
789.313	1	7
789.482	1	5
789.651	1	0
789.821	1	-2
789.990	1	-6
790.159	1	8
790.328	1	8
790.497	1	-1
790.666	1	9
790.836	1	1
791.005	1	8
791.174	1	5
791.343	1	5
791.512	1	7
791.681	1	-4
791.851	1	-6
792.020	1	11
792.189	1	19
792.358	1	2
792.527	1	0
792.696	1	-2
792.866	1	0
793.035	1	-7
793.204	1	-2
793.373	1	0
793.542	1	7
793.711	1	9
793.880	1	9
794.050	1	7
794.219	1	13
794.388	1	5
794.557	1	17
794.726	1	-8
794.895	1	9
795.064	1	5
795.234	1	5
795.403	1	-1
795.572	1	1
795.741	1	-5
795.910	1	11
796.079	1	-6
796.248	1	-3
796.418	1	7
796.587	1	11
796.756	1	-2
796.925	1	8
797.094	1	12
797.263	1	6
797.432	1	2
797.602	1	-11
797.771	1	1
797.940	1	0
798.109	1	10
798.278	1	0
798.447	1	7
798.616	1	3
798.785	1	-7
798.955	1	0
799.124	1	8
799.293	1	13
799.462	1	-1
799.631	1	1
799.800	1	3
799.969	1	13
800.138	1	2
800.308	1	1
800.477	1	12
800.646	1	1
800.815	1	-4
800.984	1	12
801.153	1	3
801.322	1	-1
801.491	1	5
801.660	1	-9
801.830	1	0
801.999	1	2
802.168	1	4
802.337	1	4
802.506	1	-4
802.675	1	9
802.844	1	4
803.013	1	7
803.182	1	-1
803.351	1	3
803.521	1	0
803.690	1	3
803.859	1	1
804.028	1	-3
804.197	1	12
804.366	1	0
804.535	1	4
804.704	1	4
804.873	1	0
805.042	1	7
805.212	1	6
805.381	1	6
805.550	1	4
805.719	1	9
805.888	1	5
806.057	1	1
806.226	1	10
806.395	1	0
806.564	1	3
806.733	1	-1
806.902	1	0
807.071	1	0
807.241	1	-1
807.410	1	2
807.579	1	8
807.748	1	2
807.917	1	4
808.086	1	3
808.255	1	0
808.424	1	-2
808.593	1	7
808.762	1	13
808.931	1	2
809.100	1	6
809.269	1	-6
809.439	1	-1
809.608	1	9
809.777	1	10
809.946	1	8
810.115	1	6
810.284	1	-3
810.453	1	13
810.622	1	6
810.791	1	6
810.960	1	-3
811.129	1	-6
811.298	1	11
811.467	1	7
811.636	1	-2
811.805	1	-3
811.974	1	1
812.143	1	-6
812.313	1	6
812.482	1	-2
812.651	1	7
812.820	1	-1
812.989	1	3
813.158	1	-10
813.327	1	1
813.496	1	-1
813.665	1	15
813.834	1	4
814.003	1	1
814.172	1	5
814.341	1	-6
814.510	1	11
814.679	1	11
814.848	1	2
815.017	1	4
815.186	1	0
815.355	1	3
815.524	1	7
815.693	1	-1
815.862	1	4
816.031	1	13
816.200	1	9
816.370	1	12
816.539	1	4
816.708	1	-4
816.877	1	3
817.046	1	1
817.215	1	6
817.384	1	7
817.553	1	9
817.722	1	9
817.891	1	11
818.060	1	5
818.229	1	12
818.398	1	-2
818.567	1	3
818.736	1	-1
818.905	1	5
819.074	1	-1
819.243	1	5
819.412	1	8
819.581	1	5
819.750	1	3
819.919	1	10
820.088	1	3
820.257	1	-1
820.426	1	-5
820.595	1	3
820.764	1	2
820.933	1	-3
821.102	1	3
821.271	1	9
821.440	1	-1
821.609	1	0
821.778	1	2
821.947	1	-2
822.116	1	-4
822.285	1	8
822.454	1	5
822.623	1	-1
822.792	1	-6
822.961	1	12
823.130	1	8
823.299	1	12
823.468	1	6
823.637	1	2
823.806	1	9
823.975	1	6
824.144	1	-2
824.313	1	6
824.482	1	3
824.651	1	3
824.820	1	14
824.989	1	2
825.158	1	-1
825.327	1	-1
825.496	1	5
825.665	1	-2
825.834	1	-1
826.003	1	3
826.172	1	7
826.341	1	2
826.510	1	9
826.679	1	9
826.848	1	8
827.017	1	-2
827.186	1	-6
827.355	1	-4
827.524	1	-4
827.693	1	3
827.862	1	-2
828.031	1	4
828.199	1	10
828.368	1	3
828.537	1	0
828.706	1	-4
828.875	1	7
829.044	1	-1
829.213	1	7
829.382	1	4
829.551	1	14
829.720	1	3
829.889	1	6
830.058	1	1
830.227	1	8
830.396	1	2
830.565	1	5
830.734	1	10
830.903	1	2
831.072	1	6
831.241	1	-2
831.410	1	4
831.579	1	2
831.748	1	20
831.917	1	0
832.086	1	-2
832.254	1	5
832.423	1	3
832.592	1	9
832.761	1	9
832.930	1	7
833.099	1	6
833.268	1	6
833.437	1	3
833.606	1	-2
833.775	1	6
833.944	1	1
834.113	1	14
834.282	1	-4
834.451	1	-7
834.620	1	18
834.789	1	11
834.957	1	8
835.126	1	-9
835.295	1	2
835.464	1	5
835.633	1	6
835.802	1	14
835.971	1	9
836.140	1	7
836.309	1	8
836.478	1	0
836.647	1	11
836.816	1	11
836.985	1	-4
837.154	1	5
837.322	1	0
837.491	1	8
837.660	1	-4
837.829	1	-3
837.998	1	9
838.167	1	6
838.336	1	7
838.505	1	8
838.674	1	5
838.843	1	8
839.012	1	3
839.181	1	12
839.349	1	-6
839.518	1	3
839.687	1	4
839.856	1	8
840.025	1	6
840.194	1	1
840.363	1	3
840.532	1	-4
840.701	1	1
840.870	1	8
841.038	1	9
841.207	1	7
841.376	1	-8
841.545	1	5
841.714	1	5
841.883	1	3
842.052	1	2
842.221	1	-2
842.390	1	8
842.559	1	11
842.727	1	1
842.896	1	6
843.065	1	4
843.234	1	-5
843.403	1	-7
843.572	1	8
843.741	1	7
843.910	1	-7
844.079	1	6
844.247	1	-1
844.416	1	-1
844.585	1	-2
844.754	1	7
844.923	1	3
845.092	1	1
845.261	1	7
845.430	1	4
845.598	1	-10
845.767	1	-3
845.936	1	6
846.105	1	3
846.274	1	-4
846.443	1	4
846.612	1	2
846.781	1	8
846.949	1	8
847.118	1	-2
847.287	1	-4
847.456	1	16
847.625	1	-2
847.794	1	-7
847.963	1	-3
848.131	1	7
848.300	1	20
