500.757	1	47
500.928	1	45
501.099	1	46
501.269	1	47
501.440	1	37
501.611	1	35
501.782	1	45
501.952	1	27
502.123	1	53
502.294	1	37
502.464	1	51
502.635	1	54
502.806	1	38
502.976	1	35
503.147	1	57
503.318	1	45
503.489	1	43
503.659	1	42
503.830	1	40
504.001	1	38
504.171	1	40
504.342	1	53
504.513	1	44
504.683	1	36
504.854	1	31
505.025	1	46
505.195	1	50
505.366	1	41
505.537	1	44
505.707	1	43
505.878	1	34
506.049	1	43
506.219	1	49
506.390	1	47
506.561	1	44
506.731	1	43
506.902	1	44
507.073	1	38
507.243	1	51
507.414	1	31
507.585	1	37
507.755	1	40
507.926	1	51
508.097	1	43
508.267	1	36
508.438	1	43
508.609	1	45
508.779	1	40
508.950	1	48
509.121	1	42
509.291	1	40
509.462	1	36
509.633	1	41
509.803	1	31
509.974	1	34
510.145	1	46
510.315	1	42
510.486	1	39
510.657	1	50
510.827	1	44
510.998	1	35
511.169	1	35
511.339	1	34
511.510	1	38
511.680	1	35
511.851	1	38
512.022	1	51
512.192	1	46
512.363	1	33
512.534	1	47
512.704	1	35
512.875	1	32
513.046	1	40
513.216	1	48
513.387	1	29
513.558	1	39
513.728	1	25
513.899	1	31
514.069	1	41
514.240	1	48
514.411	1	32
514.581	1	41
514.752	1	41
514.923	1	29
515.093	1	31
515.264	1	41
515.434	1	30
515.605	1	31
515.776	1	34
515.946	1	49
516.117	1	42
516.288	1	25
516.458	1	43
516.629	1	29
516.799	1	39
516.970	1	36
517.141	1	41
517.311	1	20
517.482	1	48
517.653	1	44
517.823	1	43
517.994	1	32
518.164	1	27
518.335	1	42
518.506	1	26
518.676	1	32
518.847	1	34
519.017	1	27
519.188	1	26
519.359	1	41
519.529	1	33
519.700	1	32
519.870	1	30
520.041	1	21
520.212	1	20
520.382	1	30
520.553	1	18
520.723	1	46
520.894	1	36
521.065	1	27
521.235	1	29
521.406	1	42
521.576	1	27
521.747	1	34
521.918	1	44
522.088	1	27
522.259	1	30
522.429	1	30
522.600	1	38
522.770	1	33
522.941	1	30
523.112	1	34
523.282	1	42
523.453	1	44
523.623	1	40
523.794	1	30
523.965	1	24
524.135	1	23
524.306	1	37
524.476	1	33
524.647	1	36
524.817	1	35
524.988	1	42
525.159	1	30
525.329	1	33
525.500	1	30
525.670	1	34
525.841	1	32
526.011	1	27
526.182	1	27
526.353	1	35
526.523	1	24
526.694	1	32
526.864	1	25
527.035	1	24
527.205	1	23
527.376	1	26
527.547	1	23
527.717	1	29
527.888	1	22
528.058	1	29
528.229	1	40
528.399	1	26
528.570	1	23
528.740	1	43
528.911	1	25
529.082	1	29
529.252	1	35
529.423	1	42
529.593	1	18
529.764	1	28
529.934	1	33
530.105	1	12
530.275	1	15
530.446	1	25
530.617	1	36
530.787	1	32
530.958	1	23
531.128	1	28
531.299	1	27
531.469	1	28
531.640	1	23
531.810	1	33
531.981	1	23
532.151	1	29
532.322	1	29
532.492	1	21
532.663	1	34
532.834	1	30
533.004	1	12
533.175	1	26
533.345	1	17
533.516	1	21
533.686	1	18
533.857	1	25
534.027	1	26
534.198	1	31
534.368	1	18
534.539	1	33
534.709	1	19
534.880	1	23
535.050	1	18
535.221	1	14
535.391	1	35
535.562	1	22
535.732	1	26
535.903	1	27
536.073	1	25
536.244	1	29
536.415	1	28
536.585	1	35
536.756	1	18
536.926	1	22
537.097	1	21
537.267	1	18
537.438	1	19
537.608	1	32
537.779	1	28
537.949	1	21
538.120	1	28
538.290	1	20
538.461	1	22
538.631	1	26
538.802	1	6
538.972	1	32
539.143	1	14
539.313	1	19
539.484	1	26
539.654	1	29
539.825	1	14
539.995	1	26
540.166	1	17
540.336	1	26
540.507	1	27
540.677	1	12
540.848	1	24
541.018	1	18
541.189	1	8
541.359	1	30
541.530	1	33
541.700	1	21
541.871	1	24
542.041	1	34
542.211	1	8
542.382	1	32
542.552	1	17
542.723	1	25
542.893	1	24
543.064	1	15
543.234	1	30
543.405	1	16
543.575	1	14
543.746	1	30
543.916	1	28
544.087	1	8
544.257	1	15
544.428	1	28
544.598	1	19
544.769	1	12
544.939	1	19
545.110	1	23
545.280	1	26
545.451	1	18
545.621	1	34
545.791	1	16
545.962	1	22
546.132	1	28
546.303	1	17
546.473	1	18
546.644	1	14
546.814	1	24
546.985	1	20
547.155	1	30
547.326	1	21
547.496	1	20
547.666	1	12
547.837	1	2
548.007	1	19
548.178	1	8
548.348	1	14
548.519	1	21
548.689	1	24
548.860	1	8
549.030	1	11
549.201	1	15
549.371	1	14
549.541	1	20
549.712	1	10
549.882	1	17
550.053	1	31
550.223	1	9
550.394	1	16
550.564	1	14
550.735	1	18
550.905	1	26
551.075	1	23
551.246	1	14
551.416	1	20
551.587	1	14
551.757	1	21
551.928	1	16
552.098	1	12
552.268	1	18
552.439	1	21
552.609	1	24
552.780	1	16
552.950	1	26
553.121	1	30
553.291	1	28
553.461	1	22
553.632	1	16
553.802	1	16
553.973	1	11
554.143	1	20
554.314	1	11
554.484	1	27
554.654	1	20
554.825	1	21
554.995	1	9
555.166	1	19
555.336	1	28
555.506	1	12
555.677	1	17
555.847	1	31
556.018	1	9
556.188	1	20
556.359	1	20
556.529	1	18
556.699	1	17
556.870	1	13
557.040	1	22
557.211	1	11
557.381	1	14
557.551	1	12
557.722	1	18
557.892	1	16
558.063	1	17
558.233	1	26
558.403	1	12
558.574	1	21
558.744	1	19
558.915	1	19
559.085	1	23
559.255	1	14
559.426	1	24
559.596	1	16
559.767	1	14
559.937	1	26
560.107	1	24
560.278	1	18
560.448	1	9
560.618	1	13
560.789	1	11
560.959	1	12
561.130	1	13
561.300	1	15
561.470	1	17
561.641	1	21
561.811	1	4
561.982	1	16
562.152	1	26
562.322	1	17
562.493	1	18
562.663	1	16
562.833	1	21
563.004	1	22
563.174	1	10
563.345	1	15
563.515	1	10
563.685	1	14
563.856	1	9
564.026	1	11
564.196	1	17
564.367	1	11
564.537	1	9
564.707	1	16
564.878	1	2
565.048	1	11
565.219	1	12
565.389	1	16
565.559	1	8
565.730	1	25
565.900	1	23
566.070	1	19
566.241	1	6
566.411	1	12
566.581	1	12
566.752	1	15
566.922	1	3
567.093	1	18
567.263	1	13
567.433	1	13
567.604	1	9
567.774	1	15
567.944	1	13
568.115	1	7
568.285	1	20
568.455	1	11
568.626	1	17
568.796	1	1
568.966	1	12
569.137	1	11
569.307	1	7
569.477	1	21
569.648	1	21
569.818	1	6
569.988	1	9
570.159	1	13
570.329	1	13
570.499	1	16
570.670	1	8
570.840	1	12
571.010	1	13
571.181	1	15
571.351	1	5
571.521	1	14
571.692	1	13
571.862	1	9
572.032	1	8
572.203	1	21
572.373	1	7
572.543	1	21
572.714	1	13
572.884	1	25
573.054	1	11
573.225	1	11
573.395	1	16
573.565	1	26
573.736	1	10
573.906	1	28
574.076	1	16
574.247	1	16
574.417	1	18
574.587	1	6
574.757	1	18
574.928	1	13
575.098	1	19
575.268	1	6
575.439	1	7
575.609	1	14
575.779	1	17
575.950	1	27
576.120	1	10
576.290	1	16
576.461	1	21
576.631	1	12
576.801	1	5
576.971	1	19
577.142	1	7
577.312	1	22
577.482	1	19
577.653	1	23
577.823	1	11
577.993	1	9
578.164	1	7
578.334	1	18
578.504	1	21
578.674	1	7
578.845	1	6
579.015	1	16
579.185	1	12
579.356	1	-6
579.526	1	11
579.696	1	15
579.866	1	9
580.037	1	18
580.207	1	3
580.377	1	24
580.548	1	13
580.718	1	16
580.888	1	20
581.058	1	9
581.229	1	20
581.399	1	11
581.569	1	16
581.739	1	10
581.910	1	0
582.080	1	17
582.250	1	7
582.421	1	17
582.591	1	13
582.761	1	23
582.931	1	27
583.102	1	12
583.272	1	9
583.442	1	7
583.612	1	9
583.783	1	16
583.953	1	2
584.123	1	17
584.294	1	14
584.464	1	13
584.634	1	32
584.804	1	19
584.975	1	19
585.145	1	13
585.315	1	19
585.485	1	6
585.656	1	10
585.826	1	15
585.996	1	14
586.166	1	18
586.337	1	15
586.507	1	17
586.677	1	11
586.847	1	9
587.018	1	11
587.188	1	-1
587.358	1	17
587.528	1	21
587.699	1	23
587.869	1	30
588.039	1	4
588.209	1	10
588.380	1	14
588.550	1	17
588.720	1	22
588.890	1	7
589.060	1	12
589.231	1	13
589.401	1	22
589.571	1	14
589.741	1	12
589.912	1	12
590.082	1	9
590.252	1	15
590.422	1	4
590.593	1	5
590.763	1	4
590.933	1	13
591.103	1	17
591.273	1	13
591.444	1	9
591.614	1	11
591.784	1	13
591.954	1	20
592.125	1	9
592.295	1	7
592.465	1	14
592.635	1	21
592.805	1	16
592.976	1	11
593.146	1	17
593.316	1	12
593.486	1	11
593.657	1	17
593.827	1	12
593.997	1	3
594.167	1	8
594.337	1	7
594.508	1	4
594.678	1	15
594.848	1	6
595.018	1	15
595.188	1	19
595.359	1	9
595.529	1	20
595.699	1	13
595.869	1	8
596.039	1	14
596.210	1	8
596.380	1	21
596.550	1	10
596.720	1	14
596.890	1	8
597.061	1	6
597.231	1	12
597.401	1	10
597.571	1	8
597.741	1	18
597.912	1	20
598.082	1	8
598.252	1	9
598.422	1	10
598.592	1	9
598.762	1	17
598.933	1	9
599.103	1	15
599.273	1	8
599.443	1	19
599.613	1	10
599.784	1	0
599.954	1	12
600.124	1	11
600.294	1	4
600.464	1	21
600.634	1	14
600.805	1	20
600.975	1	14
601.145	1	16
601.315	1	13
601.485	1	18
601.656	1	7
601.826	1	20
601.996	1	12
602.166	1	12
602.336	1	10
602.506	1	24
602.677	1	27
602.847	1	2
603.017	1	8
603.187	1	9
603.357	1	14
603.527	1	17
603.697	1	15
603.868	1	17
604.038	1	3
604.208	1	-3
604.378	1	20
604.548	1	7
604.718	1	6
604.889	1	6
605.059	1	14
605.229	1	15
605.399	1	5
605.569	1	20
605.739	1	14
605.909	1	11
606.080	1	14
606.250	1	19
606.420	1	9
606.590	1	12
606.760	1	10
606.930	1	25
607.100	1	11
607.271	1	31
607.441	1	14
607.611	1	18
607.781	1	21
607.951	1	7
608.121	1	10
608.291	1	10
608.462	1	18
608.632	1	15
608.802	1	20
608.972	1	13
609.142	1	12
609.312	1	8
609.482	1	13
609.652	1	14
609.823	1	20
609.993	1	10
610.163	1	13
610.333	1	13
610.503	1	9
610.673	1	20
610.843	1	6
611.013	1	20
611.184	1	14
611.354	1	15
611.524	1	15
611.694	1	23
611.864	1	23
612.034	1	20
612.204	1	19
612.374	1	18
612.545	1	6
612.715	1	25
612.885	1	11
613.055	1	13
613.225	1	7
613.395	1	21
613.565	1	5
613.735	1	25
613.905	1	21
614.075	1	9
614.246	1	24
614.416	1	7
614.586	1	19
614.756	1	15
614.926	1	20
615.096	1	11
615.266	1	27
615.436	1	22
615.606	1	12
615.776	1	23
615.947	1	12
616.117	1	7
616.287	1	25
616.457	1	12
616.627	1	15
616.797	1	20
616.967	1	21
617.137	1	18
617.307	1	23
617.477	1	23
617.647	1	11
617.818	1	24
617.988	1	25
618.158	1	8
618.328	1	21
618.498	1	12
618.668	1	29
618.838	1	17
619.008	1	16
619.178	1	19
619.348	1	21
619.518	1	21
619.688	1	20
619.859	1	24
620.029	1	20
620.199	1	12
620.369	1	18
620.539	1	23
620.709	1	17
620.879	1	24
621.049	1	28
621.219	1	19
621.389	1	29
621.559	1	29
621.729	1	22
621.899	1	16
622.069	1	25
622.239	1	35
622.410	1	16
622.580	1	37
622.750	1	26
622.920	1	23
623.090	1	16
623.260	1	19
623.430	1	17
623.600	1	25
623.770	1	35
623.940	1	19
624.110	1	27
624.280	1	37
624.450	1	35
624.620	1	26
624.790	1	31
624.960	1	35
625.130	1	28
625.300	1	33
625.470	1	19
625.640	1	23
625.811	1	27
625.981	1	25
626.151	1	20
626.321	1	39
626.491	1	16
626.661	1	17
626.831	1	29
627.001	1	21
627.171	1	22
627.341	1	36
627.511	1	21
627.681	1	33
627.851	1	26
628.021	1	22
628.191	1	23
628.361	1	37
628.531	1	31
628.701	1	26
628.871	1	28
629.041	1	40
629.211	1	26
629.381	1	44
629.551	1	38
629.721	1	35
629.891	1	35
630.061	1	22
630.231	1	32
630.401	1	34
630.571	1	26
630.741	1	28
630.911	1	37
631.081	1	40
631.251	1	30
631.421	1	35
631.591	1	37
631.761	1	36
631.931	1	33
632.101	1	31
632.271	1	26
632.441	1	43
632.611	1	32
632.782	1	42
632.952	1	20
633.122	1	29
633.292	1	17
633.462	1	51
633.632	1	33
633.802	1	33
633.972	1	36
634.142	1	28
634.312	1	36
634.482	1	46
634.652	1	41
634.821	1	29
634.991	1	41
635.161	1	36
635.331	1	46
635.501	1	41
635.671	1	30
635.841	1	39
636.011	1	32
636.181	1	38
636.351	1	45
636.521	1	34
636.691	1	41
636.861	1	24
637.031	1	45
637.201	1	47
637.371	1	49
637.541	1	40
637.711	1	32
637.881	1	33
638.051	1	27
638.221	1	45
638.391	1	40
638.561	1	35
638.731	1	52
638.901	1	44
639.071	1	32
639.241	1	32
639.411	1	33
639.581	1	33
639.751	1	44
639.921	1	38
640.091	1	44
640.261	1	49
640.431	1	37
640.601	1	44
640.771	1	31
640.941	1	38
641.111	1	47
641.281	1	36
641.451	1	43
641.621	1	37
641.791	1	41
641.960	1	32
642.130	1	41
642.300	1	38
642.470	1	54
642.640	1	39
642.810	1	46
642.980	1	41
643.150	1	43
643.320	1	44
643.490	1	34
643.660	1	42
643.830	1	37
644.000	1	34
644.170	1	41
644.340	1	45
644.510	1	55
644.680	1	46
644.850	1	40
645.020	1	38
645.189	1	45
645.359	1	36
645.529	1	43
645.699	1	39
645.869	1	50
646.039	1	48
646.209	1	42
646.379	1	53
646.549	1	40
646.719	1	36
646.889	1	43
647.059	1	41
647.229	1	41
647.399	1	50
647.569	1	43
647.738	1	35
647.908	1	42
648.078	1	40
648.248	1	43
648.418	1	45
648.588	1	43
648.758	1	45
648.928	1	47
649.098	1	39
649.268	1	42
649.438	1	44
649.608	1	43
649.778	1	55
649.947	1	38
650.117	1	45
650.287	1	29
650.457	1	50
650.627	1	43
650.797	1	41
650.967	1	47
651.137	1	33
651.307	1	40
651.477	1	41
651.647	1	31
651.816	1	28
651.986	1	45
652.156	1	48
652.326	1	49
652.496	1	36
652.666	1	45
652.836	1	49
653.006	1	38
653.176	1	39
653.346	1	44
653.515	1	49
653.685	1	43
653.855	1	45
654.025	1	36
654.195	1	27
654.365	1	53
654.535	1	50
654.705	1	47
654.875	1	39
655.044	1	52
655.214	1	42
655.384	1	47
655.554	1	49
655.724	1	44
655.894	1	54
656.064	1	35
656.234	1	44
656.404	1	44
656.573	1	41
656.743	1	40
656.913	1	48
657.083	1	44
657.253	1	41
657.423	1	35
657.593	1	45
657.763	1	44
657.932	1	46
658.102	1	42
658.272	1	36
658.442	1	37
658.612	1	53
658.782	1	47
658.952	1	39
659.121	1	59
659.291	1	38
659.461	1	43
659.631	1	32
659.801	1	46
659.971	1	37
660.141	1	43
660.311	1	57
660.480	1	30
660.650	1	36
660.820	1	48
660.990	1	49
661.160	1	45
661.330	1	42
661.500	1	41
661.669	1	44
661.839	1	53
662.009	1	49
662.179	1	59
662.349	1	40
662.519	1	38
662.688	1	44
662.858	1	44
663.028	1	43
663.198	1	49
663.368	1	37
663.538	1	40
663.708	1	45
663.877	1	42
664.047	1	39
664.217	1	43
664.387	1	44
664.557	1	43
664.727	1	54
664.896	1	40
665.066	1	38
665.236	1	32
665.406	1	42
665.576	1	36
665.746	1	40
665.915	1	44
666.085	1	45
666.255	1	38
666.425	1	33
666.595	1	37
666.765	1	46
666.934	1	27
667.104	1	44
667.274	1	28
667.444	1	46
667.614	1	37
667.783	1	39
667.953	1	52
668.123	1	40
668.293	1	39
668.463	1	39
668.633	1	33
668.802	1	29
668.972	1	27
669.142	1	35
669.312	1	42
669.482	1	52
669.651	1	51
669.821	1	49
669.991	1	31
670.161	1	35
670.331	1	32
670.500	1	38
670.670	1	34
670.840	1	31
671.010	1	39
671.180	1	38
671.349	1	43
671.519	1	32
671.689	1	37
671.859	1	33
672.029	1	44
672.198	1	57
672.368	1	33
672.538	1	47
672.708	1	44
672.878	1	35
673.047	1	26
673.217	1	43
673.387	1	40
673.557	1	35
673.727	1	36
673.896	1	37
674.066	1	43
674.236	1	38
674.406	1	32
674.576	1	27
674.745	1	47
674.915	1	40
675.085	1	41
675.255	1	33
675.424	1	36
675.594	1	32
675.764	1	38
675.934	1	33
676.104	1	48
676.273	1	40
676.443	1	41
676.613	1	35
676.783	1	49
676.952	1	41
677.122	1	39
677.292	1	28
677.462	1	36
677.632	1	33
677.801	1	39
677.971	1	35
678.141	1	30
678.311	1	29
678.480	1	39
678.650	1	38
678.820	1	42
678.990	1	31
679.159	1	27
679.329	1	29
679.499	1	36
679.669	1	23
679.838	1	40
680.008	1	23
680.178	1	33
680.348	1	38
680.517	1	34
680.687	1	33
680.857	1	43
681.027	1	36
681.196	1	42
681.366	1	30
681.536	1	34
681.706	1	46
681.875	1	34
682.045	1	34
682.215	1	31
682.385	1	36
682.554	1	30
682.724	1	36
682.894	1	37
683.064	1	34
683.233	1	27
683.403	1	39
683.573	1	32
683.743	1	29
683.912	1	27
684.082	1	42
684.252	1	33
684.421	1	44
684.591	1	24
684.761	1	38
684.931	1	26
685.100	1	42
685.270	1	49
685.440	1	37
685.610	1	27
685.779	1	40
685.949	1	29
686.119	1	45
686.288	1	30
686.458	1	26
686.628	1	27
686.798	1	36
686.967	1	32
687.137	1	24
687.307	1	35
687.477	1	23
687.646	1	30
687.816	1	26
687.986	1	37
688.155	1	23
688.325	1	29
688.495	1	28
688.665	1	28
688.834	1	27
689.004	1	34
689.174	1	39
689.343	1	30
689.513	1	13
689.683	1	17
689.852	1	41
690.022	1	26
690.192	1	21
690.362	1	24
690.531	1	22
690.701	1	30
690.871	1	39
691.040	1	28
691.210	1	31
691.380	1	26
691.549	1	28
691.719	1	32
691.889	1	33
692.059	1	34
692.228	1	22
692.398	1	32
692.568	1	35
692.737	1	29
692.907	1	21
693.077	1	19
693.246	1	16
693.416	1	21
693.586	1	32
693.755	1	27
693.925	1	29
694.095	1	26
694.264	1	31
694.434	1	29
694.604	1	29
694.773	1	25
694.943	1	34
695.113	1	30
695.282	1	33
695.452	1	38
695.622	1	32
695.791	1	30
695.961	1	35
696.131	1	33
696.301	1	32
696.470	1	31
696.640	1	30
696.810	1	33
696.979	1	29
697.149	1	39
697.319	1	48
697.488	1	32
697.658	1	37
697.827	1	24
697.997	1	29
698.167	1	29
698.336	1	22
698.506	1	27
698.676	1	25
698.845	1	16
699.015	1	24
699.185	1	29
699.354	1	23
699.524	1	29
699.694	1	37
699.863	1	14
700.033	1	31
700.203	1	31
700.372	1	26
700.542	1	31
700.712	1	25
700.881	1	38
701.051	1	31
701.221	1	16
701.390	1	34
701.560	1	27
701.729	1	28
701.899	1	22
702.069	1	28
702.238	1	37
702.408	1	30
702.578	1	37
702.747	1	31
702.917	1	36
703.087	1	38
703.256	1	23
703.426	1	25
703.595	1	21
703.765	1	25
703.935	1	21
704.104	1	18
704.274	1	18
704.444	1	38
704.613	1	23
704.783	1	24
704.952	1	39
705.122	1	19
705.292	1	16
705.461	1	23
705.631	1	21
705.801	1	21
705.970	1	30
706.140	1	27
706.309	1	17
706.479	1	25
706.649	1	30
706.818	1	27
706.988	1	28
707.157	1	23
707.327	1	26
707.497	1	34
707.666	1	17
707.836	1	12
708.006	1	15
708.175	1	11
708.345	1	19
708.514	1	20
708.684	1	23
708.854	1	15
709.023	1	13
709.193	1	14
709.362	1	19
709.532	1	29
709.702	1	25
709.871	1	18
710.041	1	13
710.210	1	21
710.380	1	4
710.550	1	17
710.719	1	12
710.889	1	13
711.058	1	30
711.228	1	16
711.397	1	14
711.567	1	32
711.737	1	25
711.906	1	23
712.076	1	29
712.245	1	35
712.415	1	19
712.585	1	21
712.754	1	22
712.924	1	15
713.093	1	30
713.263	1	22
713.432	1	8
713.602	1	27
713.772	1	18
713.941	1	14
714.111	1	34
714.280	1	23
714.450	1	26
714.619	1	28
714.789	1	14
714.959	1	22
715.128	1	27
715.298	1	16
715.467	1	15
715.637	1	29
715.806	1	30
715.976	1	26
716.146	1	29
716.315	1	28
716.485	1	21
716.654	1	27
716.824	1	21
716.993	1	30
717.163	1	36
717.333	1	21
717.502	1	22
717.672	1	25
717.841	1	22
718.011	1	13
718.180	1	23
718.350	1	17
718.519	1	29
718.689	1	21
718.858	1	26
719.028	1	24
719.198	1	26
719.367	1	18
719.537	1	26
719.706	1	33
719.876	1	17
720.045	1	20
720.215	1	25
720.384	1	25
720.554	1	19
720.723	1	19
720.893	1	12
721.063	1	13
721.232	1	23
721.402	1	13
721.571	1	19
721.741	1	21
721.910	1	10
722.080	1	14
722.249	1	25
722.419	1	26
722.588	1	13
722.758	1	20
722.927	1	10
723.097	1	19
723.266	1	19
723.436	1	19
723.606	1	24
723.775	1	21
723.945	1	20
724.114	1	13
724.284	1	6
724.453	1	25
724.623	1	22
724.792	1	12
724.962	1	12
725.131	1	18
725.301	1	9
725.470	1	8
725.640	1	15
725.809	1	11
725.979	1	24
726.148	1	9
726.318	1	18
726.487	1	14
726.657	1	17
726.826	1	3
726.996	1	22
727.165	1	24
727.335	1	26
727.504	1	22
727.674	1	23
727.843	1	19
728.013	1	17
728.182	1	23
728.352	1	18
728.521	1	24
728.691	1	24
728.860	1	27
729.030	1	4
729.199	1	22
729.369	1	15
729.538	1	16
729.708	1	23
729.877	1	11
730.047	1	21
730.216	1	8
730.386	1	13
730.555	1	12
730.725	1	9
730.894	1	9
731.064	1	20
731.233	1	21
731.403	1	13
731.572	1	25
731.742	1	19
731.911	1	13
732.081	1	22
732.250	1	18
732.420	1	12
732.589	1	18
732.758	1	19
732.928	1	7
733.097	1	23
733.267	1	20
733.436	1	17
733.606	1	15
733.775	1	19
733.945	1	24
734.114	1	11
734.284	1	16
734.453	1	11
734.623	1	20
734.792	1	25
734.962	1	22
735.131	1	17
735.301	1	1
735.470	1	14
735.639	1	15
735.809	1	14
735.978	1	23
736.148	1	10
736.317	1	20
736.487	1	10
736.656	1	20
736.826	1	14
736.995	1	14
737.165	1	17
737.334	1	4
737.503	1	20
737.673	1	17
737.842	1	21
738.012	1	9
738.181	1	17
738.351	1	24
738.520	1	-1
738.690	1	21
738.859	1	19
739.028	1	26
739.198	1	11
739.367	1	23
739.537	1	7
739.706	1	19
739.876	1	10
740.045	1	16
740.215	1	20
740.384	1	29
740.553	1	12
740.723	1	5
740.892	1	14
741.062	1	16
741.231	1	12
741.401	1	23
741.570	1	4
741.739	1	22
741.909	1	13
742.078	1	11
742.248	1	7
742.417	1	5
742.587	1	14
742.756	1	13
742.925	1	6
743.095	1	22
743.264	1	19
743.434	1	16
743.603	1	26
743.772	1	15
743.942	1	7
744.111	1	10
744.281	1	18
744.450	1	18
744.620	1	12
744.789	1	18
744.958	1	6
745.128	1	5
745.297	1	19
745.467	1	27
745.636	1	14
745.805	1	5
745.975	1	13
746.144	1	15
746.314	1	16
746.483	1	14
746.652	1	14
746.822	1	21
746.991	1	17
747.161	1	16
747.330	1	25
747.499	1	20
747.669	1	6
747.838	1	26
748.008	1	12
748.177	1	24
748.346	1	4
748.516	1	23
748.685	1	10
748.855	1	16
749.024	1	18
749.193	1	18
749.363	1	28
749.532	1	10
749.702	1	10
749.871	1	13
750.040	1	14
750.210	1	11
750.379	1	19
750.548	1	26
750.718	1	2
750.887	1	11
751.057	1	11
751.226	1	7
751.395	1	17
751.565	1	10
751.734	1	25
751.903	1	13
752.073	1	28
752.242	1	11
752.412	1	17
752.581	1	10
752.750	1	16
752.920	1	9
753.089	1	25
753.258	1	5
753.428	1	19
753.597	1	30
753.767	1	13
753.936	1	26
754.105	1	21
754.275	1	15
754.444	1	8
754.613	1	6
754.783	1	15
754.952	1	23
755.121	1	32
755.291	1	15
755.460	1	9
755.629	1	4
755.799	1	9
755.968	1	7
756.138	1	15
756.307	1	11
756.476	1	24
756.646	1	7
756.815	1	22
756.984	1	9
757.154	1	14
757.323	1	28
757.492	1	20
757.662	1	27
757.831	1	13
758.000	1	11
758.170	1	12
758.339	1	19
758.508	1	18
758.678	1	14
758.847	1	21
759.016	1	17
759.186	1	13
759.355	1	8
759.524	1	17
759.694	1	20
759.863	1	25
760.032	1	15
760.202	1	5
760.371	1	20
760.540	1	28
760.710	1	9
760.879	1	5
761.048	1	11
761.218	1	17
761.387	1	22
761.556	1	24
761.726	1	14
761.895	1	21
762.064	1	18
762.234	1	12
762.403	1	20
762.572	1	10
762.742	1	24
762.911	1	10
763.080	1	18
763.249	1	14
763.419	1	12
763.588	1	16
763.757	1	16
763.927	1	17
764.096	1	17
764.265	1	15
764.435	1	4
764.604	1	14
764.773	1	18
764.943	1	12
765.112	1	14
765.281	1	18
765.450	1	14
765.620	1	6
765.789	1	19
765.958	1	22
766.128	1	19
766.297	1	4
766.466	1	11
766.636	1	16
766.805	1	5
766.974	1	20
767.143	1	12
767.313	1	7
767.482	1	17
767.651	1	20
767.821	1	23
767.990	1	13
768.159	1	18
768.328	1	15
768.498	1	22
768.667	1	10
768.836	1	20
769.006	1	18
769.175	1	7
769.344	1	13
769.513	1	21
769.683	1	3
769.852	1	11
770.021	1	15
770.191	1	16
770.360	1	22
770.529	1	15
770.698	1	18
770.868	1	25
771.037	1	15
771.206	1	21
771.375	1	8
771.545	1	18
771.714	1	27
771.883	1	21
772.053	1	33
772.222	1	19
772.391	1	20
772.560	1	22
772.730	1	18
772.899	1	10
773.068	1	33
773.237	1	13
773.407	1	-8
773.576	1	17
773.745	1	21
773.914	1	11
774.084	1	25
774.253	1	7
774.422	1	31
774.591	1	31
774.761	1	20
774.930	1	5
775.099	1	15
775.268	1	10
775.438	1	18
775.607	1	12
775.776	1	19
775.945	1	5
776.115	1	16
776.284	1	19
776.453	1	16
776.622	1	24
776.792	1	23
776.961	1	14
777.130	1	24
777.299	1	9
777.469	1	15
777.638	1	18
777.807	1	13
777.976	1	14
778.146	1	14
778.315	1	16
778.484	1	18
778.653	1	12
778.822	1	14
778.992	1	16
779.161	1	16
779.330	1	12
779.499	1	22
779.669	1	11
779.838	1	11
780.007	1	28
780.176	1	8
780.346	1	16
780.515	1	13
780.684	1	12
780.853	1	14
781.022	1	13
781.192	1	10
781.361	1	9
781.530	1	24
781.699	1	21
781.868	1	23
782.038	1	15
782.207	1	5
782.376	1	13
782.545	1	10
782.715	1	16
782.884	1	15
783.053	1	19
783.222	1	-2
783.391	1	15
783.561	1	11
783.730	1	18
783.899	1	15
784.068	1	18
784.237	1	13
784.407	1	24
784.576	1	16
784.745	1	10
784.914	1	20
785.083	1	17
785.253	1	9
785.422	1	8
785.591	1	12
785.760	1	5
785.929	1	11
786.099	1	6
786.268	1	19
786.437	1	13
786.606	1	14
786.775	1	18
786.945	1	15
787.114	1	12
787.283	1	25
787.452	1	14
787.621	1	12
787.790	1	15
787.960	1	7
788.129	1	25
788.298	1	8
788.467	1	19
788.636	1	24
788.806	1	24
788.975	1	18
789.144	1	15
789.313	1	20
789.482	1	21
789.651	1	8
789.821	1	14
789.990	1	2
790.159	1	11
790.328	1	13
790.497	1	17
790.666	1	13
790.836	1	20
791.005	1	23
791.174	1	12
791.343	1	15
791.512	1	16
791.681	1	11
791.851	1	18
792.020	1	22
792.189	1	31
792.358	1	15
792.527	1	16
792.696	1	8
792.866	1	15
793.035	1	7
793.204	1	11
793.373	1	6
793.542	1	17
793.711	1	19
793.880	1	19
794.050	1	8
794.219	1	21
794.388	1	12
794.557	1	28
794.726	1	12
794.895	1	9
795.064	1	9
795.234	1	14
795.403	1	12
795.572	1	22
795.741	1	16
795.910	1	19
796.079	1	10
796.248	1	11
796.418	1	18
796.587	1	15
796.756	1	10
796.925	1	14
797.094	1	12
797.263	1	18
797.432	1	9
797.602	1	14
797.771	1	8
797.940	1	12
798.109	1	16
798.278	1	20
798.447	1	28
798.616	1	2
798.785	1	4
798.955	1	16
799.124	1	19
799.293	1	16
799.462	1	16
799.631	1	11
799.800	1	21
799.969	1	20
800.138	1	13
800.308	1	15
800.477	1	17
800.646	1	13
800.815	1	4
800.984	1	25
801.153	1	6
801.322	1	11
801.491	1	15
801.660	1	4
801.830	1	6
801.999	1	20
802.168	1	19
802.337	1	23
802.506	1	6
802.675	1	25
802.844	1	15
803.013	1	20
803.182	1	6
803.351	1	23
803.521	1	10
803.690	1	6
803.859	1	10
804.028	1	11
804.197	1	19
804.366	1	13
804.535	1	15
804.704	1	12
804.873	1	8
805.042	1	22
805.212	1	15
805.381	1	20
805.550	1	18
805.719	1	17
805.888	1	22
806.057	1	5
806.226	1	19
806.395	1	5
806.564	1	11
806.733	1	19
806.902	1	10
807.071	1	9
807.241	1	1
807.410	1	24
807.579	1	22
807.748	1	10
807.917	1	22
808.086	1	6
808.255	1	18
808.424	1	17
808.593	1	11
808.762	1	16
808.931	1	18
809.100	1	20
809.269	1	14
809.439	1	7
809.608	1	14
809.777	1	25
809.946	1	12
810.115	1	15
810.284	1	9
810.453	1	25
810.622	1	15
810.791	1	12
810.960	1	2
811.129	1	15
811.298	1	18
811.467	1	12
811.636	1	3
811.805	1	14
811.974	1	7
812.143	1	8
812.313	1	8
812.482	1	13
812.651	1	7
812.820	1	12
812.989	1	26
813.158	1	12
813.327	1	17
813.496	1	18
813.665	1	15
813.834	1	17
814.003	1	12
814.172	1	13
814.341	1	9
814.510	1	15
814.679	1	18
814.848	1	13
815.017	1	16
815.186	1	11
815.355	1	20
815.524	1	14
815.693	1	19
815.862	1	16
816.031	1	24
816.200	1	11
816.370	1	18
816.539	1	13
816.708	1	19
816.877	1	21
817.046	1	13
817.215	1	12
817.384	1	16
817.553	1	27
817.722	1	12
817.891	1	13
818.060	1	12
818.229	1	25
818.398	1	3
818.567	1	15
818.736	1	14
818.905	1	12
819.074	1	21
819.243	1	11
819.412	1	19
819.581	1	9
819.750	1	11
819.919	1	15
820.088	1	20
820.257	1	19
820.426	1	10
820.595	1	12
820.764	1	15
820.933	1	12
821.102	1	13
821.271	1	11
821.440	1	25
821.609	1	10
821.778	1	13
821.947	1	5
822.116	1	17
822.285	1	11
822.454	1	12
822.623	1	-2
822.792	1	16
822.961	1	20
823.130	1	21
823.299	1	18
823.468	1	12
823.637	1	18
823.806	1	18
823.975	1	8
824.144	1	13
824.313	1	15
824.482	1	12
824.651	1	13
824.820	1	29
824.989	1	15
825.158	1	11
825.327	1	12
825.496	1	18
825.665	1	5
825.834	1	9
826.003	1	7
826.172	1	14
826.341	1	8
826.510	1	16
826.679	1	25
826.848	1	17
827.017	1	14
827.186	1	0
827.355	1	6
827.524	1	7
827.693	1	12
827.862	1	10
828.031	1	11
828.199	1	16
828.368	1	14
828.537	1	11
828.706	1	6
828.875	1	10
829.044	1	14
829.213	1	1
829.382	1	9
829.551	1	21
829.720	1	10
829.889	1	21
830.058	1	11
830.227	1	4
830.396	1	-1
830.565	1	-2
830.734	1	21
830.903	1	26
831.072	1	11
831.241	1	2
831.410	1	12
831.579	1	18
831.748	1	24
831.917	1	12
832.086	1	18
832.254	1	17
832.423	1	20
832.592	1	7
832.761	1	12
832.930	1	11
833.099	1	10
833.268	1	13
833.437	1	13
833.606	1	10
833.775	1	20
833.944	1	10
834.113	1	14
834.282	1	10
834.451	1	16
834.620	1	22
834.789	1	11
834.957	1	16
835.126	1	10
835.295	1	17
835.464	1	8
835.633	1	12
835.802	1	7
835.971	1	10
836.140	1	9
836.309	1	16
836.478	1	5
836.647	1	4
836.816	1	17
836.985	1	12
837.154	1	11
837.322	1	12
837.491	1	9
837.660	1	16
837.829	1	11
837.998	1	13
838.167	1	15
838.336	1	11
838.505	1	20
838.674	1	20
838.843	1	8
839.012	1	-1
839.181	1	14
839.349	1	6
839.518	1	12
839.687	1	11
839.856	1	19
840.025	1	17
840.194	1	9
840.363	1	10
840.532	1	-4
840.701	1	13
840.870	1	12
841.038	1	18
841.207	1	17
841.376	1	2
841.545	1	2
841.714	1	10
841.883	1	10
842.052	1	13
842.221	1	2
842.390	1	17
842.559	1	15
842.727	1	7
842.896	1	7
843.065	1	15
843.234	1	6
843.403	1	7
843.572	1	19
843.741	1	16
843.910	1	5
844.079	1	12
844.247	1	5
844.416	1	15
844.585	1	5
844.754	1	22
844.923	1	4
845.092	1	9
845.261	1	9
845.430	1	22
845.598	1	6
845.767	1	0
845.936	1	11
846.105	1	14
846.274	1	11
846.443	1	16
846.612	1	5
846.781	1	6
846.949	1	6
847.118	1	5
847.287	1	6
847.456	1	12
847.625	1	13
847.794	1	-6
847.963	1	15
848.131	1	12
848.300	1	25
