340.368	1	14
340.539	1	9
340.710	1	10
340.881	1	-1
341.052	1	2
341.223	1	16
341.394	1	-7
341.565	1	6
341.737	1	14
341.908	1	17
342.079	1	0
342.250	1	16
342.421	1	1
342.592	1	7
342.763	1	0
342.934	1	8
343.105	1	2
343.276	1	8
343.447	1	9
343.618	1	20
343.789	1	6
343.960	1	7
344.131	1	1
344.302	1	13
344.473	1	1
344.644	1	3
344.815	1	8
344.986	1	12
345.157	1	18
345.328	1	10
345.499	1	12
345.670	1	2
345.841	1	4
346.012	1	6
346.183	1	7
346.354	1	8
346.526	1	7
346.697	1	10
346.868	1	8
347.039	1	8
347.210	1	8
347.381	1	20
347.552	1	17
347.723	1	16
347.894	1	-2
348.065	1	1
348.236	1	7
348.407	1	14
348.578	1	12
348.749	1	7
348.920	1	3
349.091	1	8
349.262	1	12
349.433	1	2
349.604	1	4
349.775	1	9
349.946	1	3
350.117	1	15
350.288	1	3
350.459	1	7
350.630	1	0
350.801	1	4
350.972	1	10
351.143	1	14
351.314	1	3
351.485	1	9
351.656	1	12
351.827	1	18
351.998	1	3
352.169	1	11
352.340	1	17
352.511	1	7
352.682	1	-6
352.853	1	-1
353.024	1	12
353.195	1	2
353.366	1	6
353.537	1	1
353.708	1	9
353.879	1	17
354.050	1	2
354.221	1	-1
354.392	1	8
354.563	1	15
354.734	1	17
354.905	1	8
355.076	1	17
355.247	1	6
355.418	1	8
355.589	1	10
355.760	1	3
355.931	1	12
356.102	1	17
356.273	1	15
356.444	1	15
356.615	1	12
356.785	1	19
356.956	1	23
357.127	1	23
357.298	1	4
357.469	1	9
357.640	1	18
357.811	1	15
357.982	1	21
358.153	1	11
358.324	1	17
358.495	1	8
358.666	1	20
358.837	1	24
359.008	1	17
359.179	1	15
359.350	1	14
359.521	1	22
359.692	1	12
359.863	1	14
360.034	1	9
360.205	1	28
360.376	1	16
360.547	1	29
360.718	1	30
360.889	1	25
361.060	1	40
361.231	1	33
361.401	1	33
361.572	1	46
361.743	1	33
361.914	1	44
362.085	1	38
362.256	1	46
362.427	1	38
362.598	1	55
362.769	1	44
362.940	1	45
363.111	1	50
363.282	1	49
363.453	1	44
363.624	1	53
363.795	1	49
363.966	1	58
364.137	1	60
364.308	1	73
364.478	1	81
364.649	1	77
364.820	1	74
364.991	1	76
365.162	1	92
365.333	1	83
365.504	1	79
365.675	1	100
365.846	1	89
366.017	1	87
366.188	1	97
366.359	1	90
366.530	1	103
366.701	1	112
366.871	1	104
367.042	1	118
367.213	1	120
367.384	1	117
367.555	1	113
367.726	1	128
367.897	1	111
368.068	1	122
368.239	1	127
368.410	1	115
368.581	1	112
368.752	1	133
368.923	1	101
369.093	1	125
369.264	1	119
369.435	1	121
369.606	1	119
369.777	1	118
369.948	1	108
370.119	1	111
370.290	1	113
370.461	1	99
370.632	1	97
370.803	1	103
370.973	1	88
371.144	1	92
371.315	1	94
371.486	1	91
371.657	1	86
371.828	1	86
371.999	1	74
372.170	1	76
372.341	1	72
372.512	1	76
372.682	1	77
372.853	1	78
373.024	1	71
373.195	1	69
373.366	1	75
373.537	1	73
373.708	1	67
373.879	1	59
374.050	1	74
374.220	1	66
374.391	1	50
374.562	1	66
374.733	1	58
374.904	1	55
375.075	1	51
375.246	1	56
375.417	1	43
375.588	1	55
375.758	1	39
375.929	1	63
376.100	1	48
376.271	1	45
376.442	1	44
376.613	1	48
376.784	1	46
376.955	1	35
377.125	1	34
377.296	1	51
377.467	1	46
377.638	1	38
377.809	1	31
377.980	1	26
378.151	1	22
378.321	1	40
378.492	1	34
378.663	1	38
378.834	1	39
379.005	1	34
379.176	1	30
379.347	1	34
379.518	1	33
379.688	1	42
379.859	1	27
380.030	1	30
380.201	1	31
380.372	1	26
380.543	1	21
380.714	1	28
380.884	1	29
381.055	1	18
381.226	1	29
381.397	1	16
381.568	1	21
381.739	1	22
381.910	1	36
382.080	1	32
382.251	1	22
382.422	1	29
382.593	1	30
382.764	1	25
382.935	1	18
383.105	1	24
383.276	1	17
383.447	1	19
383.618	1	28
383.789	1	10
383.960	1	17
384.130	1	23
384.301	1	8
384.472	1	18
384.643	1	21
384.814	1	27
384.985	1	15
385.156	1	21
385.326	1	6
385.497	1	25
385.668	1	21
385.839	1	10
386.010	1	12
386.180	1	15
386.351	1	18
386.522	1	19
386.693	1	12
386.864	1	12
387.035	1	21
387.205	1	20
387.376	1	17
387.547	1	22
387.718	1	11
387.889	1	9
388.060	1	17
388.230	1	22
388.401	1	17
388.572	1	7
388.743	1	14
388.914	1	12
389.084	1	15
389.255	1	17
389.426	1	11
389.597	1	15
389.768	1	12
389.939	1	21
390.109	1	14
390.280	1	12
390.451	1	17
390.622	1	-1
390.793	1	14
390.963	1	3
391.134	1	29
391.305	1	9
391.476	1	23
391.647	1	9
391.817	1	10
391.988	1	15
392.159	1	7
392.330	1	18
392.501	1	9
392.671	1	10
392.842	1	1
393.013	1	20
393.184	1	12
393.355	1	18
393.525	1	4
393.696	1	6
393.867	1	19
394.038	1	15
394.208	1	15
394.379	1	15
394.550	1	21
394.721	1	14
394.892	1	17
395.062	1	6
395.233	1	16
395.404	1	15
395.575	1	17
395.746	1	8
395.916	1	12
396.087	1	29
396.258	1	16
396.429	1	20
396.599	1	4
396.770	1	24
396.941	1	5
397.112	1	9
397.283	1	21
397.453	1	7
397.624	1	9
397.795	1	13
397.966	1	16
398.136	1	16
398.307	1	13
398.478	1	21
398.649	1	10
398.819	1	20
398.990	1	23
399.161	1	19
399.332	1	26
399.503	1	12
399.673	1	11
399.844	1	6
400.015	1	18
400.186	1	20
400.356	1	9
400.527	1	10
400.698	1	16
400.869	1	12
401.039	1	10
401.210	1	21
401.381	1	13
401.552	1	19
401.722	1	15
401.893	1	16
402.064	1	16
402.235	1	15
402.405	1	11
402.576	1	13
402.747	1	17
402.918	1	4
403.088	1	12
403.259	1	12
403.430	1	12
403.601	1	23
403.771	1	5
403.942	1	5
404.113	1	20
404.284	1	21
404.454	1	1
404.625	1	8
404.796	1	17
404.967	1	13
405.137	1	14
405.308	1	4
405.479	1	18
405.649	1	7
405.820	1	7
405.991	1	13
406.162	1	4
406.332	1	19
406.503	1	14
406.674	1	23
406.845	1	22
407.015	1	13
407.186	1	8
407.357	1	13
407.527	1	-4
407.698	1	19
407.869	1	10
408.040	1	15
408.210	1	23
408.381	1	8
408.552	1	11
408.722	1	17
408.893	1	4
409.064	1	5
409.235	1	16
409.405	1	10
409.576	1	19
409.747	1	11
409.917	1	15
410.088	1	21
410.259	1	14
410.430	1	23
410.600	1	8
410.771	1	16
410.942	1	15
411.112	1	13
411.283	1	7
411.454	1	12
411.625	1	12
411.795	1	12
411.966	1	16
412.137	1	4
412.307	1	20
412.478	1	15
412.649	1	17
412.819	1	24
412.990	1	16
413.161	1	6
413.332	1	16
413.502	1	17
413.673	1	9
413.844	1	29
414.014	1	14
414.185	1	14
414.356	1	9
414.526	1	10
414.697	1	16
414.868	1	4
415.038	1	10
415.209	1	14
415.380	1	9
415.550	1	11
415.721	1	14
415.892	1	15
416.063	1	27
416.233	1	19
416.404	1	17
416.575	1	10
416.745	1	15
416.916	1	16
417.087	1	10
417.257	1	13
417.428	1	19
417.599	1	19
417.769	1	11
417.940	1	-1
418.111	1	18
418.281	1	17
418.452	1	15
418.623	1	5
418.793	1	15
418.964	1	19
419.135	1	19
419.305	1	10
419.476	1	16
419.647	1	14
419.817	1	15
419.988	1	21
420.159	1	19
420.329	1	21
420.500	1	11
420.671	1	18
420.841	1	14
421.012	1	16
421.183	1	15
421.353	1	17
421.524	1	9
421.695	1	24
421.865	1	18
422.036	1	17
422.206	1	19
422.377	1	12
422.548	1	25
422.718	1	31
422.889	1	17
423.060	1	15
423.230	1	21
423.401	1	10
423.572	1	10
423.742	1	26
423.913	1	11
424.084	1	14
424.254	1	12
424.425	1	32
424.595	1	32
424.766	1	11
424.937	1	30
425.107	1	15
425.278	1	9
425.449	1	26
425.619	1	14
425.790	1	26
425.961	1	33
426.131	1	7
426.302	1	12
426.472	1	9
426.643	1	12
426.814	1	15
426.984	1	6
427.155	1	14
427.326	1	13
427.496	1	17
427.667	1	5
427.837	1	14
428.008	1	17
428.179	1	23
428.349	1	26
428.520	1	14
428.691	1	21
428.861	1	25
429.032	1	15
429.202	1	1
429.373	1	17
429.544	1	11
429.714	1	36
429.885	1	12
430.055	1	23
430.226	1	12
430.397	1	9
430.567	1	3
430.738	1	16
430.909	1	12
431.079	1	11
431.250	1	15
431.420	1	17
431.591	1	24
431.762	1	19
431.932	1	18
432.103	1	8
432.273	1	21
432.444	1	15
432.615	1	16
432.785	1	15
432.956	1	17
433.126	1	14
433.297	1	19
433.468	1	11
433.638	1	22
433.809	1	9
433.979	1	10
434.150	1	14
434.320	1	15
434.491	1	17
434.662	1	18
434.832	1	4
435.003	1	18
435.173	1	7
435.344	1	2
435.515	1	17
435.685	1	6
435.856	1	14
436.026	1	4
436.197	1	14
436.368	1	4
436.538	1	13
436.709	1	15
436.879	1	10
437.050	1	12
437.220	1	19
437.391	1	10
437.562	1	10
437.732	1	17
437.903	1	16
438.073	1	6
438.244	1	16
438.414	1	22
438.585	1	9
438.756	1	12
438.926	1	19
439.097	1	12
439.267	1	7
439.438	1	12
439.608	1	9
439.779	1	7
439.949	1	10
440.120	1	10
440.291	1	13
440.461	1	10
440.632	1	8
440.802	1	6
440.973	1	12
441.143	1	8
441.314	1	8
441.485	1	17
441.655	1	19
441.826	1	16
441.996	1	9
442.167	1	9
442.337	1	3
442.508	1	12
442.678	1	20
442.849	1	21
443.019	1	20
443.190	1	12
443.361	1	18
443.531	1	13
443.702	1	7
443.872	1	10
444.043	1	19
444.213	1	9
444.384	1	10
444.554	1	14
444.725	1	30
444.895	1	4
445.066	1	13
445.237	1	14
445.407	1	6
445.578	1	5
445.748	1	15
445.919	1	9
446.089	1	14
446.260	1	20
446.430	1	23
446.601	1	17
446.771	1	8
446.942	1	9
447.112	1	8
447.283	1	23
447.453	1	-1
447.624	1	6
447.794	1	10
447.965	1	15
448.135	1	14
448.306	1	7
448.477	1	14
448.647	1	9
448.818	1	8
448.988	1	17
449.159	1	17
449.329	1	14
449.500	1	14
449.670	1	4
449.841	1	20
450.011	1	11
450.182	1	8
450.352	1	12
450.523	1	10
450.693	1	17
450.864	1	6
451.034	1	8
451.205	1	17
451.375	1	6
451.546	1	8
451.716	1	9
451.887	1	11
452.057	1	14
452.228	1	10
452.398	1	25
452.569	1	12
452.739	1	5
452.910	1	1
453.080	1	14
453.251	1	11
453.421	1	13
453.592	1	13
453.762	1	14
453.933	1	5
454.103	1	11
454.274	1	-1
454.444	1	16
454.615	1	4
454.785	1	12
454.956	1	16
455.126	1	9
455.297	1	8
455.467	1	10
455.638	1	0
455.808	1	20
455.979	1	8
456.149	1	7
456.320	1	15
456.490	1	3
456.661	1	4
456.831	1	5
457.001	1	8
457.172	1	15
457.342	1	-2
457.513	1	14
457.683	1	16
457.854	1	12
458.024	1	14
458.195	1	15
458.365	1	5
458.536	1	16
458.706	1	15
458.877	1	16
459.047	1	6
459.218	1	7
459.388	1	14
459.559	1	8
459.729	1	2
459.899	1	8
460.070	1	15
460.240	1	9
460.411	1	20
460.581	1	2
460.752	1	2
460.922	1	9
461.093	1	19
461.263	1	12
461.434	1	-2
461.604	1	6
461.775	1	16
461.945	1	13
462.115	1	11
462.286	1	3
462.456	1	5
462.627	1	5
462.797	1	10
462.968	1	11
463.138	1	-4
463.309	1	11
463.479	1	0
463.649	1	14
463.820	1	22
463.990	1	14
464.161	1	10
464.331	1	9
464.502	1	8
464.672	1	14
464.843	1	14
465.013	1	10
465.183	1	7
465.354	1	15
465.524	1	12
465.695	1	9
465.865	1	5
466.036	1	12
466.206	1	5
466.376	1	17
466.547	1	8
466.717	1	0
466.888	1	2
467.058	1	13
467.229	1	16
467.399	1	6
467.569	1	8
467.740	1	22
467.910	1	9
468.081	1	3
468.251	1	9
468.422	1	8
468.592	1	-2
468.762	1	7
468.933	1	12
469.103	1	16
469.274	1	9
469.444	1	17
469.614	1	-1
469.785	1	6
469.955	1	0
470.126	1	15
470.296	1	12
470.467	1	3
470.637	1	8
470.807	1	14
470.978	1	3
471.148	1	1
471.319	1	10
471.489	1	17
471.659	1	9
471.830	1	12
472.000	1	-2
472.171	1	14
472.341	1	3
472.511	1	11
472.682	1	11
472.852	1	19
473.023	1	11
473.193	1	11
473.363	1	14
473.534	1	2
473.704	1	8
473.875	1	11
474.045	1	3
474.215	1	16
474.386	1	13
474.556	1	2
474.727	1	5
474.897	1	-3
475.067	1	6
475.238	1	6
475.408	1	4
475.578	1	3
475.749	1	8
475.919	1	-1
476.090	1	8
476.260	1	3
476.430	1	-6
476.601	1	2
476.771	1	10
476.942	1	5
477.112	1	8
477.282	1	5
477.453	1	5
477.623	1	5
477.793	1	9
477.964	1	25
478.134	1	16
478.305	1	13
478.475	1	12
478.645	1	11
478.816	1	14
478.986	1	13
479.156	1	7
479.327	1	10
479.497	1	5
479.667	1	9
479.838	1	11
480.008	1	10
480.179	1	20
480.349	1	1
480.519	1	8
480.690	1	12
480.860	1	10
481.030	1	1
481.201	1	3
481.371	1	3
481.541	1	3
481.712	1	15
481.882	1	9
482.053	1	20
482.223	1	8
482.393	1	15
482.564	1	8
482.734	1	11
482.904	1	3
483.075	1	13
483.245	1	7
483.415	1	15
483.586	1	10
483.756	1	7
483.926	1	9
484.097	1	14
484.267	1	10
484.437	1	7
484.608	1	9
484.778	1	11
484.948	1	9
485.119	1	10
485.289	1	8
485.459	1	3
485.630	1	9
485.800	1	5
485.970	1	4
486.141	1	13
486.311	1	19
486.481	1	3
486.652	1	1
486.822	1	22
486.992	1	16
487.163	1	4
487.333	1	3
487.503	1	5
487.674	1	9
487.844	1	0
488.014	1	25
488.185	1	17
488.355	1	15
488.525	1	7
488.696	1	22
488.866	1	7
489.036	1	7
489.207	1	10
489.377	1	25
489.547	1	18
489.718	1	7
489.888	1	14
490.058	1	13
490.228	1	8
490.399	1	17
490.569	1	18
490.739	1	11
490.910	1	15
491.080	1	13
491.250	1	13
491.421	1	17
491.591	1	12
491.761	1	4
491.932	1	13
492.102	1	18
492.272	1	11
492.442	1	11
492.613	1	7
492.783	1	12
492.953	1	9
493.124	1	27
493.294	1	6
493.464	1	6
493.635	1	4
493.805	1	21
493.975	1	24
494.145	1	9
494.316	1	13
494.486	1	15
494.656	1	17
494.827	1	9
494.997	1	9
495.167	1	24
495.337	1	21
495.508	1	13
495.678	1	9
495.848	1	15
496.019	1	22
496.189	1	14
496.359	1	10
496.529	1	7
496.700	1	15
496.870	1	13
497.040	1	11
497.211	1	3
497.381	1	20
497.551	1	10
497.721	1	12
497.892	1	15
498.062	1	11
498.232	1	17
498.403	1	22
498.573	1	13
498.743	1	19
498.913	1	12
499.084	1	20
499.254	1	13
499.424	1	19
499.594	1	23
499.765	1	21
499.935	1	28
500.105	1	31
500.275	1	12
500.446	1	10
500.616	1	21
500.786	1	16
500.956	1	26
501.127	1	27
501.297	1	13
501.467	1	17
501.638	1	27
501.808	1	19
501.978	1	22
502.148	1	14
502.319	1	20
502.489	1	27
502.659	1	30
502.829	1	23
503.000	1	25
503.170	1	21
503.340	1	18
503.510	1	16
503.681	1	17
503.851	1	26
504.021	1	21
504.191	1	13
504.362	1	9
504.532	1	39
504.702	1	21
504.872	1	15
505.042	1	21
505.213	1	15
505.383	1	23
505.553	1	20
505.723	1	22
505.894	1	20
506.064	1	12
506.234	1	35
506.404	1	22
506.575	1	32
506.745	1	18
506.915	1	14
507.085	1	28
507.256	1	23
507.426	1	13
507.596	1	25
507.766	1	23
507.936	1	37
508.107	1	13
508.277	1	33
508.447	1	25
508.617	1	17
508.788	1	27
508.958	1	27
509.128	1	26
509.298	1	17
509.468	1	23
509.639	1	14
509.809	1	21
509.979	1	18
510.149	1	23
510.319	1	25
510.490	1	19
510.660	1	29
510.830	1	17
511.000	1	22
511.171	1	29
511.341	1	41
511.511	1	18
511.681	1	25
511.851	1	38
512.022	1	6
512.192	1	31
512.362	1	27
512.532	1	34
512.702	1	16
512.873	1	23
513.043	1	29
513.213	1	26
513.383	1	31
513.553	1	30
513.724	1	20
513.894	1	24
514.064	1	43
514.234	1	25
514.404	1	35
514.575	1	25
514.745	1	18
514.915	1	23
515.085	1	39
515.255	1	26
515.425	1	26
515.596	1	34
515.766	1	23
515.936	1	27
516.106	1	28
516.276	1	11
516.447	1	33
516.617	1	32
516.787	1	31
516.957	1	35
517.127	1	43
517.297	1	22
517.468	1	41
517.638	1	34
517.808	1	33
517.978	1	34
518.148	1	48
518.319	1	30
518.489	1	30
518.659	1	35
518.829	1	32
518.999	1	38
519.169	1	32
519.340	1	36
519.510	1	26
519.680	1	28
519.850	1	32
520.020	1	29
520.190	1	26
520.361	1	28
520.531	1	32
520.701	1	40
520.871	1	28
521.041	1	41
521.211	1	30
521.382	1	35
521.552	1	33
521.722	1	37
521.892	1	21
522.062	1	31
522.232	1	24
522.402	1	43
522.573	1	31
522.743	1	32
522.913	1	44
523.083	1	24
523.253	1	46
523.423	1	37
523.593	1	29
523.764	1	30
523.934	1	34
524.104	1	30
524.274	1	44
524.444	1	37
524.614	1	36
524.784	1	26
524.955	1	30
525.125	1	38
525.295	1	42
525.465	1	39
525.635	1	35
525.805	1	41
525.975	1	24
526.146	1	41
526.316	1	19
526.486	1	33
526.656	1	36
526.826	1	35
526.996	1	29
527.166	1	33
527.337	1	35
527.507	1	41
527.677	1	50
527.847	1	24
528.017	1	29
528.187	1	37
528.357	1	48
528.527	1	38
528.698	1	44
528.868	1	31
529.038	1	38
529.208	1	39
529.378	1	28
529.548	1	46
529.718	1	33
529.888	1	31
530.058	1	37
530.229	1	38
530.399	1	35
530.569	1	30
530.739	1	30
530.909	1	42
531.079	1	37
531.249	1	41
531.419	1	37
531.589	1	37
531.760	1	40
531.930	1	30
532.100	1	36
532.270	1	33
532.440	1	41
532.610	1	42
532.780	1	33
532.950	1	53
533.120	1	24
533.290	1	33
533.461	1	25
533.631	1	41
533.801	1	28
533.971	1	42
534.141	1	29
534.311	1	37
534.481	1	46
534.651	1	25
534.821	1	30
534.991	1	25
535.162	1	34
535.332	1	33
535.502	1	30
535.672	1	37
535.842	1	30
536.012	1	32
536.182	1	30
536.352	1	36
536.522	1	30
536.692	1	36
536.862	1	33
537.032	1	46
537.203	1	27
537.373	1	37
537.543	1	30
537.713	1	35
537.883	1	37
538.053	1	32
538.223	1	45
538.393	1	36
538.563	1	31
538.733	1	39
538.903	1	39
539.073	1	22
539.243	1	25
539.413	1	28
539.584	1	27
539.754	1	23
539.924	1	35
540.094	1	42
540.264	1	30
540.434	1	34
540.604	1	37
540.774	1	22
540.944	1	43
541.114	1	40
541.284	1	30
541.454	1	14
541.624	1	28
541.794	1	28
541.964	1	22
542.134	1	23
542.305	1	37
542.475	1	27
542.645	1	21
542.815	1	25
542.985	1	23
543.155	1	29
543.325	1	27
543.495	1	36
543.665	1	30
543.835	1	31
544.005	1	36
544.175	1	24
544.345	1	33
544.515	1	33
544.685	1	25
544.855	1	31
545.025	1	33
545.195	1	21
545.365	1	33
545.535	1	36
545.705	1	30
545.875	1	32
546.045	1	29
546.216	1	25
546.386	1	23
546.556	1	26
546.726	1	26
546.896	1	33
547.066	1	15
547.236	1	36
547.406	1	23
547.576	1	15
547.746	1	26
547.916	1	41
548.086	1	31
548.256	1	28
548.426	1	32
548.596	1	22
548.766	1	31
548.936	1	40
549.106	1	26
549.276	1	36
549.446	1	28
549.616	1	35
549.786	1	29
549.956	1	15
550.126	1	33
550.296	1	33
550.466	1	20
550.636	1	25
550.806	1	43
550.976	1	24
551.146	1	33
551.316	1	25
551.486	1	31
551.656	1	34
551.826	1	17
551.996	1	28
552.166	1	36
552.336	1	21
552.506	1	24
552.676	1	34
552.846	1	35
553.016	1	25
553.186	1	22
553.356	1	21
553.526	1	30
553.696	1	8
553.866	1	21
554.036	1	39
554.206	1	25
554.376	1	31
554.546	1	27
554.716	1	22
554.886	1	24
555.056	1	20
555.226	1	28
555.396	1	26
555.566	1	25
555.736	1	27
555.906	1	18
556.076	1	14
556.246	1	35
556.416	1	23
556.586	1	16
556.756	1	24
556.926	1	27
557.096	1	27
557.266	1	29
557.436	1	28
557.606	1	18
557.776	1	24
557.946	1	26
558.116	1	31
558.286	1	5
558.456	1	17
558.626	1	30
558.796	1	28
558.966	1	18
559.136	1	33
559.306	1	26
559.476	1	13
559.646	1	26
559.816	1	12
559.986	1	22
560.155	1	28
560.325	1	19
560.495	1	26
560.665	1	23
560.835	1	18
561.005	1	21
561.175	1	19
561.345	1	11
561.515	1	31
561.685	1	26
561.855	1	16
562.025	1	19
562.195	1	12
562.365	1	21
562.535	1	12
562.705	1	35
562.875	1	26
563.045	1	16
563.215	1	24
563.385	1	19
563.555	1	24
563.725	1	24
563.895	1	24
564.064	1	6
564.234	1	14
564.404	1	18
564.574	1	18
564.744	1	24
564.914	1	21
565.084	1	19
565.254	1	23
565.424	1	14
565.594	1	18
565.764	1	22
565.934	1	23
566.104	1	23
566.274	1	10
566.444	1	23
566.614	1	21
566.783	1	18
566.953	1	34
567.123	1	13
567.293	1	13
567.463	1	16
567.633	1	11
567.803	1	17
567.973	1	24
568.143	1	14
568.313	1	17
568.483	1	29
568.653	1	16
568.823	1	8
568.993	1	20
569.162	1	7
569.332	1	12
569.502	1	15
569.672	1	23
569.842	1	17
570.012	1	1
570.182	1	20
570.352	1	26
570.522	1	15
570.692	1	18
570.862	1	5
571.031	1	23
571.201	1	25
571.371	1	10
571.541	1	16
571.711	1	13
571.881	1	16
572.051	1	20
572.221	1	12
572.391	1	18
572.561	1	26
572.731	1	18
572.900	1	20
573.070	1	21
573.240	1	2
573.410	1	22
573.580	1	19
573.750	1	9
573.920	1	23
574.090	1	16
574.260	1	10
574.430	1	14
574.599	1	24
574.769	1	26
574.939	1	7
575.109	1	20
575.279	1	11
575.449	1	10
575.619	1	13
575.789	1	14
575.959	1	7
576.128	1	14
576.298	1	3
576.468	1	12
576.638	1	11
576.808	1	7
576.978	1	25
577.148	1	10
577.318	1	15
577.487	1	6
577.657	1	17
577.827	1	17
577.997	1	24
578.167	1	24
578.337	1	16
578.507	1	15
578.677	1	16
578.846	1	7
579.016	1	17
579.186	1	14
579.356	1	17
579.526	1	8
579.696	1	10
579.866	1	5
580.036	1	13
580.205	1	20
580.375	1	7
580.545	1	18
580.715	1	15
580.885	1	11
581.055	1	8
581.225	1	18
581.394	1	19
581.564	1	5
581.734	1	12
581.904	1	1
582.074	1	9
582.244	1	11
582.414	1	15
582.583	1	19
582.753	1	19
582.923	1	1
583.093	1	7
583.263	1	22
583.433	1	9
583.603	1	18
583.772	1	13
583.942	1	11
584.112	1	13
584.282	1	14
584.452	1	25
584.622	1	10
584.791	1	23
584.961	1	3
585.131	1	18
585.301	1	13
585.471	1	8
585.641	1	22
585.811	1	19
585.980	1	11
586.150	1	17
586.320	1	12
586.490	1	13
586.660	1	14
586.830	1	18
586.999	1	12
587.169	1	13
587.339	1	3
587.509	1	10
587.679	1	14
587.849	1	21
588.018	1	11
588.188	1	14
588.358	1	22
588.528	1	8
588.698	1	10
588.867	1	7
589.037	1	12
589.207	1	6
589.377	1	12
589.547	1	12
589.717	1	21
589.886	1	14
590.056	1	8
590.226	1	8
590.396	1	3
590.566	1	11
590.735	1	12
590.905	1	10
591.075	1	11
591.245	1	5
591.415	1	17
591.585	1	11
591.754	1	15
591.924	1	12
592.094	1	19
592.264	1	8
592.434	1	-5
592.603	1	3
592.773	1	12
592.943	1	3
593.113	1	9
593.283	1	16
593.452	1	17
593.622	1	16
593.792	1	2
593.962	1	18
594.132	1	8
594.301	1	5
594.471	1	7
594.641	1	10
594.811	1	10
594.981	1	15
595.150	1	5
595.320	1	19
595.490	1	3
595.660	1	13
595.829	1	3
595.999	1	16
596.169	1	6
596.339	1	3
596.509	1	20
596.678	1	2
596.848	1	14
597.018	1	2
597.188	1	16
597.358	1	5
597.527	1	7
597.697	1	5
597.867	1	6
598.037	1	6
598.206	1	9
598.376	1	11
598.546	1	10
598.716	1	7
598.885	1	8
599.055	1	8
599.225	1	0
599.395	1	1
599.565	1	14
599.734	1	4
599.904	1	14
600.074	1	2
600.244	1	13
600.413	1	12
600.583	1	17
600.753	1	9
600.923	1	13
601.092	1	1
601.262	1	2
601.432	1	4
601.602	1	16
601.771	1	9
601.941	1	11
602.111	1	3
602.281	1	15
602.451	1	6
602.620	1	19
602.790	1	13
602.960	1	0
603.130	1	15
603.299	1	24
603.469	1	5
603.639	1	11
603.809	1	8
603.978	1	12
604.148	1	-7
604.318	1	8
604.487	1	7
604.657	1	6
604.827	1	12
604.997	1	12
605.166	1	4
605.336	1	12
605.506	1	5
605.676	1	14
605.845	1	16
606.015	1	0
606.185	1	0
606.355	1	-8
606.524	1	4
606.694	1	19
606.864	1	18
607.034	1	-3
607.203	1	20
607.373	1	1
607.543	1	17
607.712	1	-2
607.882	1	14
608.052	1	3
608.222	1	6
608.391	1	10
608.561	1	5
608.731	1	-1
608.901	1	15
609.070	1	14
609.240	1	11
609.410	1	10
609.579	1	9
609.749	1	9
609.919	1	1
610.089	1	11
610.258	1	18
610.428	1	8
610.598	1	-6
610.767	1	15
610.937	1	12
611.107	1	18
611.277	1	8
611.446	1	14
611.616	1	22
611.786	1	9
611.955	1	-1
612.125	1	14
612.295	1	-1
612.465	1	4
612.634	1	8
612.804	1	10
612.974	1	2
613.143	1	2
613.313	1	17
613.483	1	8
613.652	1	15
613.822	1	10
613.992	1	12
614.162	1	28
614.331	1	24
614.501	1	4
614.671	1	9
614.840	1	17
615.010	1	8
615.180	1	5
615.349	1	10
615.519	1	0
615.689	1	7
615.858	1	-1
616.028	1	25
616.198	1	24
616.368	1	11
616.537	1	-2
616.707	1	6
616.877	1	1
617.046	1	4
617.216	1	2
617.386	1	11
617.555	1	15
617.725	1	4
617.895	1	16
618.064	1	9
618.234	1	3
618.404	1	3
618.573	1	5
618.743	1	12
618.913	1	6
619.082	1	19
619.252	1	9
619.422	1	16
619.591	1	20
619.761	1	10
619.931	1	12
620.100	1	12
620.270	1	1
620.440	1	3
620.609	1	6
620.779	1	15
620.949	1	18
621.118	1	23
621.288	1	12
621.458	1	12
621.627	1	6
621.797	1	8
621.967	1	0
622.136	1	-2
622.306	1	4
622.476	1	14
622.645	1	9
622.815	1	6
622.985	1	8
623.154	1	-10
623.324	1	5
623.494	1	3
623.663	1	10
623.833	1	6
624.002	1	16
624.172	1	10
624.342	1	18
624.511	1	-1
624.681	1	-3
624.851	1	1
625.020	1	3
625.190	1	7
625.360	1	13
625.529	1	-1
625.699	1	13
625.869	1	15
626.038	1	9
626.208	1	6
626.377	1	3
626.547	1	4
626.717	1	13
626.886	1	7
627.056	1	-3
627.226	1	13
627.395	1	10
627.565	1	19
627.735	1	3
627.904	1	-2
628.074	1	5
628.243	1	15
628.413	1	8
628.583	1	13
628.752	1	2
628.922	1	11
629.091	1	5
629.261	1	13
629.431	1	-1
629.600	1	1
629.770	1	13
629.940	1	10
630.109	1	2
630.279	1	8
630.448	1	13
630.618	1	9
630.788	1	9
630.957	1	15
631.127	1	1
631.297	1	9
631.466	1	10
631.636	1	6
631.805	1	17
631.975	1	10
632.145	1	9
632.314	1	9
632.484	1	11
632.653	1	-2
632.823	1	-4
632.993	1	5
633.162	1	-6
633.332	1	13
633.501	1	1
633.671	1	17
633.841	1	16
634.010	1	12
634.180	1	0
634.349	1	14
634.519	1	6
634.689	1	3
634.858	1	10
635.028	1	4
635.197	1	8
635.367	1	9
635.537	1	13
635.706	1	3
635.876	1	19
636.045	1	10
636.215	1	-2
636.384	1	12
636.554	1	3
636.724	1	3
636.893	1	18
637.063	1	-4
637.232	1	10
637.402	1	6
637.572	1	13
637.741	1	11
637.911	1	16
638.080	1	10
638.250	1	7
638.419	1	10
638.589	1	15
638.759	1	9
638.928	1	10
639.098	1	6
639.267	1	15
639.437	1	6
639.606	1	9
639.776	1	-3
639.946	1	12
640.115	1	3
640.285	1	6
640.454	1	7
640.624	1	9
640.793	1	7
640.963	1	11
641.132	1	3
641.302	1	10
641.472	1	8
641.641	1	9
641.811	1	5
641.980	1	11
642.150	1	8
642.319	1	19
642.489	1	5
642.659	1	19
642.828	1	14
642.998	1	12
643.167	1	10
643.337	1	2
643.506	1	-6
643.676	1	8
643.845	1	17
644.015	1	8
644.184	1	15
644.354	1	16
644.524	1	5
644.693	1	-1
644.863	1	7
645.032	1	3
645.202	1	9
645.371	1	17
645.541	1	5
645.710	1	15
645.880	1	11
646.049	1	12
646.219	1	9
646.388	1	13
646.558	1	-1
646.728	1	6
646.897	1	-2
647.067	1	21
647.236	1	1
647.406	1	8
647.575	1	15
647.745	1	-1
647.914	1	11
648.084	1	-10
648.253	1	17
648.423	1	12
648.592	1	14
648.762	1	12
648.931	1	12
649.101	1	3
649.270	1	17
649.440	1	5
649.610	1	8
649.779	1	3
649.949	1	4
650.118	1	8
650.288	1	10
650.457	1	8
650.627	1	4
650.796	1	15
650.966	1	7
651.135	1	-2
651.305	1	4
651.474	1	13
651.644	1	7
651.813	1	8
651.983	1	-5
652.152	1	9
652.322	1	6
652.491	1	15
652.661	1	16
652.830	1	1
653.000	1	6
653.169	1	0
653.339	1	-1
653.508	1	6
653.678	1	14
653.847	1	9
654.017	1	14
654.186	1	8
654.356	1	14
654.525	1	10
654.695	1	16
654.864	1	7
655.034	1	-1
655.203	1	1
655.373	1	8
655.542	1	4
655.712	1	4
655.881	1	-2
656.051	1	8
656.220	1	18
656.390	1	9
656.559	1	7
656.729	1	9
656.898	1	3
657.068	1	5
657.237	1	-6
657.406	1	3
657.576	1	8
657.745	1	21
657.915	1	12
658.084	1	7
658.254	1	10
658.423	1	10
658.593	1	9
658.762	1	5
658.932	1	8
659.101	1	3
659.271	1	7
659.440	1	1
659.610	1	3
659.779	1	16
659.949	1	11
660.118	1	-2
660.288	1	-4
660.457	1	3
660.626	1	3
660.796	1	16
660.965	1	10
661.135	1	0
661.304	1	14
661.474	1	13
661.643	1	10
661.813	1	5
661.982	1	2
662.152	1	6
662.321	1	0
662.491	1	6
662.660	1	7
662.829	1	9
662.999	1	13
663.168	1	-1
663.338	1	3
663.507	1	9
663.677	1	6
663.846	1	2
664.016	1	1
664.185	1	3
664.354	1	9
664.524	1	20
664.693	1	4
664.863	1	5
665.032	1	9
665.202	1	9
665.371	1	11
665.541	1	7
665.710	1	9
665.879	1	2
666.049	1	9
666.218	1	13
666.388	1	7
666.557	1	-1
666.727	1	6
666.896	1	4
667.065	1	6
667.235	1	-7
667.404	1	-1
667.574	1	7
667.743	1	8
667.913	1	10
668.082	1	9
668.251	1	2
668.421	1	3
668.590	1	-1
668.760	1	3
668.929	1	7
669.099	1	11
669.268	1	-2
669.437	1	-7
669.607	1	2
669.776	1	10
669.946	1	4
670.115	1	0
670.285	1	7
670.454	1	7
670.623	1	9
670.793	1	-3
670.962	1	4
671.132	1	2
671.301	1	3
671.470	1	4
671.640	1	4
671.809	1	9
671.979	1	3
672.148	1	5
672.317	1	5
672.487	1	9
672.656	1	14
672.826	1	8
672.995	1	13
673.164	1	-9
673.334	1	2
673.503	1	8
673.673	1	9
673.842	1	6
674.011	1	12
674.181	1	9
674.350	1	6
674.520	1	9
674.689	1	5
674.858	1	1
675.028	1	3
675.197	1	18
675.367	1	11
675.536	1	-3
675.705	1	0
675.875	1	1
676.044	1	3
676.214	1	6
676.383	1	10
676.552	1	10
676.722	1	7
676.891	1	13
677.060	1	16
677.230	1	10
677.399	1	15
677.569	1	16
677.738	1	2
677.907	1	19
678.077	1	5
678.246	1	17
678.416	1	8
678.585	1	-5
678.754	1	3
678.924	1	-1
679.093	1	15
679.262	1	15
679.432	1	5
679.601	1	10
679.771	1	2
679.940	1	-2
680.109	1	5
680.279	1	6
680.448	1	6
680.617	1	10
680.787	1	-11
680.956	1	7
681.125	1	5
681.295	1	3
681.464	1	13
681.634	1	1
681.803	1	3
681.972	1	-2
682.142	1	4
682.311	1	15
682.480	1	9
682.650	1	-1
682.819	1	8
682.988	1	9
683.158	1	7
683.327	1	7
683.496	1	-1
683.666	1	11
683.835	1	8
684.004	1	0
684.174	1	1
684.343	1	3
684.512	1	4
684.682	1	9
684.851	1	8
685.021	1	10
685.190	1	7
685.359	1	15
685.529	1	1
685.698	1	-1
685.867	1	9
686.037	1	9
686.206	1	3
686.375	1	9
686.545	1	5
686.714	1	17
686.883	1	16
687.053	1	27
687.222	1	8
687.391	1	-1
687.561	1	2
687.730	1	12
687.899	1	9
688.069	1	6
688.238	1	14
688.407	1	9
688.577	1	7
688.746	1	4
