340.368	1	6
340.539	1	6
340.710	1	4
340.881	1	4
341.052	1	7
341.223	1	10
341.394	1	-6
341.565	1	-3
341.737	1	13
341.908	1	16
342.079	1	1
342.250	1	17
342.421	1	2
342.592	1	17
342.763	1	8
342.934	1	14
343.105	1	4
343.276	1	6
343.447	1	0
343.618	1	18
343.789	1	10
343.960	1	11
344.131	1	-10
344.302	1	16
344.473	1	3
344.644	1	6
344.815	1	2
344.986	1	-1
345.157	1	11
345.328	1	17
345.499	1	1
345.670	1	-10
345.841	1	5
346.012	1	5
346.183	1	6
346.354	1	6
346.526	1	3
346.697	1	8
346.868	1	8
347.039	1	12
347.210	1	2
347.381	1	15
347.552	1	10
347.723	1	16
347.894	1	9
348.065	1	8
348.236	1	0
348.407	1	12
348.578	1	13
348.749	1	16
348.920	1	6
349.091	1	11
349.262	1	14
349.433	1	-4
349.604	1	2
349.775	1	3
349.946	1	7
350.117	1	7
350.288	1	0
350.459	1	10
350.630	1	-3
350.801	1	9
350.972	1	12
351.143	1	12
351.314	1	6
351.485	1	7
351.656	1	16
351.827	1	10
351.998	1	12
352.169	1	11
352.340	1	11
352.511	1	1
352.682	1	-7
352.853	1	3
353.024	1	15
353.195	1	1
353.366	1	10
353.537	1	10
353.708	1	11
353.879	1	11
354.050	1	2
354.221	1	1
354.392	1	4
354.563	1	24
354.734	1	18
354.905	1	12
355.076	1	24
355.247	1	16
355.418	1	6
355.589	1	18
355.760	1	13
355.931	1	15
356.102	1	12
356.273	1	22
356.444	1	22
356.615	1	17
356.785	1	17
356.956	1	23
357.127	1	24
357.298	1	6
357.469	1	9
357.640	1	18
357.811	1	21
357.982	1	18
358.153	1	1
358.324	1	22
358.495	1	20
358.666	1	20
358.837	1	30
359.008	1	18
359.179	1	19
359.350	1	14
359.521	1	28
359.692	1	18
359.863	1	18
360.034	1	26
360.205	1	37
360.376	1	26
360.547	1	32
360.718	1	32
360.889	1	33
361.060	1	42
361.231	1	34
361.401	1	37
361.572	1	42
361.743	1	39
361.914	1	43
362.085	1	48
362.256	1	52
362.427	1	38
362.598	1	64
362.769	1	47
362.940	1	59
363.111	1	50
363.282	1	46
363.453	1	73
363.624	1	56
363.795	1	65
363.966	1	70
364.137	1	73
364.308	1	83
364.478	1	96
364.649	1	100
364.820	1	95
364.991	1	102
365.162	1	115
365.333	1	104
365.504	1	95
365.675	1	133
365.846	1	110
366.017	1	124
366.188	1	135
366.359	1	127
366.530	1	135
366.701	1	146
366.871	1	146
367.042	1	146
367.213	1	153
367.384	1	146
367.555	1	159
367.726	1	150
367.897	1	158
368.068	1	173
368.239	1	157
368.410	1	158
368.581	1	148
368.752	1	170
368.923	1	141
369.093	1	151
369.264	1	159
369.435	1	147
369.606	1	134
369.777	1	154
369.948	1	136
370.119	1	126
370.290	1	140
370.461	1	119
370.632	1	135
370.803	1	120
370.973	1	122
371.144	1	112
371.315	1	106
371.486	1	118
371.657	1	109
371.828	1	101
371.999	1	91
372.170	1	93
372.341	1	107
372.512	1	88
372.682	1	88
372.853	1	101
373.024	1	90
373.195	1	90
373.366	1	88
373.537	1	74
373.708	1	84
373.879	1	76
374.050	1	87
374.220	1	80
374.391	1	65
374.562	1	80
374.733	1	73
374.904	1	78
375.075	1	63
375.246	1	70
375.417	1	68
375.588	1	64
375.758	1	60
375.929	1	58
376.100	1	61
376.271	1	53
376.442	1	56
376.613	1	48
376.784	1	51
376.955	1	44
377.125	1	41
377.296	1	52
377.467	1	52
377.638	1	40
377.809	1	37
377.980	1	54
378.151	1	45
378.321	1	52
378.492	1	38
378.663	1	45
378.834	1	42
379.005	1	43
379.176	1	44
379.347	1	37
379.518	1	34
379.688	1	47
379.859	1	42
380.030	1	48
380.201	1	31
380.372	1	40
380.543	1	38
380.714	1	30
380.884	1	38
381.055	1	27
381.226	1	37
381.397	1	33
381.568	1	25
381.739	1	12
381.910	1	41
382.080	1	36
382.251	1	13
382.422	1	41
382.593	1	35
382.764	1	25
382.935	1	31
383.105	1	26
383.276	1	21
383.447	1	23
383.618	1	30
383.789	1	18
383.960	1	22
384.130	1	28
384.301	1	21
384.472	1	19
384.643	1	21
384.814	1	34
384.985	1	23
385.156	1	19
385.326	1	23
385.497	1	35
385.668	1	29
385.839	1	27
386.010	1	27
386.180	1	19
386.351	1	34
386.522	1	33
386.693	1	17
386.864	1	19
387.035	1	22
387.205	1	27
387.376	1	18
387.547	1	22
387.718	1	14
387.889	1	9
388.060	1	20
388.230	1	24
388.401	1	27
388.572	1	19
388.743	1	15
388.914	1	30
389.084	1	15
389.255	1	19
389.426	1	12
389.597	1	10
389.768	1	17
389.939	1	21
390.109	1	14
390.280	1	18
390.451	1	24
390.622	1	14
390.793	1	16
390.963	1	8
391.134	1	26
391.305	1	13
391.476	1	16
391.647	1	20
391.817	1	-2
391.988	1	17
392.159	1	10
392.330	1	15
392.501	1	14
392.671	1	24
392.842	1	4
393.013	1	18
393.184	1	10
393.355	1	24
393.525	1	4
393.696	1	21
393.867	1	8
394.038	1	18
394.208	1	17
394.379	1	15
394.550	1	16
394.721	1	22
394.892	1	14
395.062	1	25
395.233	1	16
395.404	1	13
395.575	1	29
395.746	1	9
395.916	1	15
396.087	1	16
396.258	1	13
396.429	1	20
396.599	1	12
396.770	1	11
396.941	1	16
397.112	1	18
397.283	1	11
397.453	1	3
397.624	1	13
397.795	1	7
397.966	1	12
398.136	1	20
398.307	1	25
398.478	1	17
398.649	1	15
398.819	1	17
398.990	1	19
399.161	1	23
399.332	1	14
399.503	1	19
399.673	1	9
399.844	1	9
400.015	1	10
400.186	1	10
400.356	1	6
400.527	1	24
400.698	1	13
400.869	1	15
401.039	1	9
401.210	1	-1
401.381	1	19
401.552	1	16
401.722	1	16
401.893	1	13
402.064	1	14
402.235	1	22
402.405	1	15
402.576	1	20
402.747	1	23
402.918	1	5
403.088	1	19
403.259	1	18
403.430	1	18
403.601	1	16
403.771	1	2
403.942	1	11
404.113	1	36
404.284	1	15
404.454	1	14
404.625	1	15
404.796	1	21
404.967	1	12
405.137	1	16
405.308	1	-3
405.479	1	18
405.649	1	14
405.820	1	10
405.991	1	17
406.162	1	9
406.332	1	20
406.503	1	14
406.674	1	22
406.845	1	21
407.015	1	12
407.186	1	2
407.357	1	32
407.527	1	11
407.698	1	14
407.869	1	18
408.040	1	20
408.210	1	32
408.381	1	13
408.552	1	12
408.722	1	12
408.893	1	14
409.064	1	17
409.235	1	5
409.405	1	13
409.576	1	24
409.747	1	14
409.917	1	25
410.088	1	23
410.259	1	15
410.430	1	18
410.600	1	9
410.771	1	20
410.942	1	23
411.112	1	14
411.283	1	20
411.454	1	16
411.625	1	8
411.795	1	13
411.966	1	19
412.137	1	17
412.307	1	15
412.478	1	19
412.649	1	13
412.819	1	15
412.990	1	16
413.161	1	17
413.332	1	21
413.502	1	17
413.673	1	11
413.844	1	24
414.014	1	10
414.185	1	18
414.356	1	12
414.526	1	8
414.697	1	13
414.868	1	12
415.038	1	11
415.209	1	15
415.380	1	17
415.550	1	13
415.721	1	22
415.892	1	18
416.063	1	22
416.233	1	14
416.404	1	11
416.575	1	13
416.745	1	14
416.916	1	5
417.087	1	14
417.257	1	18
417.428	1	20
417.599	1	14
417.769	1	8
417.940	1	14
418.111	1	21
418.281	1	32
418.452	1	22
418.623	1	10
418.793	1	22
418.964	1	25
419.135	1	15
419.305	1	27
419.476	1	20
419.647	1	17
419.817	1	25
419.988	1	25
420.159	1	16
420.329	1	20
420.500	1	17
420.671	1	15
420.841	1	15
421.012	1	7
421.183	1	7
421.353	1	22
421.524	1	17
421.695	1	19
421.865	1	10
422.036	1	21
422.206	1	17
422.377	1	20
422.548	1	22
422.718	1	26
422.889	1	15
423.060	1	17
423.230	1	15
423.401	1	20
423.572	1	7
423.742	1	19
423.913	1	8
424.084	1	23
424.254	1	14
424.425	1	33
424.595	1	25
424.766	1	15
424.937	1	26
425.107	1	17
425.278	1	19
425.449	1	5
425.619	1	16
425.790	1	14
425.961	1	32
426.131	1	10
426.302	1	19
426.472	1	23
426.643	1	11
426.814	1	19
426.984	1	12
427.155	1	17
427.326	1	13
427.496	1	21
427.667	1	12
427.837	1	14
428.008	1	23
428.179	1	24
428.349	1	23
428.520	1	14
428.691	1	19
428.861	1	20
429.032	1	16
429.202	1	5
429.373	1	11
429.544	1	14
429.714	1	27
429.885	1	13
430.055	1	17
430.226	1	-4
430.397	1	19
430.567	1	7
430.738	1	16
430.909	1	4
431.079	1	16
431.250	1	8
431.420	1	14
431.591	1	14
431.762	1	13
431.932	1	14
432.103	1	16
432.273	1	22
432.444	1	10
432.615	1	12
432.785	1	11
432.956	1	14
433.126	1	19
433.297	1	7
433.468	1	19
433.638	1	18
433.809	1	5
433.979	1	12
434.150	1	8
434.320	1	20
434.491	1	22
434.662	1	21
434.832	1	14
435.003	1	17
435.173	1	13
435.344	1	15
435.515	1	7
435.685	1	15
435.856	1	17
436.026	1	9
436.197	1	14
436.368	1	9
436.538	1	13
436.709	1	10
436.879	1	13
437.050	1	7
437.220	1	18
437.391	1	12
437.562	1	17
437.732	1	19
437.903	1	11
438.073	1	14
438.244	1	18
438.414	1	20
438.585	1	21
438.756	1	7
438.926	1	15
439.097	1	19
439.267	1	2
439.438	1	5
439.608	1	15
439.779	1	8
439.949	1	14
440.120	1	11
440.291	1	13
440.461	1	20
440.632	1	18
440.802	1	11
440.973	1	17
441.143	1	9
441.314	1	10
441.485	1	14
441.655	1	20
441.826	1	17
441.996	1	11
442.167	1	17
442.337	1	17
442.508	1	13
442.678	1	13
442.849	1	18
443.019	1	18
443.190	1	15
443.361	1	11
443.531	1	11
443.702	1	16
443.872	1	2
444.043	1	22
444.213	1	8
444.384	1	16
444.554	1	13
444.725	1	20
444.895	1	15
445.066	1	20
445.237	1	11
445.407	1	12
445.578	1	5
445.748	1	14
445.919	1	11
446.089	1	13
446.260	1	19
446.430	1	19
446.601	1	10
446.771	1	12
446.942	1	11
447.112	1	18
447.283	1	27
447.453	1	11
447.624	1	3
447.794	1	2
447.965	1	20
448.135	1	16
448.306	1	7
448.477	1	17
448.647	1	8
448.818	1	7
448.988	1	15
449.159	1	21
449.329	1	11
449.500	1	4
449.670	1	21
449.841	1	9
450.011	1	12
450.182	1	8
450.352	1	10
450.523	1	17
450.693	1	13
450.864	1	18
451.034	1	14
451.205	1	6
451.375	1	8
451.546	1	7
451.716	1	9
451.887	1	20
452.057	1	11
452.228	1	14
452.398	1	24
452.569	1	16
452.739	1	16
452.910	1	8
453.080	1	17
453.251	1	12
453.421	1	16
453.592	1	9
453.762	1	18
453.933	1	5
454.103	1	15
454.274	1	8
454.444	1	11
454.615	1	11
454.785	1	13
454.956	1	22
455.126	1	18
455.297	1	10
455.467	1	12
455.638	1	5
455.808	1	20
455.979	1	16
456.149	1	3
456.320	1	15
456.490	1	4
456.661	1	3
456.831	1	11
457.001	1	10
457.172	1	8
457.342	1	11
457.513	1	14
457.683	1	6
457.854	1	15
458.024	1	16
458.195	1	13
458.365	1	7
458.536	1	13
458.706	1	15
458.877	1	13
459.047	1	6
459.218	1	10
459.388	1	15
459.559	1	9
459.729	1	8
459.899	1	7
460.070	1	13
460.240	1	2
460.411	1	13
460.581	1	3
460.752	1	9
460.922	1	9
461.093	1	6
461.263	1	22
461.434	1	-1
461.604	1	18
461.775	1	22
461.945	1	19
462.115	1	14
462.286	1	7
462.456	1	16
462.627	1	8
462.797	1	7
462.968	1	10
463.138	1	7
463.309	1	11
463.479	1	9
463.649	1	3
463.820	1	14
463.990	1	7
464.161	1	10
464.331	1	14
464.502	1	12
464.672	1	5
464.843	1	13
465.013	1	12
465.183	1	4
465.354	1	19
465.524	1	12
465.695	1	14
465.865	1	7
466.036	1	17
466.206	1	18
466.376	1	21
466.547	1	20
466.717	1	2
466.888	1	1
467.058	1	15
467.229	1	16
467.399	1	-3
467.569	1	7
467.740	1	13
467.910	1	4
468.081	1	6
468.251	1	-1
468.422	1	13
468.592	1	6
468.762	1	13
468.933	1	8
469.103	1	13
469.274	1	-1
469.444	1	4
469.614	1	2
469.785	1	6
469.955	1	12
470.126	1	13
470.296	1	12
470.467	1	11
470.637	1	2
470.807	1	12
470.978	1	5
471.148	1	3
471.319	1	8
471.489	1	11
471.659	1	1
471.830	1	8
472.000	1	-3
472.171	1	10
472.341	1	13
472.511	1	13
472.682	1	11
472.852	1	22
473.023	1	22
473.193	1	12
473.363	1	14
473.534	1	12
473.704	1	13
473.875	1	13
474.045	1	7
474.215	1	15
474.386	1	10
474.556	1	3
474.727	1	8
474.897	1	7
475.067	1	8
475.238	1	15
475.408	1	14
475.578	1	2
475.749	1	7
475.919	1	6
476.090	1	9
476.260	1	8
476.430	1	-5
476.601	1	6
476.771	1	11
476.942	1	9
477.112	1	15
477.282	1	9
477.453	1	17
477.623	1	2
477.793	1	15
477.964	1	9
478.134	1	13
478.305	1	13
478.475	1	9
478.645	1	5
478.816	1	14
478.986	1	8
479.156	1	6
479.327	1	15
479.497	1	-3
479.667	1	10
479.838	1	11
480.008	1	7
480.179	1	16
480.349	1	2
480.519	1	5
480.690	1	14
480.860	1	11
481.030	1	10
481.201	1	10
481.371	1	2
481.541	1	4
481.712	1	19
481.882	1	11
482.053	1	25
482.223	1	10
482.393	1	1
482.564	1	12
482.734	1	19
482.904	1	5
483.075	1	13
483.245	1	4
483.415	1	7
483.586	1	8
483.756	1	13
483.926	1	17
484.097	1	14
484.267	1	18
484.437	1	13
484.608	1	4
484.778	1	9
484.948	1	9
485.119	1	5
485.289	1	11
485.459	1	9
485.630	1	13
485.800	1	5
485.970	1	6
486.141	1	21
486.311	1	16
486.481	1	8
486.652	1	3
486.822	1	17
486.992	1	13
487.163	1	9
487.333	1	8
487.503	1	21
487.674	1	4
487.844	1	3
488.014	1	16
488.185	1	24
488.355	1	22
488.525	1	13
488.696	1	19
488.866	1	13
489.036	1	5
489.207	1	15
489.377	1	23
489.547	1	10
489.718	1	13
489.888	1	21
490.058	1	21
490.228	1	11
490.399	1	23
490.569	1	14
490.739	1	12
490.910	1	3
491.080	1	13
491.250	1	27
491.421	1	18
491.591	1	18
491.761	1	8
491.932	1	23
492.102	1	19
492.272	1	8
492.442	1	16
492.613	1	12
492.783	1	18
492.953	1	17
493.124	1	21
493.294	1	9
493.464	1	2
493.635	1	19
493.805	1	25
493.975	1	22
494.145	1	9
494.316	1	20
494.486	1	16
494.656	1	20
494.827	1	21
494.997	1	10
495.167	1	29
495.337	1	16
495.508	1	24
495.678	1	15
495.848	1	13
496.019	1	12
496.189	1	8
496.359	1	15
496.529	1	16
496.700	1	14
496.870	1	15
497.040	1	13
497.211	1	19
497.381	1	16
497.551	1	17
497.721	1	3
497.892	1	20
498.062	1	16
498.232	1	19
498.403	1	29
498.573	1	25
498.743	1	19
498.913	1	16
499.084	1	35
499.254	1	12
499.424	1	17
499.594	1	21
499.765	1	19
499.935	1	29
500.105	1	36
500.275	1	18
500.446	1	10
500.616	1	17
500.786	1	13
500.956	1	33
501.127	1	29
501.297	1	16
501.467	1	25
501.638	1	35
501.808	1	19
501.978	1	20
502.148	1	21
502.319	1	31
502.489	1	14
502.659	1	29
502.829	1	21
503.000	1	28
503.170	1	29
503.340	1	15
503.510	1	18
503.681	1	36
503.851	1	29
504.021	1	27
504.191	1	31
504.362	1	13
504.532	1	34
504.702	1	25
504.872	1	23
505.042	1	35
505.213	1	31
505.383	1	27
505.553	1	31
505.723	1	25
505.894	1	29
506.064	1	21
506.234	1	24
506.404	1	25
506.575	1	44
506.745	1	30
506.915	1	25
507.085	1	39
507.256	1	29
507.426	1	22
507.596	1	39
507.766	1	21
507.936	1	32
508.107	1	24
508.277	1	31
508.447	1	34
508.617	1	38
508.788	1	27
508.958	1	35
509.128	1	31
509.298	1	34
509.468	1	41
509.639	1	31
509.809	1	22
509.979	1	28
510.149	1	27
510.319	1	29
510.490	1	43
510.660	1	35
510.830	1	25
511.000	1	30
511.171	1	33
511.341	1	44
511.511	1	34
511.681	1	35
511.851	1	50
512.022	1	19
512.192	1	43
512.362	1	47
512.532	1	54
512.702	1	20
512.873	1	31
513.043	1	39
513.213	1	30
513.383	1	32
513.553	1	31
513.724	1	36
513.894	1	30
514.064	1	41
514.234	1	43
514.404	1	37
514.575	1	37
514.745	1	39
514.915	1	36
515.085	1	39
515.255	1	39
515.425	1	39
515.596	1	44
515.766	1	35
515.936	1	37
516.106	1	36
516.276	1	33
516.447	1	38
516.617	1	32
516.787	1	40
516.957	1	35
517.127	1	43
517.297	1	22
517.468	1	46
517.638	1	38
517.808	1	30
517.978	1	43
518.148	1	45
518.319	1	37
518.489	1	39
518.659	1	46
518.829	1	39
518.999	1	51
519.169	1	28
519.340	1	35
519.510	1	37
519.680	1	46
519.850	1	42
520.020	1	42
520.190	1	43
520.361	1	47
520.531	1	36
520.701	1	51
520.871	1	37
521.041	1	56
521.211	1	43
521.382	1	38
521.552	1	26
521.722	1	33
521.892	1	42
522.062	1	41
522.232	1	42
522.402	1	45
522.573	1	38
522.743	1	44
522.913	1	44
523.083	1	33
523.253	1	46
523.423	1	46
523.593	1	46
523.764	1	35
523.934	1	49
524.104	1	41
524.274	1	41
524.444	1	54
524.614	1	49
524.784	1	34
524.955	1	35
525.125	1	42
525.295	1	56
525.465	1	49
525.635	1	41
525.805	1	50
525.975	1	35
526.146	1	44
526.316	1	33
526.486	1	36
526.656	1	44
526.826	1	44
526.996	1	33
527.166	1	28
527.337	1	38
527.507	1	52
527.677	1	52
527.847	1	38
528.017	1	38
528.187	1	55
528.357	1	47
528.527	1	34
528.698	1	49
528.868	1	47
529.038	1	38
529.208	1	52
529.378	1	43
529.548	1	52
529.718	1	37
529.888	1	43
530.058	1	40
530.229	1	49
530.399	1	41
530.569	1	38
530.739	1	52
530.909	1	46
531.079	1	35
531.249	1	45
531.419	1	50
531.589	1	44
531.760	1	44
531.930	1	40
532.100	1	52
532.270	1	43
532.440	1	45
532.610	1	44
532.780	1	50
532.950	1	56
533.120	1	34
533.290	1	44
533.461	1	49
533.631	1	47
533.801	1	46
533.971	1	43
534.141	1	41
534.311	1	44
534.481	1	56
534.651	1	38
534.821	1	47
534.991	1	34
535.162	1	46
535.332	1	45
535.502	1	33
535.672	1	39
535.842	1	32
536.012	1	41
536.182	1	45
536.352	1	50
536.522	1	34
536.692	1	42
536.862	1	45
537.032	1	49
537.203	1	34
537.373	1	37
537.543	1	43
537.713	1	29
537.883	1	47
538.053	1	41
538.223	1	50
538.393	1	49
538.563	1	39
538.733	1	41
538.903	1	41
539.073	1	28
539.243	1	35
539.413	1	34
539.584	1	40
539.754	1	41
539.924	1	42
540.094	1	45
540.264	1	49
540.434	1	46
540.604	1	39
540.774	1	34
540.944	1	47
541.114	1	46
541.284	1	36
541.454	1	39
541.624	1	36
541.794	1	31
541.964	1	41
542.134	1	42
542.305	1	46
542.475	1	51
542.645	1	29
542.815	1	27
542.985	1	38
543.155	1	34
543.325	1	45
543.495	1	34
543.665	1	37
543.835	1	30
544.005	1	37
544.175	1	32
544.345	1	40
544.515	1	31
544.685	1	30
544.855	1	38
545.025	1	38
545.195	1	33
545.365	1	37
545.535	1	52
545.705	1	32
545.875	1	34
546.045	1	41
546.216	1	33
546.386	1	37
546.556	1	38
546.726	1	38
546.896	1	34
547.066	1	42
547.236	1	39
547.406	1	30
547.576	1	33
547.746	1	35
547.916	1	46
548.086	1	42
548.256	1	30
548.426	1	32
548.596	1	44
548.766	1	40
548.936	1	37
549.106	1	30
549.276	1	38
549.446	1	42
549.616	1	42
549.786	1	41
549.956	1	43
550.126	1	38
550.296	1	34
550.466	1	41
550.636	1	38
550.806	1	40
550.976	1	37
551.146	1	49
551.316	1	44
551.486	1	29
551.656	1	31
551.826	1	29
551.996	1	38
552.166	1	38
552.336	1	44
552.506	1	41
552.676	1	42
552.846	1	40
553.016	1	39
553.186	1	29
553.356	1	44
553.526	1	33
553.696	1	23
553.866	1	34
554.036	1	35
554.206	1	42
554.376	1	38
554.546	1	40
554.716	1	29
554.886	1	32
555.056	1	38
555.226	1	35
555.396	1	47
555.566	1	28
555.736	1	25
555.906	1	30
556.076	1	27
556.246	1	32
556.416	1	34
556.586	1	34
556.756	1	35
556.926	1	25
557.096	1	43
557.266	1	42
557.436	1	32
557.606	1	21
557.776	1	26
557.946	1	34
558.116	1	34
558.286	1	20
558.456	1	22
558.626	1	34
558.796	1	43
558.966	1	21
559.136	1	32
559.306	1	27
559.476	1	27
559.646	1	34
559.816	1	21
559.986	1	33
560.155	1	39
560.325	1	15
560.495	1	35
560.665	1	19
560.835	1	22
561.005	1	34
561.175	1	11
561.345	1	31
561.515	1	30
561.685	1	25
561.855	1	18
562.025	1	33
562.195	1	28
562.365	1	23
562.535	1	25
562.705	1	28
562.875	1	23
563.045	1	32
563.215	1	26
563.385	1	26
563.555	1	35
563.725	1	26
563.895	1	28
564.064	1	22
564.234	1	19
564.404	1	22
564.574	1	27
564.744	1	38
564.914	1	29
565.084	1	23
565.254	1	36
565.424	1	17
565.594	1	21
565.764	1	32
565.934	1	26
566.104	1	21
566.274	1	34
566.444	1	36
566.614	1	25
566.783	1	36
566.953	1	33
567.123	1	31
567.293	1	30
567.463	1	41
567.633	1	23
567.803	1	31
567.973	1	22
568.143	1	21
568.313	1	28
568.483	1	19
568.653	1	19
568.823	1	28
568.993	1	24
569.162	1	17
569.332	1	21
569.502	1	20
569.672	1	22
569.842	1	20
570.012	1	6
570.182	1	22
570.352	1	26
570.522	1	17
570.692	1	21
570.862	1	7
571.031	1	24
571.201	1	30
571.371	1	23
571.541	1	27
571.711	1	16
571.881	1	20
572.051	1	22
572.221	1	18
572.391	1	18
572.561	1	25
572.731	1	23
572.900	1	27
573.070	1	20
573.240	1	14
573.410	1	17
573.580	1	21
573.750	1	16
573.920	1	24
574.090	1	16
574.260	1	22
574.430	1	5
574.599	1	20
574.769	1	26
574.939	1	22
575.109	1	17
575.279	1	14
575.449	1	8
575.619	1	15
575.789	1	9
575.959	1	16
576.128	1	15
576.298	1	15
576.468	1	13
576.638	1	27
576.808	1	18
576.978	1	19
577.148	1	6
577.318	1	19
577.487	1	12
577.657	1	7
577.827	1	5
577.997	1	18
578.167	1	25
578.337	1	18
578.507	1	18
578.677	1	13
578.846	1	9
579.016	1	14
579.186	1	21
579.356	1	19
579.526	1	6
579.696	1	13
579.866	1	13
580.036	1	19
580.205	1	21
580.375	1	19
580.545	1	21
580.715	1	17
580.885	1	25
581.055	1	12
581.225	1	27
581.394	1	12
581.564	1	16
581.734	1	12
581.904	1	21
582.074	1	14
582.244	1	17
582.414	1	12
582.583	1	25
582.753	1	19
582.923	1	13
583.093	1	11
583.263	1	16
583.433	1	16
583.603	1	18
583.772	1	17
583.942	1	17
584.112	1	18
584.282	1	15
584.452	1	19
584.622	1	8
584.791	1	21
584.961	1	1
585.131	1	30
585.301	1	1
585.471	1	15
585.641	1	25
585.811	1	13
585.980	1	6
586.150	1	18
586.320	1	15
586.490	1	7
586.660	1	18
586.830	1	8
586.999	1	16
587.169	1	10
587.339	1	7
587.509	1	16
587.679	1	14
587.849	1	28
588.018	1	11
588.188	1	21
588.358	1	23
588.528	1	10
588.698	1	14
588.867	1	26
589.037	1	1
589.207	1	15
589.377	1	12
589.547	1	22
589.717	1	9
589.886	1	11
590.056	1	15
590.226	1	7
590.396	1	18
590.566	1	11
590.735	1	13
590.905	1	13
591.075	1	17
591.245	1	9
591.415	1	15
591.585	1	9
591.754	1	15
591.924	1	5
592.094	1	16
592.264	1	2
592.434	1	7
592.603	1	2
592.773	1	18
592.943	1	3
593.113	1	2
593.283	1	15
593.452	1	17
593.622	1	5
593.792	1	5
593.962	1	12
594.132	1	18
594.301	1	8
594.471	1	10
594.641	1	10
594.811	1	6
594.981	1	18
595.150	1	9
595.320	1	16
595.490	1	7
595.660	1	17
595.829	1	11
595.999	1	15
596.169	1	10
596.339	1	11
596.509	1	10
596.678	1	5
596.848	1	11
597.018	1	8
597.188	1	12
597.358	1	14
597.527	1	22
597.697	1	5
597.867	1	4
598.037	1	6
598.206	1	18
598.376	1	-5
598.546	1	14
598.716	1	9
598.885	1	16
599.055	1	14
599.225	1	9
599.395	1	10
599.565	1	17
599.734	1	15
599.904	1	5
600.074	1	3
600.244	1	9
600.413	1	4
600.583	1	21
600.753	1	29
600.923	1	14
601.092	1	5
601.262	1	1
601.432	1	10
601.602	1	11
601.771	1	12
601.941	1	4
602.111	1	9
602.281	1	19
602.451	1	5
602.620	1	9
602.790	1	16
602.960	1	-3
603.130	1	3
603.299	1	16
603.469	1	6
603.639	1	17
603.809	1	13
603.978	1	18
604.148	1	4
604.318	1	12
604.487	1	10
604.657	1	10
604.827	1	18
604.997	1	20
605.166	1	11
605.336	1	20
605.506	1	-1
605.676	1	3
605.845	1	13
606.015	1	4
606.185	1	4
606.355	1	-6
606.524	1	7
606.694	1	14
606.864	1	23
607.034	1	14
607.203	1	6
607.373	1	5
607.543	1	12
607.712	1	9
607.882	1	12
608.052	1	4
608.222	1	5
608.391	1	16
608.561	1	6
608.731	1	-2
608.901	1	13
609.070	1	6
609.240	1	14
609.410	1	10
609.579	1	4
609.749	1	7
609.919	1	1
610.089	1	4
610.258	1	10
610.428	1	6
610.598	1	10
610.767	1	16
610.937	1	6
611.107	1	15
611.277	1	10
611.446	1	9
611.616	1	11
611.786	1	6
611.955	1	7
612.125	1	12
612.295	1	7
612.465	1	6
612.634	1	9
612.804	1	12
612.974	1	11
613.143	1	3
613.313	1	10
613.483	1	4
613.652	1	16
613.822	1	8
613.992	1	6
614.162	1	16
614.331	1	23
614.501	1	6
614.671	1	14
614.840	1	14
615.010	1	4
615.180	1	13
615.349	1	5
615.519	1	-1
615.689	1	9
615.858	1	6
616.028	1	24
616.198	1	18
616.368	1	22
616.537	1	2
616.707	1	11
616.877	1	7
617.046	1	10
617.216	1	1
617.386	1	12
617.555	1	22
617.725	1	9
617.895	1	14
618.064	1	7
618.234	1	2
618.404	1	8
618.573	1	13
618.743	1	2
618.913	1	7
619.082	1	15
619.252	1	6
619.422	1	25
619.591	1	11
619.761	1	2
619.931	1	18
620.100	1	11
620.270	1	9
620.440	1	18
620.609	1	7
620.779	1	13
620.949	1	14
621.118	1	22
621.288	1	11
621.458	1	9
621.627	1	7
621.797	1	7
621.967	1	7
622.136	1	0
622.306	1	4
622.476	1	9
622.645	1	14
622.815	1	7
622.985	1	7
623.154	1	2
623.324	1	10
623.494	1	-11
623.663	1	23
623.833	1	10
624.002	1	16
624.172	1	3
624.342	1	16
624.511	1	8
624.681	1	20
624.851	1	10
625.020	1	5
625.190	1	8
625.360	1	7
625.529	1	11
625.699	1	12
625.869	1	16
626.038	1	7
626.208	1	0
626.377	1	15
626.547	1	2
626.717	1	6
626.886	1	9
627.056	1	12
627.226	1	18
627.395	1	1
627.565	1	10
627.735	1	12
627.904	1	12
628.074	1	6
628.243	1	17
628.413	1	11
628.583	1	6
628.752	1	4
628.922	1	6
629.091	1	11
629.261	1	4
629.431	1	7
629.600	1	2
629.770	1	9
629.940	1	12
630.109	1	-1
630.279	1	15
630.448	1	8
630.618	1	9
630.788	1	14
630.957	1	14
631.127	1	6
631.297	1	10
631.466	1	7
631.636	1	8
631.805	1	4
631.975	1	-1
632.145	1	13
632.314	1	10
632.484	1	14
632.653	1	3
632.823	1	-6
632.993	1	-1
633.162	1	2
633.332	1	12
633.501	1	1
633.671	1	13
633.841	1	12
634.010	1	7
634.180	1	2
634.349	1	21
634.519	1	-1
634.689	1	3
634.858	1	12
635.028	1	4
635.197	1	11
635.367	1	14
635.537	1	7
635.706	1	7
635.876	1	16
636.045	1	6
636.215	1	5
636.384	1	4
636.554	1	2
636.724	1	12
636.893	1	25
637.063	1	-5
637.232	1	18
637.402	1	11
637.572	1	16
637.741	1	7
637.911	1	9
638.080	1	0
638.250	1	7
638.419	1	3
638.589	1	17
638.759	1	13
638.928	1	5
639.098	1	17
639.267	1	17
639.437	1	7
639.606	1	12
639.776	1	6
639.946	1	3
640.115	1	0
640.285	1	4
640.454	1	2
640.624	1	5
640.793	1	17
640.963	1	13
641.132	1	13
641.302	1	13
641.472	1	16
641.641	1	4
641.811	1	-7
641.980	1	9
642.150	1	8
642.319	1	21
642.489	1	13
642.659	1	15
642.828	1	22
642.998	1	6
643.167	1	9
643.337	1	5
643.506	1	7
643.676	1	5
643.845	1	17
644.015	1	4
644.184	1	16
644.354	1	14
644.524	1	4
644.693	1	9
644.863	1	3
645.032	1	8
645.202	1	13
645.371	1	14
645.541	1	1
645.710	1	9
645.880	1	19
646.049	1	25
646.219	1	1
646.388	1	1
646.558	1	0
646.728	1	1
646.897	1	-7
647.067	1	15
647.236	1	-2
647.406	1	14
647.575	1	17
647.745	1	-3
647.914	1	16
648.084	1	6
648.253	1	17
648.423	1	20
648.592	1	13
648.762	1	8
648.931	1	17
649.101	1	5
649.270	1	17
649.440	1	2
649.610	1	8
649.779	1	5
649.949	1	-6
650.118	1	6
650.288	1	8
650.457	1	14
650.627	1	7
650.796	1	-1
650.966	1	7
651.135	1	14
651.305	1	17
651.474	1	12
651.644	1	11
651.813	1	4
651.983	1	4
652.152	1	14
652.322	1	5
652.491	1	12
652.661	1	13
652.830	1	7
653.000	1	4
653.169	1	11
653.339	1	8
653.508	1	1
653.678	1	3
653.847	1	10
654.017	1	11
654.186	1	13
654.356	1	14
654.525	1	3
654.695	1	21
654.864	1	3
655.034	1	5
655.203	1	12
655.373	1	7
655.542	1	12
655.712	1	6
655.881	1	6
656.051	1	0
656.220	1	15
656.390	1	9
656.559	1	11
656.729	1	7
656.898	1	6
657.068	1	3
657.237	1	3
657.406	1	4
657.576	1	10
657.745	1	12
657.915	1	21
658.084	1	8
658.254	1	9
658.423	1	7
658.593	1	12
658.762	1	3
658.932	1	6
659.101	1	5
659.271	1	14
659.440	1	3
659.610	1	5
659.779	1	9
659.949	1	12
660.118	1	8
660.288	1	-4
660.457	1	8
660.626	1	-2
660.796	1	16
660.965	1	-1
661.135	1	13
661.304	1	16
661.474	1	8
661.643	1	1
661.813	1	1
661.982	1	3
662.152	1	4
662.321	1	-1
662.491	1	-2
662.660	1	18
662.829	1	9
662.999	1	11
663.168	1	4
663.338	1	-1
663.507	1	11
663.677	1	1
663.846	1	11
664.016	1	-9
664.185	1	4
664.354	1	11
664.524	1	13
664.693	1	8
664.863	1	-2
665.032	1	4
665.202	1	10
665.371	1	12
665.541	1	10
665.710	1	8
665.879	1	11
666.049	1	16
666.218	1	10
666.388	1	3
666.557	1	6
666.727	1	6
666.896	1	11
667.065	1	10
667.235	1	-1
667.404	1	3
667.574	1	7
667.743	1	2
667.913	1	9
668.082	1	-3
668.251	1	-5
668.421	1	10
668.590	1	3
668.760	1	0
668.929	1	-2
669.099	1	8
669.268	1	6
669.437	1	6
669.607	1	-1
669.776	1	10
669.946	1	8
670.115	1	5
670.285	1	5
670.454	1	7
670.623	1	6
670.793	1	3
670.962	1	-5
671.132	1	4
671.301	1	10
671.470	1	4
671.640	1	10
671.809	1	17
671.979	1	-2
672.148	1	13
672.317	1	8
672.487	1	6
672.656	1	12
672.826	1	11
672.995	1	6
673.164	1	-1
673.334	1	7
673.503	1	11
673.673	1	18
673.842	1	6
674.011	1	4
674.181	1	-1
674.350	1	11
674.520	1	5
674.689	1	9
674.858	1	10
675.028	1	2
675.197	1	12
675.367	1	8
675.536	1	3
675.705	1	-4
675.875	1	10
676.044	1	1
676.214	1	17
676.383	1	6
676.552	1	3
676.722	1	-1
676.891	1	0
677.060	1	3
677.230	1	10
677.399	1	15
677.569	1	24
677.738	1	-6
677.907	1	19
678.077	1	6
678.246	1	5
678.416	1	6
678.585	1	12
678.754	1	2
678.924	1	8
679.093	1	10
679.262	1	8
679.432	1	2
679.601	1	12
679.771	1	10
679.940	1	0
680.109	1	7
680.279	1	19
680.448	1	5
680.617	1	7
680.787	1	6
680.956	1	12
681.125	1	2
681.295	1	9
681.464	1	3
681.634	1	4
681.803	1	6
681.972	1	10
682.142	1	7
682.311	1	5
682.480	1	4
682.650	1	4
682.819	1	2
682.988	1	10
683.158	1	4
683.327	1	4
683.496	1	1
683.666	1	12
683.835	1	18
684.004	1	-3
684.174	1	5
684.343	1	20
684.512	1	1
684.682	1	11
684.851	1	-3
685.021	1	18
685.190	1	2
685.359	1	14
685.529	1	11
685.698	1	9
685.867	1	3
686.037	1	5
686.206	1	-1
686.375	1	5
686.545	1	2
686.714	1	14
686.883	1	9
687.053	1	21
687.222	1	4
687.391	1	6
687.561	1	5
687.730	1	8
687.899	1	12
688.069	1	3
688.238	1	15
688.407	1	7
688.577	1	4
688.746	1	1
