340.368	1	10
340.539	1	5
340.710	1	-6
340.881	1	0
341.052	1	3
341.223	1	4
341.394	1	-3
341.565	1	0
341.737	1	10
341.908	1	9
342.079	1	-4
342.250	1	0
342.421	1	-4
342.592	1	9
342.763	1	7
342.934	1	5
343.105	1	0
343.276	1	2
343.447	1	1
343.618	1	18
343.789	1	1
343.960	1	4
344.131	1	-11
344.302	1	5
344.473	1	4
344.644	1	4
344.815	1	13
344.986	1	11
345.157	1	10
345.328	1	2
345.499	1	2
345.670	1	-11
345.841	1	3
346.012	1	-1
346.183	1	0
346.354	1	3
346.526	1	10
346.697	1	11
346.868	1	-4
347.039	1	12
347.210	1	-6
347.381	1	16
347.552	1	12
347.723	1	5
347.894	1	-1
348.065	1	-2
348.236	1	16
348.407	1	7
348.578	1	17
348.749	1	9
348.920	1	-2
349.091	1	2
349.262	1	1
349.433	1	-3
349.604	1	3
349.775	1	8
349.946	1	1
350.117	1	14
350.288	1	-1
350.459	1	2
350.630	1	-5
350.801	1	-12
350.972	1	16
351.143	1	5
351.314	1	-6
351.485	1	0
351.656	1	5
351.827	1	6
351.998	1	2
352.169	1	11
352.340	1	14
352.511	1	-9
352.682	1	-7
352.853	1	-3
353.024	1	19
353.195	1	-12
353.366	1	16
353.537	1	-1
353.708	1	8
353.879	1	7
354.050	1	-1
354.221	1	-2
354.392	1	-8
354.563	1	14
354.734	1	12
354.905	1	2
355.076	1	11
355.247	1	-2
355.418	1	-1
355.589	1	9
355.760	1	6
355.931	1	3
356.102	1	2
356.273	1	-1
356.444	1	9
356.615	1	6
356.785	1	-2
356.956	1	11
357.127	1	11
357.298	1	1
357.469	1	-2
357.640	1	2
357.811	1	-7
357.982	1	15
358.153	1	-9
358.324	1	9
358.495	1	2
358.666	1	7
358.837	1	9
359.008	1	-2
359.179	1	7
359.350	1	4
359.521	1	10
359.692	1	-7
359.863	1	0
360.034	1	1
360.205	1	14
360.376	1	0
360.547	1	12
360.718	1	3
360.889	1	0
361.060	1	10
361.231	1	14
361.401	1	14
361.572	1	6
361.743	1	-2
361.914	1	14
362.085	1	4
362.256	1	16
362.427	1	9
362.598	1	17
362.769	1	5
362.940	1	16
363.111	1	4
363.282	1	2
363.453	1	-1
363.624	1	7
363.795	1	-5
363.966	1	2
364.137	1	8
364.308	1	13
364.478	1	16
364.649	1	18
364.820	1	17
364.991	1	14
365.162	1	25
365.333	1	10
365.504	1	19
365.675	1	18
365.846	1	10
366.017	1	13
366.188	1	19
366.359	1	11
366.530	1	23
366.701	1	3
366.871	1	15
367.042	1	16
367.213	1	26
367.384	1	12
367.555	1	26
367.726	1	15
367.897	1	20
368.068	1	31
368.239	1	18
368.410	1	22
368.581	1	13
368.752	1	28
368.923	1	8
369.093	1	25
369.264	1	26
369.435	1	19
369.606	1	20
369.777	1	26
369.948	1	14
370.119	1	17
370.290	1	22
370.461	1	12
370.632	1	12
370.803	1	18
370.973	1	21
371.144	1	11
371.315	1	22
371.486	1	23
371.657	1	23
371.828	1	11
371.999	1	10
372.170	1	8
372.341	1	9
372.512	1	6
372.682	1	13
372.853	1	24
373.024	1	21
373.195	1	20
373.366	1	12
373.537	1	0
373.708	1	18
373.879	1	13
374.050	1	14
374.220	1	20
374.391	1	5
374.562	1	18
374.733	1	9
374.904	1	14
375.075	1	4
375.246	1	8
375.417	1	7
375.588	1	2
375.758	1	0
375.929	1	4
376.100	1	17
376.271	1	16
376.442	1	-2
376.613	1	17
376.784	1	6
376.955	1	15
377.125	1	-5
377.296	1	9
377.467	1	21
377.638	1	2
377.809	1	0
377.980	1	6
378.151	1	2
378.321	1	7
378.492	1	7
378.663	1	8
378.834	1	9
379.005	1	20
379.176	1	5
379.347	1	9
379.518	1	4
379.688	1	16
379.859	1	5
380.030	1	7
380.201	1	0
380.372	1	14
380.543	1	5
380.714	1	6
380.884	1	17
381.055	1	4
381.226	1	3
381.397	1	1
381.568	1	2
381.739	1	-6
381.910	1	17
382.080	1	8
382.251	1	0
382.422	1	11
382.593	1	3
382.764	1	1
382.935	1	4
383.105	1	-8
383.276	1	3
383.447	1	0
383.618	1	13
383.789	1	2
383.960	1	3
384.130	1	6
384.301	1	-10
384.472	1	-2
384.643	1	1
384.814	1	3
384.985	1	-3
385.156	1	1
385.326	1	5
385.497	1	17
385.668	1	11
385.839	1	7
386.010	1	2
386.180	1	5
386.351	1	4
386.522	1	7
386.693	1	7
386.864	1	-5
387.035	1	8
387.205	1	9
387.376	1	2
387.547	1	6
387.718	1	-5
387.889	1	1
388.060	1	8
388.230	1	1
388.401	1	9
388.572	1	0
388.743	1	-6
388.914	1	10
389.084	1	8
389.255	1	2
389.426	1	-1
389.597	1	1
389.768	1	3
389.939	1	-1
390.109	1	8
390.280	1	7
390.451	1	10
390.622	1	-2
390.793	1	5
390.963	1	-4
391.134	1	11
391.305	1	-2
391.476	1	10
391.647	1	-4
391.817	1	-13
391.988	1	3
392.159	1	2
392.330	1	7
392.501	1	2
392.671	1	6
392.842	1	-3
393.013	1	13
393.184	1	8
393.355	1	8
393.525	1	-3
393.696	1	7
393.867	1	4
394.038	1	3
394.208	1	5
394.379	1	3
394.550	1	18
394.721	1	6
394.892	1	8
395.062	1	0
395.233	1	5
395.404	1	3
395.575	1	14
395.746	1	0
395.916	1	-5
396.087	1	3
396.258	1	13
396.429	1	-4
396.599	1	6
396.770	1	5
396.941	1	-2
397.112	1	7
397.283	1	4
397.453	1	4
397.624	1	5
397.795	1	-7
397.966	1	1
398.136	1	13
398.307	1	6
398.478	1	1
398.649	1	-4
398.819	1	4
398.990	1	12
399.161	1	13
399.332	1	11
399.503	1	7
399.673	1	2
399.844	1	5
400.015	1	1
400.186	1	6
400.356	1	-3
400.527	1	13
400.698	1	10
400.869	1	-2
401.039	1	2
401.210	1	12
401.381	1	-3
401.552	1	3
401.722	1	11
401.893	1	4
402.064	1	12
402.235	1	11
402.405	1	-1
402.576	1	5
402.747	1	8
402.918	1	-4
403.088	1	2
403.259	1	4
403.430	1	1
403.601	1	10
403.771	1	-2
403.942	1	9
404.113	1	17
404.284	1	11
404.454	1	9
404.625	1	0
404.796	1	10
404.967	1	6
405.137	1	3
405.308	1	-7
405.479	1	6
405.649	1	1
405.820	1	-5
405.991	1	7
406.162	1	-2
406.332	1	7
406.503	1	2
406.674	1	5
406.845	1	12
407.015	1	7
407.186	1	-4
407.357	1	10
407.527	1	-5
407.698	1	8
407.869	1	13
408.040	1	17
408.210	1	10
408.381	1	5
408.552	1	5
408.722	1	6
408.893	1	-5
409.064	1	9
409.235	1	7
409.405	1	12
409.576	1	-1
409.747	1	-5
409.917	1	4
410.088	1	3
410.259	1	-3
410.430	1	11
410.600	1	12
410.771	1	1
410.942	1	13
411.112	1	3
411.283	1	9
411.454	1	-2
411.625	1	6
411.795	1	3
411.966	1	0
412.137	1	1
412.307	1	2
412.478	1	2
412.649	1	6
412.819	1	9
412.990	1	6
413.161	1	3
413.332	1	9
413.502	1	9
413.673	1	15
413.844	1	3
414.014	1	-1
414.185	1	6
414.356	1	15
414.526	1	-6
414.697	1	-2
414.868	1	5
415.038	1	4
415.209	1	-1
415.380	1	11
415.550	1	7
415.721	1	11
415.892	1	10
416.063	1	15
416.233	1	5
416.404	1	7
416.575	1	-10
416.745	1	4
416.916	1	6
417.087	1	0
417.257	1	-2
417.428	1	9
417.599	1	-1
417.769	1	1
417.940	1	-5
418.111	1	16
418.281	1	9
418.452	1	7
418.623	1	7
418.793	1	7
418.964	1	23
419.135	1	7
419.305	1	16
419.476	1	6
419.647	1	2
419.817	1	7
419.988	1	10
420.159	1	15
420.329	1	11
420.500	1	-3
420.671	1	12
420.841	1	-6
421.012	1	-3
421.183	1	4
421.353	1	8
421.524	1	10
421.695	1	17
421.865	1	5
422.036	1	26
422.206	1	8
422.377	1	2
422.548	1	4
422.718	1	8
422.889	1	4
423.060	1	11
423.230	1	11
423.401	1	5
423.572	1	2
423.742	1	12
423.913	1	-6
424.084	1	13
424.254	1	2
424.425	1	18
424.595	1	10
424.766	1	-4
424.937	1	10
425.107	1	2
425.278	1	4
425.449	1	11
425.619	1	11
425.790	1	5
425.961	1	14
426.131	1	3
426.302	1	-8
426.472	1	8
426.643	1	5
426.814	1	10
426.984	1	10
427.155	1	-6
427.326	1	6
427.496	1	-2
427.667	1	3
427.837	1	1
428.008	1	13
428.179	1	25
428.349	1	-1
428.520	1	4
428.691	1	9
428.861	1	15
429.032	1	2
429.202	1	-7
429.373	1	5
429.544	1	13
429.714	1	15
429.885	1	8
430.055	1	15
430.226	1	-10
430.397	1	9
430.567	1	-2
430.738	1	16
430.909	1	5
431.079	1	15
431.250	1	9
431.420	1	6
431.591	1	7
431.762	1	2
431.932	1	-1
432.103	1	5
432.273	1	12
432.444	1	5
432.615	1	-2
432.785	1	8
432.956	1	-4
433.126	1	9
433.297	1	6
433.468	1	3
433.638	1	12
433.809	1	-8
433.979	1	1
434.150	1	1
434.320	1	7
434.491	1	7
434.662	1	13
434.832	1	4
435.003	1	9
435.173	1	7
435.344	1	8
435.515	1	3
435.685	1	-2
435.856	1	12
436.026	1	-3
436.197	1	-1
436.368	1	-2
436.538	1	6
436.709	1	-2
436.879	1	3
437.050	1	0
437.220	1	11
437.391	1	-3
437.562	1	10
437.732	1	1
437.903	1	1
438.073	1	-2
438.244	1	13
438.414	1	9
438.585	1	14
438.756	1	-3
438.926	1	2
439.097	1	3
439.267	1	1
439.438	1	6
439.608	1	5
439.779	1	2
439.949	1	11
440.120	1	11
440.291	1	6
440.461	1	5
440.632	1	5
440.802	1	6
440.973	1	11
441.143	1	5
441.314	1	3
441.485	1	3
441.655	1	14
441.826	1	8
441.996	1	8
442.167	1	2
442.337	1	2
442.508	1	11
442.678	1	7
442.849	1	2
443.019	1	4
443.190	1	3
443.361	1	13
443.531	1	7
443.702	1	15
443.872	1	3
444.043	1	10
444.213	1	-6
444.384	1	10
444.554	1	11
444.725	1	19
444.895	1	-2
445.066	1	-5
445.237	1	15
445.407	1	7
445.578	1	-2
445.748	1	7
445.919	1	3
446.089	1	8
446.260	1	6
446.430	1	18
446.601	1	-1
446.771	1	7
446.942	1	8
447.112	1	20
447.283	1	9
447.453	1	0
447.624	1	-15
447.794	1	9
447.965	1	0
448.135	1	9
448.306	1	6
448.477	1	13
448.647	1	3
448.818	1	3
448.988	1	0
449.159	1	-7
449.329	1	6
449.500	1	14
449.670	1	7
449.841	1	6
450.011	1	7
450.182	1	4
450.352	1	2
450.523	1	-6
450.693	1	11
450.864	1	-2
451.034	1	2
451.205	1	9
451.375	1	3
451.546	1	7
451.716	1	2
451.887	1	7
452.057	1	12
452.228	1	6
452.398	1	7
452.569	1	-4
452.739	1	6
452.910	1	-4
453.080	1	8
453.251	1	0
453.421	1	13
453.592	1	9
453.762	1	6
453.933	1	-4
454.103	1	3
454.274	1	-4
454.444	1	-2
454.615	1	1
454.785	1	-2
454.956	1	8
455.126	1	1
455.297	1	5
455.467	1	4
455.638	1	-5
455.808	1	3
455.979	1	7
456.149	1	-8
456.320	1	12
456.490	1	1
456.661	1	-6
456.831	1	-3
457.001	1	14
457.172	1	5
457.342	1	4
457.513	1	5
457.683	1	2
457.854	1	6
458.024	1	14
458.195	1	15
458.365	1	2
458.536	1	12
458.706	1	14
458.877	1	-1
459.047	1	-1
459.218	1	-2
459.388	1	5
459.559	1	4
459.729	1	-13
459.899	1	-2
460.070	1	14
460.240	1	-3
460.411	1	11
460.581	1	2
460.752	1	-7
460.922	1	-1
461.093	1	7
461.263	1	7
461.434	1	0
461.604	1	6
461.775	1	18
461.945	1	5
462.115	1	4
462.286	1	-2
462.456	1	6
462.627	1	6
462.797	1	3
462.968	1	12
463.138	1	2
463.309	1	0
463.479	1	-5
463.649	1	-3
463.820	1	4
463.990	1	4
464.161	1	-8
464.331	1	6
464.502	1	6
464.672	1	7
464.843	1	10
465.013	1	6
465.183	1	-10
465.354	1	7
465.524	1	4
465.695	1	4
465.865	1	2
466.036	1	2
466.206	1	4
466.376	1	8
466.547	1	6
466.717	1	-6
466.888	1	6
467.058	1	8
467.229	1	3
467.399	1	-7
467.569	1	-5
467.740	1	16
467.910	1	6
468.081	1	13
468.251	1	0
468.422	1	0
468.592	1	1
468.762	1	0
468.933	1	4
469.103	1	3
469.274	1	3
469.444	1	5
469.614	1	-5
469.785	1	-3
469.955	1	-2
470.126	1	7
470.296	1	7
470.467	1	7
470.637	1	0
470.807	1	7
470.978	1	-3
471.148	1	2
471.319	1	-1
471.489	1	9
471.659	1	-5
471.830	1	8
472.000	1	-6
472.171	1	2
472.341	1	2
472.511	1	4
472.682	1	6
472.852	1	7
473.023	1	1
473.193	1	2
473.363	1	6
473.534	1	8
473.704	1	3
473.875	1	4
474.045	1	3
474.215	1	0
474.386	1	-2
474.556	1	-2
474.727	1	2
474.897	1	-1
475.067	1	0
475.238	1	1
475.408	1	7
475.578	1	-1
475.749	1	-6
475.919	1	-3
476.090	1	6
476.260	1	-4
476.430	1	-9
476.601	1	9
476.771	1	7
476.942	1	-2
477.112	1	6
477.282	1	-2
477.453	1	-1
477.623	1	-6
477.793	1	3
477.964	1	5
478.134	1	9
478.305	1	4
478.475	1	8
478.645	1	5
478.816	1	0
478.986	1	9
479.156	1	0
479.327	1	5
479.497	1	-1
479.667	1	6
479.838	1	15
480.008	1	7
480.179	1	1
480.349	1	-5
480.519	1	6
480.690	1	15
480.860	1	1
481.030	1	2
481.201	1	4
481.371	1	-8
481.541	1	-3
481.712	1	6
481.882	1	4
482.053	1	0
482.223	1	-2
482.393	1	1
482.564	1	1
482.734	1	9
482.904	1	-3
483.075	1	9
483.245	1	0
483.415	1	4
483.586	1	-2
483.756	1	13
483.926	1	0
484.097	1	12
484.267	1	9
484.437	1	2
484.608	1	6
484.778	1	9
484.948	1	9
485.119	1	0
485.289	1	0
485.459	1	-7
485.630	1	6
485.800	1	-1
485.970	1	5
486.141	1	6
486.311	1	10
486.481	1	-11
486.652	1	-5
486.822	1	12
486.992	1	10
487.163	1	0
487.333	1	-7
487.503	1	6
487.674	1	-3
487.844	1	3
488.014	1	10
488.185	1	5
488.355	1	11
488.525	1	-3
488.696	1	14
488.866	1	-7
489.036	1	8
489.207	1	5
489.377	1	13
489.547	1	4
489.718	1	-6
489.888	1	3
490.058	1	6
490.228	1	7
490.399	1	12
490.569	1	-2
490.739	1	4
490.910	1	11
491.080	1	5
491.250	1	13
491.421	1	4
491.591	1	6
491.761	1	-10
491.932	1	10
492.102	1	2
492.272	1	-2
492.442	1	7
492.613	1	0
492.783	1	7
492.953	1	3
493.124	1	11
493.294	1	-12
493.464	1	0
493.635	1	3
493.805	1	10
493.975	1	2
494.145	1	0
494.316	1	0
494.486	1	-5
494.656	1	10
494.827	1	2
494.997	1	-1
495.167	1	4
495.337	1	-1
495.508	1	2
495.678	1	5
495.848	1	-9
496.019	1	0
496.189	1	-3
496.359	1	1
496.529	1	7
496.700	1	13
496.870	1	-3
497.040	1	7
497.211	1	-8
497.381	1	10
497.551	1	8
497.721	1	-4
497.892	1	-5
498.062	1	-4
498.232	1	7
498.403	1	11
498.573	1	3
498.743	1	3
498.913	1	-10
499.084	1	6
499.254	1	-3
499.424	1	2
499.594	1	1
499.765	1	6
499.935	1	8
500.105	1	14
500.275	1	-1
500.446	1	-1
500.616	1	2
500.786	1	0
500.956	1	20
501.127	1	4
501.297	1	-1
501.467	1	6
501.638	1	7
501.808	1	1
501.978	1	2
502.148	1	0
502.319	1	8
502.489	1	-7
502.659	1	7
502.829	1	1
503.000	1	2
503.170	1	-1
503.340	1	-5
503.510	1	1
503.681	1	1
503.851	1	10
504.021	1	4
504.191	1	-3
504.362	1	1
504.532	1	5
504.702	1	1
504.872	1	-5
505.042	1	-2
505.213	1	-2
505.383	1	7
505.553	1	-6
505.723	1	15
505.894	1	6
506.064	1	0
506.234	1	9
506.404	1	9
506.575	1	10
506.745	1	-2
506.915	1	10
507.085	1	5
507.256	1	11
507.426	1	-2
507.596	1	19
507.766	1	11
507.936	1	10
508.107	1	-9
508.277	1	2
508.447	1	14
508.617	1	9
508.788	1	7
508.958	1	8
509.128	1	6
509.298	1	0
509.468	1	15
509.639	1	-4
509.809	1	5
509.979	1	0
510.149	1	2
510.319	1	10
510.490	1	2
510.660	1	4
510.830	1	-9
511.000	1	4
511.171	1	14
511.341	1	8
511.511	1	1
511.681	1	7
511.851	1	15
512.022	1	-3
512.192	1	9
512.362	1	5
512.532	1	20
512.702	1	-8
512.873	1	4
513.043	1	4
513.213	1	6
513.383	1	3
513.553	1	13
513.724	1	2
513.894	1	3
514.064	1	13
514.234	1	7
514.404	1	13
514.575	1	5
514.745	1	1
514.915	1	-1
515.085	1	1
515.255	1	-7
515.425	1	11
515.596	1	9
515.766	1	-1
515.936	1	-1
516.106	1	-11
516.276	1	3
516.447	1	10
516.617	1	3
516.787	1	5
516.957	1	-1
517.127	1	12
517.297	1	5
517.468	1	5
517.638	1	1
517.808	1	-2
517.978	1	14
518.148	1	19
518.319	1	9
518.489	1	1
518.659	1	6
518.829	1	10
518.999	1	12
519.169	1	-11
519.340	1	2
519.510	1	-3
519.680	1	16
519.850	1	7
520.020	1	9
520.190	1	1
520.361	1	-1
520.531	1	7
520.701	1	5
520.871	1	3
521.041	1	9
521.211	1	12
521.382	1	3
521.552	1	0
521.722	1	11
521.892	1	1
522.062	1	-5
522.232	1	12
522.402	1	9
522.573	1	11
522.743	1	9
522.913	1	13
523.083	1	4
523.253	1	13
523.423	1	10
523.593	1	14
523.764	1	3
523.934	1	-1
524.104	1	4
524.274	1	2
524.444	1	15
524.614	1	11
524.784	1	2
524.955	1	3
525.125	1	6
525.295	1	5
525.465	1	6
525.635	1	7
525.805	1	7
525.975	1	8
526.146	1	7
526.316	1	2
526.486	1	1
526.656	1	6
526.826	1	-5
526.996	1	-1
527.166	1	3
527.337	1	12
527.507	1	18
527.677	1	21
527.847	1	1
528.017	1	-7
528.187	1	24
528.357	1	8
528.527	1	-10
528.698	1	11
528.868	1	0
529.038	1	7
529.208	1	8
529.378	1	8
529.548	1	17
529.718	1	11
529.888	1	11
530.058	1	5
530.229	1	4
530.399	1	11
530.569	1	2
530.739	1	8
530.909	1	3
531.079	1	-1
531.249	1	9
531.419	1	2
531.589	1	10
531.760	1	15
531.930	1	-1
532.100	1	14
532.270	1	7
532.440	1	5
532.610	1	4
532.780	1	6
532.950	1	10
533.120	1	0
533.290	1	8
533.461	1	8
533.631	1	6
533.801	1	9
533.971	1	3
534.141	1	8
534.311	1	4
534.481	1	21
534.651	1	-13
534.821	1	9
534.991	1	1
535.162	1	6
535.332	1	8
535.502	1	8
535.672	1	13
535.842	1	7
536.012	1	0
536.182	1	10
536.352	1	2
536.522	1	-1
536.692	1	3
536.862	1	10
537.032	1	5
537.203	1	11
537.373	1	6
537.543	1	20
537.713	1	7
537.883	1	3
538.053	1	6
538.223	1	17
538.393	1	8
538.563	1	1
538.733	1	7
538.903	1	7
539.073	1	-3
539.243	1	14
539.413	1	6
539.584	1	7
539.754	1	1
539.924	1	9
540.094	1	7
540.264	1	16
540.434	1	8
540.604	1	11
540.774	1	11
540.944	1	10
541.114	1	25
541.284	1	-1
541.454	1	3
541.624	1	0
541.794	1	3
541.964	1	0
542.134	1	11
542.305	1	10
542.475	1	16
542.645	1	8
542.815	1	5
542.985	1	5
543.155	1	5
543.325	1	8
543.495	1	15
543.665	1	-6
543.835	1	8
544.005	1	-6
544.175	1	4
544.345	1	11
544.515	1	5
544.685	1	-2
544.855	1	8
545.025	1	5
545.195	1	4
545.365	1	3
545.535	1	10
545.705	1	-1
545.875	1	8
546.045	1	17
546.216	1	1
546.386	1	3
546.556	1	7
546.726	1	0
546.896	1	4
547.066	1	1
547.236	1	7
547.406	1	-2
547.576	1	4
547.746	1	-1
547.916	1	16
548.086	1	1
548.256	1	-6
548.426	1	11
548.596	1	9
548.766	1	7
548.936	1	5
549.106	1	8
549.276	1	11
549.446	1	10
549.616	1	5
549.786	1	-5
549.956	1	12
550.126	1	6
550.296	1	11
550.466	1	5
550.636	1	7
550.806	1	16
550.976	1	3
551.146	1	14
551.316	1	4
551.486	1	-5
551.656	1	3
551.826	1	-8
551.996	1	-4
552.166	1	7
552.336	1	5
552.506	1	3
552.676	1	8
552.846	1	9
553.016	1	6
553.186	1	-1
553.356	1	6
553.526	1	8
553.696	1	-11
553.866	1	2
554.036	1	7
554.206	1	10
554.376	1	10
554.546	1	12
554.716	1	5
554.886	1	1
555.056	1	3
555.226	1	-1
555.396	1	10
555.566	1	9
555.736	1	13
555.906	1	-3
556.076	1	2
556.246	1	4
556.416	1	16
556.586	1	11
556.756	1	-11
556.926	1	-4
557.096	1	14
557.266	1	3
557.436	1	7
557.606	1	-8
557.776	1	10
557.946	1	6
558.116	1	18
558.286	1	-11
558.456	1	1
558.626	1	3
558.796	1	12
558.966	1	-2
559.136	1	7
559.306	1	13
559.476	1	5
559.646	1	2
559.816	1	7
559.986	1	10
560.155	1	14
560.325	1	5
560.495	1	12
560.665	1	3
560.835	1	-4
561.005	1	2
561.175	1	4
561.345	1	0
561.515	1	13
561.685	1	2
561.855	1	7
562.025	1	-3
562.195	1	3
562.365	1	6
562.535	1	-3
562.705	1	11
562.875	1	1
563.045	1	16
563.215	1	3
563.385	1	5
563.555	1	9
563.725	1	8
563.895	1	11
564.064	1	1
564.234	1	-4
564.404	1	-2
564.574	1	-6
564.744	1	4
564.914	1	12
565.084	1	13
565.254	1	10
565.424	1	-3
565.594	1	8
565.764	1	7
565.934	1	17
566.104	1	6
566.274	1	8
566.444	1	5
566.614	1	-6
566.783	1	8
566.953	1	16
567.123	1	3
567.293	1	4
567.463	1	2
567.633	1	5
567.803	1	8
567.973	1	0
568.143	1	-6
568.313	1	8
568.483	1	2
568.653	1	-1
568.823	1	-1
568.993	1	8
569.162	1	-2
569.332	1	0
569.502	1	16
569.672	1	9
569.842	1	5
570.012	1	-2
570.182	1	-2
570.352	1	10
570.522	1	3
570.692	1	8
570.862	1	-10
571.031	1	11
571.201	1	9
571.371	1	-6
571.541	1	6
571.711	1	3
571.881	1	7
572.051	1	-2
572.221	1	4
572.391	1	12
572.561	1	13
572.731	1	-3
572.900	1	10
573.070	1	12
573.240	1	-2
573.410	1	16
573.580	1	5
573.750	1	-9
573.920	1	11
574.090	1	9
574.260	1	6
574.430	1	3
574.599	1	3
574.769	1	5
574.939	1	0
575.109	1	10
575.279	1	-3
575.449	1	2
575.619	1	-4
575.789	1	8
575.959	1	1
576.128	1	7
576.298	1	-5
576.468	1	0
576.638	1	5
576.808	1	3
576.978	1	1
577.148	1	-7
577.318	1	3
577.487	1	2
577.657	1	1
577.827	1	9
577.997	1	6
578.167	1	13
578.337	1	-3
578.507	1	5
578.677	1	14
578.846	1	3
579.016	1	3
579.186	1	14
579.356	1	3
579.526	1	-7
579.696	1	1
579.866	1	0
580.036	1	1
580.205	1	0
580.375	1	2
580.545	1	4
580.715	1	8
580.885	1	-4
581.055	1	7
581.225	1	3
581.394	1	8
581.564	1	-1
581.734	1	3
581.904	1	-4
582.074	1	-1
582.244	1	3
582.414	1	4
582.583	1	8
582.753	1	-3
582.923	1	-1
583.093	1	8
583.263	1	7
583.433	1	5
583.603	1	1
583.772	1	-1
583.942	1	-7
584.112	1	5
584.282	1	5
584.452	1	9
584.622	1	2
584.791	1	5
584.961	1	-3
585.131	1	6
585.301	1	3
585.471	1	5
585.641	1	16
585.811	1	6
585.980	1	5
586.150	1	0
586.320	1	2
586.490	1	-2
586.660	1	8
586.830	1	2
586.999	1	8
587.169	1	3
587.339	1	7
587.509	1	-1
587.679	1	0
587.849	1	13
588.018	1	0
588.188	1	4
588.358	1	16
588.528	1	0
588.698	1	12
588.867	1	9
589.037	1	11
589.207	1	10
589.377	1	1
589.547	1	8
589.717	1	0
589.886	1	9
590.056	1	5
590.226	1	3
590.396	1	-4
590.566	1	6
590.735	1	11
590.905	1	1
591.075	1	4
591.245	1	-9
591.415	1	3
591.585	1	-4
591.754	1	7
591.924	1	-1
592.094	1	11
592.264	1	-3
592.434	1	-3
592.603	1	-14
592.773	1	3
592.943	1	-4
593.113	1	-3
593.283	1	11
593.452	1	12
593.622	1	-12
593.792	1	-8
593.962	1	4
594.132	1	8
594.301	1	3
594.471	1	-10
594.641	1	7
594.811	1	4
594.981	1	1
595.150	1	2
595.320	1	3
595.490	1	2
595.660	1	3
595.829	1	0
595.999	1	1
596.169	1	-1
596.339	1	5
596.509	1	4
596.678	1	-5
596.848	1	-4
597.018	1	-2
597.188	1	1
597.358	1	5
597.527	1	8
597.697	1	-6
597.867	1	1
598.037	1	-8
598.206	1	11
598.376	1	0
598.546	1	6
598.716	1	1
598.885	1	12
599.055	1	5
599.225	1	4
599.395	1	-6
599.565	1	1
599.734	1	9
599.904	1	9
600.074	1	-2
600.244	1	3
600.413	1	-5
600.583	1	16
600.753	1	6
600.923	1	8
601.092	1	-3
601.262	1	-7
601.432	1	-10
601.602	1	10
601.771	1	3
601.941	1	8
602.111	1	1
602.281	1	19
602.451	1	-13
602.620	1	3
602.790	1	6
602.960	1	-11
603.130	1	1
603.299	1	10
603.469	1	1
603.639	1	7
603.809	1	10
603.978	1	-1
604.148	1	-3
604.318	1	4
604.487	1	6
604.657	1	4
604.827	1	4
604.997	1	2
605.166	1	2
605.336	1	-1
605.506	1	5
605.676	1	5
605.845	1	9
606.015	1	-5
606.185	1	-2
606.355	1	-12
606.524	1	4
606.694	1	10
606.864	1	13
607.034	1	0
607.203	1	2
607.373	1	4
607.543	1	1
607.712	1	-2
607.882	1	1
608.052	1	4
608.222	1	8
608.391	1	5
608.561	1	1
608.731	1	0
608.901	1	7
609.070	1	2
609.240	1	-1
609.410	1	1
609.579	1	1
609.749	1	2
609.919	1	-12
610.089	1	4
610.258	1	10
610.428	1	4
610.598	1	-7
610.767	1	6
610.937	1	11
611.107	1	7
611.277	1	13
611.446	1	9
611.616	1	8
611.786	1	1
611.955	1	1
612.125	1	11
612.295	1	8
612.465	1	2
612.634	1	8
612.804	1	1
612.974	1	-2
613.143	1	-5
613.313	1	5
613.483	1	3
613.652	1	11
613.822	1	-1
613.992	1	3
614.162	1	11
614.331	1	9
614.501	1	1
614.671	1	6
614.840	1	8
615.010	1	4
615.180	1	-1
615.349	1	7
615.519	1	-1
615.689	1	-2
615.858	1	-7
616.028	1	22
616.198	1	9
616.368	1	11
616.537	1	-9
616.707	1	9
616.877	1	2
617.046	1	-6
617.216	1	1
617.386	1	10
617.555	1	14
617.725	1	-5
617.895	1	6
618.064	1	-9
618.234	1	-4
618.404	1	-4
618.573	1	7
618.743	1	5
618.913	1	2
619.082	1	16
619.252	1	-3
619.422	1	15
619.591	1	7
619.761	1	0
619.931	1	13
620.100	1	3
620.270	1	8
620.440	1	8
620.609	1	-1
620.779	1	4
620.949	1	7
621.118	1	17
621.288	1	-1
621.458	1	9
621.627	1	4
621.797	1	12
621.967	1	-6
622.136	1	-7
622.306	1	-1
622.476	1	4
622.645	1	9
622.815	1	10
622.985	1	-3
623.154	1	5
623.324	1	3
623.494	1	-3
623.663	1	8
623.833	1	6
624.002	1	8
624.172	1	4
624.342	1	4
624.511	1	-3
624.681	1	1
624.851	1	7
625.020	1	0
625.190	1	-1
625.360	1	13
625.529	1	-1
625.699	1	-5
625.869	1	-1
626.038	1	5
626.208	1	-3
626.377	1	6
626.547	1	-4
626.717	1	6
626.886	1	1
627.056	1	-3
627.226	1	7
627.395	1	3
627.565	1	3
627.735	1	-1
627.904	1	2
628.074	1	12
628.243	1	18
628.413	1	10
628.583	1	4
628.752	1	-6
628.922	1	12
629.091	1	1
629.261	1	4
629.431	1	-10
629.600	1	5
629.770	1	16
629.940	1	16
630.109	1	-5
630.279	1	0
630.448	1	0
630.618	1	1
630.788	1	9
630.957	1	4
631.127	1	7
631.297	1	4
631.466	1	4
631.636	1	-1
631.805	1	5
631.975	1	7
632.145	1	7
632.314	1	5
632.484	1	4
632.653	1	-4
632.823	1	-5
632.993	1	3
633.162	1	1
633.332	1	5
633.501	1	-3
633.671	1	7
633.841	1	5
634.010	1	1
634.180	1	-2
634.349	1	11
634.519	1	-3
634.689	1	1
634.858	1	3
635.028	1	-2
635.197	1	8
635.367	1	9
635.537	1	0
635.706	1	-5
635.876	1	6
636.045	1	1
636.215	1	2
636.384	1	10
636.554	1	1
636.724	1	7
636.893	1	6
637.063	1	-3
637.232	1	-4
637.402	1	3
637.572	1	7
637.741	1	2
637.911	1	5
638.080	1	3
638.250	1	2
638.419	1	4
638.589	1	8
638.759	1	5
638.928	1	0
639.098	1	6
639.267	1	4
639.437	1	2
639.606	1	11
639.776	1	10
639.946	1	14
640.115	1	-11
640.285	1	-3
640.454	1	-8
640.624	1	4
640.793	1	5
640.963	1	4
641.132	1	3
641.302	1	6
641.472	1	4
641.641	1	8
641.811	1	-4
641.980	1	15
642.150	1	-5
642.319	1	20
642.489	1	11
642.659	1	8
642.828	1	22
642.998	1	2
643.167	1	-4
643.337	1	3
643.506	1	2
643.676	1	10
643.845	1	14
644.015	1	8
644.184	1	8
644.354	1	8
644.524	1	0
644.693	1	-3
644.863	1	2
645.032	1	1
645.202	1	-2
645.371	1	12
645.541	1	5
645.710	1	4
645.880	1	7
646.049	1	9
646.219	1	1
646.388	1	4
646.558	1	-8
646.728	1	7
646.897	1	0
647.067	1	14
647.236	1	-4
647.406	1	-3
647.575	1	7
647.745	1	-10
647.914	1	7
648.084	1	-5
648.253	1	14
648.423	1	7
648.592	1	5
648.762	1	-2
648.931	1	8
649.101	1	-4
649.270	1	11
649.440	1	2
649.610	1	5
649.779	1	-1
649.949	1	-5
650.118	1	5
650.288	1	0
650.457	1	5
650.627	1	-2
650.796	1	0
650.966	1	7
651.135	1	-1
651.305	1	12
651.474	1	2
651.644	1	10
651.813	1	-1
651.983	1	-7
652.152	1	9
652.322	1	2
652.491	1	7
652.661	1	2
652.830	1	6
653.000	1	1
653.169	1	-7
653.339	1	-2
653.508	1	-9
653.678	1	8
653.847	1	-2
654.017	1	2
654.186	1	13
654.356	1	4
654.525	1	6
654.695	1	18
654.864	1	6
655.034	1	0
655.203	1	0
655.373	1	9
655.542	1	-2
655.712	1	2
655.881	1	4
656.051	1	-1
656.220	1	3
656.390	1	7
656.559	1	14
656.729	1	1
656.898	1	5
657.068	1	-3
657.237	1	4
657.406	1	5
657.576	1	3
657.745	1	15
657.915	1	4
658.084	1	-5
658.254	1	1
658.423	1	9
658.593	1	11
658.762	1	-2
658.932	1	8
659.101	1	0
659.271	1	2
659.440	1	7
659.610	1	9
659.779	1	-4
659.949	1	3
660.118	1	-2
660.288	1	-4
660.457	1	8
660.626	1	5
660.796	1	8
660.965	1	4
661.135	1	2
661.304	1	6
661.474	1	8
661.643	1	-5
661.813	1	1
661.982	1	-5
662.152	1	-1
662.321	1	7
662.491	1	-2
662.660	1	9
662.829	1	12
662.999	1	15
663.168	1	7
663.338	1	4
663.507	1	2
663.677	1	5
663.846	1	-1
664.016	1	-11
664.185	1	-5
664.354	1	-9
664.524	1	7
664.693	1	2
664.863	1	-10
665.032	1	10
665.202	1	9
665.371	1	13
665.541	1	9
665.710	1	3
665.879	1	5
666.049	1	8
666.218	1	2
666.388	1	-2
666.557	1	5
666.727	1	1
666.896	1	4
667.065	1	8
667.235	1	-4
667.404	1	-5
667.574	1	1
667.743	1	4
667.913	1	9
668.082	1	6
668.251	1	1
668.421	1	15
668.590	1	-8
668.760	1	2
668.929	1	-1
669.099	1	8
669.268	1	0
669.437	1	-6
669.607	1	-3
669.776	1	-1
669.946	1	1
670.115	1	4
670.285	1	1
670.454	1	0
670.623	1	0
670.793	1	1
670.962	1	-8
671.132	1	-8
671.301	1	3
671.470	1	9
671.640	1	1
671.809	1	4
671.979	1	-4
672.148	1	4
672.317	1	5
672.487	1	7
672.656	1	10
672.826	1	6
672.995	1	2
673.164	1	-4
673.334	1	-3
673.503	1	1
673.673	1	12
673.842	1	0
674.011	1	6
674.181	1	8
674.350	1	5
674.520	1	11
674.689	1	-6
674.858	1	4
675.028	1	6
675.197	1	0
675.367	1	-1
675.536	1	2
675.705	1	-5
675.875	1	1
676.044	1	4
676.214	1	3
676.383	1	9
676.552	1	-5
676.722	1	4
676.891	1	1
677.060	1	8
677.230	1	8
677.399	1	7
677.569	1	7
677.738	1	-3
677.907	1	16
678.077	1	-2
678.246	1	0
678.416	1	1
678.585	1	5
678.754	1	-2
678.924	1	-4
679.093	1	8
679.262	1	11
679.432	1	-1
679.601	1	1
679.771	1	5
679.940	1	5
680.109	1	-5
680.279	1	7
680.448	1	5
680.617	1	1
680.787	1	-4
680.956	1	-4
681.125	1	3
681.295	1	7
681.464	1	-3
681.634	1	13
681.803	1	-6
681.972	1	5
682.142	1	1
682.311	1	9
682.480	1	-6
682.650	1	-6
682.819	1	-6
682.988	1	-6
683.158	1	-4
683.327	1	7
683.496	1	0
683.666	1	7
683.835	1	7
684.004	1	-8
684.174	1	5
684.343	1	-2
684.512	1	5
684.682	1	6
684.851	1	6
685.021	1	6
685.190	1	-1
685.359	1	9
685.529	1	1
685.698	1	-6
685.867	1	6
686.037	1	1
686.206	1	-4
686.375	1	0
686.545	1	-5
686.714	1	9
686.883	1	14
687.053	1	22
687.222	1	0
687.391	1	-1
687.561	1	2
687.730	1	13
687.899	1	6
688.069	1	3
688.238	1	4
688.407	1	8
688.577	1	3
688.746	1	-3
