500.757	1	59
500.928	1	64
501.099	1	62
501.269	1	53
501.440	1	63
501.611	1	53
501.782	1	58
501.952	1	61
502.123	1	40
502.294	1	56
502.464	1	49
502.635	1	56
502.806	1	59
502.976	1	55
503.147	1	52
503.318	1	46
503.489	1	71
503.659	1	62
503.830	1	71
504.001	1	56
504.171	1	69
504.342	1	63
504.513	1	64
504.683	1	50
504.854	1	60
505.025	1	60
505.195	1	46
505.366	1	56
505.537	1	57
505.707	1	53
505.878	1	57
506.049	1	51
506.219	1	53
506.390	1	58
506.561	1	56
506.731	1	51
506.902	1	66
507.073	1	62
507.243	1	61
507.414	1	54
507.585	1	49
507.755	1	59
507.926	1	57
508.097	1	47
508.267	1	58
508.438	1	60
508.609	1	35
508.779	1	66
508.950	1	57
509.121	1	67
509.291	1	54
509.462	1	58
509.633	1	67
509.803	1	45
509.974	1	53
510.145	1	58
510.315	1	50
510.486	1	60
510.657	1	63
510.827	1	44
510.998	1	56
511.169	1	47
511.339	1	59
511.510	1	57
511.680	1	52
511.851	1	61
512.022	1	42
512.192	1	45
512.363	1	61
512.534	1	50
512.704	1	63
512.875	1	45
513.046	1	54
513.216	1	54
513.387	1	33
513.558	1	51
513.728	1	45
513.899	1	54
514.069	1	45
514.240	1	42
514.411	1	41
514.581	1	47
514.752	1	37
514.923	1	51
515.093	1	45
515.264	1	38
515.434	1	41
515.605	1	53
515.776	1	51
515.946	1	53
516.117	1	50
516.288	1	41
516.458	1	42
516.629	1	37
516.799	1	51
516.970	1	34
517.141	1	35
517.311	1	53
517.482	1	41
517.653	1	50
517.823	1	48
517.994	1	36
518.164	1	32
518.335	1	45
518.506	1	26
518.676	1	48
518.847	1	34
519.017	1	53
519.188	1	47
519.359	1	35
519.529	1	45
519.700	1	38
519.870	1	34
520.041	1	38
520.212	1	32
520.382	1	38
520.553	1	40
520.723	1	48
520.894	1	53
521.065	1	49
521.235	1	45
521.406	1	36
521.576	1	39
521.747	1	27
521.918	1	43
522.088	1	51
522.259	1	40
522.429	1	50
522.600	1	40
522.770	1	46
522.941	1	53
523.112	1	35
523.282	1	33
523.453	1	44
523.623	1	50
523.794	1	29
523.965	1	44
524.135	1	42
524.306	1	38
524.476	1	37
524.647	1	42
524.817	1	45
524.988	1	39
525.159	1	34
525.329	1	31
525.500	1	34
525.670	1	37
525.841	1	38
526.011	1	36
526.182	1	50
526.353	1	43
526.523	1	32
526.694	1	20
526.864	1	31
527.035	1	39
527.205	1	42
527.376	1	38
527.547	1	41
527.717	1	42
527.888	1	27
528.058	1	45
528.229	1	35
528.399	1	44
528.570	1	26
528.740	1	30
528.911	1	31
529.082	1	44
529.252	1	52
529.423	1	47
529.593	1	30
529.764	1	41
529.934	1	30
530.105	1	35
530.275	1	47
530.446	1	38
530.617	1	32
530.787	1	38
530.958	1	40
531.128	1	38
531.299	1	30
531.469	1	36
531.640	1	23
531.810	1	22
531.981	1	37
532.151	1	49
532.322	1	39
532.492	1	32
532.663	1	30
532.834	1	45
533.004	1	42
533.175	1	29
533.345	1	36
533.516	1	27
533.686	1	31
533.857	1	40
534.027	1	35
534.198	1	30
534.368	1	28
534.539	1	29
534.709	1	36
534.880	1	32
535.050	1	27
535.221	1	29
535.391	1	26
535.562	1	36
535.732	1	31
535.903	1	25
536.073	1	21
536.244	1	30
536.415	1	35
536.585	1	34
536.756	1	30
536.926	1	42
537.097	1	28
537.267	1	15
537.438	1	31
537.608	1	30
537.779	1	26
537.949	1	44
538.120	1	31
538.290	1	27
538.461	1	37
538.631	1	28
538.802	1	39
538.972	1	29
539.143	1	21
539.313	1	34
539.484	1	32
539.654	1	9
539.825	1	36
539.995	1	23
540.166	1	28
540.336	1	22
540.507	1	41
540.677	1	15
540.848	1	22
541.018	1	28
541.189	1	25
541.359	1	37
541.530	1	22
541.700	1	7
541.871	1	17
542.041	1	24
542.211	1	36
542.382	1	28
542.552	1	20
542.723	1	28
542.893	1	31
543.064	1	22
543.234	1	34
543.405	1	23
543.575	1	11
543.746	1	16
543.916	1	24
544.087	1	27
544.257	1	16
544.428	1	25
544.598	1	32
544.769	1	22
544.939	1	21
545.110	1	31
545.280	1	28
545.451	1	21
545.621	1	30
545.791	1	33
545.962	1	23
546.132	1	36
546.303	1	32
546.473	1	6
546.644	1	34
546.814	1	27
546.985	1	21
547.155	1	36
547.326	1	32
547.496	1	11
547.666	1	42
547.837	1	20
548.007	1	18
548.178	1	26
548.348	1	27
548.519	1	23
548.689	1	28
548.860	1	9
549.030	1	18
549.201	1	27
549.371	1	17
549.541	1	15
549.712	1	17
549.882	1	7
550.053	1	28
550.223	1	26
550.394	1	18
550.564	1	19
550.735	1	24
550.905	1	22
551.075	1	10
551.246	1	17
551.416	1	9
551.587	1	20
551.757	1	23
551.928	1	14
552.098	1	30
552.268	1	13
552.439	1	22
552.609	1	25
552.780	1	18
552.950	1	10
553.121	1	22
553.291	1	21
553.461	1	16
553.632	1	23
553.802	1	38
553.973	1	23
554.143	1	20
554.314	1	12
554.484	1	31
554.654	1	23
554.825	1	14
554.995	1	19
555.166	1	38
555.336	1	11
555.506	1	27
555.677	1	28
555.847	1	18
556.018	1	22
556.188	1	19
556.359	1	21
556.529	1	15
556.699	1	25
556.870	1	12
557.040	1	16
557.211	1	19
557.381	1	18
557.551	1	16
557.722	1	18
557.892	1	20
558.063	1	19
558.233	1	19
558.403	1	13
558.574	1	20
558.744	1	20
558.915	1	17
559.085	1	19
559.255	1	13
559.426	1	22
559.596	1	20
559.767	1	21
559.937	1	9
560.107	1	24
560.278	1	10
560.448	1	17
560.618	1	17
560.789	1	14
560.959	1	15
561.130	1	2
561.300	1	17
561.470	1	20
561.641	1	13
561.811	1	9
561.982	1	14
562.152	1	11
562.322	1	16
562.493	1	13
562.663	1	20
562.833	1	14
563.004	1	15
563.174	1	3
563.345	1	17
563.515	1	13
563.685	1	12
563.856	1	11
564.026	1	17
564.196	1	13
564.367	1	12
564.537	1	11
564.707	1	10
564.878	1	19
565.048	1	15
565.219	1	21
565.389	1	18
565.559	1	6
565.730	1	11
565.900	1	13
566.070	1	21
566.241	1	8
566.411	1	24
566.581	1	11
566.752	1	5
566.922	1	7
567.093	1	13
567.263	1	20
567.433	1	13
567.604	1	19
567.774	1	12
567.944	1	7
568.115	1	24
568.285	1	18
568.455	1	9
568.626	1	8
568.796	1	1
568.966	1	19
569.137	1	12
569.307	1	12
569.477	1	21
569.648	1	9
569.818	1	17
569.988	1	18
570.159	1	14
570.329	1	14
570.499	1	7
570.670	1	20
570.840	1	12
571.010	1	22
571.181	1	14
571.351	1	15
571.521	1	16
571.692	1	5
571.862	1	15
572.032	1	18
572.203	1	10
572.373	1	8
572.543	1	21
572.714	1	3
572.884	1	14
573.054	1	18
573.225	1	6
573.395	1	20
573.565	1	7
573.736	1	9
573.906	1	12
574.076	1	11
574.247	1	15
574.417	1	23
574.587	1	10
574.757	1	8
574.928	1	1
575.098	1	10
575.268	1	18
575.439	1	12
575.609	1	19
575.779	1	3
575.950	1	14
576.120	1	16
576.290	1	11
576.461	1	12
576.631	1	12
576.801	1	14
576.971	1	17
577.142	1	22
577.312	1	9
577.482	1	11
577.653	1	11
577.823	1	3
577.993	1	10
578.164	1	20
578.334	1	17
578.504	1	6
578.674	1	8
578.845	1	3
579.015	1	11
579.185	1	17
579.356	1	11
579.526	1	23
579.696	1	6
579.866	1	14
580.037	1	11
580.207	1	6
580.377	1	15
580.548	1	18
580.718	1	7
580.888	1	12
581.058	1	21
581.229	1	9
581.399	1	14
581.569	1	20
581.739	1	6
581.910	1	0
582.080	1	6
582.250	1	2
582.421	1	2
582.591	1	8
582.761	1	3
582.931	1	18
583.102	1	9
583.272	1	21
583.442	1	9
583.612	1	22
583.783	1	9
583.953	1	9
584.123	1	0
584.294	1	9
584.464	1	4
584.634	1	21
584.804	1	2
584.975	1	10
585.145	1	3
585.315	1	11
585.485	1	6
585.656	1	12
585.826	1	5
585.996	1	-11
586.166	1	8
586.337	1	5
586.507	1	12
586.677	1	-3
586.847	1	17
587.018	1	14
587.188	1	12
587.358	1	9
587.528	1	8
587.699	1	0
587.869	1	18
588.039	1	19
588.209	1	5
588.380	1	8
588.550	1	17
588.720	1	-2
588.890	1	15
589.060	1	18
589.231	1	2
589.401	1	9
589.571	1	10
589.741	1	4
589.912	1	5
590.082	1	7
590.252	1	26
590.422	1	-1
590.593	1	3
590.763	1	-5
590.933	1	18
591.103	1	11
591.273	1	10
591.444	1	5
591.614	1	15
591.784	1	27
591.954	1	12
592.125	1	25
592.295	1	11
592.465	1	12
592.635	1	3
592.805	1	18
592.976	1	10
593.146	1	8
593.316	1	4
593.486	1	12
593.657	1	9
593.827	1	16
593.997	1	-1
594.167	1	3
594.337	1	9
594.508	1	7
594.678	1	9
594.848	1	8
595.018	1	14
595.188	1	23
595.359	1	9
595.529	1	4
595.699	1	13
595.869	1	7
596.039	1	14
596.210	1	9
596.380	1	13
596.550	1	8
596.720	1	16
596.890	1	30
597.061	1	13
597.231	1	-1
597.401	1	6
597.571	1	14
597.741	1	0
597.912	1	9
598.082	1	7
598.252	1	4
598.422	1	6
598.592	1	6
598.762	1	25
598.933	1	14
599.103	1	6
599.273	1	7
599.443	1	14
599.613	1	3
599.784	1	-1
599.954	1	20
600.124	1	10
600.294	1	12
600.464	1	-3
600.634	1	11
600.805	1	17
600.975	1	7
601.145	1	6
601.315	1	6
601.485	1	10
601.656	1	8
601.826	1	11
601.996	1	20
602.166	1	11
602.336	1	3
602.506	1	10
602.677	1	14
602.847	1	10
603.017	1	14
603.187	1	10
603.357	1	16
603.527	1	1
603.697	1	2
603.868	1	3
604.038	1	-3
604.208	1	24
604.378	1	10
604.548	1	14
604.718	1	13
604.889	1	16
605.059	1	8
605.229	1	12
605.399	1	13
605.569	1	17
605.739	1	16
605.909	1	12
606.080	1	5
606.250	1	14
606.420	1	18
606.590	1	14
606.760	1	12
606.930	1	14
607.100	1	19
607.271	1	14
607.441	1	8
607.611	1	14
607.781	1	11
607.951	1	18
608.121	1	23
608.291	1	14
608.462	1	10
608.632	1	11
608.802	1	2
608.972	1	16
609.142	1	18
609.312	1	10
609.482	1	11
609.652	1	16
609.823	1	13
609.993	1	13
610.163	1	11
610.333	1	7
610.503	1	14
610.673	1	12
610.843	1	14
611.013	1	19
611.184	1	16
611.354	1	12
611.524	1	4
611.694	1	21
611.864	1	15
612.034	1	5
612.204	1	6
612.374	1	13
612.545	1	14
612.715	1	23
612.885	1	9
613.055	1	13
613.225	1	17
613.395	1	8
613.565	1	13
613.735	1	22
613.905	1	24
614.075	1	13
614.246	1	12
614.416	1	12
614.586	1	16
614.756	1	9
614.926	1	7
615.096	1	13
615.266	1	10
615.436	1	21
615.606	1	12
615.776	1	9
615.947	1	18
616.117	1	19
616.287	1	3
616.457	1	12
616.627	1	8
616.797	1	19
616.967	1	22
617.137	1	22
617.307	1	3
617.477	1	11
617.647	1	15
617.818	1	4
617.988	1	14
618.158	1	24
618.328	1	17
618.498	1	24
618.668	1	4
618.838	1	12
619.008	1	13
619.178	1	20
619.348	1	11
619.518	1	9
619.688	1	15
619.859	1	15
620.029	1	13
620.199	1	6
620.369	1	20
620.539	1	9
620.709	1	18
620.879	1	8
621.049	1	14
621.219	1	10
621.389	1	20
621.559	1	10
621.729	1	12
621.899	1	12
622.069	1	22
622.239	1	0
622.410	1	7
622.580	1	15
622.750	1	23
622.920	1	18
623.090	1	8
623.260	1	20
623.430	1	28
623.600	1	14
623.770	1	4
623.940	1	6
624.110	1	20
624.280	1	8
624.450	1	17
624.620	1	16
624.790	1	15
624.960	1	22
625.130	1	17
625.300	1	15
625.470	1	18
625.640	1	11
625.811	1	15
625.981	1	12
626.151	1	29
626.321	1	8
626.491	1	17
626.661	1	11
626.831	1	25
627.001	1	15
627.171	1	8
627.341	1	13
627.511	1	8
627.681	1	6
627.851	1	26
628.021	1	14
628.191	1	22
628.361	1	20
628.531	1	25
628.701	1	28
628.871	1	19
629.041	1	3
629.211	1	7
629.381	1	23
629.551	1	17
629.721	1	22
629.891	1	14
630.061	1	19
630.231	1	18
630.401	1	18
630.571	1	21
630.741	1	21
630.911	1	19
631.081	1	2
631.251	1	10
631.421	1	16
631.591	1	21
631.761	1	15
631.931	1	4
632.101	1	18
632.271	1	11
632.441	1	25
632.611	1	10
632.782	1	5
632.952	1	12
633.122	1	3
633.292	1	19
633.462	1	25
633.632	1	19
633.802	1	17
633.972	1	23
634.142	1	15
634.312	1	28
634.482	1	15
634.652	1	20
634.821	1	25
634.991	1	7
635.161	1	16
635.331	1	21
635.501	1	7
635.671	1	15
635.841	1	23
636.011	1	16
636.181	1	24
636.351	1	13
636.521	1	14
636.691	1	19
636.861	1	15
637.031	1	11
637.201	1	28
637.371	1	2
637.541	1	14
637.711	1	30
637.881	1	14
638.051	1	13
638.221	1	24
638.391	1	19
638.561	1	17
638.731	1	6
638.901	1	9
639.071	1	7
639.241	1	20
639.411	1	6
639.581	1	16
639.751	1	17
639.921	1	16
640.091	1	18
640.261	1	23
640.431	1	26
640.601	1	8
640.771	1	9
640.941	1	29
641.111	1	15
641.281	1	26
641.451	1	20
641.621	1	14
641.791	1	7
641.960	1	2
642.130	1	15
642.300	1	20
642.470	1	15
642.640	1	25
642.810	1	17
642.980	1	22
643.150	1	24
643.320	1	7
643.490	1	14
643.660	1	19
643.830	1	20
644.000	1	26
644.170	1	16
644.340	1	13
644.510	1	21
644.680	1	14
644.850	1	17
645.020	1	15
645.189	1	33
645.359	1	27
645.529	1	20
645.699	1	15
645.869	1	15
646.039	1	19
646.209	1	15
646.379	1	19
646.549	1	24
646.719	1	12
646.889	1	17
647.059	1	20
647.229	1	21
647.399	1	18
647.569	1	19
647.738	1	29
647.908	1	20
648.078	1	14
648.248	1	21
648.418	1	21
648.588	1	23
648.758	1	23
648.928	1	20
649.098	1	18
649.268	1	28
649.438	1	16
649.608	1	13
649.778	1	26
649.947	1	23
650.117	1	26
650.287	1	23
650.457	1	30
650.627	1	37
650.797	1	12
650.967	1	37
651.137	1	23
651.307	1	33
651.477	1	39
651.647	1	17
651.816	1	24
651.986	1	34
652.156	1	18
652.326	1	22
652.496	1	15
652.666	1	29
652.836	1	18
653.006	1	19
653.176	1	25
653.346	1	20
653.515	1	16
653.685	1	28
653.855	1	21
654.025	1	11
654.195	1	17
654.365	1	15
654.535	1	27
654.705	1	15
654.875	1	18
655.044	1	27
655.214	1	19
655.384	1	15
655.554	1	8
655.724	1	24
655.894	1	18
656.064	1	29
656.234	1	30
656.404	1	29
656.573	1	12
656.743	1	31
656.913	1	36
657.083	1	18
657.253	1	21
657.423	1	19
657.593	1	21
657.763	1	28
657.932	1	25
658.102	1	37
658.272	1	27
658.442	1	21
658.612	1	31
658.782	1	28
658.952	1	11
659.121	1	30
659.291	1	31
659.461	1	21
659.631	1	20
659.801	1	33
659.971	1	10
660.141	1	27
660.311	1	20
660.480	1	23
660.650	1	21
660.820	1	22
660.990	1	18
661.160	1	30
661.330	1	10
661.500	1	19
661.669	1	30
661.839	1	35
662.009	1	30
662.179	1	31
662.349	1	38
662.519	1	18
662.688	1	25
662.858	1	27
663.028	1	24
663.198	1	19
663.368	1	26
663.538	1	26
663.708	1	17
663.877	1	21
664.047	1	23
664.217	1	18
664.387	1	16
664.557	1	32
664.727	1	19
664.896	1	30
665.066	1	36
665.236	1	19
665.406	1	25
665.576	1	27
665.746	1	37
665.915	1	41
666.085	1	25
666.255	1	23
666.425	1	22
666.595	1	28
666.765	1	23
666.934	1	20
667.104	1	19
667.274	1	33
667.444	1	19
667.614	1	20
667.783	1	26
667.953	1	27
668.123	1	20
668.293	1	21
668.463	1	27
668.633	1	27
668.802	1	35
668.972	1	20
669.142	1	40
669.312	1	36
669.482	1	21
669.651	1	25
669.821	1	22
669.991	1	21
670.161	1	27
670.331	1	21
670.500	1	34
670.670	1	33
670.840	1	17
671.010	1	38
671.180	1	33
671.349	1	26
671.519	1	18
671.689	1	26
671.859	1	20
672.029	1	25
672.198	1	31
672.368	1	26
672.538	1	20
672.708	1	39
672.878	1	25
673.047	1	24
673.217	1	29
673.387	1	31
673.557	1	19
673.727	1	43
673.896	1	22
674.066	1	23
674.236	1	31
674.406	1	26
674.576	1	12
674.745	1	37
674.915	1	20
675.085	1	16
675.255	1	34
675.424	1	32
675.594	1	28
675.764	1	24
675.934	1	31
676.104	1	22
676.273	1	17
676.443	1	34
676.613	1	23
676.783	1	24
676.952	1	43
677.122	1	37
677.292	1	22
677.462	1	28
677.632	1	34
677.801	1	33
677.971	1	27
678.141	1	35
678.311	1	26
678.480	1	21
678.650	1	36
678.820	1	33
678.990	1	26
679.159	1	38
679.329	1	25
679.499	1	23
679.669	1	32
679.838	1	28
680.008	1	24
680.178	1	31
680.348	1	26
680.517	1	33
680.687	1	25
680.857	1	25
681.027	1	23
681.196	1	25
681.366	1	37
681.536	1	35
681.706	1	25
681.875	1	36
682.045	1	24
682.215	1	21
682.385	1	29
682.554	1	40
682.724	1	26
682.894	1	27
683.064	1	33
683.233	1	33
683.403	1	28
683.573	1	41
683.743	1	29
683.912	1	36
684.082	1	39
684.252	1	36
684.421	1	30
684.591	1	31
684.761	1	26
684.931	1	27
685.100	1	33
685.270	1	33
685.440	1	40
685.610	1	29
685.779	1	23
685.949	1	29
686.119	1	27
686.288	1	34
686.458	1	25
686.628	1	17
686.798	1	24
686.967	1	29
687.137	1	34
687.307	1	26
687.477	1	27
687.646	1	28
687.816	1	31
687.986	1	26
688.155	1	39
688.325	1	32
688.495	1	27
688.665	1	35
688.834	1	31
689.004	1	35
689.174	1	30
689.343	1	33
689.513	1	32
689.683	1	39
689.852	1	41
690.022	1	18
690.192	1	26
690.362	1	32
690.531	1	25
690.701	1	39
690.871	1	43
691.040	1	40
691.210	1	38
691.380	1	26
691.549	1	26
691.719	1	32
691.889	1	40
692.059	1	30
692.228	1	41
692.398	1	42
692.568	1	38
692.737	1	30
692.907	1	32
693.077	1	37
693.246	1	33
693.416	1	28
693.586	1	31
693.755	1	35
693.925	1	36
694.095	1	40
694.264	1	33
694.434	1	21
694.604	1	31
694.773	1	18
694.943	1	46
695.113	1	28
695.282	1	28
695.452	1	27
695.622	1	44
695.791	1	33
695.961	1	39
696.131	1	29
696.301	1	32
696.470	1	27
696.640	1	26
696.810	1	38
696.979	1	32
697.149	1	27
697.319	1	30
697.488	1	35
697.658	1	40
697.827	1	21
697.997	1	27
698.167	1	37
698.336	1	18
698.506	1	27
698.676	1	29
698.845	1	35
699.015	1	29
699.185	1	25
699.354	1	18
699.524	1	34
699.694	1	35
699.863	1	41
700.033	1	32
700.203	1	29
700.372	1	47
700.542	1	25
700.712	1	28
700.881	1	30
701.051	1	36
701.221	1	36
701.390	1	27
701.560	1	35
701.729	1	30
701.899	1	27
702.069	1	35
702.238	1	31
702.408	1	33
702.578	1	28
702.747	1	39
702.917	1	34
703.087	1	19
703.256	1	22
703.426	1	31
703.595	1	38
703.765	1	32
703.935	1	31
704.104	1	38
704.274	1	48
704.444	1	14
704.613	1	29
704.783	1	35
704.952	1	25
705.122	1	37
705.292	1	31
705.461	1	34
705.631	1	27
705.801	1	34
705.970	1	32
706.140	1	26
706.309	1	45
706.479	1	28
706.649	1	28
706.818	1	31
706.988	1	37
707.157	1	37
707.327	1	30
707.497	1	45
707.666	1	22
707.836	1	12
708.006	1	27
708.175	1	38
708.345	1	30
708.514	1	33
708.684	1	20
708.854	1	38
709.023	1	32
709.193	1	19
709.362	1	30
709.532	1	38
709.702	1	37
709.871	1	30
710.041	1	49
710.210	1	36
710.380	1	39
710.550	1	25
710.719	1	30
710.889	1	32
711.058	1	41
711.228	1	32
711.397	1	25
711.567	1	35
711.737	1	34
711.906	1	42
712.076	1	31
712.245	1	27
712.415	1	24
712.585	1	27
712.754	1	29
712.924	1	28
713.093	1	24
713.263	1	29
713.432	1	22
713.602	1	23
713.772	1	31
713.941	1	36
714.111	1	23
714.280	1	42
714.450	1	42
714.619	1	22
714.789	1	45
714.959	1	22
715.128	1	39
715.298	1	19
715.467	1	30
715.637	1	29
715.806	1	27
715.976	1	27
716.146	1	28
716.315	1	34
716.485	1	16
716.654	1	34
716.824	1	18
716.993	1	23
717.163	1	27
717.333	1	22
717.502	1	36
717.672	1	17
717.841	1	36
718.011	1	31
718.180	1	28
718.350	1	29
718.519	1	31
718.689	1	23
718.858	1	32
719.028	1	32
719.198	1	26
719.367	1	25
719.537	1	33
719.706	1	21
719.876	1	40
720.045	1	28
720.215	1	27
720.384	1	31
720.554	1	23
720.723	1	40
720.893	1	38
721.063	1	19
721.232	1	21
721.402	1	35
721.571	1	41
721.741	1	26
721.910	1	32
722.080	1	28
722.249	1	27
722.419	1	31
722.588	1	32
722.758	1	12
722.927	1	18
723.097	1	26
723.266	1	26
723.436	1	34
723.606	1	21
723.775	1	31
723.945	1	24
724.114	1	17
724.284	1	29
724.453	1	9
724.623	1	16
724.792	1	27
724.962	1	30
725.131	1	31
725.301	1	30
725.470	1	36
725.640	1	28
725.809	1	27
725.979	1	33
726.148	1	42
726.318	1	19
726.487	1	25
726.657	1	31
726.826	1	33
726.996	1	35
727.165	1	32
727.335	1	32
727.504	1	31
727.674	1	22
727.843	1	26
728.013	1	20
728.182	1	33
728.352	1	24
728.521	1	20
728.691	1	29
728.860	1	43
729.030	1	20
729.199	1	26
729.369	1	23
729.538	1	23
729.708	1	26
729.877	1	33
730.047	1	25
730.216	1	20
730.386	1	29
730.555	1	17
730.725	1	17
730.894	1	45
731.064	1	16
731.233	1	20
731.403	1	41
731.572	1	26
731.742	1	20
731.911	1	25
732.081	1	13
732.250	1	21
732.420	1	38
732.589	1	14
732.758	1	18
732.928	1	18
733.097	1	22
733.267	1	14
733.436	1	24
733.606	1	33
733.775	1	18
733.945	1	23
734.114	1	35
734.284	1	29
734.453	1	31
734.623	1	25
734.792	1	24
734.962	1	18
735.131	1	39
735.301	1	31
735.470	1	24
735.639	1	17
735.809	1	34
735.978	1	29
736.148	1	17
736.317	1	28
736.487	1	20
736.656	1	10
736.826	1	32
736.995	1	23
737.165	1	22
737.334	1	39
737.503	1	45
737.673	1	23
737.842	1	27
738.012	1	21
738.181	1	26
738.351	1	29
738.520	1	17
738.690	1	18
738.859	1	32
739.028	1	22
739.198	1	18
739.367	1	27
739.537	1	27
739.706	1	30
739.876	1	16
740.045	1	23
740.215	1	33
740.384	1	24
740.553	1	16
740.723	1	29
740.892	1	21
741.062	1	22
741.231	1	28
741.401	1	20
741.570	1	33
741.739	1	31
741.909	1	12
742.078	1	33
742.248	1	25
742.417	1	25
742.587	1	35
742.756	1	34
742.925	1	22
743.095	1	34
743.264	1	23
743.434	1	18
743.603	1	29
743.772	1	31
743.942	1	34
744.111	1	28
744.281	1	4
744.450	1	17
744.620	1	26
744.789	1	26
744.958	1	30
745.128	1	33
745.297	1	22
745.467	1	22
745.636	1	29
745.805	1	10
745.975	1	24
746.144	1	26
746.314	1	22
746.483	1	31
746.652	1	35
746.822	1	26
746.991	1	23
747.161	1	22
747.330	1	31
747.499	1	21
747.669	1	26
747.838	1	28
748.008	1	5
748.177	1	30
748.346	1	26
748.516	1	27
748.685	1	32
748.855	1	28
749.024	1	29
749.193	1	28
749.363	1	26
749.532	1	19
749.702	1	29
749.871	1	20
750.040	1	29
750.210	1	22
750.379	1	22
750.548	1	33
750.718	1	11
750.887	1	26
751.057	1	33
751.226	1	19
751.395	1	13
751.565	1	14
751.734	1	25
751.903	1	19
752.073	1	28
752.242	1	21
752.412	1	36
752.581	1	37
752.750	1	33
752.920	1	14
753.089	1	32
753.258	1	31
753.428	1	11
753.597	1	25
753.767	1	33
753.936	1	23
754.105	1	26
754.275	1	27
754.444	1	21
754.613	1	33
754.783	1	32
754.952	1	20
755.121	1	22
755.291	1	29
755.460	1	20
755.629	1	31
755.799	1	22
755.968	1	22
756.138	1	19
756.307	1	30
756.476	1	19
756.646	1	36
756.815	1	18
756.984	1	11
757.154	1	30
757.323	1	24
757.492	1	32
757.662	1	25
757.831	1	20
758.000	1	16
758.170	1	35
758.339	1	18
758.508	1	20
758.678	1	22
758.847	1	21
759.016	1	11
759.186	1	31
759.355	1	24
759.524	1	31
759.694	1	21
759.863	1	24
760.032	1	11
760.202	1	27
760.371	1	18
760.540	1	30
760.710	1	36
760.879	1	21
761.048	1	14
761.218	1	35
761.387	1	26
761.556	1	27
761.726	1	17
761.895	1	35
762.064	1	28
762.234	1	22
762.403	1	40
762.572	1	39
762.742	1	22
762.911	1	31
763.080	1	24
763.249	1	29
763.419	1	22
763.588	1	27
763.757	1	26
763.927	1	39
764.096	1	32
764.265	1	27
764.435	1	26
764.604	1	23
764.773	1	30
764.943	1	28
765.112	1	20
765.281	1	20
765.450	1	38
765.620	1	20
765.789	1	22
765.958	1	20
766.128	1	22
766.297	1	21
766.466	1	19
766.636	1	34
766.805	1	17
766.974	1	24
767.143	1	23
767.313	1	31
767.482	1	21
767.651	1	14
767.821	1	36
767.990	1	23
768.159	1	13
768.328	1	32
768.498	1	25
768.667	1	17
768.836	1	25
769.006	1	31
769.175	1	24
769.344	1	30
769.513	1	24
769.683	1	16
769.852	1	30
770.021	1	19
770.191	1	17
770.360	1	24
770.529	1	3
770.698	1	17
770.868	1	29
771.037	1	17
771.206	1	23
771.375	1	21
771.545	1	14
771.714	1	33
771.883	1	20
772.053	1	30
772.222	1	31
772.391	1	22
772.560	1	40
772.730	1	24
772.899	1	23
773.068	1	25
773.237	1	24
773.407	1	14
773.576	1	39
773.745	1	25
773.914	1	6
774.084	1	19
774.253	1	23
774.422	1	29
774.591	1	18
774.761	1	20
774.930	1	17
775.099	1	17
775.268	1	16
775.438	1	17
775.607	1	22
775.776	1	15
775.945	1	27
776.115	1	14
776.284	1	8
776.453	1	18
776.622	1	21
776.792	1	17
776.961	1	22
777.130	1	19
777.299	1	26
777.469	1	29
777.638	1	19
777.807	1	30
777.976	1	14
778.146	1	15
778.315	1	22
778.484	1	14
778.653	1	11
778.822	1	22
778.992	1	19
779.161	1	15
779.330	1	13
779.499	1	20
779.669	1	18
779.838	1	24
780.007	1	18
780.176	1	16
780.346	1	24
780.515	1	26
780.684	1	6
780.853	1	19
781.022	1	20
781.192	1	27
781.361	1	26
781.530	1	10
781.699	1	21
781.868	1	13
782.038	1	34
782.207	1	15
782.376	1	21
782.545	1	5
782.715	1	24
782.884	1	20
783.053	1	22
783.222	1	23
783.391	1	22
783.561	1	22
783.730	1	33
783.899	1	24
784.068	1	13
784.237	1	12
784.407	1	22
784.576	1	22
784.745	1	21
784.914	1	11
785.083	1	26
785.253	1	23
785.422	1	12
785.591	1	14
785.760	1	20
785.929	1	22
786.099	1	9
786.268	1	12
786.437	1	4
786.606	1	19
786.775	1	21
786.945	1	28
787.114	1	24
787.283	1	24
787.452	1	20
787.621	1	16
787.790	1	8
787.960	1	14
788.129	1	18
788.298	1	31
788.467	1	19
788.636	1	10
788.806	1	16
788.975	1	19
789.144	1	21
789.313	1	26
789.482	1	17
789.651	1	13
789.821	1	29
789.990	1	11
790.159	1	26
790.328	1	22
790.497	1	15
790.666	1	10
790.836	1	14
791.005	1	15
791.174	1	17
791.343	1	13
791.512	1	17
791.681	1	40
791.851	1	10
792.020	1	15
792.189	1	31
792.358	1	11
792.527	1	16
792.696	1	19
792.866	1	28
793.035	1	22
793.204	1	5
793.373	1	28
793.542	1	9
793.711	1	14
793.880	1	22
794.050	1	21
794.219	1	22
794.388	1	16
794.557	1	8
794.726	1	14
794.895	1	22
795.064	1	21
795.234	1	18
795.403	1	6
795.572	1	6
795.741	1	24
795.910	1	19
796.079	1	28
796.248	1	12
796.418	1	15
796.587	1	23
796.756	1	16
796.925	1	24
797.094	1	10
797.263	1	16
797.432	1	19
797.602	1	20
797.771	1	25
797.940	1	26
798.109	1	11
798.278	1	8
798.447	1	10
798.616	1	20
798.785	1	20
798.955	1	23
799.124	1	20
799.293	1	11
799.462	1	15
799.631	1	15
799.800	1	9
799.969	1	26
800.138	1	21
800.308	1	18
800.477	1	23
800.646	1	11
800.815	1	9
800.984	1	19
801.153	1	11
801.322	1	4
801.491	1	9
801.660	1	12
801.830	1	18
801.999	1	12
802.168	1	7
802.337	1	22
802.506	1	14
802.675	1	17
802.844	1	9
803.013	1	10
803.182	1	16
803.351	1	16
803.521	1	17
803.690	1	20
803.859	1	9
804.028	1	16
804.197	1	19
804.366	1	15
804.535	1	12
804.704	1	14
804.873	1	10
805.042	1	9
805.212	1	21
805.381	1	20
805.550	1	16
805.719	1	6
805.888	1	15
806.057	1	14
806.226	1	15
806.395	1	11
806.564	1	12
806.733	1	9
806.902	1	18
807.071	1	12
807.241	1	18
807.410	1	13
807.579	1	16
807.748	1	16
807.917	1	28
808.086	1	17
808.255	1	10
808.424	1	20
808.593	1	18
808.762	1	17
808.931	1	18
809.100	1	11
809.269	1	16
809.439	1	11
809.608	1	23
809.777	1	25
809.946	1	21
810.115	1	22
810.284	1	18
810.453	1	6
810.622	1	3
810.791	1	12
810.960	1	12
811.129	1	11
811.298	1	21
811.467	1	22
811.636	1	18
811.805	1	7
811.974	1	3
812.143	1	6
812.313	1	17
812.482	1	20
812.651	1	19
812.820	1	10
812.989	1	12
813.158	1	19
813.327	1	17
813.496	1	17
813.665	1	12
813.834	1	28
814.003	1	9
814.172	1	17
814.341	1	15
814.510	1	16
814.679	1	15
814.848	1	13
815.017	1	12
815.186	1	12
815.355	1	19
815.524	1	21
815.693	1	2
815.862	1	20
816.031	1	14
816.200	1	16
816.370	1	13
816.539	1	16
816.708	1	17
816.877	1	23
817.046	1	7
817.215	1	1
817.384	1	6
817.553	1	12
817.722	1	15
817.891	1	21
818.060	1	12
818.229	1	5
818.398	1	17
818.567	1	5
818.736	1	0
818.905	1	18
819.074	1	8
819.243	1	12
819.412	1	8
819.581	1	8
819.750	1	6
819.919	1	13
820.088	1	2
820.257	1	10
820.426	1	8
820.595	1	4
820.764	1	12
820.933	1	16
821.102	1	6
821.271	1	11
821.440	1	15
821.609	1	17
821.778	1	3
821.947	1	16
822.116	1	-2
822.285	1	13
822.454	1	9
822.623	1	18
822.792	1	12
822.961	1	2
823.130	1	4
823.299	1	6
823.468	1	7
823.637	1	11
823.806	1	15
823.975	1	18
824.144	1	7
824.313	1	7
824.482	1	7
824.651	1	15
824.820	1	10
824.989	1	23
825.158	1	-2
825.327	1	9
825.496	1	3
825.665	1	1
825.834	1	20
826.003	1	-1
826.172	1	12
826.341	1	19
826.510	1	12
826.679	1	8
826.848	1	4
827.017	1	0
827.186	1	23
827.355	1	10
827.524	1	11
827.693	1	10
827.862	1	-6
828.031	1	2
828.199	1	7
828.368	1	10
828.537	1	17
828.706	1	10
828.875	1	19
829.044	1	-6
829.213	1	3
829.382	1	0
829.551	1	-1
829.720	1	16
829.889	1	10
830.058	1	9
830.227	1	4
830.396	1	5
830.565	1	14
830.734	1	6
830.903	1	4
831.072	1	12
831.241	1	14
831.410	1	14
831.579	1	7
831.748	1	15
831.917	1	11
832.086	1	7
832.254	1	0
832.423	1	6
832.592	1	10
832.761	1	16
832.930	1	22
833.099	1	13
833.268	1	4
833.437	1	6
833.606	1	11
833.775	1	3
833.944	1	11
834.113	1	7
834.282	1	15
834.451	1	3
834.620	1	11
834.789	1	8
834.957	1	20
835.126	1	9
835.295	1	-1
835.464	1	7
835.633	1	11
835.802	1	26
835.971	1	10
836.140	1	7
836.309	1	-2
836.478	1	6
836.647	1	5
836.816	1	5
836.985	1	10
837.154	1	6
837.322	1	1
837.491	1	16
837.660	1	5
837.829	1	17
837.998	1	13
838.167	1	9
838.336	1	8
838.505	1	14
838.674	1	16
838.843	1	9
839.012	1	3
839.181	1	10
839.349	1	19
839.518	1	7
839.687	1	16
839.856	1	21
840.025	1	5
840.194	1	3
840.363	1	6
840.532	1	8
840.701	1	4
840.870	1	4
841.038	1	14
841.207	1	14
841.376	1	10
841.545	1	21
841.714	1	13
841.883	1	6
842.052	1	19
842.221	1	14
842.390	1	12
842.559	1	24
842.727	1	6
842.896	1	5
843.065	1	3
843.234	1	20
843.403	1	7
843.572	1	21
843.741	1	21
843.910	1	5
844.079	1	17
844.247	1	-4
844.416	1	1
844.585	1	6
844.754	1	22
844.923	1	7
845.092	1	2
845.261	1	7
845.430	1	13
845.598	1	6
845.767	1	7
845.936	1	18
846.105	1	2
846.274	1	6
846.443	1	9
846.612	1	7
846.781	1	-3
846.949	1	8
847.118	1	15
847.287	1	9
847.456	1	10
847.625	1	-1
847.794	1	7
847.963	1	3
848.131	1	8
848.300	1	15
