500.757	1	14
500.928	1	5
501.099	1	10
501.269	1	11
501.440	1	15
501.611	1	21
501.782	1	13
501.952	1	20
502.123	1	-8
502.294	1	17
502.464	1	14
502.635	1	11
502.806	1	28
502.976	1	12
503.147	1	2
503.318	1	8
503.489	1	13
503.659	1	9
503.830	1	12
504.001	1	5
504.171	1	15
504.342	1	16
504.513	1	22
504.683	1	6
504.854	1	4
505.025	1	18
505.195	1	1
505.366	1	6
505.537	1	14
505.707	1	0
505.878	1	15
506.049	1	2
506.219	1	6
506.390	1	11
506.561	1	12
506.731	1	12
506.902	1	14
507.073	1	10
507.243	1	12
507.414	1	18
507.585	1	12
507.755	1	19
507.926	1	17
508.097	1	6
508.267	1	3
508.438	1	7
508.609	1	6
508.779	1	10
508.950	1	2
509.121	1	11
509.291	1	9
509.462	1	9
509.633	1	16
509.803	1	9
509.974	1	11
510.145	1	7
510.315	1	4
510.486	1	11
510.657	1	15
510.827	1	-1
510.998	1	22
511.169	1	16
511.339	1	10
511.510	1	10
511.680	1	9
511.851	1	18
512.022	1	0
512.192	1	8
512.363	1	6
512.534	1	12
512.704	1	0
512.875	1	-9
513.046	1	11
513.216	1	13
513.387	1	-10
513.558	1	12
513.728	1	9
513.899	1	10
514.069	1	11
514.240	1	13
514.411	1	10
514.581	1	7
514.752	1	8
514.923	1	12
515.093	1	10
515.264	1	9
515.434	1	11
515.605	1	7
515.776	1	13
515.946	1	12
516.117	1	2
516.288	1	9
516.458	1	8
516.629	1	4
516.799	1	6
516.970	1	7
517.141	1	0
517.311	1	8
517.482	1	14
517.653	1	12
517.823	1	12
517.994	1	-1
518.164	1	2
518.335	1	5
518.506	1	-1
518.676	1	4
518.847	1	-1
519.017	1	13
519.188	1	-11
519.359	1	4
519.529	1	2
519.700	1	1
519.870	1	-3
520.041	1	-2
520.212	1	4
520.382	1	-1
520.553	1	5
520.723	1	20
520.894	1	9
521.065	1	13
521.235	1	1
521.406	1	2
521.576	1	6
521.747	1	-1
521.918	1	17
522.088	1	-1
522.259	1	12
522.429	1	9
522.600	1	6
522.770	1	11
522.941	1	11
523.112	1	2
523.282	1	2
523.453	1	4
523.623	1	2
523.794	1	-2
523.965	1	8
524.135	1	9
524.306	1	5
524.476	1	5
524.647	1	20
524.817	1	8
524.988	1	7
525.159	1	-4
525.329	1	9
525.500	1	0
525.670	1	-1
525.841	1	1
526.011	1	0
526.182	1	-1
526.353	1	23
526.523	1	6
526.694	1	-7
526.864	1	8
527.035	1	11
527.205	1	6
527.376	1	13
527.547	1	14
527.717	1	10
527.888	1	-11
528.058	1	16
528.229	1	3
528.399	1	15
528.570	1	-6
528.740	1	11
528.911	1	0
529.082	1	2
529.252	1	12
529.423	1	11
529.593	1	-2
529.764	1	-2
529.934	1	2
530.105	1	6
530.275	1	11
530.446	1	10
530.617	1	0
530.787	1	3
530.958	1	6
531.128	1	12
531.299	1	5
531.469	1	6
531.640	1	-4
531.810	1	-8
531.981	1	12
532.151	1	17
532.322	1	14
532.492	1	0
532.663	1	12
532.834	1	3
533.004	1	12
533.175	1	1
533.345	1	4
533.516	1	1
533.686	1	2
533.857	1	8
534.027	1	6
534.198	1	-4
534.368	1	3
534.539	1	3
534.709	1	0
534.880	1	-4
535.050	1	3
535.221	1	-1
535.391	1	5
535.562	1	11
535.732	1	11
535.903	1	7
536.073	1	6
536.244	1	5
536.415	1	4
536.585	1	-1
536.756	1	9
536.926	1	6
537.097	1	4
537.267	1	-2
537.438	1	3
537.608	1	2
537.779	1	-2
537.949	1	5
538.120	1	-6
538.290	1	-3
538.461	1	6
538.631	1	9
538.802	1	11
538.972	1	2
539.143	1	-9
539.313	1	15
539.484	1	16
539.654	1	-6
539.825	1	23
539.995	1	-10
540.166	1	13
540.336	1	8
540.507	1	9
540.677	1	-3
540.848	1	-6
541.018	1	1
541.189	1	14
541.359	1	1
541.530	1	-11
541.700	1	-6
541.871	1	10
542.041	1	-3
542.211	1	7
542.382	1	-4
542.552	1	-8
542.723	1	7
542.893	1	16
543.064	1	4
543.234	1	8
543.405	1	2
543.575	1	-9
543.746	1	-5
543.916	1	5
544.087	1	-4
544.257	1	-5
544.428	1	-1
544.598	1	1
544.769	1	-2
544.939	1	3
545.110	1	9
545.280	1	5
545.451	1	0
545.621	1	9
545.791	1	5
545.962	1	11
546.132	1	13
546.303	1	10
546.473	1	-3
546.644	1	9
546.814	1	7
546.985	1	-1
547.155	1	14
547.326	1	15
547.496	1	3
547.666	1	12
547.837	1	0
548.007	1	-5
548.178	1	1
548.348	1	5
548.519	1	4
548.689	1	2
548.860	1	-3
549.030	1	1
549.201	1	9
549.371	1	-3
549.541	1	6
549.712	1	-1
549.882	1	-5
550.053	1	6
550.223	1	1
550.394	1	2
550.564	1	3
550.735	1	4
550.905	1	9
551.075	1	-8
551.246	1	2
551.416	1	-5
551.587	1	1
551.757	1	2
551.928	1	-5
552.098	1	3
552.268	1	-5
552.439	1	7
552.609	1	-1
552.780	1	0
552.950	1	-6
553.121	1	5
553.291	1	-6
553.461	1	-8
553.632	1	-2
553.802	1	6
553.973	1	10
554.143	1	-10
554.314	1	0
554.484	1	5
554.654	1	6
554.825	1	2
554.995	1	1
555.166	1	11
555.336	1	-1
555.506	1	3
555.677	1	1
555.847	1	13
556.018	1	-8
556.188	1	0
556.359	1	10
556.529	1	-3
556.699	1	3
556.870	1	-5
557.040	1	9
557.211	1	11
557.381	1	7
557.551	1	-9
557.722	1	11
557.892	1	1
558.063	1	15
558.233	1	-4
558.403	1	1
558.574	1	11
558.744	1	5
558.915	1	13
559.085	1	8
559.255	1	10
559.426	1	8
559.596	1	-2
559.767	1	3
559.937	1	-10
560.107	1	11
560.278	1	-14
560.448	1	3
560.618	1	7
560.789	1	7
560.959	1	2
561.130	1	1
561.300	1	2
561.470	1	3
561.641	1	-7
561.811	1	-1
561.982	1	5
562.152	1	-9
562.322	1	3
562.493	1	-4
562.663	1	-3
562.833	1	-1
563.004	1	8
563.174	1	-5
563.345	1	1
563.515	1	2
563.685	1	8
563.856	1	2
564.026	1	-2
564.196	1	-8
564.367	1	4
564.537	1	-10
564.707	1	1
564.878	1	6
565.048	1	8
565.219	1	6
565.389	1	8
565.559	1	-12
565.730	1	-2
565.900	1	3
566.070	1	15
566.241	1	-1
566.411	1	0
566.581	1	-4
566.752	1	6
566.922	1	-5
567.093	1	-4
567.263	1	17
567.433	1	1
567.604	1	0
567.774	1	1
567.944	1	-5
568.115	1	5
568.285	1	-5
568.455	1	-5
568.626	1	2
568.796	1	-12
568.966	1	-3
569.137	1	-1
569.307	1	0
569.477	1	11
569.648	1	3
569.818	1	1
569.988	1	-5
570.159	1	4
570.329	1	-3
570.499	1	-6
570.670	1	12
570.840	1	6
571.010	1	0
571.181	1	-4
571.351	1	10
571.521	1	-2
571.692	1	-4
571.862	1	3
572.032	1	5
572.203	1	-3
572.373	1	-3
572.543	1	1
572.714	1	-4
572.884	1	3
573.054	1	10
573.225	1	-4
573.395	1	-2
573.565	1	-3
573.736	1	-2
573.906	1	9
574.076	1	4
574.247	1	1
574.417	1	11
574.587	1	2
574.757	1	0
574.928	1	-4
575.098	1	0
575.268	1	9
575.439	1	1
575.609	1	4
575.779	1	-4
575.950	1	-5
576.120	1	14
576.290	1	1
576.461	1	1
576.631	1	3
576.801	1	0
576.971	1	10
577.142	1	7
577.312	1	-1
577.482	1	4
577.653	1	3
577.823	1	-2
577.993	1	6
578.164	1	19
578.334	1	1
578.504	1	-7
578.674	1	-6
578.845	1	-7
579.015	1	-1
579.185	1	8
579.356	1	1
579.526	1	8
579.696	1	1
579.866	1	10
580.037	1	-3
580.207	1	-1
580.377	1	-5
580.548	1	2
580.718	1	4
580.888	1	-2
581.058	1	4
581.229	1	1
581.399	1	-1
581.569	1	11
581.739	1	1
581.910	1	-2
582.080	1	-5
582.250	1	6
582.421	1	-4
582.591	1	0
582.761	1	3
582.931	1	9
583.102	1	2
583.272	1	11
583.442	1	-8
583.612	1	9
583.783	1	-2
583.953	1	-2
584.123	1	1
584.294	1	1
584.464	1	0
584.634	1	13
584.804	1	-4
584.975	1	3
585.145	1	3
585.315	1	3
585.485	1	-3
585.656	1	5
585.826	1	10
585.996	1	-15
586.166	1	6
586.337	1	0
586.507	1	6
586.677	1	-4
586.847	1	1
587.018	1	-4
587.188	1	-3
587.358	1	1
587.528	1	-1
587.699	1	1
587.869	1	7
588.039	1	-1
588.209	1	3
588.380	1	-4
588.550	1	14
588.720	1	-11
588.890	1	17
589.060	1	0
589.231	1	-9
589.401	1	-4
589.571	1	2
589.741	1	2
589.912	1	-4
590.082	1	-1
590.252	1	5
590.422	1	0
590.593	1	-4
590.763	1	-1
590.933	1	6
591.103	1	2
591.273	1	6
591.444	1	4
591.614	1	2
591.784	1	6
591.954	1	12
592.125	1	3
592.295	1	6
592.465	1	5
592.635	1	1
592.805	1	4
592.976	1	-4
593.146	1	-8
593.316	1	-1
593.486	1	-1
593.657	1	3
593.827	1	4
593.997	1	-1
594.167	1	3
594.337	1	-11
594.508	1	-15
594.678	1	6
594.848	1	-7
595.018	1	-10
595.188	1	1
595.359	1	4
595.529	1	-6
595.699	1	-1
595.869	1	-2
596.039	1	2
596.210	1	4
596.380	1	2
596.550	1	-7
596.720	1	-6
596.890	1	6
597.061	1	7
597.231	1	-4
597.401	1	-1
597.571	1	-1
597.741	1	-1
597.912	1	0
598.082	1	-5
598.252	1	0
598.422	1	-4
598.592	1	-16
598.762	1	6
598.933	1	0
599.103	1	-5
599.273	1	6
599.443	1	6
599.613	1	-3
599.784	1	-13
599.954	1	0
600.124	1	-4
600.294	1	5
600.464	1	1
600.634	1	7
600.805	1	9
600.975	1	-4
601.145	1	-15
601.315	1	2
601.485	1	7
601.656	1	-5
601.826	1	3
601.996	1	7
602.166	1	0
602.336	1	3
602.506	1	-4
602.677	1	-7
602.847	1	-2
603.017	1	2
603.187	1	1
603.357	1	3
603.527	1	-4
603.697	1	-13
603.868	1	6
604.038	1	3
604.208	1	11
604.378	1	4
604.548	1	7
604.718	1	-2
604.889	1	0
605.059	1	0
605.229	1	5
605.399	1	3
605.569	1	-1
605.739	1	16
605.909	1	-8
606.080	1	-6
606.250	1	-3
606.420	1	12
606.590	1	11
606.760	1	10
606.930	1	0
607.100	1	8
607.271	1	2
607.441	1	1
607.611	1	5
607.781	1	-2
607.951	1	0
608.121	1	10
608.291	1	1
608.462	1	3
608.632	1	-3
608.802	1	-4
608.972	1	12
609.142	1	3
609.312	1	-1
609.482	1	-7
609.652	1	0
609.823	1	2
609.993	1	0
610.163	1	5
610.333	1	-1
610.503	1	-4
610.673	1	-8
610.843	1	3
611.013	1	13
611.184	1	10
611.354	1	1
611.524	1	-7
611.694	1	12
611.864	1	-2
612.034	1	0
612.204	1	1
612.374	1	3
612.545	1	2
612.715	1	12
612.885	1	-9
613.055	1	-5
613.225	1	4
613.395	1	1
613.565	1	1
613.735	1	5
613.905	1	9
614.075	1	4
614.246	1	0
614.416	1	-10
614.586	1	-4
614.756	1	-1
614.926	1	3
615.096	1	5
615.266	1	0
615.436	1	0
615.606	1	1
615.776	1	8
615.947	1	6
616.117	1	1
616.287	1	0
616.457	1	-6
616.627	1	7
616.797	1	-5
616.967	1	6
617.137	1	9
617.307	1	8
617.477	1	2
617.647	1	0
617.818	1	-4
617.988	1	-9
618.158	1	1
618.328	1	4
618.498	1	13
618.668	1	-1
618.838	1	4
619.008	1	-1
619.178	1	10
619.348	1	-4
619.518	1	-4
619.688	1	1
619.859	1	-1
620.029	1	2
620.199	1	-9
620.369	1	11
620.539	1	8
620.709	1	7
620.879	1	-12
621.049	1	8
621.219	1	4
621.389	1	11
621.559	1	-2
621.729	1	6
621.899	1	2
622.069	1	17
622.239	1	-2
622.410	1	3
622.580	1	7
622.750	1	14
622.920	1	6
623.090	1	1
623.260	1	6
623.430	1	4
623.600	1	0
623.770	1	-4
623.940	1	-18
624.110	1	4
624.280	1	6
624.450	1	2
624.620	1	0
624.790	1	4
624.960	1	4
625.130	1	1
625.300	1	-5
625.470	1	-1
625.640	1	-5
625.811	1	1
625.981	1	-2
626.151	1	9
626.321	1	-4
626.491	1	5
626.661	1	6
626.831	1	11
627.001	1	8
627.171	1	9
627.341	1	-2
627.511	1	12
627.681	1	0
627.851	1	7
628.021	1	-1
628.191	1	3
628.361	1	16
628.531	1	5
628.701	1	10
628.871	1	5
629.041	1	-1
629.211	1	6
629.381	1	4
629.551	1	4
629.721	1	5
629.891	1	7
630.061	1	18
630.231	1	-2
630.401	1	-3
630.571	1	0
630.741	1	15
630.911	1	1
631.081	1	-5
631.251	1	0
631.421	1	9
631.591	1	4
631.761	1	0
631.931	1	-1
632.101	1	0
632.271	1	8
632.441	1	13
632.611	1	3
632.782	1	-3
632.952	1	0
633.122	1	-4
633.292	1	-1
633.462	1	9
633.632	1	0
633.802	1	3
633.972	1	8
634.142	1	0
634.312	1	15
634.482	1	2
634.652	1	4
634.821	1	-4
634.991	1	-3
635.161	1	5
635.331	1	0
635.501	1	-7
635.671	1	8
635.841	1	6
636.011	1	3
636.181	1	5
636.351	1	-6
636.521	1	2
636.691	1	-15
636.861	1	0
637.031	1	-3
637.201	1	0
637.371	1	-2
637.541	1	5
637.711	1	13
637.881	1	-4
638.051	1	11
638.221	1	1
638.391	1	5
638.561	1	-2
638.731	1	-9
638.901	1	-10
639.071	1	-5
639.241	1	20
639.411	1	8
639.581	1	-5
639.751	1	7
639.921	1	6
640.091	1	-3
640.261	1	-3
640.431	1	2
640.601	1	11
640.771	1	0
640.941	1	-7
641.111	1	12
641.281	1	2
641.451	1	2
641.621	1	8
641.791	1	-3
641.960	1	-9
642.130	1	9
642.300	1	6
642.470	1	-2
642.640	1	17
642.810	1	-2
642.980	1	13
643.150	1	7
643.320	1	-4
643.490	1	7
643.660	1	8
643.830	1	5
644.000	1	1
644.170	1	9
644.340	1	14
644.510	1	-1
644.680	1	-11
644.850	1	6
645.020	1	2
645.189	1	13
645.359	1	2
645.529	1	9
645.699	1	-3
645.869	1	-5
646.039	1	9
646.209	1	-3
646.379	1	8
646.549	1	-4
646.719	1	0
646.889	1	-6
647.059	1	1
647.229	1	2
647.399	1	-4
647.569	1	6
647.738	1	8
647.908	1	-2
648.078	1	-5
648.248	1	8
648.418	1	5
648.588	1	8
648.758	1	4
648.928	1	-6
649.098	1	0
649.268	1	-1
649.438	1	3
649.608	1	-1
649.778	1	6
649.947	1	-3
650.117	1	0
650.287	1	9
650.457	1	11
650.627	1	4
650.797	1	3
650.967	1	5
651.137	1	-1
651.307	1	10
651.477	1	13
651.647	1	14
651.816	1	6
651.986	1	9
652.156	1	-1
652.326	1	-1
652.496	1	-1
652.666	1	10
652.836	1	-4
653.006	1	11
653.176	1	-3
653.346	1	7
653.515	1	-1
653.685	1	7
653.855	1	0
654.025	1	0
654.195	1	-12
654.365	1	-4
654.535	1	12
654.705	1	4
654.875	1	10
655.044	1	3
655.214	1	7
655.384	1	4
655.554	1	-2
655.724	1	7
655.894	1	-3
656.064	1	7
656.234	1	14
656.404	1	19
656.573	1	2
656.743	1	0
656.913	1	-4
657.083	1	-2
657.253	1	-2
657.423	1	-6
657.593	1	7
657.763	1	12
657.932	1	1
658.102	1	7
658.272	1	3
658.442	1	6
658.612	1	5
658.782	1	5
658.952	1	-1
659.121	1	9
659.291	1	-1
659.461	1	0
659.631	1	2
659.801	1	4
659.971	1	-2
660.141	1	-7
660.311	1	0
660.480	1	0
660.650	1	0
660.820	1	1
660.990	1	7
661.160	1	-3
661.330	1	5
661.500	1	5
661.669	1	1
661.839	1	8
662.009	1	6
662.179	1	6
662.349	1	1
662.519	1	-6
662.688	1	-14
662.858	1	-6
663.028	1	15
663.198	1	7
663.368	1	16
663.538	1	18
663.708	1	-4
663.877	1	-1
664.047	1	1
664.217	1	6
664.387	1	-6
664.557	1	3
664.727	1	-5
664.896	1	4
665.066	1	0
665.236	1	-2
665.406	1	10
665.576	1	0
665.746	1	6
665.915	1	7
666.085	1	4
666.255	1	1
666.425	1	0
666.595	1	8
666.765	1	-4
666.934	1	10
667.104	1	0
667.274	1	0
667.444	1	-4
667.614	1	5
667.783	1	10
667.953	1	8
668.123	1	6
668.293	1	-6
668.463	1	4
668.633	1	6
668.802	1	2
668.972	1	1
669.142	1	3
669.312	1	5
669.482	1	-5
669.651	1	-2
669.821	1	1
669.991	1	13
670.161	1	-5
670.331	1	5
670.500	1	11
670.670	1	6
670.840	1	-8
671.010	1	9
671.180	1	0
671.349	1	14
671.519	1	1
671.689	1	1
671.859	1	2
672.029	1	7
672.198	1	6
672.368	1	9
672.538	1	-11
672.708	1	2
672.878	1	3
673.047	1	6
673.217	1	7
673.387	1	19
673.557	1	-2
673.727	1	9
673.896	1	8
674.066	1	6
674.236	1	3
674.406	1	16
674.576	1	5
674.745	1	8
674.915	1	3
675.085	1	-8
675.255	1	12
675.424	1	11
675.594	1	2
675.764	1	3
675.934	1	-7
676.104	1	3
676.273	1	5
676.443	1	2
676.613	1	1
676.783	1	6
676.952	1	4
677.122	1	-1
677.292	1	-4
677.462	1	2
677.632	1	9
677.801	1	4
677.971	1	2
678.141	1	4
678.311	1	0
678.480	1	4
678.650	1	14
678.820	1	8
678.990	1	9
679.159	1	11
679.329	1	-4
679.499	1	3
679.669	1	-4
679.838	1	10
680.008	1	4
680.178	1	0
680.348	1	-1
680.517	1	3
680.687	1	9
680.857	1	-1
681.027	1	6
681.196	1	-2
681.366	1	5
681.536	1	7
681.706	1	4
681.875	1	-2
682.045	1	1
682.215	1	-5
682.385	1	13
682.554	1	9
682.724	1	-1
682.894	1	-1
683.064	1	5
683.233	1	-2
683.403	1	1
683.573	1	4
683.743	1	9
683.912	1	4
684.082	1	0
684.252	1	5
684.421	1	8
684.591	1	-1
684.761	1	3
684.931	1	4
685.100	1	-4
685.270	1	-1
685.440	1	6
685.610	1	-1
685.779	1	9
685.949	1	7
686.119	1	-5
686.288	1	11
686.458	1	6
686.628	1	-1
686.798	1	3
686.967	1	9
687.137	1	13
687.307	1	1
687.477	1	9
687.646	1	10
687.816	1	3
687.986	1	-4
688.155	1	8
688.325	1	4
688.495	1	-7
688.665	1	2
688.834	1	1
689.004	1	15
689.174	1	6
689.343	1	10
689.513	1	6
689.683	1	14
689.852	1	10
690.022	1	4
690.192	1	-8
690.362	1	3
690.531	1	13
690.701	1	0
690.871	1	17
691.040	1	13
691.210	1	5
691.380	1	2
691.549	1	-9
691.719	1	5
691.889	1	1
692.059	1	1
692.228	1	14
692.398	1	21
692.568	1	1
692.737	1	9
692.907	1	-2
693.077	1	12
693.246	1	-1
693.416	1	4
693.586	1	5
693.755	1	6
693.925	1	6
694.095	1	2
694.264	1	7
694.434	1	-1
694.604	1	-1
694.773	1	0
694.943	1	8
695.113	1	1
695.282	1	6
695.452	1	4
695.622	1	11
695.791	1	0
695.961	1	14
696.131	1	4
696.301	1	-8
696.470	1	7
696.640	1	7
696.810	1	5
696.979	1	3
697.149	1	-3
697.319	1	3
697.488	1	2
697.658	1	7
697.827	1	1
697.997	1	-6
698.167	1	10
698.336	1	9
698.506	1	8
698.676	1	2
698.845	1	-2
699.015	1	-7
699.185	1	-10
699.354	1	-6
699.524	1	1
699.694	1	1
699.863	1	21
700.033	1	-3
700.203	1	1
700.372	1	17
700.542	1	-5
700.712	1	2
700.881	1	8
701.051	1	5
701.221	1	13
701.390	1	-4
701.560	1	5
701.729	1	7
701.899	1	6
702.069	1	-8
702.238	1	-5
702.408	1	6
702.578	1	-6
702.747	1	6
702.917	1	4
703.087	1	-1
703.256	1	-8
703.426	1	7
703.595	1	5
703.765	1	10
703.935	1	8
704.104	1	2
704.274	1	16
704.444	1	11
704.613	1	12
704.783	1	-1
704.952	1	3
705.122	1	6
705.292	1	-5
705.461	1	14
705.631	1	6
705.801	1	11
705.970	1	7
706.140	1	-6
706.309	1	14
706.479	1	7
706.649	1	-6
706.818	1	-13
706.988	1	13
707.157	1	13
707.327	1	10
707.497	1	13
707.666	1	4
707.836	1	0
708.006	1	7
708.175	1	-1
708.345	1	8
708.514	1	2
708.684	1	-2
708.854	1	1
709.023	1	-2
709.193	1	5
709.362	1	2
709.532	1	-4
709.702	1	5
709.871	1	4
710.041	1	14
710.210	1	1
710.380	1	0
710.550	1	-6
710.719	1	3
710.889	1	-2
711.058	1	2
711.228	1	7
711.397	1	-1
711.567	1	0
711.737	1	11
711.906	1	2
712.076	1	11
712.245	1	3
712.415	1	1
712.585	1	-1
712.754	1	-2
712.924	1	13
713.093	1	5
713.263	1	9
713.432	1	4
713.602	1	6
713.772	1	-12
713.941	1	1
714.111	1	0
714.280	1	16
714.450	1	5
714.619	1	8
714.789	1	7
714.959	1	-2
715.128	1	4
715.298	1	4
715.467	1	6
715.637	1	3
715.806	1	9
715.976	1	3
716.146	1	9
716.315	1	24
716.485	1	-9
716.654	1	4
716.824	1	1
716.993	1	-1
717.163	1	6
717.333	1	4
717.502	1	2
717.672	1	-8
717.841	1	20
718.011	1	1
718.180	1	-9
718.350	1	5
718.519	1	0
718.689	1	8
718.858	1	1
719.028	1	7
719.198	1	4
719.367	1	-2
719.537	1	-2
719.706	1	-3
719.876	1	8
720.045	1	-1
720.215	1	-3
720.384	1	6
720.554	1	-2
720.723	1	8
720.893	1	10
721.063	1	-6
721.232	1	10
721.402	1	3
721.571	1	4
721.741	1	5
721.910	1	4
722.080	1	2
722.249	1	9
722.419	1	4
722.588	1	-3
722.758	1	0
722.927	1	-5
723.097	1	-4
723.266	1	4
723.436	1	3
723.606	1	-6
723.775	1	5
723.945	1	9
724.114	1	10
724.284	1	-16
724.453	1	-1
724.623	1	-1
724.792	1	-2
724.962	1	-1
725.131	1	7
725.301	1	11
725.470	1	3
725.640	1	4
725.809	1	4
725.979	1	4
726.148	1	3
726.318	1	-11
726.487	1	5
726.657	1	7
726.826	1	9
726.996	1	-7
727.165	1	12
727.335	1	9
727.504	1	3
727.674	1	-10
727.843	1	5
728.013	1	4
728.182	1	2
728.352	1	-4
728.521	1	11
728.691	1	-2
728.860	1	-1
729.030	1	7
729.199	1	-4
729.369	1	2
729.538	1	-5
729.708	1	9
729.877	1	7
730.047	1	2
730.216	1	1
730.386	1	5
730.555	1	2
730.725	1	-3
730.894	1	13
731.064	1	4
731.233	1	2
731.403	1	10
731.572	1	1
731.742	1	-4
731.911	1	11
732.081	1	1
732.250	1	5
732.420	1	1
732.589	1	-8
732.758	1	-1
732.928	1	-13
733.097	1	8
733.267	1	2
733.436	1	-2
733.606	1	-2
733.775	1	11
733.945	1	2
734.114	1	2
734.284	1	8
734.453	1	4
734.623	1	-2
734.792	1	-5
734.962	1	-6
735.131	1	0
735.301	1	14
735.470	1	0
735.639	1	-3
735.809	1	3
735.978	1	8
736.148	1	2
736.317	1	-1
736.487	1	0
736.656	1	-5
736.826	1	13
736.995	1	5
737.165	1	6
737.334	1	9
737.503	1	4
737.673	1	4
737.842	1	8
738.012	1	0
738.181	1	15
738.351	1	4
738.520	1	2
738.690	1	-2
738.859	1	9
739.028	1	2
739.198	1	2
739.367	1	0
739.537	1	1
739.706	1	5
739.876	1	0
740.045	1	-2
740.215	1	12
740.384	1	9
740.553	1	-3
740.723	1	5
740.892	1	6
741.062	1	-11
741.231	1	3
741.401	1	2
741.570	1	16
741.739	1	7
741.909	1	-5
742.078	1	10
742.248	1	3
742.417	1	3
742.587	1	3
742.756	1	10
742.925	1	3
743.095	1	2
743.264	1	-5
743.434	1	-9
743.603	1	9
743.772	1	13
743.942	1	-1
744.111	1	-3
744.281	1	-5
744.450	1	-2
744.620	1	-3
744.789	1	5
744.958	1	5
745.128	1	10
745.297	1	1
745.467	1	2
745.636	1	4
745.805	1	2
745.975	1	10
746.144	1	5
746.314	1	3
746.483	1	7
746.652	1	-1
746.822	1	1
746.991	1	6
747.161	1	2
747.330	1	3
747.499	1	0
747.669	1	6
747.838	1	-4
748.008	1	-4
748.177	1	6
748.346	1	3
748.516	1	7
748.685	1	10
748.855	1	4
749.024	1	6
749.193	1	0
749.363	1	12
749.532	1	-12
749.702	1	-3
749.871	1	9
750.040	1	2
750.210	1	-4
750.379	1	8
750.548	1	10
750.718	1	-3
750.887	1	10
751.057	1	1
751.226	1	-3
751.395	1	1
751.565	1	2
751.734	1	0
751.903	1	-7
752.073	1	5
752.242	1	-6
752.412	1	4
752.581	1	0
752.750	1	8
752.920	1	0
753.089	1	17
753.258	1	3
753.428	1	5
753.597	1	7
753.767	1	5
753.936	1	-1
754.105	1	1
754.275	1	-2
754.444	1	-5
754.613	1	4
754.783	1	13
754.952	1	1
755.121	1	0
755.291	1	-1
755.460	1	1
755.629	1	0
755.799	1	-6
755.968	1	0
756.138	1	-4
756.307	1	7
756.476	1	4
756.646	1	8
756.815	1	-5
756.984	1	2
757.154	1	7
757.323	1	3
757.492	1	1
757.662	1	-9
757.831	1	4
758.000	1	-3
758.170	1	14
758.339	1	1
758.508	1	6
758.678	1	-1
758.847	1	1
759.016	1	-9
759.186	1	9
759.355	1	-1
759.524	1	5
759.694	1	-4
759.863	1	4
760.032	1	-3
760.202	1	-3
760.371	1	4
760.540	1	7
760.710	1	-2
760.879	1	4
761.048	1	-1
761.218	1	6
761.387	1	0
761.556	1	8
761.726	1	-5
761.895	1	4
762.064	1	9
762.234	1	9
762.403	1	14
762.572	1	7
762.742	1	8
762.911	1	13
763.080	1	-4
763.249	1	10
763.419	1	-7
763.588	1	4
763.757	1	2
763.927	1	4
764.096	1	-3
764.265	1	9
764.435	1	4
764.604	1	-1
764.773	1	6
764.943	1	5
765.112	1	2
765.281	1	2
765.450	1	5
765.620	1	-1
765.789	1	9
765.958	1	3
766.128	1	3
766.297	1	-2
766.466	1	1
766.636	1	8
766.805	1	-6
766.974	1	-1
767.143	1	11
767.313	1	13
767.482	1	7
767.651	1	-3
767.821	1	14
767.990	1	5
768.159	1	-10
768.328	1	-2
768.498	1	-4
768.667	1	4
768.836	1	0
769.006	1	-2
769.175	1	4
769.344	1	3
769.513	1	10
769.683	1	5
769.852	1	3
770.021	1	-2
770.191	1	-8
770.360	1	-1
770.529	1	-5
770.698	1	-2
770.868	1	11
771.037	1	-5
771.206	1	-3
771.375	1	4
771.545	1	3
771.714	1	1
771.883	1	7
772.053	1	14
772.222	1	4
772.391	1	3
772.560	1	11
772.730	1	1
772.899	1	6
773.068	1	4
773.237	1	5
773.407	1	-1
773.576	1	9
773.745	1	-5
773.914	1	-10
774.084	1	0
774.253	1	17
774.422	1	2
774.591	1	5
774.761	1	6
774.930	1	0
775.099	1	-6
775.268	1	2
775.438	1	-5
775.607	1	6
775.776	1	5
775.945	1	10
776.115	1	2
776.284	1	-3
776.453	1	1
776.622	1	6
776.792	1	1
776.961	1	-2
777.130	1	-3
777.299	1	-1
777.469	1	7
777.638	1	11
777.807	1	-5
777.976	1	5
778.146	1	-3
778.315	1	-12
778.484	1	-9
778.653	1	-6
778.822	1	5
778.992	1	6
779.161	1	5
779.330	1	2
779.499	1	11
779.669	1	1
779.838	1	14
780.007	1	6
780.176	1	-3
780.346	1	2
780.515	1	4
780.684	1	-11
780.853	1	-1
781.022	1	-1
781.192	1	11
781.361	1	-2
781.530	1	-11
781.699	1	2
781.868	1	-8
782.038	1	23
782.207	1	-6
782.376	1	3
782.545	1	3
782.715	1	2
782.884	1	8
783.053	1	7
783.222	1	9
783.391	1	-1
783.561	1	13
783.730	1	11
783.899	1	-1
784.068	1	3
784.237	1	-5
784.407	1	3
784.576	1	8
784.745	1	2
784.914	1	-4
785.083	1	1
785.253	1	0
785.422	1	-3
785.591	1	1
785.760	1	-3
785.929	1	8
786.099	1	-3
786.268	1	1
786.437	1	-3
786.606	1	-7
786.775	1	4
786.945	1	0
787.114	1	6
787.283	1	1
787.452	1	1
787.621	1	-5
787.790	1	3
787.960	1	-3
788.129	1	11
788.298	1	20
788.467	1	4
788.636	1	-1
788.806	1	-3
788.975	1	-1
789.144	1	1
789.313	1	3
789.482	1	4
789.651	1	-1
789.821	1	5
789.990	1	-8
790.159	1	9
790.328	1	-1
790.497	1	-1
790.666	1	10
790.836	1	-4
791.005	1	-1
791.174	1	-13
791.343	1	-4
791.512	1	6
791.681	1	17
791.851	1	-11
792.020	1	-2
792.189	1	-5
792.358	1	8
792.527	1	-4
792.696	1	1
792.866	1	0
793.035	1	4
793.204	1	-8
793.373	1	9
793.542	1	-4
793.711	1	0
793.880	1	-4
794.050	1	2
794.219	1	2
794.388	1	0
794.557	1	-9
794.726	1	-10
794.895	1	11
795.064	1	2
795.234	1	1
795.403	1	-18
795.572	1	5
795.741	1	9
795.910	1	2
796.079	1	2
796.248	1	3
796.418	1	9
796.587	1	-7
796.756	1	-7
796.925	1	-1
797.094	1	-7
797.263	1	-6
797.432	1	9
797.602	1	1
797.771	1	14
797.940	1	9
798.109	1	-2
798.278	1	-6
798.447	1	4
798.616	1	-4
798.785	1	2
798.955	1	0
799.124	1	12
799.293	1	-7
799.462	1	5
799.631	1	-5
799.800	1	-4
799.969	1	1
800.138	1	0
800.308	1	7
800.477	1	2
800.646	1	3
800.815	1	-4
800.984	1	-6
801.153	1	-1
801.322	1	-2
801.491	1	-1
801.660	1	4
801.830	1	1
801.999	1	3
802.168	1	-3
802.337	1	2
802.506	1	-9
802.675	1	0
802.844	1	0
803.013	1	-4
803.182	1	2
803.351	1	-6
803.521	1	-3
803.690	1	-4
803.859	1	1
804.028	1	-3
804.197	1	8
804.366	1	6
804.535	1	5
804.704	1	1
804.873	1	-3
805.042	1	-11
805.212	1	0
805.381	1	3
805.550	1	7
805.719	1	1
805.888	1	-2
806.057	1	-2
806.226	1	10
806.395	1	5
806.564	1	-2
806.733	1	-5
806.902	1	13
807.071	1	-3
807.241	1	3
807.410	1	1
807.579	1	5
807.748	1	-6
807.917	1	10
808.086	1	3
808.255	1	-7
808.424	1	0
808.593	1	9
808.762	1	3
808.931	1	6
809.100	1	-2
809.269	1	-4
809.439	1	-15
809.608	1	-3
809.777	1	6
809.946	1	12
810.115	1	0
810.284	1	10
810.453	1	-3
810.622	1	-7
810.791	1	-6
810.960	1	1
811.129	1	-3
811.298	1	3
811.467	1	8
811.636	1	8
811.805	1	1
811.974	1	0
812.143	1	0
812.313	1	4
812.482	1	6
812.651	1	2
812.820	1	-7
812.989	1	-9
813.158	1	-3
813.327	1	3
813.496	1	9
813.665	1	0
813.834	1	18
814.003	1	-10
814.172	1	6
814.341	1	4
814.510	1	-3
814.679	1	-2
814.848	1	0
815.017	1	3
815.186	1	-4
815.355	1	0
815.524	1	1
815.693	1	1
815.862	1	7
816.031	1	-1
816.200	1	2
816.370	1	2
816.539	1	-3
816.708	1	-1
816.877	1	12
817.046	1	-4
817.215	1	-1
817.384	1	-12
817.553	1	4
817.722	1	1
817.891	1	5
818.060	1	-1
818.229	1	-3
818.398	1	1
818.567	1	-1
818.736	1	-11
818.905	1	12
819.074	1	0
819.243	1	1
819.412	1	-19
819.581	1	-1
819.750	1	-11
819.919	1	-1
820.088	1	-8
820.257	1	-2
820.426	1	-6
820.595	1	7
820.764	1	-2
820.933	1	5
821.102	1	3
821.271	1	11
821.440	1	4
821.609	1	-4
821.778	1	-2
821.947	1	1
822.116	1	-13
822.285	1	2
822.454	1	6
822.623	1	0
822.792	1	3
822.961	1	-7
823.130	1	0
823.299	1	-13
823.468	1	-3
823.637	1	3
823.806	1	6
823.975	1	4
824.144	1	2
824.313	1	-12
824.482	1	2
824.651	1	12
824.820	1	-6
824.989	1	10
825.158	1	-3
825.327	1	-6
825.496	1	-11
825.665	1	7
825.834	1	-8
826.003	1	2
826.172	1	-3
826.341	1	-6
826.510	1	-6
826.679	1	1
826.848	1	-1
827.017	1	8
827.186	1	3
827.355	1	10
827.524	1	1
827.693	1	-3
827.862	1	-5
828.031	1	3
828.199	1	-6
828.368	1	8
828.537	1	-1
828.706	1	-4
828.875	1	-5
829.044	1	-8
829.213	1	0
829.382	1	-19
829.551	1	-4
829.720	1	-2
829.889	1	2
830.058	1	-7
830.227	1	-1
830.396	1	-8
830.565	1	3
830.734	1	-9
830.903	1	-9
831.072	1	5
831.241	1	10
831.410	1	-6
831.579	1	4
831.748	1	8
831.917	1	10
832.086	1	0
832.254	1	1
832.423	1	0
832.592	1	-1
832.761	1	2
832.930	1	2
833.099	1	2
833.268	1	-12
833.437	1	-2
833.606	1	-10
833.775	1	-4
833.944	1	4
834.113	1	-6
834.282	1	3
834.451	1	-3
834.620	1	11
834.789	1	-4
834.957	1	1
835.126	1	-4
835.295	1	-2
835.464	1	2
835.633	1	8
835.802	1	7
835.971	1	6
836.140	1	3
836.309	1	-6
836.478	1	-1
836.647	1	-5
836.816	1	5
836.985	1	-5
837.154	1	-1
837.322	1	-11
837.491	1	13
837.660	1	-10
837.829	1	-3
837.998	1	-1
838.167	1	-1
838.336	1	3
838.505	1	4
838.674	1	12
838.843	1	-4
839.012	1	1
839.181	1	7
839.349	1	5
839.518	1	11
839.687	1	2
839.856	1	10
840.025	1	-4
840.194	1	4
840.363	1	2
840.532	1	5
840.701	1	-10
840.870	1	-4
841.038	1	3
841.207	1	-5
841.376	1	10
841.545	1	6
841.714	1	0
841.883	1	-10
842.052	1	9
842.221	1	1
842.390	1	-2
842.559	1	7
842.727	1	-3
842.896	1	-10
843.065	1	-2
843.234	1	1
843.403	1	-2
843.572	1	11
843.741	1	5
843.910	1	5
844.079	1	6
844.247	1	-4
844.416	1	-9
844.585	1	0
844.754	1	8
844.923	1	-5
845.092	1	-4
845.261	1	1
845.430	1	10
845.598	1	0
845.767	1	-10
845.936	1	10
846.105	1	-2
846.274	1	0
846.443	1	-2
846.612	1	-4
846.781	1	-10
846.949	1	-8
847.118	1	5
847.287	1	1
847.456	1	9
847.625	1	-1
847.794	1	6
847.963	1	-3
848.131	1	-14
848.300	1	4
