500.757	1	65
500.928	1	62
501.099	1	59
501.269	1	62
501.440	1	54
501.611	1	59
501.782	1	55
501.952	1	61
502.123	1	50
502.294	1	66
502.464	1	55
502.635	1	52
502.806	1	66
502.976	1	63
503.147	1	57
503.318	1	49
503.489	1	66
503.659	1	73
503.830	1	61
504.001	1	51
504.171	1	53
504.342	1	60
504.513	1	71
504.683	1	58
504.854	1	61
505.025	1	46
505.195	1	52
505.366	1	53
505.537	1	62
505.707	1	56
505.878	1	56
506.049	1	63
506.219	1	45
506.390	1	60
506.561	1	53
506.731	1	66
506.902	1	59
507.073	1	60
507.243	1	60
507.414	1	54
507.585	1	50
507.755	1	63
507.926	1	55
508.097	1	50
508.267	1	51
508.438	1	60
508.609	1	60
508.779	1	61
508.950	1	57
509.121	1	57
509.291	1	56
509.462	1	64
509.633	1	56
509.803	1	51
509.974	1	49
510.145	1	53
510.315	1	65
510.486	1	61
510.657	1	64
510.827	1	47
510.998	1	58
511.169	1	50
511.339	1	52
511.510	1	62
511.680	1	42
511.851	1	52
512.022	1	45
512.192	1	58
512.363	1	60
512.534	1	57
512.704	1	54
512.875	1	51
513.046	1	48
513.216	1	52
513.387	1	46
513.558	1	41
513.728	1	48
513.899	1	53
514.069	1	54
514.240	1	59
514.411	1	40
514.581	1	42
514.752	1	36
514.923	1	47
515.093	1	54
515.264	1	46
515.434	1	48
515.605	1	50
515.776	1	35
515.946	1	47
516.117	1	45
516.288	1	46
516.458	1	51
516.629	1	34
516.799	1	42
516.970	1	34
517.141	1	34
517.311	1	50
517.482	1	46
517.653	1	51
517.823	1	47
517.994	1	40
518.164	1	32
518.335	1	44
518.506	1	33
518.676	1	40
518.847	1	41
519.017	1	45
519.188	1	42
519.359	1	38
519.529	1	40
519.700	1	41
519.870	1	44
520.041	1	36
520.212	1	38
520.382	1	36
520.553	1	46
520.723	1	46
520.894	1	44
521.065	1	48
521.235	1	36
521.406	1	44
521.576	1	37
521.747	1	39
521.918	1	43
522.088	1	50
522.259	1	47
522.429	1	45
522.600	1	38
522.770	1	43
522.941	1	47
523.112	1	31
523.282	1	40
523.453	1	39
523.623	1	48
523.794	1	35
523.965	1	46
524.135	1	40
524.306	1	42
524.476	1	35
524.647	1	42
524.817	1	38
524.988	1	37
525.159	1	37
525.329	1	31
525.500	1	43
525.670	1	39
525.841	1	41
526.011	1	27
526.182	1	42
526.353	1	45
526.523	1	38
526.694	1	23
526.864	1	32
527.035	1	39
527.205	1	35
527.376	1	36
527.547	1	42
527.717	1	40
527.888	1	30
528.058	1	45
528.229	1	41
528.399	1	40
528.570	1	30
528.740	1	40
528.911	1	25
529.082	1	40
529.252	1	52
529.423	1	37
529.593	1	33
529.764	1	45
529.934	1	30
530.105	1	34
530.275	1	47
530.446	1	37
530.617	1	42
530.787	1	39
530.958	1	37
531.128	1	32
531.299	1	37
531.469	1	28
531.640	1	29
531.810	1	21
531.981	1	36
532.151	1	52
532.322	1	42
532.492	1	32
532.663	1	34
532.834	1	34
533.004	1	36
533.175	1	28
533.345	1	28
533.516	1	26
533.686	1	40
533.857	1	42
534.027	1	28
534.198	1	26
534.368	1	28
534.539	1	28
534.709	1	19
534.880	1	26
535.050	1	37
535.221	1	18
535.391	1	31
535.562	1	34
535.732	1	32
535.903	1	27
536.073	1	27
536.244	1	34
536.415	1	31
536.585	1	30
536.756	1	39
536.926	1	28
537.097	1	35
537.267	1	28
537.438	1	22
537.608	1	27
537.779	1	28
537.949	1	36
538.120	1	33
538.290	1	30
538.461	1	38
538.631	1	28
538.802	1	30
538.972	1	30
539.143	1	23
539.313	1	37
539.484	1	29
539.654	1	28
539.825	1	42
539.995	1	27
540.166	1	32
540.336	1	30
540.507	1	33
540.677	1	26
540.848	1	28
541.018	1	18
541.189	1	35
541.359	1	27
541.530	1	23
541.700	1	19
541.871	1	28
542.041	1	21
542.211	1	19
542.382	1	17
542.552	1	17
542.723	1	26
542.893	1	28
543.064	1	28
543.234	1	19
543.405	1	25
543.575	1	29
543.746	1	9
543.916	1	27
544.087	1	32
544.257	1	16
544.428	1	21
544.598	1	39
544.769	1	19
544.939	1	18
545.110	1	26
545.280	1	36
545.451	1	23
545.621	1	20
545.791	1	33
545.962	1	27
546.132	1	36
546.303	1	29
546.473	1	9
546.644	1	35
546.814	1	24
546.985	1	19
547.155	1	40
547.326	1	36
547.496	1	22
547.666	1	37
547.837	1	21
548.007	1	20
548.178	1	21
548.348	1	21
548.519	1	40
548.689	1	20
548.860	1	20
549.030	1	22
549.201	1	31
549.371	1	22
549.541	1	13
549.712	1	30
549.882	1	20
550.053	1	33
550.223	1	33
550.394	1	18
550.564	1	29
550.735	1	31
550.905	1	15
551.075	1	22
551.246	1	28
551.416	1	11
551.587	1	23
551.757	1	30
551.928	1	15
552.098	1	18
552.268	1	32
552.439	1	22
552.609	1	13
552.780	1	15
552.950	1	22
553.121	1	17
553.291	1	18
553.461	1	17
553.632	1	23
553.802	1	26
553.973	1	22
554.143	1	13
554.314	1	15
554.484	1	30
554.654	1	18
554.825	1	22
554.995	1	24
555.166	1	32
555.336	1	20
555.506	1	21
555.677	1	15
555.847	1	25
556.018	1	18
556.188	1	16
556.359	1	18
556.529	1	16
556.699	1	22
556.870	1	8
557.040	1	7
557.211	1	21
557.381	1	25
557.551	1	20
557.722	1	25
557.892	1	16
558.063	1	27
558.233	1	22
558.403	1	11
558.574	1	14
558.744	1	14
558.915	1	27
559.085	1	26
559.255	1	16
559.426	1	24
559.596	1	13
559.767	1	15
559.937	1	17
560.107	1	19
560.278	1	5
560.448	1	18
560.618	1	22
560.789	1	25
560.959	1	9
561.130	1	12
561.300	1	16
561.470	1	16
561.641	1	7
561.811	1	8
561.982	1	16
562.152	1	13
562.322	1	24
562.493	1	23
562.663	1	11
562.833	1	15
563.004	1	16
563.174	1	4
563.345	1	12
563.515	1	20
563.685	1	29
563.856	1	20
564.026	1	10
564.196	1	18
564.367	1	16
564.537	1	18
564.707	1	3
564.878	1	25
565.048	1	17
565.219	1	18
565.389	1	11
565.559	1	15
565.730	1	-1
565.900	1	24
566.070	1	15
566.241	1	13
566.411	1	17
566.581	1	10
566.752	1	13
566.922	1	9
567.093	1	25
567.263	1	23
567.433	1	6
567.604	1	23
567.774	1	23
567.944	1	17
568.115	1	19
568.285	1	11
568.455	1	7
568.626	1	6
568.796	1	11
568.966	1	18
569.137	1	24
569.307	1	4
569.477	1	22
569.648	1	12
569.818	1	19
569.988	1	10
570.159	1	3
570.329	1	15
570.499	1	17
570.670	1	18
570.840	1	9
571.010	1	20
571.181	1	12
571.351	1	18
571.521	1	11
571.692	1	7
571.862	1	24
572.032	1	12
572.203	1	17
572.373	1	1
572.543	1	19
572.714	1	12
572.884	1	5
573.054	1	27
573.225	1	11
573.395	1	16
573.565	1	13
573.736	1	11
573.906	1	17
574.076	1	18
574.247	1	19
574.417	1	25
574.587	1	9
574.757	1	5
574.928	1	7
575.098	1	16
575.268	1	15
575.439	1	3
575.609	1	14
575.779	1	16
575.950	1	9
576.120	1	18
576.290	1	13
576.461	1	14
576.631	1	8
576.801	1	9
576.971	1	15
577.142	1	17
577.312	1	15
577.482	1	10
577.653	1	16
577.823	1	3
577.993	1	12
578.164	1	22
578.334	1	21
578.504	1	13
578.674	1	8
578.845	1	4
579.015	1	8
579.185	1	10
579.356	1	17
579.526	1	15
579.696	1	6
579.866	1	15
580.037	1	9
580.207	1	8
580.377	1	5
580.548	1	8
580.718	1	8
580.888	1	24
581.058	1	9
581.229	1	11
581.399	1	-1
581.569	1	19
581.739	1	13
581.910	1	8
582.080	1	18
582.250	1	9
582.421	1	5
582.591	1	2
582.761	1	4
582.931	1	12
583.102	1	9
583.272	1	18
583.442	1	13
583.612	1	13
583.783	1	8
583.953	1	11
584.123	1	4
584.294	1	6
584.464	1	6
584.634	1	19
584.804	1	5
584.975	1	12
585.145	1	12
585.315	1	10
585.485	1	11
585.656	1	16
585.826	1	11
585.996	1	1
586.166	1	6
586.337	1	6
586.507	1	10
586.677	1	0
586.847	1	6
587.018	1	4
587.188	1	4
587.358	1	14
587.528	1	13
587.699	1	14
587.869	1	16
588.039	1	8
588.209	1	14
588.380	1	6
588.550	1	17
588.720	1	-3
588.890	1	26
589.060	1	23
589.231	1	0
589.401	1	22
589.571	1	-2
589.741	1	9
589.912	1	11
590.082	1	8
590.252	1	16
590.422	1	3
590.593	1	15
590.763	1	17
590.933	1	15
591.103	1	17
591.273	1	9
591.444	1	11
591.614	1	11
591.784	1	18
591.954	1	5
592.125	1	14
592.295	1	9
592.465	1	12
592.635	1	9
592.805	1	21
592.976	1	8
593.146	1	5
593.316	1	4
593.486	1	11
593.657	1	16
593.827	1	11
593.997	1	10
594.167	1	7
594.337	1	2
594.508	1	8
594.678	1	8
594.848	1	-3
595.018	1	20
595.188	1	21
595.359	1	4
595.529	1	14
595.699	1	20
595.869	1	9
596.039	1	7
596.210	1	14
596.380	1	19
596.550	1	3
596.720	1	11
596.890	1	20
597.061	1	15
597.231	1	12
597.401	1	10
597.571	1	9
597.741	1	19
597.912	1	8
598.082	1	5
598.252	1	-3
598.422	1	4
598.592	1	5
598.762	1	13
598.933	1	11
599.103	1	3
599.273	1	25
599.443	1	9
599.613	1	10
599.784	1	-6
599.954	1	20
600.124	1	2
600.294	1	6
600.464	1	2
600.634	1	21
600.805	1	17
600.975	1	13
601.145	1	7
601.315	1	11
601.485	1	4
601.656	1	5
601.826	1	17
601.996	1	17
602.166	1	5
602.336	1	13
602.506	1	8
602.677	1	13
602.847	1	10
603.017	1	11
603.187	1	13
603.357	1	11
603.527	1	9
603.697	1	-2
603.868	1	15
604.038	1	11
604.208	1	14
604.378	1	10
604.548	1	14
604.718	1	11
604.889	1	13
605.059	1	7
605.229	1	18
605.399	1	8
605.569	1	6
605.739	1	15
605.909	1	12
606.080	1	3
606.250	1	12
606.420	1	21
606.590	1	8
606.760	1	15
606.930	1	13
607.100	1	12
607.271	1	14
607.441	1	4
607.611	1	13
607.781	1	5
607.951	1	11
608.121	1	13
608.291	1	2
608.462	1	17
608.632	1	16
608.802	1	5
608.972	1	7
609.142	1	13
609.312	1	14
609.482	1	7
609.652	1	15
609.823	1	10
609.993	1	9
610.163	1	12
610.333	1	10
610.503	1	6
610.673	1	11
610.843	1	16
611.013	1	13
611.184	1	14
611.354	1	12
611.524	1	-1
611.694	1	11
611.864	1	3
612.034	1	6
612.204	1	4
612.374	1	3
612.545	1	16
612.715	1	15
612.885	1	7
613.055	1	10
613.225	1	24
613.395	1	5
613.565	1	17
613.735	1	18
613.905	1	18
614.075	1	14
614.246	1	4
614.416	1	9
614.586	1	4
614.756	1	13
614.926	1	10
615.096	1	13
615.266	1	14
615.436	1	15
615.606	1	9
615.776	1	11
615.947	1	20
616.117	1	14
616.287	1	9
616.457	1	10
616.627	1	21
616.797	1	20
616.967	1	20
617.137	1	17
617.307	1	22
617.477	1	9
617.647	1	9
617.818	1	2
617.988	1	6
618.158	1	19
618.328	1	17
618.498	1	24
618.668	1	6
618.838	1	15
619.008	1	19
619.178	1	21
619.348	1	10
619.518	1	-2
619.688	1	9
619.859	1	2
620.029	1	13
620.199	1	5
620.369	1	23
620.539	1	16
620.709	1	17
620.879	1	5
621.049	1	23
621.219	1	12
621.389	1	21
621.559	1	12
621.729	1	12
621.899	1	9
622.069	1	21
622.239	1	5
622.410	1	8
622.580	1	22
622.750	1	20
622.920	1	8
623.090	1	8
623.260	1	19
623.430	1	17
623.600	1	13
623.770	1	-2
623.940	1	6
624.110	1	18
624.280	1	10
624.450	1	18
624.620	1	21
624.790	1	13
624.960	1	20
625.130	1	15
625.300	1	14
625.470	1	15
625.640	1	6
625.811	1	17
625.981	1	7
626.151	1	24
626.321	1	11
626.491	1	18
626.661	1	13
626.831	1	21
627.001	1	25
627.171	1	15
627.341	1	11
627.511	1	12
627.681	1	5
627.851	1	25
628.021	1	8
628.191	1	14
628.361	1	19
628.531	1	10
628.701	1	22
628.871	1	18
629.041	1	7
629.211	1	11
629.381	1	17
629.551	1	14
629.721	1	12
629.891	1	20
630.061	1	19
630.231	1	8
630.401	1	26
630.571	1	12
630.741	1	21
630.911	1	29
631.081	1	13
631.251	1	13
631.421	1	25
631.591	1	23
631.761	1	21
631.931	1	16
632.101	1	15
632.271	1	14
632.441	1	17
632.611	1	22
632.782	1	11
632.952	1	23
633.122	1	6
633.292	1	0
633.462	1	15
633.632	1	23
633.802	1	12
633.972	1	32
634.142	1	11
634.312	1	20
634.482	1	22
634.652	1	23
634.821	1	20
634.991	1	14
635.161	1	25
635.331	1	20
635.501	1	15
635.671	1	30
635.841	1	19
636.011	1	15
636.181	1	40
636.351	1	14
636.521	1	12
636.691	1	17
636.861	1	22
637.031	1	6
637.201	1	2
637.371	1	11
637.541	1	17
637.711	1	21
637.881	1	18
638.051	1	22
638.221	1	23
638.391	1	9
638.561	1	25
638.731	1	-1
638.901	1	23
639.071	1	18
639.241	1	33
639.411	1	20
639.581	1	14
639.751	1	34
639.921	1	15
640.091	1	14
640.261	1	28
640.431	1	19
640.601	1	19
640.771	1	28
640.941	1	13
641.111	1	19
641.281	1	21
641.451	1	18
641.621	1	27
641.791	1	12
641.960	1	9
642.130	1	30
642.300	1	7
642.470	1	14
642.640	1	25
642.810	1	12
642.980	1	20
643.150	1	28
643.320	1	12
643.490	1	21
643.660	1	23
643.830	1	23
644.000	1	16
644.170	1	18
644.340	1	20
644.510	1	9
644.680	1	14
644.850	1	22
645.020	1	21
645.189	1	28
645.359	1	23
645.529	1	15
645.699	1	14
645.869	1	11
646.039	1	31
646.209	1	10
646.379	1	14
646.549	1	20
646.719	1	4
646.889	1	13
647.059	1	10
647.229	1	29
647.399	1	23
647.569	1	22
647.738	1	28
647.908	1	19
648.078	1	23
648.248	1	27
648.418	1	16
648.588	1	27
648.758	1	16
648.928	1	16
649.098	1	27
649.268	1	25
649.438	1	19
649.608	1	23
649.778	1	30
649.947	1	22
650.117	1	28
650.287	1	24
650.457	1	22
650.627	1	34
650.797	1	9
650.967	1	9
651.137	1	23
651.307	1	26
651.477	1	35
651.647	1	21
651.816	1	22
651.986	1	35
652.156	1	10
652.326	1	22
652.496	1	24
652.666	1	19
652.836	1	27
653.006	1	29
653.176	1	28
653.346	1	29
653.515	1	9
653.685	1	28
653.855	1	7
654.025	1	23
654.195	1	11
654.365	1	16
654.535	1	37
654.705	1	16
654.875	1	24
655.044	1	29
655.214	1	21
655.384	1	19
655.554	1	16
655.724	1	21
655.894	1	18
656.064	1	35
656.234	1	16
656.404	1	27
656.573	1	18
656.743	1	19
656.913	1	21
657.083	1	24
657.253	1	24
657.423	1	9
657.593	1	36
657.763	1	19
657.932	1	26
658.102	1	31
658.272	1	18
658.442	1	31
658.612	1	31
658.782	1	15
658.952	1	20
659.121	1	36
659.291	1	19
659.461	1	29
659.631	1	21
659.801	1	26
659.971	1	16
660.141	1	20
660.311	1	25
660.480	1	28
660.650	1	16
660.820	1	40
660.990	1	25
661.160	1	17
661.330	1	27
661.500	1	30
661.669	1	16
661.839	1	41
662.009	1	41
662.179	1	35
662.349	1	41
662.519	1	23
662.688	1	15
662.858	1	23
663.028	1	38
663.198	1	26
663.368	1	42
663.538	1	28
663.708	1	21
663.877	1	33
664.047	1	18
664.217	1	33
664.387	1	23
664.557	1	21
664.727	1	36
664.896	1	25
665.066	1	20
665.236	1	20
665.406	1	27
665.576	1	25
665.746	1	45
665.915	1	36
666.085	1	32
666.255	1	31
666.425	1	24
666.595	1	29
666.765	1	20
666.934	1	35
667.104	1	19
667.274	1	31
667.444	1	23
667.614	1	24
667.783	1	24
667.953	1	30
668.123	1	22
668.293	1	22
668.463	1	34
668.633	1	34
668.802	1	27
668.972	1	20
669.142	1	33
669.312	1	35
669.482	1	29
669.651	1	22
669.821	1	24
669.991	1	32
670.161	1	29
670.331	1	32
670.500	1	29
670.670	1	30
670.840	1	23
671.010	1	33
671.180	1	31
671.349	1	29
671.519	1	22
671.689	1	25
671.859	1	38
672.029	1	12
672.198	1	35
672.368	1	33
672.538	1	20
672.708	1	32
672.878	1	30
673.047	1	23
673.217	1	27
673.387	1	40
673.557	1	20
673.727	1	40
673.896	1	26
674.066	1	25
674.236	1	35
674.406	1	27
674.576	1	26
674.745	1	33
674.915	1	16
675.085	1	31
675.255	1	34
675.424	1	28
675.594	1	25
675.764	1	33
675.934	1	21
676.104	1	29
676.273	1	24
676.443	1	32
676.613	1	33
676.783	1	35
676.952	1	27
677.122	1	34
677.292	1	31
677.462	1	35
677.632	1	33
677.801	1	36
677.971	1	30
678.141	1	29
678.311	1	20
678.480	1	33
678.650	1	42
678.820	1	41
678.990	1	28
679.159	1	41
679.329	1	16
679.499	1	28
679.669	1	33
679.838	1	24
680.008	1	33
680.178	1	30
680.348	1	14
680.517	1	36
680.687	1	30
680.857	1	25
681.027	1	35
681.196	1	34
681.366	1	27
681.536	1	29
681.706	1	38
681.875	1	21
682.045	1	34
682.215	1	23
682.385	1	29
682.554	1	37
682.724	1	32
682.894	1	30
683.064	1	36
683.233	1	31
683.403	1	34
683.573	1	24
683.743	1	39
683.912	1	36
684.082	1	12
684.252	1	31
684.421	1	24
684.591	1	22
684.761	1	23
684.931	1	36
685.100	1	39
685.270	1	27
685.440	1	31
685.610	1	32
685.779	1	29
685.949	1	25
686.119	1	24
686.288	1	40
686.458	1	30
686.628	1	33
686.798	1	28
686.967	1	42
687.137	1	33
687.307	1	35
687.477	1	22
687.646	1	38
687.816	1	17
687.986	1	36
688.155	1	23
688.325	1	30
688.495	1	22
688.665	1	41
688.834	1	28
689.004	1	37
689.174	1	25
689.343	1	36
689.513	1	22
689.683	1	34
689.852	1	33
690.022	1	35
690.192	1	17
690.362	1	32
690.531	1	25
690.701	1	28
690.871	1	44
691.040	1	35
691.210	1	28
691.380	1	31
691.549	1	25
691.719	1	28
691.889	1	36
692.059	1	37
692.228	1	40
692.398	1	50
692.568	1	29
692.737	1	37
692.907	1	32
693.077	1	34
693.246	1	23
693.416	1	27
693.586	1	31
693.755	1	38
693.925	1	20
694.095	1	34
694.264	1	31
694.434	1	27
694.604	1	32
694.773	1	25
694.943	1	35
695.113	1	27
695.282	1	36
695.452	1	35
695.622	1	44
695.791	1	30
695.961	1	33
696.131	1	30
696.301	1	28
696.470	1	39
696.640	1	33
696.810	1	28
696.979	1	25
697.149	1	36
697.319	1	36
697.488	1	38
697.658	1	36
697.827	1	27
697.997	1	18
698.167	1	42
698.336	1	33
698.506	1	25
698.676	1	17
698.845	1	27
699.015	1	17
699.185	1	21
699.354	1	20
699.524	1	35
699.694	1	37
699.863	1	42
700.033	1	27
700.203	1	38
700.372	1	40
700.542	1	24
700.712	1	32
700.881	1	29
701.051	1	34
701.221	1	29
701.390	1	25
701.560	1	41
701.729	1	31
701.899	1	31
702.069	1	31
702.238	1	24
702.408	1	35
702.578	1	21
702.747	1	31
702.917	1	30
703.087	1	12
703.256	1	25
703.426	1	31
703.595	1	30
703.765	1	41
703.935	1	39
704.104	1	31
704.274	1	39
704.444	1	22
704.613	1	27
704.783	1	39
704.952	1	26
705.122	1	34
705.292	1	25
705.461	1	47
705.631	1	38
705.801	1	26
705.970	1	39
706.140	1	18
706.309	1	26
706.479	1	29
706.649	1	35
706.818	1	23
706.988	1	38
707.157	1	38
707.327	1	47
707.497	1	41
707.666	1	38
707.836	1	20
708.006	1	31
708.175	1	31
708.345	1	32
708.514	1	35
708.684	1	31
708.854	1	38
709.023	1	37
709.193	1	21
709.362	1	29
709.532	1	34
709.702	1	32
709.871	1	29
710.041	1	36
710.210	1	40
710.380	1	35
710.550	1	35
710.719	1	26
710.889	1	35
711.058	1	34
711.228	1	26
711.397	1	27
711.567	1	26
711.737	1	35
711.906	1	32
712.076	1	35
712.245	1	28
712.415	1	37
712.585	1	29
712.754	1	26
712.924	1	29
713.093	1	30
713.263	1	31
713.432	1	31
713.602	1	31
713.772	1	35
713.941	1	27
714.111	1	33
714.280	1	32
714.450	1	39
714.619	1	26
714.789	1	36
714.959	1	33
715.128	1	25
715.298	1	32
715.467	1	27
715.637	1	36
715.806	1	27
715.976	1	36
716.146	1	31
716.315	1	45
716.485	1	31
716.654	1	37
716.824	1	29
716.993	1	27
717.163	1	35
717.333	1	25
717.502	1	32
717.672	1	20
717.841	1	45
718.011	1	24
718.180	1	15
718.350	1	29
718.519	1	28
718.689	1	26
718.858	1	26
719.028	1	30
719.198	1	32
719.367	1	24
719.537	1	30
719.706	1	24
719.876	1	44
720.045	1	24
720.215	1	27
720.384	1	36
720.554	1	32
720.723	1	32
720.893	1	30
721.063	1	29
721.232	1	22
721.402	1	32
721.571	1	38
721.741	1	29
721.910	1	24
722.080	1	22
722.249	1	30
722.419	1	37
722.588	1	37
722.758	1	17
722.927	1	14
723.097	1	23
723.266	1	22
723.436	1	26
723.606	1	32
723.775	1	41
723.945	1	21
724.114	1	38
724.284	1	25
724.453	1	24
724.623	1	22
724.792	1	25
724.962	1	42
725.131	1	32
725.301	1	29
725.470	1	38
725.640	1	30
725.809	1	34
725.979	1	29
726.148	1	33
726.318	1	12
726.487	1	21
726.657	1	40
726.826	1	27
726.996	1	18
727.165	1	30
727.335	1	43
727.504	1	21
727.674	1	18
727.843	1	30
728.013	1	21
728.182	1	26
728.352	1	23
728.521	1	19
728.691	1	12
728.860	1	42
729.030	1	21
729.199	1	13
729.369	1	26
729.538	1	19
729.708	1	22
729.877	1	20
730.047	1	42
730.216	1	26
730.386	1	25
730.555	1	26
730.725	1	28
730.894	1	31
731.064	1	30
731.233	1	17
731.403	1	23
731.572	1	38
731.742	1	22
731.911	1	20
732.081	1	20
732.250	1	37
732.420	1	33
732.589	1	20
732.758	1	25
732.928	1	10
733.097	1	29
733.267	1	21
733.436	1	25
733.606	1	37
733.775	1	12
733.945	1	26
734.114	1	36
734.284	1	23
734.453	1	23
734.623	1	23
734.792	1	16
734.962	1	14
735.131	1	15
735.301	1	34
735.470	1	20
735.639	1	18
735.809	1	26
735.978	1	25
736.148	1	15
736.317	1	17
736.487	1	19
736.656	1	11
736.826	1	25
736.995	1	22
737.165	1	23
737.334	1	25
737.503	1	43
737.673	1	24
737.842	1	22
738.012	1	20
738.181	1	21
738.351	1	28
738.520	1	14
738.690	1	26
738.859	1	38
739.028	1	22
739.198	1	22
739.367	1	26
739.537	1	18
739.706	1	27
739.876	1	21
740.045	1	13
740.215	1	36
740.384	1	18
740.553	1	13
740.723	1	27
740.892	1	25
741.062	1	13
741.231	1	32
741.401	1	12
741.570	1	26
741.739	1	28
741.909	1	21
742.078	1	21
742.248	1	18
742.417	1	32
742.587	1	26
742.756	1	27
742.925	1	33
743.095	1	20
743.264	1	19
743.434	1	26
743.603	1	30
743.772	1	25
743.942	1	17
744.111	1	33
744.281	1	18
744.450	1	10
744.620	1	30
744.789	1	26
744.958	1	37
745.128	1	38
745.297	1	18
745.467	1	24
745.636	1	30
745.805	1	14
745.975	1	20
746.144	1	25
746.314	1	32
746.483	1	13
746.652	1	39
746.822	1	29
746.991	1	27
747.161	1	27
747.330	1	33
747.499	1	23
747.669	1	23
747.838	1	27
748.008	1	22
748.177	1	28
748.346	1	26
748.516	1	38
748.685	1	26
748.855	1	33
749.024	1	29
749.193	1	21
749.363	1	34
749.532	1	10
749.702	1	22
749.871	1	33
750.040	1	31
750.210	1	28
750.379	1	34
750.548	1	32
750.718	1	25
750.887	1	37
751.057	1	29
751.226	1	26
751.395	1	15
751.565	1	28
751.734	1	26
751.903	1	26
752.073	1	32
752.242	1	18
752.412	1	45
752.581	1	25
752.750	1	19
752.920	1	17
753.089	1	21
753.258	1	29
753.428	1	17
753.597	1	23
753.767	1	32
753.936	1	19
754.105	1	36
754.275	1	35
754.444	1	27
754.613	1	26
754.783	1	29
754.952	1	29
755.121	1	11
755.291	1	33
755.460	1	25
755.629	1	23
755.799	1	24
755.968	1	22
756.138	1	8
756.307	1	33
756.476	1	19
756.646	1	27
756.815	1	20
756.984	1	18
757.154	1	19
757.323	1	30
757.492	1	27
757.662	1	13
757.831	1	26
758.000	1	12
758.170	1	22
758.339	1	30
758.508	1	19
758.678	1	23
758.847	1	25
759.016	1	2
759.186	1	20
759.355	1	12
759.524	1	38
759.694	1	19
759.863	1	17
760.032	1	18
760.202	1	23
760.371	1	24
760.540	1	30
760.710	1	18
760.879	1	11
761.048	1	15
761.218	1	29
761.387	1	18
761.556	1	33
761.726	1	12
761.895	1	31
762.064	1	26
762.234	1	26
762.403	1	45
762.572	1	30
762.742	1	29
762.911	1	41
763.080	1	27
763.249	1	25
763.419	1	28
763.588	1	26
763.757	1	15
763.927	1	31
764.096	1	14
764.265	1	30
764.435	1	34
764.604	1	16
764.773	1	37
764.943	1	23
765.112	1	31
765.281	1	15
765.450	1	29
765.620	1	20
765.789	1	26
765.958	1	28
766.128	1	21
766.297	1	31
766.466	1	34
766.636	1	20
766.805	1	24
766.974	1	31
767.143	1	25
767.313	1	36
767.482	1	39
767.651	1	21
767.821	1	24
767.990	1	26
768.159	1	23
768.328	1	17
768.498	1	22
768.667	1	26
768.836	1	16
769.006	1	25
769.175	1	34
769.344	1	24
769.513	1	25
769.683	1	26
769.852	1	28
770.021	1	23
770.191	1	30
770.360	1	18
770.529	1	13
770.698	1	27
770.868	1	35
771.037	1	23
771.206	1	20
771.375	1	31
771.545	1	25
771.714	1	25
771.883	1	24
772.053	1	28
772.222	1	20
772.391	1	28
772.560	1	31
772.730	1	15
772.899	1	22
773.068	1	17
773.237	1	25
773.407	1	18
773.576	1	21
773.745	1	26
773.914	1	9
774.084	1	35
774.253	1	29
774.422	1	27
774.591	1	20
774.761	1	26
774.930	1	14
775.099	1	16
775.268	1	16
775.438	1	4
775.607	1	22
775.776	1	24
775.945	1	26
776.115	1	18
776.284	1	16
776.453	1	19
776.622	1	17
776.792	1	21
776.961	1	23
777.130	1	19
777.299	1	21
777.469	1	32
777.638	1	20
777.807	1	20
777.976	1	12
778.146	1	23
778.315	1	20
778.484	1	15
778.653	1	22
778.822	1	25
778.992	1	11
779.161	1	16
779.330	1	15
779.499	1	34
779.669	1	20
779.838	1	24
780.007	1	18
780.176	1	14
780.346	1	24
780.515	1	25
780.684	1	10
780.853	1	29
781.022	1	23
781.192	1	28
781.361	1	28
781.530	1	11
781.699	1	22
781.868	1	25
782.038	1	20
782.207	1	13
782.376	1	22
782.545	1	18
782.715	1	27
782.884	1	25
783.053	1	26
783.222	1	24
783.391	1	13
783.561	1	31
783.730	1	33
783.899	1	18
784.068	1	19
784.237	1	25
784.407	1	12
784.576	1	25
784.745	1	27
784.914	1	17
785.083	1	24
785.253	1	21
785.422	1	17
785.591	1	16
785.760	1	18
785.929	1	21
786.099	1	9
786.268	1	21
786.437	1	12
786.606	1	11
786.775	1	16
786.945	1	27
787.114	1	21
787.283	1	29
787.452	1	13
787.621	1	14
787.790	1	31
787.960	1	13
788.129	1	26
788.298	1	34
788.467	1	26
788.636	1	15
788.806	1	13
788.975	1	21
789.144	1	21
789.313	1	27
789.482	1	20
789.651	1	15
789.821	1	31
789.990	1	11
790.159	1	32
790.328	1	22
790.497	1	14
790.666	1	17
790.836	1	18
791.005	1	19
791.174	1	10
791.343	1	22
791.512	1	13
791.681	1	30
791.851	1	6
792.020	1	15
792.189	1	14
792.358	1	20
792.527	1	13
792.696	1	19
792.866	1	20
793.035	1	23
793.204	1	24
793.373	1	13
793.542	1	1
793.711	1	25
793.880	1	22
794.050	1	21
794.219	1	24
794.388	1	17
794.557	1	9
794.726	1	14
794.895	1	21
795.064	1	11
795.234	1	18
795.403	1	-3
795.572	1	12
795.741	1	16
795.910	1	15
796.079	1	23
796.248	1	17
796.418	1	17
796.587	1	22
796.756	1	23
796.925	1	15
797.094	1	15
797.263	1	13
797.432	1	16
797.602	1	19
797.771	1	31
797.940	1	34
798.109	1	13
798.278	1	3
798.447	1	20
798.616	1	14
798.785	1	20
798.955	1	13
799.124	1	14
799.293	1	12
799.462	1	12
799.631	1	15
799.800	1	15
799.969	1	20
800.138	1	9
800.308	1	19
800.477	1	20
800.646	1	8
800.815	1	13
800.984	1	15
801.153	1	19
801.322	1	5
801.491	1	8
801.660	1	12
801.830	1	16
801.999	1	15
802.168	1	16
802.337	1	15
802.506	1	12
802.675	1	9
802.844	1	19
803.013	1	13
803.182	1	16
803.351	1	13
803.521	1	16
803.690	1	22
803.859	1	18
804.028	1	12
804.197	1	20
804.366	1	9
804.535	1	10
804.704	1	16
804.873	1	16
805.042	1	8
805.212	1	19
805.381	1	12
805.550	1	15
805.719	1	9
805.888	1	22
806.057	1	8
806.226	1	17
806.395	1	14
806.564	1	14
806.733	1	10
806.902	1	24
807.071	1	15
807.241	1	21
807.410	1	19
807.579	1	21
807.748	1	21
807.917	1	26
808.086	1	14
808.255	1	9
808.424	1	22
808.593	1	19
808.762	1	13
808.931	1	14
809.100	1	9
809.269	1	-3
809.439	1	8
809.608	1	25
809.777	1	14
809.946	1	21
810.115	1	8
810.284	1	12
810.453	1	9
810.622	1	0
810.791	1	11
810.960	1	20
811.129	1	17
811.298	1	22
811.467	1	21
811.636	1	9
811.805	1	2
811.974	1	6
812.143	1	0
812.313	1	10
812.482	1	25
812.651	1	21
812.820	1	15
812.989	1	18
813.158	1	18
813.327	1	16
813.496	1	4
813.665	1	11
813.834	1	25
814.003	1	18
814.172	1	15
814.341	1	17
814.510	1	28
814.679	1	9
814.848	1	18
815.017	1	6
815.186	1	12
815.355	1	7
815.524	1	20
815.693	1	6
815.862	1	7
816.031	1	14
816.200	1	26
816.370	1	25
816.539	1	11
816.708	1	-2
816.877	1	10
817.046	1	4
817.215	1	11
817.384	1	6
817.553	1	15
817.722	1	12
817.891	1	14
818.060	1	7
818.229	1	13
818.398	1	8
818.567	1	12
818.736	1	4
818.905	1	14
819.074	1	11
819.243	1	15
819.412	1	13
819.581	1	15
819.750	1	9
819.919	1	12
820.088	1	7
820.257	1	3
820.426	1	5
820.595	1	10
820.764	1	17
820.933	1	11
821.102	1	13
821.271	1	17
821.440	1	14
821.609	1	16
821.778	1	10
821.947	1	8
822.116	1	4
822.285	1	13
822.454	1	20
822.623	1	6
822.792	1	18
822.961	1	2
823.130	1	7
823.299	1	5
823.468	1	9
823.637	1	-1
823.806	1	14
823.975	1	14
824.144	1	9
824.313	1	5
824.482	1	4
824.651	1	25
824.820	1	2
824.989	1	12
825.158	1	2
825.327	1	11
825.496	1	9
825.665	1	11
825.834	1	12
826.003	1	3
826.172	1	11
826.341	1	13
826.510	1	0
826.679	1	9
826.848	1	4
827.017	1	12
827.186	1	17
827.355	1	19
827.524	1	18
827.693	1	4
827.862	1	9
828.031	1	-2
828.199	1	8
828.368	1	11
828.537	1	21
828.706	1	5
828.875	1	15
829.044	1	0
829.213	1	6
829.382	1	1
829.551	1	10
829.720	1	10
829.889	1	11
830.058	1	3
830.227	1	2
830.396	1	12
830.565	1	11
830.734	1	10
830.903	1	-1
831.072	1	15
831.241	1	15
831.410	1	12
831.579	1	9
831.748	1	7
831.917	1	25
832.086	1	1
832.254	1	4
832.423	1	-1
832.592	1	7
832.761	1	10
832.930	1	9
833.099	1	20
833.268	1	1
833.437	1	10
833.606	1	13
833.775	1	10
833.944	1	17
834.113	1	8
834.282	1	10
834.451	1	0
834.620	1	18
834.789	1	18
834.957	1	16
835.126	1	7
835.295	1	8
835.464	1	12
835.633	1	16
835.802	1	12
835.971	1	17
836.140	1	1
836.309	1	-4
836.478	1	4
836.647	1	9
836.816	1	13
836.985	1	17
837.154	1	18
837.322	1	4
837.491	1	12
837.660	1	5
837.829	1	14
837.998	1	8
838.167	1	6
838.336	1	8
838.505	1	9
838.674	1	17
838.843	1	4
839.012	1	8
839.181	1	8
839.349	1	23
839.518	1	6
839.687	1	10
839.856	1	13
840.025	1	12
840.194	1	9
840.363	1	7
840.532	1	11
840.701	1	1
840.870	1	12
841.038	1	12
841.207	1	22
841.376	1	11
841.545	1	18
841.714	1	12
841.883	1	0
842.052	1	13
842.221	1	11
842.390	1	7
842.559	1	16
842.727	1	3
842.896	1	7
843.065	1	1
843.234	1	15
843.403	1	16
843.572	1	12
843.741	1	18
843.910	1	7
844.079	1	16
844.247	1	1
844.416	1	1
844.585	1	11
844.754	1	15
844.923	1	1
845.092	1	13
845.261	1	2
845.430	1	10
845.598	1	15
845.767	1	4
845.936	1	13
846.105	1	7
846.274	1	9
846.443	1	5
846.612	1	6
846.781	1	-3
846.949	1	-1
847.118	1	20
847.287	1	1
847.456	1	15
847.625	1	8
847.794	1	10
847.963	1	6
848.131	1	6
848.300	1	14
