500.757	1	16
500.928	1	10
501.099	1	11
501.269	1	20
501.440	1	5
501.611	1	19
501.782	1	12
501.952	1	19
502.123	1	4
502.294	1	25
502.464	1	19
502.635	1	6
502.806	1	21
502.976	1	17
503.147	1	11
503.318	1	13
503.489	1	21
503.659	1	28
503.830	1	24
504.001	1	12
504.171	1	20
504.342	1	25
504.513	1	28
504.683	1	15
504.854	1	13
505.025	1	15
505.195	1	10
505.366	1	25
505.537	1	23
505.707	1	14
505.878	1	21
506.049	1	5
506.219	1	12
506.390	1	13
506.561	1	13
506.731	1	16
506.902	1	20
507.073	1	24
507.243	1	24
507.414	1	22
507.585	1	11
507.755	1	16
507.926	1	17
508.097	1	11
508.267	1	8
508.438	1	17
508.609	1	11
508.779	1	12
508.950	1	16
509.121	1	25
509.291	1	6
509.462	1	12
509.633	1	8
509.803	1	10
509.974	1	11
510.145	1	10
510.315	1	20
510.486	1	10
510.657	1	9
510.827	1	7
510.998	1	15
511.169	1	16
511.339	1	19
511.510	1	14
511.680	1	12
511.851	1	13
512.022	1	12
512.192	1	21
512.363	1	13
512.534	1	17
512.704	1	18
512.875	1	10
513.046	1	4
513.216	1	13
513.387	1	-2
513.558	1	13
513.728	1	8
513.899	1	24
514.069	1	24
514.240	1	18
514.411	1	12
514.581	1	3
514.752	1	6
514.923	1	12
515.093	1	24
515.264	1	8
515.434	1	8
515.605	1	10
515.776	1	17
515.946	1	18
516.117	1	18
516.288	1	10
516.458	1	18
516.629	1	13
516.799	1	6
516.970	1	12
517.141	1	6
517.311	1	17
517.482	1	16
517.653	1	20
517.823	1	20
517.994	1	8
518.164	1	4
518.335	1	14
518.506	1	1
518.676	1	10
518.847	1	9
519.017	1	23
519.188	1	10
519.359	1	10
519.529	1	8
519.700	1	18
519.870	1	8
520.041	1	-3
520.212	1	1
520.382	1	10
520.553	1	14
520.723	1	25
520.894	1	24
521.065	1	6
521.235	1	10
521.406	1	2
521.576	1	11
521.747	1	5
521.918	1	19
522.088	1	16
522.259	1	8
522.429	1	8
522.600	1	5
522.770	1	12
522.941	1	12
523.112	1	1
523.282	1	18
523.453	1	5
523.623	1	17
523.794	1	2
523.965	1	21
524.135	1	16
524.306	1	3
524.476	1	12
524.647	1	13
524.817	1	12
524.988	1	10
525.159	1	15
525.329	1	12
525.500	1	6
525.670	1	7
525.841	1	17
526.011	1	7
526.182	1	3
526.353	1	10
526.523	1	10
526.694	1	-8
526.864	1	9
527.035	1	16
527.205	1	10
527.376	1	8
527.547	1	18
527.717	1	12
527.888	1	2
528.058	1	7
528.229	1	11
528.399	1	26
528.570	1	-2
528.740	1	9
528.911	1	1
529.082	1	12
529.252	1	23
529.423	1	10
529.593	1	8
529.764	1	7
529.934	1	6
530.105	1	12
530.275	1	24
530.446	1	14
530.617	1	7
530.787	1	10
530.958	1	12
531.128	1	-3
531.299	1	3
531.469	1	19
531.640	1	6
531.810	1	-3
531.981	1	0
532.151	1	20
532.322	1	12
532.492	1	3
532.663	1	15
532.834	1	18
533.004	1	9
533.175	1	6
533.345	1	11
533.516	1	10
533.686	1	13
533.857	1	2
534.027	1	22
534.198	1	-1
534.368	1	0
534.539	1	8
534.709	1	3
534.880	1	0
535.050	1	15
535.221	1	7
535.391	1	-1
535.562	1	9
535.732	1	15
535.903	1	1
536.073	1	7
536.244	1	10
536.415	1	9
536.585	1	9
536.756	1	21
536.926	1	16
537.097	1	6
537.267	1	7
537.438	1	-2
537.608	1	14
537.779	1	10
537.949	1	18
538.120	1	9
538.290	1	10
538.461	1	18
538.631	1	13
538.802	1	3
538.972	1	5
539.143	1	-6
539.313	1	16
539.484	1	7
539.654	1	6
539.825	1	12
539.995	1	2
540.166	1	15
540.336	1	9
540.507	1	11
540.677	1	4
540.848	1	7
541.018	1	8
541.189	1	14
541.359	1	7
541.530	1	13
541.700	1	-1
541.871	1	-1
542.041	1	-6
542.211	1	13
542.382	1	1
542.552	1	-4
542.723	1	2
542.893	1	13
543.064	1	7
543.234	1	13
543.405	1	2
543.575	1	4
543.746	1	-4
543.916	1	9
544.087	1	1
544.257	1	5
544.428	1	4
544.598	1	7
544.769	1	7
544.939	1	7
545.110	1	9
545.280	1	8
545.451	1	9
545.621	1	5
545.791	1	17
545.962	1	16
546.132	1	11
546.303	1	9
546.473	1	-4
546.644	1	24
546.814	1	8
546.985	1	6
547.155	1	10
547.326	1	14
547.496	1	7
547.666	1	9
547.837	1	3
548.007	1	3
548.178	1	7
548.348	1	20
548.519	1	10
548.689	1	11
548.860	1	1
549.030	1	1
549.201	1	10
549.371	1	14
549.541	1	-3
549.712	1	2
549.882	1	8
550.053	1	2
550.223	1	9
550.394	1	-3
550.564	1	6
550.735	1	13
550.905	1	10
551.075	1	0
551.246	1	5
551.416	1	8
551.587	1	0
551.757	1	5
551.928	1	4
552.098	1	13
552.268	1	4
552.439	1	7
552.609	1	6
552.780	1	-9
552.950	1	6
553.121	1	8
553.291	1	0
553.461	1	-2
553.632	1	-1
553.802	1	14
553.973	1	23
554.143	1	3
554.314	1	-1
554.484	1	17
554.654	1	-1
554.825	1	7
554.995	1	4
555.166	1	21
555.336	1	17
555.506	1	3
555.677	1	12
555.847	1	6
556.018	1	1
556.188	1	8
556.359	1	13
556.529	1	-4
556.699	1	19
556.870	1	-3
557.040	1	4
557.211	1	5
557.381	1	6
557.551	1	-2
557.722	1	11
557.892	1	1
558.063	1	13
558.233	1	0
558.403	1	4
558.574	1	1
558.744	1	9
558.915	1	15
559.085	1	8
559.255	1	9
559.426	1	5
559.596	1	9
559.767	1	9
559.937	1	3
560.107	1	6
560.278	1	-8
560.448	1	13
560.618	1	1
560.789	1	12
560.959	1	9
561.130	1	6
561.300	1	8
561.470	1	3
561.641	1	-1
561.811	1	-2
561.982	1	3
562.152	1	-4
562.322	1	10
562.493	1	5
562.663	1	6
562.833	1	5
563.004	1	10
563.174	1	-2
563.345	1	6
563.515	1	-3
563.685	1	10
563.856	1	15
564.026	1	-4
564.196	1	-11
564.367	1	4
564.537	1	6
564.707	1	4
564.878	1	6
565.048	1	13
565.219	1	7
565.389	1	5
565.559	1	-5
565.730	1	2
565.900	1	-4
566.070	1	3
566.241	1	-3
566.411	1	1
566.581	1	-3
566.752	1	-1
566.922	1	4
567.093	1	1
567.263	1	6
567.433	1	2
567.604	1	0
567.774	1	-2
567.944	1	11
568.115	1	17
568.285	1	3
568.455	1	3
568.626	1	-9
568.796	1	-8
568.966	1	-9
569.137	1	3
569.307	1	-4
569.477	1	12
569.648	1	5
569.818	1	10
569.988	1	5
570.159	1	4
570.329	1	12
570.499	1	-5
570.670	1	8
570.840	1	-1
571.010	1	13
571.181	1	1
571.351	1	2
571.521	1	0
571.692	1	4
571.862	1	5
572.032	1	1
572.203	1	1
572.373	1	-2
572.543	1	2
572.714	1	-2
572.884	1	-2
573.054	1	11
573.225	1	1
573.395	1	2
573.565	1	-3
573.736	1	4
573.906	1	0
574.076	1	1
574.247	1	8
574.417	1	18
574.587	1	1
574.757	1	0
574.928	1	-1
575.098	1	0
575.268	1	11
575.439	1	0
575.609	1	6
575.779	1	-1
575.950	1	-3
576.120	1	9
576.290	1	0
576.461	1	10
576.631	1	2
576.801	1	7
576.971	1	7
577.142	1	5
577.312	1	15
577.482	1	15
577.653	1	6
577.823	1	-5
577.993	1	4
578.164	1	17
578.334	1	1
578.504	1	-9
578.674	1	3
578.845	1	1
579.015	1	-1
579.185	1	4
579.356	1	4
579.526	1	12
579.696	1	-3
579.866	1	8
580.037	1	-5
580.207	1	6
580.377	1	-4
580.548	1	8
580.718	1	0
580.888	1	3
581.058	1	2
581.229	1	3
581.399	1	-3
581.569	1	2
581.739	1	1
581.910	1	1
582.080	1	1
582.250	1	8
582.421	1	-8
582.591	1	7
582.761	1	-2
582.931	1	15
583.102	1	5
583.272	1	5
583.442	1	-7
583.612	1	8
583.783	1	-3
583.953	1	2
584.123	1	2
584.294	1	6
584.464	1	12
584.634	1	2
584.804	1	-4
584.975	1	11
585.145	1	-1
585.315	1	1
585.485	1	2
585.656	1	1
585.826	1	-2
585.996	1	-20
586.166	1	8
586.337	1	4
586.507	1	1
586.677	1	-6
586.847	1	2
587.018	1	2
587.188	1	5
587.358	1	6
587.528	1	-5
587.699	1	-1
587.869	1	9
588.039	1	2
588.209	1	8
588.380	1	-8
588.550	1	14
588.720	1	-3
588.890	1	14
589.060	1	13
589.231	1	0
589.401	1	6
589.571	1	-4
589.741	1	8
589.912	1	-10
590.082	1	3
590.252	1	8
590.422	1	11
590.593	1	3
590.763	1	-2
590.933	1	4
591.103	1	6
591.273	1	-1
591.444	1	13
591.614	1	4
591.784	1	20
591.954	1	3
592.125	1	3
592.295	1	12
592.465	1	3
592.635	1	-8
592.805	1	1
592.976	1	-9
593.146	1	-8
593.316	1	4
593.486	1	10
593.657	1	0
593.827	1	-5
593.997	1	-9
594.167	1	3
594.337	1	1
594.508	1	-4
594.678	1	4
594.848	1	-4
595.018	1	3
595.188	1	7
595.359	1	6
595.529	1	0
595.699	1	-6
595.869	1	-4
596.039	1	5
596.210	1	7
596.380	1	3
596.550	1	-3
596.720	1	6
596.890	1	13
597.061	1	2
597.231	1	0
597.401	1	-2
597.571	1	3
597.741	1	3
597.912	1	-6
598.082	1	-1
598.252	1	0
598.422	1	1
598.592	1	-10
598.762	1	-1
598.933	1	2
599.103	1	4
599.273	1	10
599.443	1	7
599.613	1	6
599.784	1	-16
599.954	1	5
600.124	1	0
600.294	1	7
600.464	1	2
600.634	1	-5
600.805	1	5
600.975	1	-3
601.145	1	2
601.315	1	2
601.485	1	4
601.656	1	0
601.826	1	4
601.996	1	13
602.166	1	3
602.336	1	7
602.506	1	0
602.677	1	1
602.847	1	0
603.017	1	4
603.187	1	3
603.357	1	6
603.527	1	11
603.697	1	-2
603.868	1	2
604.038	1	6
604.208	1	10
604.378	1	3
604.548	1	4
604.718	1	-2
604.889	1	2
605.059	1	0
605.229	1	12
605.399	1	3
605.569	1	2
605.739	1	9
605.909	1	8
606.080	1	-5
606.250	1	10
606.420	1	12
606.590	1	7
606.760	1	16
606.930	1	8
607.100	1	15
607.271	1	6
607.441	1	-7
607.611	1	17
607.781	1	2
607.951	1	6
608.121	1	16
608.291	1	6
608.462	1	11
608.632	1	-1
608.802	1	1
608.972	1	16
609.142	1	10
609.312	1	-5
609.482	1	4
609.652	1	-3
609.823	1	10
609.993	1	4
610.163	1	4
610.333	1	0
610.503	1	4
610.673	1	0
610.843	1	9
611.013	1	18
611.184	1	2
611.354	1	1
611.524	1	-2
611.694	1	12
611.864	1	-4
612.034	1	-9
612.204	1	10
612.374	1	-4
612.545	1	11
612.715	1	12
612.885	1	8
613.055	1	-1
613.225	1	5
613.395	1	-2
613.565	1	4
613.735	1	2
613.905	1	23
614.075	1	2
614.246	1	3
614.416	1	1
614.586	1	-2
614.756	1	6
614.926	1	-1
615.096	1	6
615.266	1	3
615.436	1	3
615.606	1	3
615.776	1	1
615.947	1	9
616.117	1	2
616.287	1	0
616.457	1	4
616.627	1	15
616.797	1	11
616.967	1	1
617.137	1	11
617.307	1	2
617.477	1	9
617.647	1	3
617.818	1	4
617.988	1	-1
618.158	1	5
618.328	1	0
618.498	1	12
618.668	1	-7
618.838	1	-3
619.008	1	3
619.178	1	13
619.348	1	-4
619.518	1	-6
619.688	1	6
619.859	1	2
620.029	1	4
620.199	1	-1
620.369	1	4
620.539	1	0
620.709	1	3
620.879	1	-8
621.049	1	-1
621.219	1	3
621.389	1	9
621.559	1	3
621.729	1	1
621.899	1	1
622.069	1	11
622.239	1	-4
622.410	1	-12
622.580	1	3
622.750	1	17
622.920	1	11
623.090	1	6
623.260	1	12
623.430	1	-1
623.600	1	3
623.770	1	-2
623.940	1	-10
624.110	1	0
624.280	1	2
624.450	1	8
624.620	1	8
624.790	1	4
624.960	1	13
625.130	1	5
625.300	1	3
625.470	1	0
625.640	1	-2
625.811	1	10
625.981	1	1
626.151	1	19
626.321	1	7
626.491	1	14
626.661	1	6
626.831	1	12
627.001	1	4
627.171	1	-6
627.341	1	3
627.511	1	9
627.681	1	0
627.851	1	12
628.021	1	7
628.191	1	6
628.361	1	18
628.531	1	8
628.701	1	8
628.871	1	7
629.041	1	2
629.211	1	-1
629.381	1	10
629.551	1	0
629.721	1	12
629.891	1	4
630.061	1	15
630.231	1	3
630.401	1	14
630.571	1	2
630.741	1	11
630.911	1	5
631.081	1	2
631.251	1	-1
631.421	1	8
631.591	1	13
631.761	1	10
631.931	1	6
632.101	1	3
632.271	1	5
632.441	1	15
632.611	1	0
632.782	1	1
632.952	1	3
633.122	1	-8
633.292	1	0
633.462	1	18
633.632	1	7
633.802	1	5
633.972	1	4
634.142	1	1
634.312	1	14
634.482	1	8
634.652	1	4
634.821	1	8
634.991	1	-1
635.161	1	-2
635.331	1	5
635.501	1	-1
635.671	1	8
635.841	1	14
636.011	1	12
636.181	1	13
636.351	1	-5
636.521	1	5
636.691	1	2
636.861	1	0
637.031	1	-1
637.201	1	3
637.371	1	-3
637.541	1	4
637.711	1	21
637.881	1	2
638.051	1	9
638.221	1	0
638.391	1	3
638.561	1	5
638.731	1	-9
638.901	1	4
639.071	1	2
639.241	1	11
639.411	1	0
639.581	1	5
639.751	1	7
639.921	1	-2
640.091	1	-3
640.261	1	3
640.431	1	4
640.601	1	4
640.771	1	4
640.941	1	2
641.111	1	11
641.281	1	3
641.451	1	6
641.621	1	16
641.791	1	0
641.960	1	-9
642.130	1	12
642.300	1	10
642.470	1	8
642.640	1	8
642.810	1	3
642.980	1	7
643.150	1	12
643.320	1	5
643.490	1	4
643.660	1	8
643.830	1	9
644.000	1	7
644.170	1	17
644.340	1	18
644.510	1	-6
644.680	1	6
644.850	1	8
645.020	1	8
645.189	1	13
645.359	1	7
645.529	1	5
645.699	1	-6
645.869	1	-1
646.039	1	3
646.209	1	5
646.379	1	11
646.549	1	9
646.719	1	-3
646.889	1	2
647.059	1	10
647.229	1	5
647.399	1	2
647.569	1	1
647.738	1	13
647.908	1	2
648.078	1	2
648.248	1	8
648.418	1	6
648.588	1	6
648.758	1	1
648.928	1	3
649.098	1	2
649.268	1	5
649.438	1	3
649.608	1	-3
649.778	1	6
649.947	1	5
650.117	1	12
650.287	1	13
650.457	1	14
650.627	1	15
650.797	1	5
650.967	1	5
651.137	1	3
651.307	1	14
651.477	1	13
651.647	1	12
651.816	1	12
651.986	1	13
652.156	1	5
652.326	1	-1
652.496	1	13
652.666	1	10
652.836	1	4
653.006	1	21
653.176	1	-7
653.346	1	13
653.515	1	0
653.685	1	7
653.855	1	0
654.025	1	2
654.195	1	-7
654.365	1	5
654.535	1	3
654.705	1	-1
654.875	1	2
655.044	1	7
655.214	1	8
655.384	1	3
655.554	1	-9
655.724	1	1
655.894	1	3
656.064	1	8
656.234	1	7
656.404	1	13
656.573	1	6
656.743	1	-1
656.913	1	12
657.083	1	11
657.253	1	15
657.423	1	-6
657.593	1	17
657.763	1	6
657.932	1	9
658.102	1	8
658.272	1	4
658.442	1	1
658.612	1	4
658.782	1	1
658.952	1	4
659.121	1	9
659.291	1	1
659.461	1	9
659.631	1	6
659.801	1	9
659.971	1	-1
660.141	1	1
660.311	1	8
660.480	1	10
660.650	1	2
660.820	1	8
660.990	1	13
661.160	1	9
661.330	1	7
661.500	1	9
661.669	1	5
661.839	1	18
662.009	1	22
662.179	1	14
662.349	1	17
662.519	1	-6
662.688	1	-7
662.858	1	-3
663.028	1	18
663.198	1	2
663.368	1	14
663.538	1	8
663.708	1	7
663.877	1	4
664.047	1	3
664.217	1	1
664.387	1	-6
664.557	1	4
664.727	1	7
664.896	1	5
665.066	1	5
665.236	1	-3
665.406	1	6
665.576	1	10
665.746	1	19
665.915	1	9
666.085	1	7
666.255	1	-1
666.425	1	4
666.595	1	19
666.765	1	-2
666.934	1	15
667.104	1	2
667.274	1	18
667.444	1	2
667.614	1	5
667.783	1	6
667.953	1	9
668.123	1	6
668.293	1	8
668.463	1	7
668.633	1	4
668.802	1	10
668.972	1	12
669.142	1	8
669.312	1	11
669.482	1	4
669.651	1	-7
669.821	1	2
669.991	1	6
670.161	1	8
670.331	1	-1
670.500	1	7
670.670	1	10
670.840	1	4
671.010	1	16
671.180	1	-2
671.349	1	11
671.519	1	5
671.689	1	3
671.859	1	5
672.029	1	3
672.198	1	5
672.368	1	17
672.538	1	7
672.708	1	8
672.878	1	10
673.047	1	10
673.217	1	7
673.387	1	13
673.557	1	-2
673.727	1	10
673.896	1	18
674.066	1	6
674.236	1	17
674.406	1	12
674.576	1	-2
674.745	1	9
674.915	1	6
675.085	1	2
675.255	1	8
675.424	1	10
675.594	1	-4
675.764	1	0
675.934	1	-5
676.104	1	-1
676.273	1	6
676.443	1	7
676.613	1	1
676.783	1	8
676.952	1	1
677.122	1	16
677.292	1	5
677.462	1	7
677.632	1	14
677.801	1	14
677.971	1	-3
678.141	1	24
678.311	1	5
678.480	1	2
678.650	1	-5
678.820	1	6
678.990	1	6
679.159	1	13
679.329	1	3
679.499	1	14
679.669	1	-4
679.838	1	17
680.008	1	8
680.178	1	12
680.348	1	4
680.517	1	15
680.687	1	-1
680.857	1	2
681.027	1	-4
681.196	1	2
681.366	1	11
681.536	1	10
681.706	1	6
681.875	1	7
682.045	1	4
682.215	1	-4
682.385	1	12
682.554	1	14
682.724	1	8
682.894	1	15
683.064	1	5
683.233	1	2
683.403	1	2
683.573	1	11
683.743	1	5
683.912	1	6
684.082	1	0
684.252	1	6
684.421	1	3
684.591	1	-6
684.761	1	3
684.931	1	15
685.100	1	15
685.270	1	3
685.440	1	2
685.610	1	-1
685.779	1	5
685.949	1	-1
686.119	1	8
686.288	1	6
686.458	1	14
686.628	1	1
686.798	1	8
686.967	1	13
687.137	1	8
687.307	1	11
687.477	1	15
687.646	1	5
687.816	1	3
687.986	1	9
688.155	1	0
688.325	1	5
688.495	1	7
688.665	1	10
688.834	1	2
689.004	1	20
689.174	1	10
689.343	1	12
689.513	1	7
689.683	1	15
689.852	1	11
690.022	1	9
690.192	1	11
690.362	1	11
690.531	1	8
690.701	1	7
690.871	1	20
691.040	1	13
691.210	1	11
691.380	1	6
691.549	1	9
691.719	1	11
691.889	1	15
692.059	1	1
692.228	1	11
692.398	1	19
692.568	1	0
692.737	1	9
692.907	1	-3
693.077	1	11
693.246	1	4
693.416	1	10
693.586	1	10
693.755	1	7
693.925	1	3
694.095	1	10
694.264	1	4
694.434	1	-6
694.604	1	6
694.773	1	-7
694.943	1	14
695.113	1	4
695.282	1	9
695.452	1	4
695.622	1	14
695.791	1	-1
695.961	1	11
696.131	1	8
696.301	1	6
696.470	1	-7
696.640	1	10
696.810	1	7
696.979	1	11
697.149	1	-2
697.319	1	6
697.488	1	5
697.658	1	10
697.827	1	2
697.997	1	-2
698.167	1	22
698.336	1	11
698.506	1	12
698.676	1	-1
698.845	1	12
699.015	1	6
699.185	1	1
699.354	1	-2
699.524	1	-5
699.694	1	11
699.863	1	29
700.033	1	17
700.203	1	11
700.372	1	21
700.542	1	-2
700.712	1	3
700.881	1	7
701.051	1	4
701.221	1	10
701.390	1	1
701.560	1	14
701.729	1	6
701.899	1	0
702.069	1	13
702.238	1	6
702.408	1	9
702.578	1	7
702.747	1	11
702.917	1	4
703.087	1	2
703.256	1	2
703.426	1	3
703.595	1	12
703.765	1	12
703.935	1	11
704.104	1	2
704.274	1	11
704.444	1	7
704.613	1	11
704.783	1	10
704.952	1	13
705.122	1	7
705.292	1	11
705.461	1	15
705.631	1	13
705.801	1	2
705.970	1	1
706.140	1	2
706.309	1	13
706.479	1	-1
706.649	1	8
706.818	1	5
706.988	1	9
707.157	1	0
707.327	1	10
707.497	1	21
707.666	1	5
707.836	1	-1
708.006	1	12
708.175	1	3
708.345	1	1
708.514	1	17
708.684	1	-11
708.854	1	5
709.023	1	-1
709.193	1	-3
709.362	1	9
709.532	1	6
709.702	1	0
709.871	1	13
710.041	1	15
710.210	1	10
710.380	1	13
710.550	1	-2
710.719	1	10
710.889	1	16
711.058	1	13
711.228	1	-1
711.397	1	8
711.567	1	4
711.737	1	14
711.906	1	10
712.076	1	19
712.245	1	15
712.415	1	5
712.585	1	7
712.754	1	4
712.924	1	0
713.093	1	4
713.263	1	6
713.432	1	9
713.602	1	4
713.772	1	-3
713.941	1	10
714.111	1	3
714.280	1	16
714.450	1	15
714.619	1	4
714.789	1	11
714.959	1	2
715.128	1	5
715.298	1	-3
715.467	1	3
715.637	1	4
715.806	1	6
715.976	1	12
716.146	1	6
716.315	1	24
716.485	1	7
716.654	1	-2
716.824	1	3
716.993	1	5
717.163	1	9
717.333	1	4
717.502	1	14
717.672	1	-6
717.841	1	19
718.011	1	1
718.180	1	-4
718.350	1	11
718.519	1	2
718.689	1	6
718.858	1	7
719.028	1	-2
719.198	1	10
719.367	1	-8
719.537	1	15
719.706	1	-4
719.876	1	12
720.045	1	-1
720.215	1	7
720.384	1	10
720.554	1	8
720.723	1	13
720.893	1	17
721.063	1	-2
721.232	1	10
721.402	1	17
721.571	1	10
721.741	1	3
721.910	1	6
722.080	1	4
722.249	1	11
722.419	1	-1
722.588	1	10
722.758	1	3
722.927	1	-2
723.097	1	5
723.266	1	-2
723.436	1	5
723.606	1	9
723.775	1	15
723.945	1	10
724.114	1	7
724.284	1	8
724.453	1	-3
724.623	1	0
724.792	1	11
724.962	1	5
725.131	1	7
725.301	1	6
725.470	1	13
725.640	1	10
725.809	1	0
725.979	1	6
726.148	1	8
726.318	1	-7
726.487	1	-1
726.657	1	10
726.826	1	12
726.996	1	2
727.165	1	10
727.335	1	17
727.504	1	1
727.674	1	-2
727.843	1	2
728.013	1	3
728.182	1	2
728.352	1	4
728.521	1	1
728.691	1	6
728.860	1	2
729.030	1	11
729.199	1	7
729.369	1	-2
729.538	1	0
729.708	1	5
729.877	1	6
730.047	1	6
730.216	1	2
730.386	1	5
730.555	1	0
730.725	1	4
730.894	1	12
731.064	1	6
731.233	1	2
731.403	1	14
731.572	1	8
731.742	1	-1
731.911	1	11
732.081	1	3
732.250	1	0
732.420	1	1
732.589	1	4
732.758	1	16
732.928	1	-5
733.097	1	10
733.267	1	-2
733.436	1	-2
733.606	1	12
733.775	1	13
733.945	1	2
734.114	1	6
734.284	1	3
734.453	1	7
734.623	1	1
734.792	1	4
734.962	1	-4
735.131	1	-2
735.301	1	8
735.470	1	8
735.639	1	3
735.809	1	7
735.978	1	7
736.148	1	3
736.317	1	7
736.487	1	-7
736.656	1	-4
736.826	1	9
736.995	1	1
737.165	1	3
737.334	1	15
737.503	1	10
737.673	1	15
737.842	1	-2
738.012	1	0
738.181	1	17
738.351	1	7
738.520	1	9
738.690	1	-1
738.859	1	3
739.028	1	8
739.198	1	4
739.367	1	5
739.537	1	-1
739.706	1	8
739.876	1	0
740.045	1	4
740.215	1	4
740.384	1	9
740.553	1	-13
740.723	1	8
740.892	1	9
741.062	1	1
741.231	1	10
741.401	1	-1
741.570	1	14
741.739	1	6
741.909	1	-5
742.078	1	7
742.248	1	-6
742.417	1	7
742.587	1	3
742.756	1	9
742.925	1	11
743.095	1	12
743.264	1	5
743.434	1	5
743.603	1	6
743.772	1	8
743.942	1	9
744.111	1	1
744.281	1	1
744.450	1	-1
744.620	1	-1
744.789	1	11
744.958	1	8
745.128	1	7
745.297	1	4
745.467	1	7
745.636	1	-4
745.805	1	-4
745.975	1	13
746.144	1	5
746.314	1	7
746.483	1	-6
746.652	1	9
746.822	1	6
746.991	1	5
747.161	1	0
747.330	1	8
747.499	1	6
747.669	1	-5
747.838	1	5
748.008	1	-9
748.177	1	21
748.346	1	1
748.516	1	22
748.685	1	18
748.855	1	12
749.024	1	4
749.193	1	2
749.363	1	7
749.532	1	-2
749.702	1	0
749.871	1	8
750.040	1	11
750.210	1	10
750.379	1	0
750.548	1	2
750.718	1	4
750.887	1	7
751.057	1	6
751.226	1	0
751.395	1	-1
751.565	1	5
751.734	1	14
751.903	1	2
752.073	1	22
752.242	1	-3
752.412	1	9
752.581	1	7
752.750	1	9
752.920	1	-2
753.089	1	9
753.258	1	9
753.428	1	-6
753.597	1	-1
753.767	1	4
753.936	1	3
754.105	1	7
754.275	1	15
754.444	1	4
754.613	1	9
754.783	1	8
754.952	1	-1
755.121	1	3
755.291	1	8
755.460	1	8
755.629	1	-2
755.799	1	8
755.968	1	3
756.138	1	-1
756.307	1	0
756.476	1	-1
756.646	1	18
756.815	1	-3
756.984	1	-7
757.154	1	13
757.323	1	7
757.492	1	8
757.662	1	-2
757.831	1	-2
758.000	1	0
758.170	1	9
758.339	1	-3
758.508	1	11
758.678	1	-3
758.847	1	7
759.016	1	-8
759.186	1	13
759.355	1	-2
759.524	1	13
759.694	1	6
759.863	1	9
760.032	1	-3
760.202	1	11
760.371	1	6
760.540	1	7
760.710	1	10
760.879	1	2
761.048	1	1
761.218	1	13
761.387	1	3
761.556	1	15
761.726	1	-4
761.895	1	12
762.064	1	11
762.234	1	8
762.403	1	1
762.572	1	6
762.742	1	11
762.911	1	10
763.080	1	9
763.249	1	8
763.419	1	0
763.588	1	5
763.757	1	9
763.927	1	8
764.096	1	-3
764.265	1	5
764.435	1	-1
764.604	1	-2
764.773	1	12
764.943	1	10
765.112	1	6
765.281	1	-2
765.450	1	2
765.620	1	11
765.789	1	14
765.958	1	-1
766.128	1	0
766.297	1	-4
766.466	1	9
766.636	1	11
766.805	1	7
766.974	1	7
767.143	1	12
767.313	1	13
767.482	1	9
767.651	1	2
767.821	1	7
767.990	1	12
768.159	1	-2
768.328	1	-4
768.498	1	-1
768.667	1	1
768.836	1	4
769.006	1	-1
769.175	1	7
769.344	1	14
769.513	1	5
769.683	1	0
769.852	1	5
770.021	1	2
770.191	1	10
770.360	1	5
770.529	1	-15
770.698	1	2
770.868	1	14
771.037	1	7
771.206	1	5
771.375	1	14
771.545	1	9
771.714	1	4
771.883	1	5
772.053	1	13
772.222	1	11
772.391	1	11
772.560	1	14
772.730	1	0
772.899	1	3
773.068	1	12
773.237	1	9
773.407	1	3
773.576	1	6
773.745	1	10
773.914	1	-7
774.084	1	5
774.253	1	9
774.422	1	7
774.591	1	-3
774.761	1	14
774.930	1	2
775.099	1	-1
775.268	1	1
775.438	1	4
775.607	1	-1
775.776	1	2
775.945	1	11
776.115	1	8
776.284	1	1
776.453	1	-6
776.622	1	8
776.792	1	-3
776.961	1	-1
777.130	1	4
777.299	1	5
777.469	1	4
777.638	1	23
777.807	1	-5
777.976	1	4
778.146	1	15
778.315	1	1
778.484	1	1
778.653	1	-3
778.822	1	5
778.992	1	4
779.161	1	2
779.330	1	-1
779.499	1	16
779.669	1	15
779.838	1	14
780.007	1	-2
780.176	1	8
780.346	1	10
780.515	1	-1
780.684	1	-5
780.853	1	8
781.022	1	6
781.192	1	17
781.361	1	2
781.530	1	4
781.699	1	-5
781.868	1	-3
782.038	1	9
782.207	1	1
782.376	1	0
782.545	1	2
782.715	1	6
782.884	1	15
783.053	1	1
783.222	1	12
783.391	1	-3
783.561	1	15
783.730	1	8
783.899	1	2
784.068	1	5
784.237	1	-4
784.407	1	2
784.576	1	6
784.745	1	5
784.914	1	-1
785.083	1	9
785.253	1	7
785.422	1	4
785.591	1	-9
785.760	1	2
785.929	1	10
786.099	1	4
786.268	1	4
786.437	1	-9
786.606	1	7
786.775	1	7
786.945	1	15
787.114	1	8
787.283	1	-1
787.452	1	9
787.621	1	0
787.790	1	6
787.960	1	-4
788.129	1	12
788.298	1	16
788.467	1	8
788.636	1	3
788.806	1	11
788.975	1	8
789.144	1	11
789.313	1	8
789.482	1	3
789.651	1	-4
789.821	1	0
789.990	1	-2
790.159	1	6
790.328	1	4
790.497	1	3
790.666	1	1
790.836	1	-8
791.005	1	3
791.174	1	-9
791.343	1	2
791.512	1	6
791.681	1	15
791.851	1	-8
792.020	1	-1
792.189	1	-5
792.358	1	3
792.527	1	3
792.696	1	8
792.866	1	15
793.035	1	7
793.204	1	-4
793.373	1	4
793.542	1	-3
793.711	1	10
793.880	1	2
794.050	1	7
794.219	1	7
794.388	1	5
794.557	1	1
794.726	1	-3
794.895	1	6
795.064	1	-6
795.234	1	8
795.403	1	-14
795.572	1	7
795.741	1	3
795.910	1	11
796.079	1	4
796.248	1	1
796.418	1	10
796.587	1	17
796.756	1	5
796.925	1	-3
797.094	1	-1
797.263	1	12
797.432	1	4
797.602	1	3
797.771	1	16
797.940	1	6
798.109	1	5
798.278	1	-8
798.447	1	6
798.616	1	-4
798.785	1	10
798.955	1	0
799.124	1	5
799.293	1	4
799.462	1	-9
799.631	1	-3
799.800	1	3
799.969	1	14
800.138	1	2
800.308	1	14
800.477	1	10
800.646	1	-6
800.815	1	-2
800.984	1	5
801.153	1	-6
801.322	1	-1
801.491	1	8
801.660	1	13
801.830	1	0
801.999	1	1
802.168	1	2
802.337	1	-4
802.506	1	1
802.675	1	-3
802.844	1	1
803.013	1	-3
803.182	1	-4
803.351	1	0
803.521	1	8
803.690	1	12
803.859	1	16
804.028	1	5
804.197	1	15
804.366	1	-1
804.535	1	-2
804.704	1	-6
804.873	1	4
805.042	1	-10
805.212	1	10
805.381	1	2
805.550	1	12
805.719	1	1
805.888	1	-7
806.057	1	1
806.226	1	11
806.395	1	-1
806.564	1	-2
806.733	1	0
806.902	1	5
807.071	1	0
807.241	1	7
807.410	1	-3
807.579	1	6
807.748	1	8
807.917	1	10
808.086	1	1
808.255	1	-1
808.424	1	13
808.593	1	-2
808.762	1	7
808.931	1	-6
809.100	1	9
809.269	1	-5
809.439	1	0
809.608	1	7
809.777	1	9
809.946	1	11
810.115	1	4
810.284	1	0
810.453	1	6
810.622	1	0
810.791	1	-8
810.960	1	7
811.129	1	2
811.298	1	7
811.467	1	0
811.636	1	12
811.805	1	-2
811.974	1	2
812.143	1	-5
812.313	1	6
812.482	1	14
812.651	1	8
812.820	1	8
812.989	1	4
813.158	1	0
813.327	1	7
813.496	1	2
813.665	1	0
813.834	1	6
814.003	1	-1
814.172	1	1
814.341	1	14
814.510	1	5
814.679	1	11
814.848	1	10
815.017	1	-8
815.186	1	-10
815.355	1	5
815.524	1	8
815.693	1	-6
815.862	1	2
816.031	1	-1
816.200	1	11
816.370	1	15
816.539	1	-5
816.708	1	-2
816.877	1	13
817.046	1	-2
817.215	1	8
817.384	1	-13
817.553	1	6
817.722	1	1
817.891	1	10
818.060	1	-2
818.229	1	1
818.398	1	5
818.567	1	3
818.736	1	-12
818.905	1	4
819.074	1	4
819.243	1	5
819.412	1	1
819.581	1	9
819.750	1	0
819.919	1	1
820.088	1	-4
820.257	1	0
820.426	1	-4
820.595	1	0
820.764	1	2
820.933	1	5
821.102	1	3
821.271	1	14
821.440	1	3
821.609	1	5
821.778	1	-2
821.947	1	-2
822.116	1	-10
822.285	1	-4
822.454	1	2
822.623	1	5
822.792	1	4
822.961	1	-4
823.130	1	2
823.299	1	4
823.468	1	-5
823.637	1	-5
823.806	1	8
823.975	1	4
824.144	1	0
824.313	1	-22
824.482	1	-2
824.651	1	4
824.820	1	4
824.989	1	13
825.158	1	-2
825.327	1	-4
825.496	1	-17
825.665	1	-2
825.834	1	1
826.003	1	-9
826.172	1	0
826.341	1	5
826.510	1	8
826.679	1	0
826.848	1	-3
827.017	1	8
827.186	1	7
827.355	1	10
827.524	1	3
827.693	1	5
827.862	1	-8
828.031	1	-5
828.199	1	2
828.368	1	-2
828.537	1	2
828.706	1	2
828.875	1	3
829.044	1	-10
829.213	1	-9
829.382	1	-2
829.551	1	-3
829.720	1	14
829.889	1	4
830.058	1	-5
830.227	1	-4
830.396	1	-6
830.565	1	4
830.734	1	5
830.903	1	-5
831.072	1	4
831.241	1	2
831.410	1	2
831.579	1	16
831.748	1	4
831.917	1	12
832.086	1	-8
832.254	1	-7
832.423	1	-6
832.592	1	3
832.761	1	1
832.930	1	1
833.099	1	11
833.268	1	9
833.437	1	-6
833.606	1	-4
833.775	1	-5
833.944	1	-3
834.113	1	-1
834.282	1	4
834.451	1	-2
834.620	1	2
834.789	1	7
834.957	1	8
835.126	1	4
835.295	1	-3
835.464	1	-3
835.633	1	14
835.802	1	10
835.971	1	14
836.140	1	-2
836.309	1	-2
836.478	1	-4
836.647	1	-2
836.816	1	5
836.985	1	2
837.154	1	4
837.322	1	-2
837.491	1	1
837.660	1	0
837.829	1	8
837.998	1	7
838.167	1	1
838.336	1	6
838.505	1	5
838.674	1	16
838.843	1	-10
839.012	1	-3
839.181	1	1
839.349	1	6
839.518	1	-5
839.687	1	5
839.856	1	12
840.025	1	-8
840.194	1	3
840.363	1	-3
840.532	1	1
840.701	1	-15
840.870	1	-1
841.038	1	-4
841.207	1	6
841.376	1	3
841.545	1	1
841.714	1	-1
841.883	1	-5
842.052	1	15
842.221	1	0
842.390	1	-2
842.559	1	2
842.727	1	-5
842.896	1	0
843.065	1	-2
843.234	1	1
843.403	1	1
843.572	1	10
843.741	1	2
843.910	1	-3
844.079	1	5
844.247	1	-10
844.416	1	-6
844.585	1	-7
844.754	1	7
844.923	1	-5
845.092	1	0
845.261	1	-3
845.430	1	6
845.598	1	1
845.767	1	-9
845.936	1	4
846.105	1	0
846.274	1	3
846.443	1	0
846.612	1	1
846.781	1	-11
846.949	1	6
847.118	1	7
847.287	1	5
847.456	1	8
847.625	1	1
847.794	1	1
847.963	1	-5
848.131	1	-3
848.300	1	7
