340.368	1	1
340.539	1	1
340.710	1	11
340.881	1	-9
341.052	1	-1
341.223	1	9
341.394	1	1
341.565	1	1
341.737	1	1
341.908	1	-8
342.079	1	4
342.250	1	-6
342.421	1	17
342.592	1	5
342.763	1	7
342.934	1	15
343.105	1	5
343.276	1	12
343.447	1	-5
343.618	1	-5
343.789	1	7
343.960	1	7
344.131	1	-5
344.302	1	6
344.473	1	-10
344.644	1	-12
344.815	1	4
344.986	1	1
345.157	1	-8
345.328	1	10
345.499	1	9
345.670	1	8
345.841	1	1
346.012	1	9
346.183	1	2
346.354	1	0
346.526	1	3
346.697	1	-1
346.868	1	0
347.039	1	-4
347.210	1	-2
347.381	1	3
347.552	1	8
347.723	1	2
347.894	1	4
348.065	1	-7
348.236	1	3
348.407	1	-5
348.578	1	0
348.749	1	-2
348.920	1	-6
349.091	1	5
349.262	1	-3
349.433	1	0
349.604	1	5
349.775	1	2
349.946	1	6
350.117	1	-2
350.288	1	-9
350.459	1	9
350.630	1	1
350.801	1	3
350.972	1	2
351.143	1	6
351.314	1	1
351.485	1	-3
351.656	1	-1
351.827	1	-4
351.998	1	1
352.169	1	-7
352.340	1	2
352.511	1	8
352.682	1	-5
352.853	1	7
353.024	1	4
353.195	1	1
353.366	1	-3
353.537	1	0
353.708	1	9
353.879	1	6
354.050	1	6
354.221	1	-8
354.392	1	2
354.563	1	-5
354.734	1	11
354.905	1	8
355.076	1	5
355.247	1	-2
355.418	1	-5
355.589	1	6
355.760	1	11
355.931	1	-2
356.102	1	-1
356.273	1	-2
356.444	1	14
356.615	1	-2
356.785	1	0
356.956	1	1
357.127	1	7
357.298	1	1
357.469	1	5
357.640	1	1
357.811	1	4
357.982	1	3
358.153	1	6
358.324	1	4
358.495	1	3
358.666	1	2
358.837	1	11
359.008	1	10
359.179	1	23
359.350	1	-2
359.521	1	17
359.692	1	-9
359.863	1	0
360.034	1	4
360.205	1	-2
360.376	1	17
360.547	1	2
360.718	1	10
360.889	1	0
361.060	1	9
361.231	1	9
361.401	1	7
361.572	1	12
361.743	1	5
361.914	1	4
362.085	1	11
362.256	1	12
362.427	1	15
362.598	1	6
362.769	1	7
362.940	1	9
363.111	1	16
363.282	1	14
363.453	1	21
363.624	1	18
363.795	1	9
363.966	1	7
364.137	1	21
364.308	1	20
364.478	1	8
364.649	1	13
364.820	1	26
364.991	1	18
365.162	1	9
365.333	1	26
365.504	1	13
365.675	1	18
365.846	1	23
366.017	1	18
366.188	1	22
366.359	1	27
366.530	1	15
366.701	1	12
366.871	1	22
367.042	1	17
367.213	1	35
367.384	1	38
367.555	1	12
367.726	1	33
367.897	1	17
368.068	1	23
368.239	1	21
368.410	1	20
368.581	1	21
368.752	1	28
368.923	1	26
369.093	1	19
369.264	1	33
369.435	1	34
369.606	1	13
369.777	1	32
369.948	1	37
370.119	1	14
370.290	1	17
370.461	1	24
370.632	1	31
370.803	1	10
370.973	1	21
371.144	1	9
371.315	1	26
371.486	1	22
371.657	1	29
371.828	1	9
371.999	1	15
372.170	1	20
372.341	1	17
372.512	1	24
372.682	1	9
372.853	1	12
373.024	1	12
373.195	1	16
373.366	1	17
373.537	1	20
373.708	1	11
373.879	1	9
374.050	1	18
374.220	1	18
374.391	1	15
374.562	1	11
374.733	1	9
374.904	1	9
375.075	1	3
375.246	1	10
375.417	1	13
375.588	1	14
375.758	1	13
375.929	1	6
376.100	1	15
376.271	1	-1
376.442	1	10
376.613	1	8
376.784	1	2
376.955	1	7
377.125	1	15
377.296	1	19
377.467	1	18
377.638	1	16
377.809	1	20
377.980	1	19
378.151	1	11
378.321	1	10
378.492	1	7
378.663	1	8
378.834	1	6
379.005	1	16
379.176	1	5
379.347	1	11
379.518	1	4
379.688	1	5
379.859	1	18
380.030	1	-1
380.201	1	6
380.372	1	15
380.543	1	6
380.714	1	2
380.884	1	18
381.055	1	3
381.226	1	10
381.397	1	2
381.568	1	18
381.739	1	9
381.910	1	8
382.080	1	6
382.251	1	14
382.422	1	-1
382.593	1	9
382.764	1	5
382.935	1	13
383.105	1	5
383.276	1	6
383.447	1	6
383.618	1	12
383.789	1	9
383.960	1	12
384.130	1	21
384.301	1	10
384.472	1	4
384.643	1	14
384.814	1	25
384.985	1	22
385.156	1	18
385.326	1	2
385.497	1	9
385.668	1	8
385.839	1	0
386.010	1	14
386.180	1	15
386.351	1	13
386.522	1	11
386.693	1	11
386.864	1	7
387.035	1	11
387.205	1	17
387.376	1	4
387.547	1	11
387.718	1	8
387.889	1	3
388.060	1	0
388.230	1	21
388.401	1	-2
388.572	1	12
388.743	1	6
388.914	1	-2
389.084	1	11
389.255	1	2
389.426	1	11
389.597	1	-4
389.768	1	15
389.939	1	12
390.109	1	3
390.280	1	11
390.451	1	8
390.622	1	10
390.793	1	3
390.963	1	-3
391.134	1	7
391.305	1	5
391.476	1	8
391.647	1	6
391.817	1	7
391.988	1	13
392.159	1	18
392.330	1	0
392.501	1	-2
392.671	1	9
392.842	1	3
393.013	1	12
393.184	1	8
393.355	1	-4
393.525	1	19
393.696	1	12
393.867	1	10
394.038	1	6
394.208	1	11
394.379	1	15
394.550	1	1
394.721	1	12
394.892	1	13
395.062	1	-1
395.233	1	9
395.404	1	1
395.575	1	7
395.746	1	12
395.916	1	10
396.087	1	3
396.258	1	14
396.429	1	-7
396.599	1	11
396.770	1	9
396.941	1	5
397.112	1	15
397.283	1	6
397.453	1	9
397.624	1	8
397.795	1	-2
397.966	1	-4
398.136	1	14
398.307	1	12
398.478	1	4
398.649	1	10
398.819	1	11
398.990	1	0
399.161	1	3
399.332	1	0
399.503	1	10
399.673	1	5
399.844	1	1
400.015	1	-4
400.186	1	10
400.356	1	14
400.527	1	6
400.698	1	0
400.869	1	17
401.039	1	1
401.210	1	-5
401.381	1	1
401.552	1	5
401.722	1	10
401.893	1	9
402.064	1	-2
402.235	1	14
402.405	1	-1
402.576	1	11
402.747	1	5
402.918	1	10
403.088	1	-13
403.259	1	11
403.430	1	11
403.601	1	9
403.771	1	1
403.942	1	4
404.113	1	-2
404.284	1	2
404.454	1	-1
404.625	1	3
404.796	1	2
404.967	1	18
405.137	1	5
405.308	1	9
405.479	1	-2
405.649	1	2
405.820	1	0
405.991	1	4
406.162	1	3
406.332	1	7
406.503	1	3
406.674	1	13
406.845	1	2
407.015	1	17
407.186	1	-1
407.357	1	3
407.527	1	4
407.698	1	4
407.869	1	9
408.040	1	2
408.210	1	8
408.381	1	7
408.552	1	8
408.722	1	6
408.893	1	3
409.064	1	9
409.235	1	-5
409.405	1	3
409.576	1	7
409.747	1	-1
409.917	1	7
410.088	1	9
410.259	1	5
410.430	1	-1
410.600	1	-2
410.771	1	12
410.942	1	7
411.112	1	11
411.283	1	-1
411.454	1	8
411.625	1	-1
411.795	1	7
411.966	1	9
412.137	1	4
412.307	1	0
412.478	1	3
412.649	1	2
412.819	1	12
412.990	1	-2
413.161	1	2
413.332	1	3
413.502	1	-1
413.673	1	11
413.844	1	9
414.014	1	6
414.185	1	-3
414.356	1	4
414.526	1	6
414.697	1	6
414.868	1	-7
415.038	1	10
415.209	1	-4
415.380	1	2
415.550	1	-11
415.721	1	11
415.892	1	6
416.063	1	10
416.233	1	-8
416.404	1	3
416.575	1	2
416.745	1	7
416.916	1	-4
417.087	1	16
417.257	1	5
417.428	1	2
417.599	1	1
417.769	1	4
417.940	1	7
418.111	1	2
418.281	1	13
418.452	1	0
418.623	1	6
418.793	1	6
418.964	1	1
419.135	1	3
419.305	1	0
419.476	1	19
419.647	1	3
419.817	1	0
419.988	1	-1
420.159	1	2
420.329	1	2
420.500	1	-6
420.671	1	2
420.841	1	3
421.012	1	7
421.183	1	1
421.353	1	13
421.524	1	-6
421.695	1	0
421.865	1	2
422.036	1	-5
422.206	1	10
422.377	1	10
422.548	1	-2
422.718	1	7
422.889	1	11
423.060	1	10
423.230	1	6
423.401	1	9
423.572	1	0
423.742	1	5
423.913	1	-4
424.084	1	-3
424.254	1	11
424.425	1	-1
424.595	1	1
424.766	1	12
424.937	1	-2
425.107	1	4
425.278	1	4
425.449	1	1
425.619	1	9
425.790	1	6
425.961	1	-3
426.131	1	1
426.302	1	8
426.472	1	8
426.643	1	-8
426.814	1	-1
426.984	1	2
427.155	1	10
427.326	1	4
427.496	1	5
427.667	1	16
427.837	1	5
428.008	1	8
428.179	1	6
428.349	1	4
428.520	1	-1
428.691	1	2
428.861	1	-2
429.032	1	3
429.202	1	-2
429.373	1	13
429.544	1	-6
429.714	1	10
429.885	1	0
430.055	1	10
430.226	1	-7
430.397	1	0
430.567	1	2
430.738	1	11
430.909	1	2
431.079	1	-2
431.250	1	0
431.420	1	11
431.591	1	11
431.762	1	7
431.932	1	5
432.103	1	-2
432.273	1	-6
432.444	1	0
432.615	1	-4
432.785	1	6
432.956	1	-4
433.126	1	1
433.297	1	7
433.468	1	1
433.638	1	-2
433.809	1	2
433.979	1	1
434.150	1	1
434.320	1	-2
434.491	1	7
434.662	1	-3
434.832	1	-3
435.003	1	-3
435.173	1	7
435.344	1	6
435.515	1	5
435.685	1	-13
435.856	1	5
436.026	1	-1
436.197	1	-4
436.368	1	-7
436.538	1	12
436.709	1	-4
436.879	1	-2
437.050	1	1
437.220	1	7
437.391	1	10
437.562	1	-2
437.732	1	-5
437.903	1	-13
438.073	1	16
438.244	1	2
438.414	1	-1
438.585	1	-3
438.756	1	-2
438.926	1	0
439.097	1	6
439.267	1	1
439.438	1	7
439.608	1	2
439.779	1	5
439.949	1	12
440.120	1	5
440.291	1	4
440.461	1	3
440.632	1	-5
440.802	1	-7
440.973	1	7
441.143	1	-7
441.314	1	5
441.485	1	-6
441.655	1	6
441.826	1	10
441.996	1	7
442.167	1	-1
442.337	1	14
442.508	1	4
442.678	1	6
442.849	1	8
443.019	1	-4
443.190	1	-2
443.361	1	3
443.531	1	2
443.702	1	3
443.872	1	7
444.043	1	-10
444.213	1	-5
444.384	1	-7
444.554	1	2
444.725	1	0
444.895	1	3
445.066	1	1
445.237	1	-10
445.407	1	-8
445.578	1	-3
445.748	1	6
445.919	1	7
446.089	1	6
446.260	1	2
446.430	1	2
446.601	1	5
446.771	1	5
446.942	1	-1
447.112	1	5
447.283	1	-3
447.453	1	0
447.624	1	7
447.794	1	5
447.965	1	-5
448.135	1	2
448.306	1	-1
448.477	1	-2
448.647	1	7
448.818	1	3
448.988	1	1
449.159	1	11
449.329	1	-6
449.500	1	13
449.670	1	6
449.841	1	5
450.011	1	-5
450.182	1	2
450.352	1	-7
450.523	1	2
450.693	1	5
450.864	1	8
451.034	1	7
451.205	1	7
451.375	1	3
451.546	1	2
451.716	1	13
451.887	1	-5
452.057	1	3
452.228	1	4
452.398	1	1
452.569	1	6
452.739	1	4
452.910	1	-1
453.080	1	0
453.251	1	-4
453.421	1	12
453.592	1	5
453.762	1	7
453.933	1	13
454.103	1	-7
454.274	1	-13
454.444	1	-3
454.615	1	7
454.785	1	-3
454.956	1	5
455.126	1	-4
455.297	1	-2
455.467	1	-4
455.638	1	6
455.808	1	0
455.979	1	1
456.149	1	0
456.320	1	4
456.490	1	0
456.661	1	1
456.831	1	-1
457.001	1	6
457.172	1	6
457.342	1	2
457.513	1	-2
457.683	1	9
457.854	1	1
458.024	1	4
458.195	1	0
458.365	1	-2
458.536	1	3
458.706	1	9
458.877	1	-14
459.047	1	6
459.218	1	-8
459.388	1	-3
459.559	1	1
459.729	1	1
459.899	1	3
460.070	1	-3
460.240	1	-8
460.411	1	-16
460.581	1	-3
460.752	1	-2
460.922	1	-5
461.093	1	3
461.263	1	16
461.434	1	12
461.604	1	-4
461.775	1	7
461.945	1	-1
462.115	1	0
462.286	1	9
462.456	1	4
462.627	1	-3
462.797	1	-2
462.968	1	0
463.138	1	1
463.309	1	-5
463.479	1	6
463.649	1	8
463.820	1	2
463.990	1	3
464.161	1	-2
464.331	1	3
464.502	1	-2
464.672	1	-5
464.843	1	3
465.013	1	0
465.183	1	4
465.354	1	-1
465.524	1	1
465.695	1	-3
465.865	1	1
466.036	1	4
466.206	1	2
466.376	1	10
466.547	1	0
466.717	1	11
466.888	1	6
467.058	1	-7
467.229	1	-5
467.399	1	-1
467.569	1	3
467.740	1	-5
467.910	1	7
468.081	1	6
468.251	1	4
468.422	1	5
468.592	1	4
468.762	1	5
468.933	1	4
469.103	1	-1
469.274	1	-2
469.444	1	-1
469.614	1	-2
469.785	1	13
469.955	1	3
470.126	1	-2
470.296	1	4
470.467	1	-7
470.637	1	8
470.807	1	3
470.978	1	4
471.148	1	5
471.319	1	5
471.489	1	-2
471.659	1	-7
471.830	1	-2
472.000	1	1
472.171	1	7
472.341	1	7
472.511	1	8
472.682	1	2
472.852	1	-3
473.023	1	-2
473.193	1	0
473.363	1	-2
473.534	1	-3
473.704	1	2
473.875	1	1
474.045	1	2
474.215	1	6
474.386	1	16
474.556	1	9
474.727	1	-3
474.897	1	-9
475.067	1	1
475.238	1	5
475.408	1	2
475.578	1	-2
475.749	1	8
475.919	1	13
476.090	1	16
476.260	1	-8
476.430	1	1
476.601	1	11
476.771	1	6
476.942	1	5
477.112	1	-6
477.282	1	-2
477.453	1	-5
477.623	1	-1
477.793	1	9
477.964	1	-1
478.134	1	7
478.305	1	1
478.475	1	3
478.645	1	-1
478.816	1	2
478.986	1	1
479.156	1	4
479.327	1	3
479.497	1	-4
479.667	1	3
479.838	1	2
480.008	1	10
480.179	1	-3
480.349	1	2
480.519	1	-1
480.690	1	8
480.860	1	-3
481.030	1	14
481.201	1	4
481.371	1	14
481.541	1	-15
481.712	1	4
481.882	1	-5
482.053	1	13
482.223	1	2
482.393	1	5
482.564	1	1
482.734	1	2
482.904	1	6
483.075	1	-1
483.245	1	18
483.415	1	10
483.586	1	-1
483.756	1	-4
483.926	1	-4
484.097	1	-2
484.267	1	-6
484.437	1	13
484.608	1	-4
484.778	1	7
484.948	1	1
485.119	1	6
485.289	1	-2
485.459	1	8
485.630	1	8
485.800	1	1
485.970	1	8
486.141	1	7
486.311	1	1
486.481	1	-4
486.652	1	4
486.822	1	10
486.992	1	2
487.163	1	7
487.333	1	0
487.503	1	-3
487.674	1	2
487.844	1	9
488.014	1	15
488.185	1	1
488.355	1	10
488.525	1	8
488.696	1	4
488.866	1	2
489.036	1	4
489.207	1	6
489.377	1	0
489.547	1	1
489.718	1	11
489.888	1	0
490.058	1	3
490.228	1	2
490.399	1	3
490.569	1	11
490.739	1	1
490.910	1	-1
491.080	1	-3
491.250	1	-1
491.421	1	-1
491.591	1	-3
491.761	1	5
491.932	1	13
492.102	1	1
492.272	1	-1
492.442	1	4
492.613	1	10
492.783	1	2
492.953	1	0
493.124	1	12
493.294	1	7
493.464	1	12
493.635	1	3
493.805	1	-2
493.975	1	-6
494.145	1	-1
494.316	1	6
494.486	1	2
494.656	1	5
494.827	1	7
494.997	1	11
495.167	1	6
495.337	1	14
495.508	1	18
495.678	1	10
495.848	1	7
496.019	1	2
496.189	1	18
496.359	1	6
496.529	1	4
496.700	1	8
496.870	1	5
497.040	1	13
497.211	1	14
497.381	1	10
497.551	1	5
497.721	1	8
497.892	1	9
498.062	1	-6
498.232	1	6
498.403	1	2
498.573	1	3
498.743	1	14
498.913	1	-5
499.084	1	11
499.254	1	6
499.424	1	10
499.594	1	10
499.765	1	6
499.935	1	-2
500.105	1	24
500.275	1	16
500.446	1	6
500.616	1	2
500.786	1	2
500.956	1	5
501.127	1	17
501.297	1	-2
501.467	1	1
501.638	1	20
501.808	1	-7
501.978	1	17
502.148	1	8
502.319	1	16
502.489	1	5
502.659	1	14
502.829	1	19
503.000	1	-8
503.170	1	5
503.340	1	5
503.510	1	12
503.681	1	12
503.851	1	7
504.021	1	9
504.191	1	4
504.362	1	-13
504.532	1	12
504.702	1	13
504.872	1	9
505.042	1	2
505.213	1	4
505.383	1	12
505.553	1	3
505.723	1	11
505.894	1	11
506.064	1	-10
506.234	1	5
506.404	1	11
506.575	1	0
506.745	1	16
506.915	1	12
507.085	1	10
507.256	1	2
507.426	1	3
507.596	1	10
507.766	1	-3
507.936	1	8
508.107	1	7
508.277	1	13
508.447	1	18
508.617	1	8
508.788	1	13
508.958	1	-4
509.128	1	14
509.298	1	1
509.468	1	5
509.639	1	14
509.809	1	6
509.979	1	21
510.149	1	12
510.319	1	2
510.490	1	15
510.660	1	16
510.830	1	-1
511.000	1	11
511.171	1	4
511.341	1	15
511.511	1	6
511.681	1	14
511.851	1	16
512.022	1	10
512.192	1	13
512.362	1	21
512.532	1	14
512.702	1	13
512.873	1	10
513.043	1	16
513.213	1	15
513.383	1	9
513.553	1	20
513.724	1	7
513.894	1	5
514.064	1	6
514.234	1	8
514.404	1	5
514.575	1	14
514.745	1	12
514.915	1	1
515.085	1	12
515.255	1	13
515.425	1	13
515.596	1	5
515.766	1	14
515.936	1	12
516.106	1	11
516.276	1	17
516.447	1	12
516.617	1	19
516.787	1	14
516.957	1	5
517.127	1	10
517.297	1	22
517.468	1	12
517.638	1	11
517.808	1	6
517.978	1	16
518.148	1	13
518.319	1	14
518.489	1	12
518.659	1	13
518.829	1	2
518.999	1	19
519.169	1	5
519.340	1	6
519.510	1	8
519.680	1	21
519.850	1	9
520.020	1	7
520.190	1	12
520.361	1	1
520.531	1	25
520.701	1	10
520.871	1	17
521.041	1	15
521.211	1	7
521.382	1	18
521.552	1	30
521.722	1	10
521.892	1	7
522.062	1	18
522.232	1	14
522.402	1	7
522.573	1	22
522.743	1	12
522.913	1	16
523.083	1	20
523.253	1	10
523.423	1	15
523.593	1	15
523.764	1	14
523.934	1	6
524.104	1	19
524.274	1	7
524.444	1	20
524.614	1	15
524.784	1	4
524.955	1	5
525.125	1	6
525.295	1	3
525.465	1	13
525.635	1	19
525.805	1	15
525.975	1	11
526.146	1	11
526.316	1	16
526.486	1	23
526.656	1	15
526.826	1	13
526.996	1	2
527.166	1	17
527.337	1	14
527.507	1	11
527.677	1	14
527.847	1	16
528.017	1	-9
528.187	1	1
528.357	1	2
528.527	1	7
528.698	1	14
528.868	1	16
529.038	1	22
529.208	1	13
529.378	1	0
529.548	1	25
529.718	1	6
529.888	1	18
530.058	1	20
530.229	1	23
530.399	1	11
530.569	1	8
530.739	1	7
530.909	1	7
531.079	1	24
531.249	1	5
531.419	1	18
531.589	1	9
531.760	1	0
531.930	1	15
532.100	1	15
532.270	1	21
532.440	1	-2
532.610	1	9
532.780	1	-2
532.950	1	18
533.120	1	17
533.290	1	8
533.461	1	2
533.631	1	15
533.801	1	6
533.971	1	11
534.141	1	12
534.311	1	14
534.481	1	15
534.651	1	6
534.821	1	11
534.991	1	18
535.162	1	17
535.332	1	11
535.502	1	30
535.672	1	24
535.842	1	17
536.012	1	-3
536.182	1	6
536.352	1	5
536.522	1	8
536.692	1	16
536.862	1	20
537.032	1	13
537.203	1	16
537.373	1	8
537.543	1	8
537.713	1	13
537.883	1	24
538.053	1	16
538.223	1	10
538.393	1	8
538.563	1	10
538.733	1	10
538.903	1	5
539.073	1	6
539.243	1	16
539.413	1	10
539.584	1	9
539.754	1	2
539.924	1	22
540.094	1	16
540.264	1	13
540.434	1	8
540.604	1	-1
540.774	1	7
540.944	1	11
541.114	1	12
541.284	1	12
541.454	1	16
541.624	1	8
541.794	1	10
541.964	1	12
542.134	1	5
542.305	1	20
542.475	1	22
542.645	1	15
542.815	1	11
542.985	1	9
543.155	1	14
543.325	1	1
543.495	1	6
543.665	1	12
543.835	1	16
544.005	1	6
544.175	1	7
544.345	1	13
544.515	1	22
544.685	1	9
544.855	1	8
545.025	1	10
545.195	1	6
545.365	1	3
545.535	1	12
545.705	1	5
545.875	1	9
546.045	1	17
546.216	1	4
546.386	1	8
546.556	1	13
546.726	1	13
546.896	1	10
547.066	1	3
547.236	1	6
547.406	1	12
547.576	1	12
547.746	1	8
547.916	1	7
548.086	1	10
548.256	1	18
548.426	1	20
548.596	1	3
548.766	1	17
548.936	1	15
549.106	1	13
549.276	1	11
549.446	1	17
549.616	1	21
549.786	1	8
549.956	1	9
550.126	1	16
550.296	1	11
550.466	1	11
550.636	1	12
550.806	1	3
550.976	1	-3
551.146	1	1
551.316	1	15
551.486	1	24
551.656	1	13
551.826	1	15
551.996	1	2
552.166	1	14
552.336	1	9
552.506	1	11
552.676	1	15
552.846	1	21
553.016	1	15
553.186	1	16
553.356	1	6
553.526	1	13
553.696	1	9
553.866	1	11
554.036	1	13
554.206	1	8
554.376	1	7
554.546	1	18
554.716	1	18
554.886	1	23
555.056	1	11
555.226	1	6
555.396	1	10
555.566	1	8
555.736	1	6
555.906	1	10
556.076	1	17
556.246	1	13
556.416	1	9
556.586	1	23
556.756	1	19
556.926	1	10
557.096	1	12
557.266	1	12
557.436	1	3
557.606	1	8
557.776	1	-4
557.946	1	18
558.116	1	10
558.286	1	4
558.456	1	15
558.626	1	7
558.796	1	6
558.966	1	3
559.136	1	4
559.306	1	6
559.476	1	16
559.646	1	7
559.816	1	18
559.986	1	11
560.155	1	26
560.325	1	11
560.495	1	7
560.665	1	22
560.835	1	17
561.005	1	19
561.175	1	18
561.345	1	10
561.515	1	13
561.685	1	22
561.855	1	-3
562.025	1	7
562.195	1	9
562.365	1	12
562.535	1	1
562.705	1	16
562.875	1	7
563.045	1	16
563.215	1	5
563.385	1	7
563.555	1	6
563.725	1	-8
563.895	1	13
564.064	1	17
564.234	1	8
564.404	1	3
564.574	1	-5
564.744	1	20
564.914	1	2
565.084	1	19
565.254	1	6
565.424	1	16
565.594	1	19
565.764	1	13
565.934	1	12
566.104	1	8
566.274	1	1
566.444	1	15
566.614	1	17
566.783	1	9
566.953	1	5
567.123	1	3
567.293	1	6
567.463	1	1
567.633	1	10
567.803	1	2
567.973	1	11
568.143	1	5
568.313	1	4
568.483	1	11
568.653	1	5
568.823	1	9
568.993	1	14
569.162	1	17
569.332	1	14
569.502	1	2
569.672	1	7
569.842	1	12
570.012	1	-1
570.182	1	2
570.352	1	-2
570.522	1	12
570.692	1	5
570.862	1	7
571.031	1	3
571.201	1	11
571.371	1	4
571.541	1	5
571.711	1	23
571.881	1	-2
572.051	1	12
572.221	1	5
572.391	1	18
572.561	1	12
572.731	1	9
572.900	1	9
573.070	1	6
573.240	1	11
573.410	1	2
573.580	1	2
573.750	1	0
573.920	1	2
574.090	1	2
574.260	1	12
574.430	1	-2
574.599	1	11
574.769	1	8
574.939	1	15
575.109	1	-4
575.279	1	4
575.449	1	4
575.619	1	1
575.789	1	17
575.959	1	1
576.128	1	11
576.298	1	10
576.468	1	5
576.638	1	14
576.808	1	6
576.978	1	4
577.148	1	-5
577.318	1	2
577.487	1	6
577.657	1	0
577.827	1	6
577.997	1	16
578.167	1	6
578.337	1	15
578.507	1	0
578.677	1	-10
578.846	1	3
579.016	1	10
579.186	1	5
579.356	1	3
579.526	1	-2
579.696	1	21
579.866	1	7
580.036	1	0
580.205	1	17
580.375	1	11
580.545	1	12
580.715	1	8
580.885	1	16
581.055	1	4
581.225	1	2
581.394	1	12
581.564	1	7
581.734	1	2
581.904	1	5
582.074	1	7
582.244	1	12
582.414	1	-8
582.583	1	-4
582.753	1	4
582.923	1	5
583.093	1	13
583.263	1	13
583.433	1	13
583.603	1	8
583.772	1	-5
583.942	1	3
584.112	1	-4
584.282	1	7
584.452	1	5
584.622	1	3
584.791	1	7
584.961	1	12
585.131	1	4
585.301	1	12
585.471	1	10
585.641	1	0
585.811	1	3
585.980	1	4
586.150	1	3
586.320	1	2
586.490	1	1
586.660	1	-1
586.830	1	13
586.999	1	-4
587.169	1	12
587.339	1	4
587.509	1	4
587.679	1	1
587.849	1	0
588.018	1	-4
588.188	1	5
588.358	1	21
588.528	1	6
588.698	1	3
588.867	1	11
589.037	1	3
589.207	1	-6
589.377	1	-4
589.547	1	10
589.717	1	-1
589.886	1	7
590.056	1	6
590.226	1	10
590.396	1	-5
590.566	1	7
590.735	1	-2
590.905	1	0
591.075	1	12
591.245	1	14
591.415	1	7
591.585	1	7
591.754	1	11
591.924	1	10
592.094	1	9
592.264	1	6
592.434	1	5
592.603	1	11
592.773	1	-11
592.943	1	20
593.113	1	10
593.283	1	11
593.452	1	2
593.622	1	-2
593.792	1	2
593.962	1	1
594.132	1	9
594.301	1	5
594.471	1	8
594.641	1	-8
594.811	1	4
594.981	1	4
595.150	1	1
595.320	1	0
595.490	1	0
595.660	1	4
595.829	1	9
595.999	1	8
596.169	1	4
596.339	1	9
596.509	1	2
596.678	1	0
596.848	1	12
597.018	1	13
597.188	1	6
597.358	1	7
597.527	1	0
597.697	1	7
597.867	1	10
598.037	1	-1
598.206	1	3
598.376	1	3
598.546	1	3
598.716	1	9
598.885	1	11
599.055	1	11
599.225	1	0
599.395	1	4
599.565	1	2
599.734	1	-3
599.904	1	0
600.074	1	-1
600.244	1	10
600.413	1	13
600.583	1	6
600.753	1	7
600.923	1	6
601.092	1	5
601.262	1	0
601.432	1	14
601.602	1	-1
601.771	1	6
601.941	1	1
602.111	1	8
602.281	1	8
602.451	1	4
602.620	1	-5
602.790	1	9
602.960	1	10
603.130	1	9
603.299	1	4
603.469	1	7
603.639	1	-4
603.809	1	0
603.978	1	-7
604.148	1	-3
604.318	1	4
604.487	1	3
604.657	1	4
604.827	1	6
604.997	1	7
605.166	1	-3
605.336	1	4
605.506	1	-1
605.676	1	22
605.845	1	-5
606.015	1	8
606.185	1	-6
606.355	1	9
606.524	1	3
606.694	1	2
606.864	1	-4
607.034	1	-2
607.203	1	2
607.373	1	7
607.543	1	1
607.712	1	3
607.882	1	9
608.052	1	18
608.222	1	1
608.391	1	5
608.561	1	13
608.731	1	0
608.901	1	10
609.070	1	4
609.240	1	4
609.410	1	-3
609.579	1	-5
609.749	1	6
609.919	1	4
610.089	1	-1
610.258	1	7
610.428	1	1
610.598	1	4
610.767	1	8
610.937	1	-2
611.107	1	6
611.277	1	11
611.446	1	0
611.616	1	14
611.786	1	8
611.955	1	-5
612.125	1	5
612.295	1	11
612.465	1	9
612.634	1	4
612.804	1	1
612.974	1	11
613.143	1	1
613.313	1	8
613.483	1	-5
613.652	1	4
613.822	1	10
613.992	1	4
614.162	1	4
614.331	1	7
614.501	1	4
614.671	1	-8
614.840	1	7
615.010	1	-4
615.180	1	18
615.349	1	10
615.519	1	7
615.689	1	-6
615.858	1	-4
616.028	1	12
616.198	1	2
616.368	1	11
616.537	1	3
616.707	1	2
616.877	1	13
617.046	1	3
617.216	1	0
617.386	1	4
617.555	1	6
617.725	1	12
617.895	1	9
618.064	1	-18
618.234	1	2
618.404	1	4
618.573	1	6
618.743	1	10
618.913	1	7
619.082	1	-1
619.252	1	2
619.422	1	1
619.591	1	1
619.761	1	-4
619.931	1	9
620.100	1	1
620.270	1	10
620.440	1	-1
620.609	1	10
620.779	1	-12
620.949	1	10
621.118	1	3
621.288	1	12
621.458	1	10
621.627	1	0
621.797	1	0
621.967	1	-4
622.136	1	3
622.306	1	6
622.476	1	12
622.645	1	18
622.815	1	-3
622.985	1	7
623.154	1	0
623.324	1	-2
623.494	1	10
623.663	1	-4
623.833	1	3
624.002	1	15
624.172	1	7
624.342	1	2
624.511	1	5
624.681	1	0
624.851	1	4
625.020	1	16
625.190	1	4
625.360	1	11
625.529	1	3
625.699	1	7
625.869	1	5
626.038	1	-9
626.208	1	4
626.377	1	4
626.547	1	0
626.717	1	-3
626.886	1	3
627.056	1	-3
627.226	1	-8
627.395	1	4
627.565	1	4
627.735	1	9
627.904	1	-5
628.074	1	4
628.243	1	-6
628.413	1	18
628.583	1	-4
628.752	1	5
628.922	1	6
629.091	1	1
629.261	1	-6
629.431	1	5
629.600	1	9
629.770	1	10
629.940	1	15
630.109	1	9
630.279	1	-11
630.448	1	2
630.618	1	-5
630.788	1	-5
630.957	1	0
631.127	1	7
631.297	1	-10
631.466	1	7
631.636	1	-14
631.805	1	2
631.975	1	2
632.145	1	-5
632.314	1	4
632.484	1	-6
632.653	1	2
632.823	1	-5
632.993	1	6
633.162	1	6
633.332	1	10
633.501	1	3
633.671	1	7
633.841	1	17
634.010	1	12
634.180	1	-2
634.349	1	2
634.519	1	7
634.689	1	-1
634.858	1	-6
635.028	1	-2
635.197	1	13
635.367	1	2
635.537	1	14
635.706	1	2
635.876	1	9
636.045	1	-9
636.215	1	9
636.384	1	6
636.554	1	3
636.724	1	-2
636.893	1	-12
637.063	1	9
637.232	1	-7
637.402	1	6
637.572	1	-4
637.741	1	12
637.911	1	11
638.080	1	6
638.250	1	9
638.419	1	3
638.589	1	-5
638.759	1	-7
638.928	1	5
639.098	1	-2
639.267	1	14
639.437	1	5
639.606	1	3
639.776	1	9
639.946	1	2
640.115	1	1
640.285	1	1
640.454	1	-5
640.624	1	0
640.793	1	10
640.963	1	14
641.132	1	-1
641.302	1	18
641.472	1	9
641.641	1	11
641.811	1	0
641.980	1	5
642.150	1	-4
642.319	1	9
642.489	1	-5
642.659	1	3
642.828	1	2
642.998	1	4
643.167	1	6
643.337	1	6
643.506	1	-5
643.676	1	2
643.845	1	-4
644.015	1	3
644.184	1	3
644.354	1	-5
644.524	1	4
644.693	1	-8
644.863	1	14
645.032	1	4
645.202	1	3
645.371	1	1
645.541	1	-13
645.710	1	1
645.880	1	-2
646.049	1	6
646.219	1	4
646.388	1	7
646.558	1	-4
646.728	1	12
646.897	1	0
647.067	1	5
647.236	1	3
647.406	1	-1
647.575	1	9
647.745	1	-2
647.914	1	-10
648.084	1	4
648.253	1	-10
648.423	1	1
648.592	1	-3
648.762	1	-6
648.931	1	-5
649.101	1	4
649.270	1	-1
649.440	1	7
649.610	1	-1
649.779	1	3
649.949	1	6
650.118	1	1
650.288	1	7
650.457	1	-11
650.627	1	3
650.796	1	0
650.966	1	13
651.135	1	-1
651.305	1	12
651.474	1	5
651.644	1	12
651.813	1	-9
651.983	1	9
652.152	1	-4
652.322	1	1
652.491	1	15
652.661	1	6
652.830	1	3
653.000	1	0
653.169	1	-1
653.339	1	9
653.508	1	6
653.678	1	4
653.847	1	-8
654.017	1	10
654.186	1	6
654.356	1	3
654.525	1	-2
654.695	1	2
654.864	1	3
655.034	1	10
655.203	1	-1
655.373	1	-5
655.542	1	-4
655.712	1	5
655.881	1	2
656.051	1	1
656.220	1	2
656.390	1	5
656.559	1	13
656.729	1	0
656.898	1	-10
657.068	1	0
657.237	1	6
657.406	1	-8
657.576	1	0
657.745	1	0
657.915	1	-2
658.084	1	-4
658.254	1	1
658.423	1	11
658.593	1	-4
658.762	1	-3
658.932	1	-5
659.101	1	4
659.271	1	6
659.440	1	13
659.610	1	10
659.779	1	3
659.949	1	3
660.118	1	-2
660.288	1	-3
660.457	1	7
660.626	1	-8
660.796	1	0
660.965	1	-11
661.135	1	-1
661.304	1	10
661.474	1	7
661.643	1	8
661.813	1	-11
661.982	1	6
662.152	1	1
662.321	1	17
662.491	1	7
662.660	1	11
662.829	1	-5
662.999	1	-4
663.168	1	-4
663.338	1	4
663.507	1	0
663.677	1	9
663.846	1	10
664.016	1	-5
664.185	1	4
664.354	1	-5
664.524	1	7
664.693	1	-3
664.863	1	10
665.032	1	8
665.202	1	3
665.371	1	4
665.541	1	-4
665.710	1	1
665.879	1	-9
666.049	1	-3
666.218	1	0
666.388	1	2
666.557	1	9
666.727	1	-2
666.896	1	3
667.065	1	12
667.235	1	-1
667.404	1	-2
667.574	1	9
667.743	1	4
667.913	1	-1
668.082	1	14
668.251	1	4
668.421	1	0
668.590	1	3
668.760	1	-6
668.929	1	1
669.099	1	7
669.268	1	18
669.437	1	3
669.607	1	-3
669.776	1	-2
669.946	1	19
670.115	1	-3
670.285	1	3
670.454	1	12
670.623	1	5
670.793	1	-12
670.962	1	2
671.132	1	1
671.301	1	-3
671.470	1	7
671.640	1	2
671.809	1	6
671.979	1	4
672.148	1	-7
672.317	1	1
672.487	1	0
672.656	1	6
672.826	1	3
672.995	1	1
673.164	1	7
673.334	1	6
673.503	1	-2
673.673	1	-1
673.842	1	-4
674.011	1	9
674.181	1	-1
674.350	1	5
674.520	1	1
674.689	1	-5
674.858	1	2
675.028	1	-8
675.197	1	10
675.367	1	0
675.536	1	5
675.705	1	6
675.875	1	7
676.044	1	-2
676.214	1	-1
676.383	1	-2
676.552	1	-9
676.722	1	-3
676.891	1	1
677.060	1	3
677.230	1	-3
677.399	1	8
677.569	1	10
677.738	1	3
677.907	1	-8
678.077	1	-6
678.246	1	-4
678.416	1	7
678.585	1	13
678.754	1	-2
678.924	1	-12
679.093	1	3
679.262	1	7
679.432	1	7
679.601	1	-5
679.771	1	15
679.940	1	3
680.109	1	0
680.279	1	1
680.448	1	3
680.617	1	-6
680.787	1	7
680.956	1	0
681.125	1	0
681.295	1	-2
681.464	1	0
681.634	1	15
681.803	1	-4
681.972	1	6
682.142	1	-11
682.311	1	8
682.480	1	-3
682.650	1	0
682.819	1	-4
682.988	1	0
683.158	1	10
683.327	1	5
683.496	1	4
683.666	1	12
683.835	1	-3
684.004	1	1
684.174	1	12
684.343	1	4
684.512	1	11
684.682	1	0
684.851	1	1
685.021	1	9
685.190	1	8
685.359	1	-3
685.529	1	3
685.698	1	9
685.867	1	-2
686.037	1	1
686.206	1	7
686.375	1	14
686.545	1	3
686.714	1	6
686.883	1	8
687.053	1	-5
687.222	1	7
687.391	1	-5
687.561	1	0
687.730	1	-4
687.899	1	3
688.069	1	-1
688.238	1	-2
688.407	1	7
688.577	1	14
688.746	1	5
