425.572	1	69
425.743	1	55
425.913	1	62
426.084	1	49
426.255	1	46
426.426	1	61
426.597	1	64
426.768	1	60
426.939	1	50
427.109	1	69
427.280	1	53
427.451	1	59
427.622	1	77
427.793	1	66
427.964	1	54
428.135	1	62
428.305	1	66
428.476	1	62
428.647	1	63
428.818	1	59
428.989	1	61
429.160	1	46
429.331	1	60
429.501	1	60
429.672	1	54
429.843	1	49
430.014	1	58
430.185	1	61
430.356	1	53
430.527	1	71
430.697	1	75
430.868	1	53
431.039	1	53
431.210	1	59
431.381	1	48
431.552	1	60
431.722	1	71
431.893	1	50
432.064	1	64
432.235	1	51
432.406	1	61
432.577	1	69
432.747	1	56
432.918	1	68
433.089	1	58
433.260	1	63
433.431	1	51
433.602	1	62
433.772	1	67
433.943	1	55
434.114	1	53
434.285	1	61
434.456	1	56
434.627	1	48
434.797	1	61
434.968	1	64
435.139	1	52
435.310	1	58
435.481	1	69
435.652	1	59
435.822	1	60
435.993	1	55
436.164	1	67
436.335	1	55
436.506	1	50
436.676	1	57
436.847	1	67
437.018	1	59
437.189	1	56
437.360	1	57
437.530	1	55
437.701	1	61
437.872	1	65
438.043	1	55
438.214	1	47
438.385	1	63
438.555	1	53
438.726	1	51
438.897	1	66
439.068	1	65
439.239	1	54
439.409	1	74
439.580	1	49
439.751	1	55
439.922	1	53
440.093	1	56
440.263	1	47
440.434	1	50
440.605	1	54
440.776	1	68
440.947	1	55
441.117	1	54
441.288	1	60
441.459	1	51
441.630	1	54
441.800	1	48
441.971	1	44
442.142	1	58
442.313	1	51
442.484	1	55
442.654	1	59
442.825	1	46
442.996	1	59
443.167	1	53
443.338	1	44
443.508	1	58
443.679	1	40
443.850	1	38
444.021	1	48
444.191	1	42
444.362	1	51
444.533	1	50
444.704	1	47
444.874	1	63
445.045	1	60
445.216	1	51
445.387	1	45
445.558	1	46
445.728	1	68
445.899	1	53
446.070	1	67
446.241	1	55
446.411	1	58
446.582	1	49
446.753	1	56
446.924	1	58
447.094	1	52
447.265	1	55
447.436	1	46
447.607	1	49
447.777	1	55
447.948	1	59
448.119	1	54
448.290	1	51
448.461	1	54
448.631	1	61
448.802	1	56
448.973	1	45
449.144	1	46
449.314	1	46
449.485	1	54
449.656	1	52
449.827	1	62
449.997	1	51
450.168	1	53
450.339	1	62
450.509	1	35
450.680	1	39
450.851	1	37
451.022	1	50
451.192	1	47
451.363	1	30
451.534	1	53
451.705	1	48
451.875	1	40
452.046	1	55
452.217	1	60
452.388	1	58
452.558	1	49
452.729	1	58
452.900	1	61
453.071	1	51
453.241	1	41
453.412	1	55
453.583	1	46
453.753	1	53
453.924	1	57
454.095	1	56
454.266	1	42
454.436	1	44
454.607	1	40
454.778	1	41
454.949	1	47
455.119	1	49
455.290	1	51
455.461	1	43
455.631	1	58
455.802	1	57
455.973	1	56
456.144	1	42
456.314	1	46
456.485	1	34
456.656	1	47
456.826	1	45
456.997	1	42
457.168	1	48
457.339	1	63
457.509	1	47
457.680	1	47
457.851	1	39
458.021	1	50
458.192	1	43
458.363	1	40
458.533	1	51
458.704	1	45
458.875	1	29
459.046	1	46
459.216	1	31
459.387	1	50
459.558	1	45
459.728	1	53
459.899	1	62
460.070	1	50
460.240	1	42
460.411	1	60
460.582	1	53
460.753	1	42
460.923	1	44
461.094	1	38
461.265	1	43
461.435	1	35
461.606	1	41
461.777	1	57
461.947	1	45
462.118	1	45
462.289	1	50
462.459	1	46
462.630	1	35
462.801	1	40
462.971	1	44
463.142	1	46
463.313	1	41
463.483	1	37
463.654	1	44
463.825	1	45
463.995	1	47
464.166	1	33
464.337	1	46
464.507	1	44
464.678	1	42
464.849	1	44
465.020	1	41
465.190	1	43
465.361	1	52
465.532	1	38
465.702	1	29
465.873	1	53
466.044	1	41
466.214	1	46
466.385	1	51
466.555	1	37
466.726	1	49
466.897	1	45
467.067	1	42
467.238	1	41
467.409	1	38
467.579	1	34
467.750	1	45
467.921	1	52
468.091	1	29
468.262	1	45
468.433	1	43
468.603	1	33
468.774	1	37
468.945	1	38
469.115	1	40
469.286	1	39
469.457	1	29
469.627	1	45
469.798	1	41
469.969	1	45
470.139	1	34
470.310	1	35
470.480	1	43
470.651	1	40
470.822	1	39
470.992	1	38
471.163	1	40
471.334	1	35
471.504	1	38
471.675	1	44
471.846	1	32
472.016	1	39
472.187	1	35
472.357	1	35
472.528	1	44
472.699	1	51
472.869	1	39
473.040	1	40
473.211	1	38
473.381	1	23
473.552	1	34
473.722	1	44
473.893	1	44
474.064	1	37
474.234	1	34
474.405	1	35
474.576	1	47
474.746	1	31
474.917	1	30
475.087	1	47
475.258	1	36
475.429	1	35
475.599	1	33
475.770	1	41
475.941	1	32
476.111	1	25
476.282	1	38
476.452	1	41
476.623	1	43
476.794	1	39
476.964	1	27
477.135	1	51
477.305	1	24
477.476	1	30
477.647	1	37
477.817	1	30
477.988	1	29
478.158	1	29
478.329	1	32
478.500	1	27
478.670	1	38
478.841	1	25
479.011	1	28
479.182	1	35
479.353	1	41
479.523	1	26
479.694	1	33
479.864	1	43
480.035	1	48
480.206	1	31
480.376	1	26
480.547	1	26
480.717	1	25
480.888	1	30
481.059	1	24
481.229	1	46
481.400	1	24
481.570	1	28
481.741	1	37
481.911	1	26
482.082	1	31
482.253	1	31
482.423	1	30
482.594	1	36
482.764	1	41
482.935	1	21
483.105	1	26
483.276	1	35
483.447	1	21
483.617	1	25
483.788	1	40
483.958	1	23
484.129	1	25
484.300	1	36
484.470	1	32
484.641	1	31
484.811	1	27
484.982	1	28
485.152	1	37
485.323	1	33
485.493	1	30
485.664	1	30
485.835	1	26
486.005	1	15
486.176	1	28
486.346	1	31
486.517	1	25
486.687	1	30
486.858	1	35
487.029	1	30
487.199	1	34
487.370	1	28
487.540	1	29
487.711	1	22
487.881	1	30
488.052	1	27
488.222	1	27
488.393	1	20
488.563	1	26
488.734	1	34
488.905	1	32
489.075	1	30
489.246	1	41
489.416	1	27
489.587	1	23
489.757	1	31
489.928	1	12
490.098	1	26
490.269	1	26
490.439	1	26
490.610	1	33
490.781	1	24
490.951	1	31
491.122	1	35
491.292	1	21
491.463	1	19
491.633	1	34
491.804	1	25
491.974	1	25
492.145	1	24
492.315	1	33
492.486	1	17
492.656	1	23
492.827	1	26
492.997	1	24
493.168	1	30
493.338	1	22
493.509	1	27
493.680	1	8
493.850	1	24
494.021	1	17
494.191	1	29
494.362	1	25
494.532	1	25
494.703	1	30
494.873	1	27
495.044	1	19
495.214	1	28
495.385	1	12
495.555	1	22
495.726	1	27
495.896	1	22
496.067	1	17
496.237	1	29
496.408	1	11
496.578	1	8
496.749	1	17
496.919	1	20
497.090	1	21
497.260	1	21
497.431	1	23
497.601	1	30
497.772	1	30
497.942	1	21
498.113	1	29
498.283	1	15
498.454	1	17
498.624	1	24
498.795	1	14
498.965	1	24
499.136	1	20
499.306	1	22
499.477	1	23
499.647	1	20
499.818	1	25
499.988	1	17
500.159	1	21
500.329	1	28
500.500	1	10
500.670	1	21
500.841	1	35
501.011	1	22
501.182	1	23
501.352	1	19
501.523	1	28
501.693	1	25
501.864	1	20
502.034	1	15
502.205	1	22
502.375	1	11
502.545	1	15
502.716	1	19
502.886	1	24
503.057	1	29
503.227	1	15
503.398	1	19
503.568	1	22
503.739	1	27
503.909	1	9
504.080	1	26
504.250	1	22
504.421	1	16
504.591	1	11
504.762	1	4
504.932	1	16
505.103	1	15
505.273	1	17
505.443	1	16
505.614	1	18
505.784	1	13
505.955	1	14
506.125	1	19
506.296	1	23
506.466	1	24
506.637	1	17
506.807	1	15
506.978	1	16
507.148	1	16
507.318	1	22
507.489	1	18
507.659	1	19
507.830	1	13
508.000	1	18
508.171	1	14
508.341	1	12
508.512	1	15
508.682	1	20
508.853	1	24
509.023	1	12
509.193	1	17
509.364	1	15
509.534	1	25
509.705	1	13
509.875	1	24
510.046	1	18
510.216	1	7
510.386	1	22
510.557	1	21
510.727	1	18
510.898	1	5
511.068	1	21
511.239	1	18
511.409	1	15
511.580	1	8
511.750	1	15
511.920	1	15
512.091	1	11
512.261	1	20
512.432	1	31
512.602	1	14
512.773	1	3
512.943	1	22
513.113	1	12
513.284	1	20
513.454	1	16
513.625	1	18
513.795	1	12
513.965	1	16
514.136	1	12
514.306	1	10
514.477	1	23
514.647	1	19
514.818	1	16
514.988	1	18
515.158	1	14
515.329	1	15
515.499	1	7
515.670	1	27
515.840	1	22
516.010	1	15
516.181	1	21
516.351	1	16
516.522	1	3
516.692	1	17
516.862	1	23
517.033	1	4
517.203	1	9
517.374	1	13
517.544	1	24
517.714	1	18
517.885	1	12
518.055	1	6
518.226	1	-3
518.396	1	0
518.566	1	11
518.737	1	12
518.907	1	7
519.078	1	8
519.248	1	23
519.418	1	15
519.589	1	15
519.759	1	12
519.930	1	12
520.100	1	15
520.270	1	6
520.441	1	14
520.611	1	12
520.781	1	21
520.952	1	22
521.122	1	13
521.293	1	24
521.463	1	20
521.633	1	15
521.804	1	10
521.974	1	7
522.145	1	19
522.315	1	-3
522.485	1	8
522.656	1	23
522.826	1	10
522.996	1	15
523.167	1	17
523.337	1	18
523.507	1	4
523.678	1	23
523.848	1	12
524.019	1	4
524.189	1	-4
524.359	1	13
524.530	1	-2
524.700	1	12
524.870	1	14
525.041	1	18
525.211	1	18
525.381	1	12
525.552	1	6
525.722	1	15
525.893	1	3
526.063	1	15
526.233	1	12
526.404	1	6
526.574	1	-2
526.744	1	16
526.915	1	13
527.085	1	5
527.255	1	12
527.426	1	7
527.596	1	8
527.766	1	14
527.937	1	4
528.107	1	25
528.277	1	5
528.448	1	18
528.618	1	10
528.789	1	6
528.959	1	0
529.129	1	5
529.300	1	24
529.470	1	22
529.640	1	7
529.811	1	17
529.981	1	17
530.151	1	4
530.322	1	1
530.492	1	5
530.662	1	-2
530.833	1	12
531.003	1	12
531.173	1	18
531.344	1	11
531.514	1	12
531.684	1	15
531.855	1	8
532.025	1	12
532.195	1	6
532.365	1	12
532.536	1	17
532.706	1	20
532.876	1	9
533.047	1	7
533.217	1	13
533.387	1	-5
533.558	1	18
533.728	1	6
533.898	1	21
534.069	1	-1
534.239	1	6
534.409	1	2
534.580	1	10
534.750	1	10
534.920	1	6
535.091	1	12
535.261	1	14
535.431	1	7
535.601	1	7
535.772	1	5
535.942	1	10
536.112	1	3
536.283	1	2
536.453	1	4
536.623	1	3
536.794	1	11
536.964	1	3
537.134	1	17
537.305	1	9
537.475	1	7
537.645	1	3
537.815	1	21
537.986	1	10
538.156	1	19
538.326	1	12
538.497	1	10
538.667	1	9
538.837	1	10
539.007	1	8
539.178	1	6
539.348	1	9
539.518	1	10
539.689	1	10
539.859	1	7
540.029	1	4
540.199	1	24
540.370	1	6
540.540	1	12
540.710	1	1
540.881	1	22
541.051	1	24
541.221	1	11
541.391	1	10
541.562	1	7
541.732	1	6
541.902	1	3
542.073	1	7
542.243	1	14
542.413	1	12
542.583	1	12
542.754	1	15
542.924	1	2
543.094	1	-8
543.264	1	12
543.435	1	11
543.605	1	12
543.775	1	2
543.945	1	4
544.116	1	11
544.286	1	15
544.456	1	5
544.627	1	16
544.797	1	7
544.967	1	3
545.137	1	15
545.308	1	17
545.478	1	2
545.648	1	12
545.818	1	12
545.989	1	9
546.159	1	15
546.329	1	6
546.499	1	7
546.670	1	0
546.840	1	13
547.010	1	14
547.180	1	5
547.351	1	8
547.521	1	-6
547.691	1	16
547.861	1	-2
548.032	1	7
548.202	1	14
548.372	1	10
548.542	1	4
548.713	1	7
548.883	1	23
549.053	1	1
549.223	1	11
549.393	1	7
549.564	1	-8
549.734	1	15
549.904	1	4
550.074	1	12
550.245	1	3
550.415	1	0
550.585	1	5
550.755	1	3
550.926	1	1
551.096	1	1
551.266	1	-3
551.436	1	9
551.606	1	2
551.777	1	11
551.947	1	6
552.117	1	12
552.287	1	5
552.458	1	14
552.628	1	3
552.798	1	4
552.968	1	5
553.138	1	3
553.309	1	17
553.479	1	8
553.649	1	2
553.819	1	16
553.990	1	-2
554.160	1	7
554.330	1	17
554.500	1	12
554.670	1	14
554.841	1	-1
555.011	1	2
555.181	1	8
555.351	1	14
555.521	1	5
555.692	1	5
555.862	1	3
556.032	1	4
556.202	1	11
556.372	1	-4
556.543	1	7
556.713	1	15
556.883	1	6
557.053	1	2
557.223	1	0
557.394	1	5
557.564	1	11
557.734	1	5
557.904	1	9
558.074	1	9
558.245	1	10
558.415	1	-2
558.585	1	-2
558.755	1	9
558.925	1	18
559.096	1	7
559.266	1	3
559.436	1	20
559.606	1	9
559.776	1	-7
559.946	1	16
560.117	1	5
560.287	1	5
560.457	1	-4
560.627	1	0
560.797	1	-5
560.968	1	2
561.138	1	3
561.308	1	6
561.478	1	15
561.648	1	12
561.818	1	7
561.989	1	9
562.159	1	5
562.329	1	-3
562.499	1	2
562.669	1	-2
562.839	1	10
563.010	1	7
563.180	1	6
563.350	1	2
563.520	1	7
563.690	1	2
563.860	1	-3
564.031	1	5
564.201	1	3
564.371	1	4
564.541	1	6
564.711	1	8
564.881	1	17
565.051	1	13
565.222	1	-1
565.392	1	12
565.562	1	28
565.732	1	-6
565.902	1	5
566.072	1	-2
566.243	1	5
566.413	1	-2
566.583	1	10
566.753	1	0
566.923	1	3
567.093	1	-5
567.263	1	22
567.434	1	7
567.604	1	1
567.774	1	5
567.944	1	8
568.114	1	6
568.284	1	-1
568.454	1	11
568.625	1	6
568.795	1	7
568.965	1	-2
569.135	1	2
569.305	1	6
569.475	1	8
569.645	1	9
569.816	1	6
569.986	1	4
570.156	1	8
570.326	1	0
570.496	1	0
570.666	1	-1
570.836	1	1
571.006	1	3
571.177	1	6
571.347	1	10
571.517	1	1
571.687	1	-2
571.857	1	6
572.027	1	12
572.197	1	-3
572.367	1	9
572.537	1	4
572.708	1	10
572.878	1	-1
573.048	1	11
573.218	1	8
573.388	1	1
573.558	1	6
573.728	1	3
573.898	1	10
574.069	1	-4
574.239	1	4
574.409	1	-3
574.579	1	4
574.749	1	-1
574.919	1	2
575.089	1	-8
575.259	1	7
575.429	1	2
575.599	1	5
575.770	1	9
575.940	1	0
576.110	1	4
576.280	1	1
576.450	1	1
576.620	1	-4
576.790	1	15
576.960	1	3
577.130	1	-6
577.300	1	9
577.471	1	13
577.641	1	9
577.811	1	9
577.981	1	10
578.151	1	7
578.321	1	8
578.491	1	3
578.661	1	7
578.831	1	4
579.001	1	7
579.171	1	11
579.341	1	5
579.512	1	3
579.682	1	7
579.852	1	15
580.022	1	-8
580.192	1	12
580.362	1	13
580.532	1	-3
580.702	1	-2
580.872	1	-2
581.042	1	14
581.212	1	-2
581.382	1	-9
581.552	1	6
581.723	1	7
581.893	1	-6
582.063	1	13
582.233	1	0
582.403	1	10
582.573	1	5
582.743	1	3
582.913	1	6
583.083	1	1
583.253	1	2
583.423	1	0
583.593	1	0
583.763	1	6
583.933	1	2
584.103	1	1
584.273	1	2
584.444	1	6
584.614	1	-2
584.784	1	0
584.954	1	2
585.124	1	18
585.294	1	6
585.464	1	1
585.634	1	12
585.804	1	12
585.974	1	12
586.144	1	15
586.314	1	1
586.484	1	0
586.654	1	20
586.824	1	0
586.994	1	6
587.164	1	6
587.334	1	5
587.504	1	1
587.674	1	4
587.844	1	12
588.015	1	8
588.185	1	5
588.355	1	4
588.525	1	7
588.695	1	11
588.865	1	1
589.035	1	7
589.205	1	7
589.375	1	-3
589.545	1	13
589.715	1	-1
589.885	1	11
590.055	1	-1
590.225	1	-6
590.395	1	6
590.565	1	-3
590.735	1	-1
590.905	1	-1
591.075	1	10
591.245	1	1
591.415	1	-9
591.585	1	-3
591.755	1	5
591.925	1	8
592.095	1	15
592.265	1	2
592.435	1	4
592.605	1	-8
592.775	1	-8
592.945	1	5
593.115	1	7
593.285	1	14
593.455	1	-3
593.625	1	7
593.795	1	12
593.965	1	-1
594.135	1	1
594.305	1	8
594.475	1	14
594.645	1	8
594.815	1	4
594.985	1	1
595.155	1	8
595.325	1	7
595.495	1	4
595.665	1	1
595.835	1	-1
596.005	1	4
596.175	1	-4
596.345	1	9
596.515	1	9
596.685	1	10
596.855	1	-2
597.025	1	10
597.195	1	6
597.365	1	0
597.535	1	0
597.705	1	14
597.875	1	2
598.045	1	-5
598.215	1	-12
598.385	1	-1
598.555	1	0
598.725	1	17
598.895	1	4
599.065	1	-1
599.235	1	12
599.405	1	11
599.575	1	5
599.745	1	9
599.915	1	2
600.085	1	8
600.255	1	0
600.425	1	6
600.595	1	-7
600.765	1	6
600.935	1	-1
601.105	1	11
601.275	1	10
601.445	1	3
601.615	1	0
601.785	1	17
601.955	1	8
602.125	1	2
602.295	1	4
602.465	1	6
602.635	1	1
602.804	1	16
602.974	1	6
603.144	1	-2
603.314	1	1
603.484	1	4
603.654	1	-4
603.824	1	9
603.994	1	12
604.164	1	4
604.334	1	2
604.504	1	4
604.674	1	10
604.844	1	9
605.014	1	1
605.184	1	2
605.354	1	2
605.524	1	2
605.694	1	-6
605.864	1	1
606.034	1	6
606.204	1	7
606.373	1	-2
606.543	1	5
606.713	1	11
606.883	1	5
607.053	1	1
607.223	1	7
607.393	1	-2
607.563	1	9
607.733	1	12
607.903	1	3
608.073	1	3
608.243	1	3
608.413	1	10
608.583	1	6
608.753	1	9
608.923	1	15
609.092	1	-2
609.262	1	8
609.432	1	3
609.602	1	4
609.772	1	6
609.942	1	1
610.112	1	4
610.282	1	11
610.452	1	15
610.622	1	1
610.792	1	7
610.962	1	0
611.132	1	4
611.301	1	1
611.471	1	7
611.641	1	2
611.811	1	-1
611.981	1	13
612.151	1	6
612.321	1	-1
612.491	1	8
612.661	1	6
612.831	1	1
613.001	1	4
613.171	1	11
613.340	1	-5
613.510	1	12
613.680	1	-1
613.850	1	5
614.020	1	7
614.190	1	5
614.360	1	19
614.530	1	8
614.700	1	1
614.870	1	9
615.039	1	8
615.209	1	9
615.379	1	-3
615.549	1	10
615.719	1	4
615.889	1	8
616.059	1	13
616.229	1	2
616.399	1	-6
616.568	1	-6
616.738	1	2
616.908	1	-1
617.078	1	17
617.248	1	-8
617.418	1	19
617.588	1	6
617.758	1	6
617.928	1	10
618.097	1	10
618.267	1	10
618.437	1	1
618.607	1	5
618.777	1	-1
618.947	1	-2
619.117	1	12
619.287	1	9
619.457	1	10
619.626	1	12
619.796	1	4
619.966	1	8
620.136	1	5
620.306	1	-1
620.476	1	2
620.646	1	-10
620.815	1	4
620.985	1	5
621.155	1	18
621.325	1	4
621.495	1	13
621.665	1	13
621.835	1	17
622.005	1	7
622.174	1	4
622.344	1	8
622.514	1	3
622.684	1	6
622.854	1	7
623.024	1	2
623.194	1	-3
623.363	1	0
623.533	1	11
623.703	1	14
623.873	1	2
624.043	1	-3
624.213	1	-6
624.383	1	-8
624.552	1	-3
624.722	1	13
624.892	1	10
625.062	1	7
625.232	1	7
625.402	1	19
625.571	1	-3
625.741	1	10
625.911	1	11
626.081	1	10
626.251	1	0
626.421	1	-7
626.591	1	10
626.760	1	13
626.930	1	0
627.100	1	17
627.270	1	10
627.440	1	8
627.610	1	-3
627.779	1	7
627.949	1	-9
628.119	1	2
628.289	1	11
628.459	1	4
628.629	1	12
628.798	1	4
628.968	1	9
629.138	1	13
629.308	1	12
629.478	1	6
629.647	1	10
629.817	1	6
629.987	1	-2
630.157	1	8
630.327	1	13
630.497	1	4
630.666	1	7
630.836	1	9
631.006	1	14
631.176	1	4
631.346	1	17
631.515	1	12
631.685	1	-2
631.855	1	15
632.025	1	1
632.195	1	21
632.365	1	5
632.534	1	15
632.704	1	19
632.874	1	-3
633.044	1	8
633.214	1	-4
633.383	1	13
633.553	1	5
633.723	1	12
633.893	1	16
634.063	1	7
634.232	1	9
634.402	1	9
634.572	1	10
634.742	1	3
634.912	1	9
635.081	1	2
635.251	1	-2
635.421	1	-2
635.591	1	22
635.761	1	10
635.930	1	13
636.100	1	10
636.270	1	7
636.440	1	20
636.610	1	-4
636.779	1	13
636.949	1	6
637.119	1	16
637.289	1	16
637.458	1	15
637.628	1	13
637.798	1	8
637.968	1	-2
638.138	1	10
638.307	1	11
638.477	1	8
638.647	1	4
638.817	1	7
638.986	1	20
639.156	1	15
639.326	1	18
639.496	1	12
639.666	1	11
639.835	1	1
640.005	1	5
640.175	1	8
640.345	1	7
640.514	1	11
640.684	1	5
640.854	1	10
641.024	1	13
641.193	1	17
641.363	1	10
641.533	1	10
641.703	1	8
641.872	1	3
642.042	1	12
642.212	1	-6
642.382	1	12
642.552	1	18
642.721	1	9
642.891	1	10
643.061	1	7
643.231	1	1
643.400	1	6
643.570	1	5
643.740	1	5
643.910	1	3
644.079	1	19
644.249	1	1
644.419	1	4
644.589	1	10
644.758	1	3
644.928	1	4
645.098	1	-5
645.268	1	17
645.437	1	4
645.607	1	11
645.777	1	-6
645.946	1	19
646.116	1	13
646.286	1	10
646.456	1	9
646.625	1	0
646.795	1	14
646.965	1	12
647.135	1	12
647.304	1	6
647.474	1	18
647.644	1	7
647.814	1	10
647.983	1	10
648.153	1	1
648.323	1	4
648.492	1	12
648.662	1	7
648.832	1	4
649.002	1	1
649.171	1	7
649.341	1	-4
649.511	1	5
649.681	1	-3
649.850	1	15
650.020	1	3
650.190	1	16
650.359	1	6
650.529	1	15
650.699	1	8
650.869	1	8
651.038	1	17
651.208	1	3
651.378	1	10
651.547	1	18
651.717	1	12
651.887	1	2
652.057	1	8
652.226	1	8
652.396	1	20
652.566	1	6
652.735	1	6
652.905	1	7
653.075	1	6
653.244	1	12
653.414	1	4
653.584	1	23
653.754	1	9
653.923	1	5
654.093	1	10
654.263	1	4
654.432	1	18
654.602	1	8
654.772	1	9
654.941	1	6
655.111	1	12
655.281	1	10
655.451	1	13
655.620	1	17
655.790	1	12
655.960	1	4
656.129	1	19
656.299	1	12
656.469	1	15
656.638	1	11
656.808	1	19
656.978	1	16
657.147	1	32
657.317	1	10
657.487	1	23
657.656	1	9
657.826	1	4
657.996	1	4
658.165	1	7
658.335	1	16
658.505	1	18
658.674	1	15
658.844	1	13
659.014	1	10
659.184	1	3
659.353	1	8
659.523	1	0
659.693	1	5
659.862	1	-3
660.032	1	13
660.202	1	2
660.371	1	11
660.541	1	16
660.711	1	-7
660.880	1	6
661.050	1	19
661.220	1	18
661.389	1	-2
661.559	1	8
661.728	1	6
661.898	1	2
662.068	1	10
662.237	1	16
662.407	1	8
662.577	1	10
662.746	1	5
662.916	1	16
663.086	1	12
663.255	1	9
663.425	1	5
663.595	1	17
663.764	1	11
663.934	1	0
664.104	1	20
664.273	1	15
664.443	1	9
664.613	1	17
664.782	1	8
664.952	1	0
665.121	1	10
665.291	1	9
665.461	1	22
665.630	1	20
665.800	1	6
665.970	1	6
666.139	1	13
666.309	1	5
666.479	1	12
666.648	1	9
666.818	1	12
666.987	1	12
667.157	1	18
667.327	1	15
667.496	1	8
667.666	1	21
667.836	1	6
668.005	1	24
668.175	1	2
668.344	1	19
668.514	1	19
668.684	1	5
668.853	1	0
669.023	1	8
669.193	1	16
669.362	1	13
669.532	1	14
669.701	1	9
669.871	1	7
670.041	1	15
670.210	1	14
670.380	1	8
670.550	1	3
670.719	1	0
670.889	1	19
671.058	1	21
671.228	1	7
671.398	1	13
671.567	1	15
671.737	1	11
671.906	1	-6
672.076	1	14
672.246	1	6
672.415	1	17
672.585	1	16
672.754	1	5
672.924	1	10
673.094	1	11
673.263	1	5
673.433	1	6
673.602	1	18
673.772	1	8
673.942	1	2
674.111	1	8
674.281	1	2
674.450	1	22
674.620	1	7
674.790	1	7
674.959	1	2
675.129	1	10
675.298	1	2
675.468	1	16
675.638	1	23
675.807	1	7
675.977	1	2
676.146	1	26
676.316	1	10
676.485	1	6
676.655	1	11
676.825	1	19
676.994	1	10
677.164	1	9
677.333	1	3
677.503	1	8
677.672	1	17
677.842	1	4
678.012	1	10
678.181	1	16
678.351	1	8
678.520	1	21
678.690	1	11
678.859	1	1
679.029	1	7
679.199	1	9
679.368	1	12
679.538	1	20
679.707	1	4
679.877	1	5
680.046	1	18
680.216	1	11
680.386	1	18
680.555	1	12
680.725	1	-3
680.894	1	3
681.064	1	2
681.233	1	16
681.403	1	10
681.572	1	6
681.742	1	8
681.912	1	4
682.081	1	0
682.251	1	6
682.420	1	7
682.590	1	1
682.759	1	9
682.929	1	6
683.098	1	13
683.268	1	7
683.438	1	8
683.607	1	18
683.777	1	-1
683.946	1	4
684.116	1	13
684.285	1	10
684.455	1	9
684.624	1	9
684.794	1	16
684.963	1	0
685.133	1	3
685.303	1	8
685.472	1	6
685.642	1	27
685.811	1	13
685.981	1	4
686.150	1	23
686.320	1	14
686.489	1	17
686.659	1	27
686.828	1	15
686.998	1	8
687.167	1	3
687.337	1	12
687.506	1	4
687.676	1	16
687.845	1	13
688.015	1	7
688.184	1	11
688.354	1	19
688.524	1	11
688.693	1	14
688.863	1	12
689.032	1	18
689.202	1	4
689.371	1	14
689.541	1	21
689.710	1	15
689.880	1	12
690.049	1	3
690.219	1	3
690.388	1	3
690.558	1	1
690.727	1	13
690.897	1	10
691.066	1	17
691.236	1	-1
691.405	1	12
691.575	1	20
691.744	1	13
691.914	1	16
692.083	1	3
692.253	1	5
692.422	1	6
692.592	1	21
692.761	1	11
692.931	1	21
693.100	1	10
693.270	1	13
693.439	1	10
693.609	1	14
693.778	1	5
693.948	1	16
694.117	1	17
694.287	1	16
694.456	1	4
694.626	1	12
694.795	1	17
694.965	1	7
695.134	1	8
695.304	1	9
695.473	1	-3
695.643	1	2
695.812	1	9
695.982	1	13
696.151	1	22
696.321	1	0
696.490	1	21
696.659	1	3
696.829	1	12
696.998	1	2
697.168	1	11
697.337	1	8
697.507	1	11
697.676	1	15
697.846	1	13
698.015	1	17
698.185	1	8
698.354	1	9
698.524	1	6
698.693	1	-1
698.863	1	6
699.032	1	10
699.202	1	24
699.371	1	8
699.540	1	9
699.710	1	2
699.879	1	8
700.049	1	9
700.218	1	12
700.388	1	5
700.557	1	15
700.727	1	8
700.896	1	11
701.066	1	16
701.235	1	-1
701.405	1	17
701.574	1	14
701.743	1	7
701.913	1	-2
702.082	1	16
702.252	1	8
702.421	1	9
702.591	1	-4
702.760	1	3
702.930	1	-1
703.099	1	13
703.268	1	20
703.438	1	18
703.607	1	22
703.777	1	11
703.946	1	3
704.116	1	5
704.285	1	4
704.455	1	5
704.624	1	4
704.793	1	28
704.963	1	2
705.132	1	15
705.302	1	13
705.471	1	19
705.641	1	-2
705.810	1	11
705.979	1	11
706.149	1	11
706.318	1	15
706.488	1	2
706.657	1	10
706.827	1	10
706.996	1	19
707.165	1	16
707.335	1	12
707.504	1	14
707.674	1	16
707.843	1	1
708.013	1	14
708.182	1	8
708.351	1	11
708.521	1	11
708.690	1	17
708.860	1	11
709.029	1	-1
709.198	1	11
709.368	1	17
709.537	1	19
709.707	1	1
709.876	1	17
710.046	1	14
710.215	1	13
710.384	1	13
710.554	1	3
710.723	1	1
710.893	1	9
711.062	1	10
711.231	1	17
711.401	1	13
711.570	1	9
711.740	1	14
711.909	1	7
712.078	1	3
712.248	1	1
712.417	1	1
712.587	1	11
712.756	1	15
712.925	1	11
713.095	1	9
713.264	1	14
713.434	1	11
713.603	1	6
713.772	1	22
713.942	1	10
714.111	1	17
714.280	1	8
714.450	1	8
714.619	1	21
714.789	1	15
714.958	1	13
715.127	1	5
715.297	1	25
715.466	1	7
715.636	1	6
715.805	1	0
715.974	1	9
716.144	1	9
716.313	1	19
716.482	1	15
716.652	1	7
716.821	1	18
716.991	1	4
717.160	1	14
717.329	1	-5
717.499	1	12
717.668	1	5
717.837	1	16
718.007	1	12
718.176	1	8
718.346	1	6
718.515	1	5
718.684	1	9
718.854	1	19
719.023	1	13
719.192	1	5
719.362	1	6
719.531	1	-1
719.700	1	20
719.870	1	8
720.039	1	8
720.208	1	5
720.378	1	11
720.547	1	2
720.717	1	6
720.886	1	3
721.055	1	13
721.225	1	-12
721.394	1	-2
721.563	1	7
721.733	1	16
721.902	1	7
722.071	1	6
722.241	1	18
722.410	1	10
722.579	1	11
722.749	1	4
722.918	1	9
723.087	1	15
723.257	1	-3
723.426	1	-6
723.595	1	9
723.765	1	15
723.934	1	17
724.103	1	3
724.273	1	4
724.442	1	7
724.611	1	6
724.781	1	3
724.950	1	16
725.119	1	11
725.289	1	4
725.458	1	3
725.627	1	10
725.797	1	12
725.966	1	14
726.135	1	13
726.305	1	9
726.474	1	-4
726.643	1	13
726.813	1	13
726.982	1	9
727.151	1	3
727.321	1	3
727.490	1	10
727.659	1	11
727.829	1	13
727.998	1	3
728.167	1	11
728.337	1	7
728.506	1	4
728.675	1	-8
728.845	1	21
729.014	1	0
729.183	1	12
729.352	1	-1
729.522	1	0
729.691	1	7
729.860	1	24
730.030	1	6
730.199	1	-3
730.368	1	11
730.538	1	4
730.707	1	19
730.876	1	8
731.045	1	4
731.215	1	6
731.384	1	5
731.553	1	17
731.723	1	-1
731.892	1	11
732.061	1	14
732.231	1	13
732.400	1	10
732.569	1	15
732.738	1	8
732.908	1	3
733.077	1	6
733.246	1	7
733.416	1	17
733.585	1	12
733.754	1	11
733.923	1	9
734.093	1	10
734.262	1	-1
734.431	1	16
734.601	1	10
734.770	1	11
734.939	1	-16
735.108	1	9
735.278	1	3
735.447	1	7
735.616	1	11
735.786	1	4
735.955	1	5
736.124	1	9
736.293	1	7
736.463	1	0
736.632	1	15
736.801	1	8
736.970	1	8
737.140	1	6
737.309	1	15
737.478	1	14
737.648	1	6
737.817	1	8
737.986	1	6
738.155	1	10
738.325	1	5
738.494	1	-8
738.663	1	8
738.832	1	15
739.002	1	11
739.171	1	4
739.340	1	6
739.509	1	-13
739.679	1	7
739.848	1	20
740.017	1	-1
740.186	1	5
740.356	1	21
740.525	1	-3
740.694	1	5
740.863	1	-1
741.033	1	9
741.202	1	15
741.371	1	3
741.540	1	-1
741.710	1	-1
741.879	1	10
742.048	1	7
742.217	1	3
742.387	1	-1
742.556	1	1
742.725	1	6
742.894	1	8
743.064	1	12
743.233	1	8
743.402	1	11
743.571	1	4
743.741	1	7
743.910	1	19
744.079	1	2
744.248	1	8
744.418	1	4
744.587	1	11
744.756	1	10
744.925	1	-4
745.094	1	5
745.264	1	16
745.433	1	9
745.602	1	8
745.771	1	13
745.941	1	4
746.110	1	0
746.279	1	9
746.448	1	7
746.617	1	13
746.787	1	-1
746.956	1	22
747.125	1	11
747.294	1	-1
747.464	1	-2
747.633	1	7
747.802	1	7
747.971	1	7
748.140	1	4
748.310	1	8
748.479	1	5
748.648	1	12
748.817	1	6
748.986	1	11
749.156	1	22
749.325	1	8
749.494	1	8
749.663	1	10
749.832	1	4
750.002	1	2
750.171	1	12
750.340	1	9
750.509	1	1
750.678	1	0
750.848	1	1
751.017	1	19
751.186	1	1
751.355	1	7
751.524	1	6
751.694	1	1
751.863	1	0
752.032	1	8
752.201	1	11
752.370	1	6
752.540	1	12
752.709	1	13
752.878	1	5
753.047	1	8
753.216	1	10
753.386	1	5
753.555	1	4
753.724	1	5
753.893	1	15
754.062	1	15
754.231	1	17
754.401	1	6
754.570	1	3
754.739	1	5
754.908	1	4
755.077	1	5
755.247	1	6
755.416	1	1
755.585	1	14
755.754	1	9
755.923	1	6
756.092	1	9
756.262	1	1
756.431	1	8
756.600	1	3
756.769	1	11
756.938	1	6
757.107	1	4
757.277	1	12
757.446	1	12
757.615	1	2
757.784	1	-3
757.953	1	7
758.122	1	6
758.292	1	14
758.461	1	17
758.630	1	18
758.799	1	12
758.968	1	-5
759.137	1	2
759.306	1	10
759.476	1	6
759.645	1	11
759.814	1	11
759.983	1	-4
760.152	1	17
760.321	1	11
760.491	1	9
760.660	1	3
760.829	1	-1
760.998	1	12
761.167	1	6
761.336	1	0
761.505	1	10
761.675	1	5
761.844	1	11
762.013	1	2
762.182	1	10
762.351	1	7
762.520	1	6
762.689	1	15
762.859	1	5
763.028	1	3
763.197	1	-3
763.366	1	12
763.535	1	3
763.704	1	15
763.873	1	10
764.042	1	5
764.212	1	10
764.381	1	16
764.550	1	14
764.719	1	-3
764.888	1	8
765.057	1	13
765.226	1	15
765.395	1	2
765.565	1	10
765.734	1	11
765.903	1	9
766.072	1	-4
766.241	1	3
766.410	1	12
766.579	1	9
766.748	1	-4
766.918	1	10
767.087	1	13
767.256	1	8
767.425	1	11
767.594	1	3
767.763	1	3
767.932	1	-7
768.101	1	8
768.270	1	21
768.440	1	14
768.609	1	9
768.778	1	3
768.947	1	12
769.116	1	5
769.285	1	4
769.454	1	18
769.623	1	0
769.792	1	-2
769.961	1	2
770.131	1	5
770.300	1	9
770.469	1	7
770.638	1	2
770.807	1	5
770.976	1	14
771.145	1	13
771.314	1	4
771.483	1	1
771.652	1	2
771.822	1	7
771.991	1	0
772.160	1	4
772.329	1	3
772.498	1	13
772.667	1	6
772.836	1	19
773.005	1	13
773.174	1	14
773.343	1	10
773.512	1	9
