425.572	1	1
425.743	1	-17
425.913	1	4
426.084	1	-1
426.255	1	3
426.426	1	11
426.597	1	0
426.768	1	2
426.939	1	9
427.109	1	11
427.280	1	-1
427.451	1	0
427.622	1	8
427.793	1	3
427.964	1	-11
428.135	1	-3
428.305	1	6
428.476	1	-4
428.647	1	-8
428.818	1	2
428.989	1	10
429.160	1	-13
429.331	1	4
429.501	1	2
429.672	1	0
429.843	1	-9
430.014	1	-1
430.185	1	-7
430.356	1	-13
430.527	1	9
430.697	1	12
430.868	1	-7
431.039	1	-12
431.210	1	3
431.381	1	-8
431.552	1	2
431.722	1	4
431.893	1	-12
432.064	1	8
432.235	1	-14
432.406	1	9
432.577	1	2
432.747	1	10
432.918	1	4
433.089	1	2
433.260	1	0
433.431	1	-1
433.602	1	4
433.772	1	1
433.943	1	3
434.114	1	1
434.285	1	-7
434.456	1	4
434.627	1	7
434.797	1	5
434.968	1	11
435.139	1	-1
435.310	1	-14
435.481	1	4
435.652	1	-3
435.822	1	8
435.993	1	1
436.164	1	-4
436.335	1	-2
436.506	1	6
436.676	1	10
436.847	1	3
437.018	1	2
437.189	1	-4
437.360	1	0
437.530	1	-4
437.701	1	9
437.872	1	11
438.043	1	-15
438.214	1	-5
438.385	1	1
438.555	1	-1
438.726	1	2
438.897	1	5
439.068	1	-7
439.239	1	-3
439.409	1	11
439.580	1	-2
439.751	1	-2
439.922	1	3
440.093	1	-2
440.263	1	5
440.434	1	8
440.605	1	-9
440.776	1	9
440.947	1	8
441.117	1	6
441.288	1	1
441.459	1	8
441.630	1	7
441.800	1	2
441.971	1	-8
442.142	1	5
442.313	1	2
442.484	1	0
442.654	1	5
442.825	1	-9
442.996	1	5
443.167	1	-3
443.338	1	-10
443.508	1	5
443.679	1	-5
443.850	1	-11
444.021	1	3
444.191	1	-2
444.362	1	2
444.533	1	-9
444.704	1	0
444.874	1	12
445.045	1	-6
445.216	1	-3
445.387	1	-12
445.558	1	-9
445.728	1	7
445.899	1	0
446.070	1	11
446.241	1	7
446.411	1	-3
446.582	1	-4
446.753	1	3
446.924	1	4
447.094	1	-10
447.265	1	1
447.436	1	-7
447.607	1	-7
447.777	1	-5
447.948	1	7
448.119	1	-1
448.290	1	-2
448.461	1	7
448.631	1	10
448.802	1	-3
448.973	1	-4
449.144	1	7
449.314	1	5
449.485	1	-5
449.656	1	-15
449.827	1	10
449.997	1	12
450.168	1	3
450.339	1	12
450.509	1	-12
450.680	1	-6
450.851	1	-21
451.022	1	0
451.192	1	4
451.363	1	-5
451.534	1	9
451.705	1	-1
451.875	1	-5
452.046	1	2
452.217	1	3
452.388	1	0
452.558	1	-9
452.729	1	0
452.900	1	3
453.071	1	2
453.241	1	-3
453.412	1	8
453.583	1	-4
453.753	1	2
453.924	1	-3
454.095	1	8
454.266	1	4
454.436	1	-4
454.607	1	-5
454.778	1	-11
454.949	1	-8
455.119	1	17
455.290	1	14
455.461	1	0
455.631	1	-3
455.802	1	0
455.973	1	-2
456.144	1	-10
456.314	1	-1
456.485	1	-13
456.656	1	-5
456.826	1	5
456.997	1	-2
457.168	1	9
457.339	1	3
457.509	1	-5
457.680	1	1
457.851	1	1
458.021	1	-11
458.192	1	1
458.363	1	2
458.533	1	2
458.704	1	4
458.875	1	2
459.046	1	-3
459.216	1	-9
459.387	1	-3
459.558	1	1
459.728	1	12
459.899	1	3
460.070	1	4
460.240	1	1
460.411	1	3
460.582	1	0
460.753	1	-6
460.923	1	4
461.094	1	-3
461.265	1	-2
461.435	1	-3
461.606	1	6
461.777	1	0
461.947	1	5
462.118	1	-6
462.289	1	4
462.459	1	1
462.630	1	-5
462.801	1	4
462.971	1	9
463.142	1	0
463.313	1	2
463.483	1	4
463.654	1	13
463.825	1	1
463.995	1	4
464.166	1	-8
464.337	1	2
464.507	1	7
464.678	1	-1
464.849	1	1
465.020	1	2
465.190	1	1
465.361	1	15
465.532	1	1
465.702	1	-3
465.873	1	3
466.044	1	-11
466.214	1	-10
466.385	1	6
466.555	1	-3
466.726	1	7
466.897	1	1
467.067	1	3
467.238	1	9
467.409	1	3
467.579	1	-6
467.750	1	-9
467.921	1	7
468.091	1	-7
468.262	1	-6
468.433	1	2
468.603	1	3
468.774	1	-2
468.945	1	-5
469.115	1	4
469.286	1	11
469.457	1	-5
469.627	1	6
469.798	1	2
469.969	1	7
470.139	1	0
470.310	1	-8
470.480	1	3
470.651	1	-6
470.822	1	1
470.992	1	-4
471.163	1	-4
471.334	1	-5
471.504	1	-4
471.675	1	5
471.846	1	18
472.016	1	-7
472.187	1	-5
472.357	1	1
472.528	1	3
472.699	1	11
472.869	1	9
473.040	1	-2
473.211	1	-1
473.381	1	-5
473.552	1	-9
473.722	1	11
473.893	1	-4
474.064	1	-4
474.234	1	-5
474.405	1	6
474.576	1	0
474.746	1	9
474.917	1	-12
475.087	1	-3
475.258	1	0
475.429	1	-8
475.599	1	-15
475.770	1	2
475.941	1	-3
476.111	1	-4
476.282	1	9
476.452	1	3
476.623	1	9
476.794	1	-3
476.964	1	5
477.135	1	9
477.305	1	-13
477.476	1	-2
477.647	1	6
477.817	1	7
477.988	1	-2
478.158	1	0
478.329	1	0
478.500	1	-7
478.670	1	-1
478.841	1	-7
479.011	1	5
479.182	1	2
479.353	1	2
479.523	1	-4
479.694	1	2
479.864	1	10
480.035	1	11
480.206	1	-1
480.376	1	3
480.547	1	0
480.717	1	-4
480.888	1	6
481.059	1	1
481.229	1	5
481.400	1	3
481.570	1	-2
481.741	1	-9
481.911	1	-12
482.082	1	2
482.253	1	-3
482.423	1	2
482.594	1	11
482.764	1	2
482.935	1	-11
483.105	1	1
483.276	1	-4
483.447	1	-5
483.617	1	2
483.788	1	11
483.958	1	-2
484.129	1	1
484.300	1	0
484.470	1	4
484.641	1	9
484.811	1	0
484.982	1	-1
485.152	1	0
485.323	1	1
485.493	1	3
485.664	1	-4
485.835	1	-10
486.005	1	-5
486.176	1	0
486.346	1	-2
486.517	1	3
486.687	1	-4
486.858	1	5
487.029	1	14
487.199	1	10
487.370	1	-3
487.540	1	8
487.711	1	-7
487.881	1	0
488.052	1	-1
488.222	1	-3
488.393	1	-6
488.563	1	-2
488.734	1	-3
488.905	1	9
489.075	1	0
489.246	1	8
489.416	1	2
489.587	1	5
489.757	1	8
489.928	1	-7
490.098	1	1
490.269	1	0
490.439	1	-3
490.610	1	0
490.781	1	2
490.951	1	-6
491.122	1	11
491.292	1	3
491.463	1	-7
491.633	1	-6
491.804	1	1
491.974	1	10
492.145	1	1
492.315	1	0
492.486	1	1
492.656	1	-2
492.827	1	2
492.997	1	-5
493.168	1	6
493.338	1	-3
493.509	1	1
493.680	1	3
493.850	1	6
494.021	1	-1
494.191	1	-13
494.362	1	-8
494.532	1	1
494.703	1	-6
494.873	1	6
495.044	1	6
495.214	1	-11
495.385	1	-4
495.555	1	7
495.726	1	-5
495.896	1	3
496.067	1	0
496.237	1	2
496.408	1	-2
496.578	1	0
496.749	1	4
496.919	1	8
497.090	1	5
497.260	1	6
497.431	1	1
497.601	1	0
497.772	1	7
497.942	1	-4
498.113	1	10
498.283	1	-3
498.454	1	2
498.624	1	0
498.795	1	-3
498.965	1	-3
499.136	1	-4
499.306	1	-3
499.477	1	-12
499.647	1	-6
499.818	1	6
499.988	1	-7
500.159	1	-4
500.329	1	9
500.500	1	-11
500.670	1	5
500.841	1	16
501.011	1	-3
501.182	1	1
501.352	1	0
501.523	1	4
501.693	1	11
501.864	1	2
502.034	1	-11
502.205	1	1
502.375	1	5
502.545	1	-8
502.716	1	0
502.886	1	8
503.057	1	-4
503.227	1	-5
503.398	1	5
503.568	1	-1
503.739	1	5
503.909	1	-8
504.080	1	-1
504.250	1	7
504.421	1	-2
504.591	1	4
504.762	1	3
504.932	1	1
505.103	1	-8
505.273	1	-1
505.443	1	-3
505.614	1	5
505.784	1	-11
505.955	1	-6
506.125	1	-10
506.296	1	3
506.466	1	4
506.637	1	-7
506.807	1	3
506.978	1	7
507.148	1	0
507.318	1	8
507.489	1	1
507.659	1	-1
507.830	1	-2
508.000	1	-8
508.171	1	12
508.341	1	4
508.512	1	-1
508.682	1	7
508.853	1	14
509.023	1	-10
509.193	1	5
509.364	1	4
509.534	1	4
509.705	1	-2
509.875	1	-3
510.046	1	11
510.216	1	-5
510.386	1	2
510.557	1	-8
510.727	1	5
510.898	1	8
511.068	1	-2
511.239	1	-5
511.409	1	-4
511.580	1	1
511.750	1	0
511.920	1	9
512.091	1	5
512.261	1	-1
512.432	1	6
512.602	1	2
512.773	1	-4
512.943	1	9
513.113	1	-3
513.284	1	2
513.454	1	-4
513.625	1	-3
513.795	1	0
513.965	1	-5
514.136	1	-1
514.306	1	1
514.477	1	2
514.647	1	-4
514.818	1	10
514.988	1	-5
515.158	1	3
515.329	1	-3
515.499	1	-13
515.670	1	8
515.840	1	-1
516.010	1	-6
516.181	1	1
516.351	1	-5
516.522	1	0
516.692	1	5
516.862	1	7
517.033	1	0
517.203	1	3
517.374	1	0
517.544	1	4
517.714	1	-1
517.885	1	3
518.055	1	-6
518.226	1	-4
518.396	1	-15
518.566	1	4
518.737	1	-3
518.907	1	-4
519.078	1	-6
519.248	1	9
519.418	1	7
519.589	1	-3
519.759	1	4
519.930	1	6
520.100	1	1
520.270	1	-2
520.441	1	-5
520.611	1	-4
520.781	1	10
520.952	1	7
521.122	1	-5
521.293	1	-12
521.463	1	1
521.633	1	-5
521.804	1	-1
521.974	1	-11
522.145	1	5
522.315	1	-12
522.485	1	-7
522.656	1	0
522.826	1	-12
522.996	1	4
523.167	1	5
523.337	1	7
523.507	1	-10
523.678	1	7
523.848	1	13
524.019	1	10
524.189	1	-6
524.359	1	-3
524.530	1	-7
524.700	1	-3
524.870	1	3
525.041	1	5
525.211	1	3
525.381	1	-1
525.552	1	8
525.722	1	5
525.893	1	-12
526.063	1	-3
526.233	1	-6
526.404	1	2
526.574	1	-5
526.744	1	7
526.915	1	5
527.085	1	3
527.255	1	-12
527.426	1	4
527.596	1	3
527.766	1	-10
527.937	1	-6
528.107	1	12
528.277	1	-1
528.448	1	4
528.618	1	-9
528.789	1	5
528.959	1	0
529.129	1	1
529.300	1	7
529.470	1	0
529.640	1	-5
529.811	1	5
529.981	1	13
530.151	1	-4
530.322	1	-13
530.492	1	-9
530.662	1	1
530.833	1	2
531.003	1	-11
531.173	1	4
531.344	1	-6
531.514	1	-1
531.684	1	-2
531.855	1	4
532.025	1	0
532.195	1	-8
532.365	1	1
532.536	1	-1
532.706	1	1
532.876	1	-2
533.047	1	-5
533.217	1	1
533.387	1	2
533.558	1	8
533.728	1	-2
533.898	1	8
534.069	1	1
534.239	1	-6
534.409	1	-8
534.580	1	-10
534.750	1	9
534.920	1	-2
535.091	1	-5
535.261	1	1
535.431	1	9
535.601	1	-2
535.772	1	-4
535.942	1	-1
536.112	1	7
536.283	1	-8
536.453	1	-7
536.623	1	-9
536.794	1	-8
536.964	1	2
537.134	1	-4
537.305	1	7
537.475	1	-4
537.645	1	-9
537.815	1	2
537.986	1	-1
538.156	1	4
538.326	1	-3
538.497	1	-3
538.667	1	1
538.837	1	-3
539.007	1	0
539.178	1	-3
539.348	1	11
539.518	1	-7
539.689	1	6
539.859	1	-1
540.029	1	0
540.199	1	12
540.370	1	3
540.540	1	3
540.710	1	-2
540.881	1	0
541.051	1	25
541.221	1	7
541.391	1	3
541.562	1	3
541.732	1	-5
541.902	1	-12
542.073	1	2
542.243	1	2
542.413	1	-2
542.583	1	7
542.754	1	1
542.924	1	-3
543.094	1	-8
543.264	1	-4
543.435	1	-6
543.605	1	1
543.775	1	0
543.945	1	3
544.116	1	0
544.286	1	5
544.456	1	3
544.627	1	2
544.797	1	-4
544.967	1	-10
545.137	1	4
545.308	1	1
545.478	1	-3
545.648	1	-3
545.818	1	-5
545.989	1	6
546.159	1	4
546.329	1	1
546.499	1	-2
546.670	1	3
546.840	1	14
547.010	1	5
547.180	1	-10
547.351	1	1
547.521	1	-8
547.691	1	2
547.861	1	-17
548.032	1	7
548.202	1	-1
548.372	1	3
548.542	1	2
548.713	1	4
548.883	1	12
549.053	1	-7
549.223	1	-1
549.393	1	5
549.564	1	-7
549.734	1	0
549.904	1	-5
550.074	1	9
550.245	1	11
550.415	1	-7
550.585	1	0
550.755	1	-7
550.926	1	-3
551.096	1	4
551.266	1	3
551.436	1	6
551.606	1	-6
551.777	1	-6
551.947	1	12
552.117	1	1
552.287	1	5
552.458	1	5
552.628	1	-3
552.798	1	-1
552.968	1	-1
553.138	1	3
553.309	1	11
553.479	1	6
553.649	1	1
553.819	1	11
553.990	1	-5
554.160	1	2
554.330	1	17
554.500	1	7
554.670	1	11
554.841	1	-16
555.011	1	-3
555.181	1	3
555.351	1	6
555.521	1	3
555.692	1	3
555.862	1	2
556.032	1	9
556.202	1	11
556.372	1	6
556.543	1	-8
556.713	1	8
556.883	1	-1
557.053	1	2
557.223	1	-9
557.394	1	4
557.564	1	-7
557.734	1	-5
557.904	1	-4
558.074	1	-3
558.245	1	-2
558.415	1	-4
558.585	1	-9
558.755	1	0
558.925	1	9
559.096	1	1
559.266	1	-10
559.436	1	2
559.606	1	0
559.776	1	-2
559.946	1	7
560.117	1	4
560.287	1	-1
560.457	1	-9
560.627	1	-3
560.797	1	-1
560.968	1	-1
561.138	1	-7
561.308	1	-5
561.478	1	0
561.648	1	1
561.818	1	3
561.989	1	5
562.159	1	11
562.329	1	0
562.499	1	2
562.669	1	-6
562.839	1	5
563.010	1	-5
563.180	1	3
563.350	1	1
563.520	1	14
563.690	1	-2
563.860	1	3
564.031	1	4
564.201	1	-10
564.371	1	-5
564.541	1	13
564.711	1	2
564.881	1	7
565.051	1	13
565.222	1	-5
565.392	1	7
565.562	1	21
565.732	1	3
565.902	1	4
566.072	1	5
566.243	1	8
566.413	1	-7
566.583	1	-2
566.753	1	-7
566.923	1	-8
567.093	1	-12
567.263	1	16
567.434	1	5
567.604	1	-1
567.774	1	2
567.944	1	-11
568.114	1	-4
568.284	1	1
568.454	1	-4
568.625	1	-2
568.795	1	7
568.965	1	-8
569.135	1	0
569.305	1	6
569.475	1	6
569.645	1	10
569.816	1	1
569.986	1	6
570.156	1	5
570.326	1	1
570.496	1	-4
570.666	1	3
570.836	1	8
571.006	1	2
571.177	1	3
571.347	1	5
571.517	1	2
571.687	1	2
571.857	1	-11
572.027	1	3
572.197	1	-3
572.367	1	6
572.537	1	2
572.708	1	0
572.878	1	-11
573.048	1	1
573.218	1	1
573.388	1	1
573.558	1	-4
573.728	1	-16
573.898	1	2
574.069	1	-7
574.239	1	2
574.409	1	-2
574.579	1	2
574.749	1	-3
574.919	1	6
575.089	1	4
575.259	1	1
575.429	1	-3
575.599	1	-2
575.770	1	-5
575.940	1	-6
576.110	1	-2
576.280	1	-7
576.450	1	2
576.620	1	2
576.790	1	14
576.960	1	-2
577.130	1	-3
577.300	1	0
577.471	1	8
577.641	1	2
577.811	1	1
577.981	1	-3
578.151	1	0
578.321	1	3
578.491	1	-2
578.661	1	-5
578.831	1	5
579.001	1	-1
579.171	1	14
579.341	1	-3
579.512	1	6
579.682	1	5
579.852	1	8
580.022	1	-7
580.192	1	4
580.362	1	6
580.532	1	-2
580.702	1	-9
580.872	1	-10
581.042	1	0
581.212	1	7
581.382	1	0
581.552	1	-8
581.723	1	0
581.893	1	-11
582.063	1	10
582.233	1	2
582.403	1	-4
582.573	1	-9
582.743	1	-3
582.913	1	-2
583.083	1	3
583.253	1	-2
583.423	1	1
583.593	1	-10
583.763	1	2
583.933	1	5
584.103	1	-8
584.273	1	2
584.444	1	-5
584.614	1	-3
584.784	1	-3
584.954	1	5
585.124	1	8
585.294	1	3
585.464	1	-1
585.634	1	11
585.804	1	2
585.974	1	0
586.144	1	9
586.314	1	1
586.484	1	-1
586.654	1	2
586.824	1	-3
586.994	1	1
587.164	1	1
587.334	1	7
587.504	1	2
587.674	1	-5
587.844	1	4
588.015	1	0
588.185	1	-6
588.355	1	6
588.525	1	-3
588.695	1	15
588.865	1	-8
589.035	1	7
589.205	1	3
589.375	1	-4
589.545	1	2
589.715	1	-1
589.885	1	5
590.055	1	5
590.225	1	-4
590.395	1	-3
590.565	1	-3
590.735	1	-3
590.905	1	-1
591.075	1	12
591.245	1	-1
591.415	1	-8
591.585	1	-1
591.755	1	5
591.925	1	-2
592.095	1	4
592.265	1	-13
592.435	1	4
592.605	1	-2
592.775	1	-9
592.945	1	-2
593.115	1	5
593.285	1	7
593.455	1	-11
593.625	1	-7
593.795	1	11
593.965	1	1
594.135	1	6
594.305	1	-4
594.475	1	10
594.645	1	11
594.815	1	-8
594.985	1	-9
595.155	1	3
595.325	1	4
595.495	1	4
595.665	1	3
595.835	1	-7
596.005	1	-2
596.175	1	-14
596.345	1	5
596.515	1	0
596.685	1	2
596.855	1	-4
597.025	1	2
597.195	1	0
597.365	1	-2
597.535	1	8
597.705	1	10
597.875	1	-4
598.045	1	-8
598.215	1	-4
598.385	1	14
598.555	1	-3
598.725	1	9
598.895	1	5
599.065	1	-1
599.235	1	4
599.405	1	1
599.575	1	-8
599.745	1	8
599.915	1	-1
600.085	1	-4
600.255	1	-4
600.425	1	7
600.595	1	-6
600.765	1	2
600.935	1	-4
601.105	1	4
601.275	1	-5
601.445	1	-4
601.615	1	-4
601.785	1	6
601.955	1	3
602.125	1	5
602.295	1	2
602.465	1	3
602.635	1	-1
602.804	1	7
602.974	1	1
603.144	1	6
603.314	1	-4
603.484	1	4
603.654	1	-4
603.824	1	-3
603.994	1	4
604.164	1	-8
604.334	1	4
604.504	1	-1
604.674	1	-3
604.844	1	1
605.014	1	2
605.184	1	-1
605.354	1	-1
605.524	1	6
605.694	1	-4
605.864	1	3
606.034	1	-2
606.204	1	5
606.373	1	-15
606.543	1	9
606.713	1	3
606.883	1	2
607.053	1	-1
607.223	1	2
607.393	1	7
607.563	1	1
607.733	1	3
607.903	1	-13
608.073	1	-5
608.243	1	9
608.413	1	7
608.583	1	1
608.753	1	3
608.923	1	3
609.092	1	3
609.262	1	8
609.432	1	2
609.602	1	5
609.772	1	0
609.942	1	-4
610.112	1	-1
610.282	1	-2
610.452	1	8
610.622	1	-3
610.792	1	3
610.962	1	-7
611.132	1	-2
611.301	1	-8
611.471	1	-3
611.641	1	8
611.811	1	-5
611.981	1	13
612.151	1	3
612.321	1	4
612.491	1	4
612.661	1	-4
612.831	1	1
613.001	1	-9
613.171	1	10
613.340	1	-4
613.510	1	0
613.680	1	-8
613.850	1	0
614.020	1	5
614.190	1	-9
614.360	1	3
614.530	1	-6
614.700	1	0
614.870	1	-1
615.039	1	11
615.209	1	11
615.379	1	-9
615.549	1	5
615.719	1	-3
615.889	1	-6
616.059	1	1
616.229	1	-7
616.399	1	-17
616.568	1	-9
616.738	1	2
616.908	1	1
617.078	1	2
617.248	1	-4
617.418	1	1
617.588	1	-14
617.758	1	-4
617.928	1	3
618.097	1	6
618.267	1	4
618.437	1	1
618.607	1	3
618.777	1	5
618.947	1	-2
619.117	1	8
619.287	1	4
619.457	1	4
619.626	1	5
619.796	1	8
619.966	1	-1
620.136	1	3
620.306	1	-4
620.476	1	-8
620.646	1	6
620.815	1	4
620.985	1	-10
621.155	1	4
621.325	1	-10
621.495	1	7
621.665	1	15
621.835	1	9
622.005	1	4
622.174	1	-4
622.344	1	-4
622.514	1	6
622.684	1	1
622.854	1	-10
623.024	1	4
623.194	1	-4
623.363	1	4
623.533	1	7
623.703	1	10
623.873	1	-3
624.043	1	-3
624.213	1	-6
624.383	1	-21
624.552	1	-2
624.722	1	1
624.892	1	-2
625.062	1	2
625.232	1	-2
625.402	1	8
625.571	1	0
625.741	1	4
625.911	1	2
626.081	1	-6
626.251	1	-5
626.421	1	-10
626.591	1	4
626.760	1	5
626.930	1	2
627.100	1	2
627.270	1	4
627.440	1	0
627.610	1	-8
627.779	1	-5
627.949	1	-13
628.119	1	4
628.289	1	7
628.459	1	2
628.629	1	6
628.798	1	0
628.968	1	-1
629.138	1	10
629.308	1	6
629.478	1	6
629.647	1	7
629.817	1	-4
629.987	1	0
630.157	1	0
630.327	1	2
630.497	1	-1
630.666	1	1
630.836	1	5
631.006	1	-8
631.176	1	-1
631.346	1	11
631.515	1	-2
631.685	1	-5
631.855	1	13
632.025	1	-8
632.195	1	10
632.365	1	-8
632.534	1	-4
632.704	1	15
632.874	1	1
633.044	1	-4
633.214	1	5
633.383	1	-1
633.553	1	2
633.723	1	0
633.893	1	4
634.063	1	2
634.232	1	-8
634.402	1	-3
634.572	1	-2
634.742	1	-4
634.912	1	0
635.081	1	-5
635.251	1	0
635.421	1	-13
635.591	1	4
635.761	1	6
635.930	1	-2
636.100	1	2
636.270	1	-9
636.440	1	10
636.610	1	-10
636.779	1	1
636.949	1	-4
637.119	1	11
637.289	1	-2
637.458	1	11
637.628	1	5
637.798	1	-6
637.968	1	-3
638.138	1	12
638.307	1	12
638.477	1	-8
638.647	1	4
638.817	1	-1
638.986	1	5
639.156	1	6
639.326	1	0
639.496	1	1
639.666	1	6
639.835	1	-10
640.005	1	-9
640.175	1	-7
640.345	1	-8
640.514	1	-1
640.684	1	-2
640.854	1	-1
641.024	1	-4
641.193	1	1
641.363	1	2
641.533	1	6
641.703	1	9
641.872	1	3
642.042	1	2
642.212	1	-10
642.382	1	-13
642.552	1	13
642.721	1	5
642.891	1	-7
643.061	1	2
643.231	1	5
643.400	1	-1
643.570	1	-1
643.740	1	-12
643.910	1	1
644.079	1	10
644.249	1	-11
644.419	1	-6
644.589	1	3
644.758	1	-8
644.928	1	1
645.098	1	-8
645.268	1	1
645.437	1	-10
645.607	1	12
645.777	1	-5
645.946	1	11
646.116	1	2
646.286	1	-11
646.456	1	-2
646.625	1	-2
646.795	1	-1
646.965	1	8
647.135	1	8
647.304	1	-5
647.474	1	2
647.644	1	-1
647.814	1	-7
647.983	1	-4
648.153	1	-10
648.323	1	-6
648.492	1	8
648.662	1	-2
648.832	1	-2
649.002	1	-4
649.171	1	4
649.341	1	-5
649.511	1	3
649.681	1	-7
649.850	1	9
650.020	1	-10
650.190	1	-1
650.359	1	1
650.529	1	4
650.699	1	-1
650.869	1	3
651.038	1	6
651.208	1	-8
651.378	1	-5
651.547	1	20
651.717	1	-3
651.887	1	-10
652.057	1	4
652.226	1	5
652.396	1	12
652.566	1	3
652.735	1	-6
652.905	1	4
653.075	1	-12
653.244	1	4
653.414	1	-4
653.584	1	9
653.754	1	-11
653.923	1	-5
654.093	1	3
654.263	1	-9
654.432	1	6
654.602	1	6
654.772	1	6
654.941	1	-9
655.111	1	3
655.281	1	-12
655.451	1	-3
655.620	1	4
655.790	1	-1
655.960	1	-11
656.129	1	21
656.299	1	-2
656.469	1	7
656.638	1	-6
656.808	1	1
656.978	1	0
657.147	1	8
657.317	1	1
657.487	1	4
657.656	1	4
657.826	1	-11
657.996	1	-7
658.165	1	-1
658.335	1	-2
658.505	1	-4
658.674	1	11
658.844	1	-8
659.014	1	-1
659.184	1	-5
659.353	1	-7
659.523	1	-6
659.693	1	-1
659.862	1	-10
660.032	1	-1
660.202	1	3
660.371	1	-4
660.541	1	1
660.711	1	-8
660.880	1	-8
661.050	1	19
661.220	1	1
661.389	1	-8
661.559	1	6
661.728	1	-1
661.898	1	-3
662.068	1	-3
662.237	1	4
662.407	1	-3
662.577	1	1
662.746	1	-8
662.916	1	18
663.086	1	9
663.255	1	3
663.425	1	-4
663.595	1	3
663.764	1	-2
663.934	1	6
664.104	1	8
664.273	1	-4
664.443	1	4
664.613	1	0
664.782	1	3
664.952	1	-3
665.121	1	7
665.291	1	1
665.461	1	13
665.630	1	-3
665.800	1	-9
665.970	1	-3
666.139	1	6
666.309	1	-3
666.479	1	5
666.648	1	-7
666.818	1	6
666.987	1	2
667.157	1	10
667.327	1	-9
667.496	1	-11
667.666	1	-2
667.836	1	-7
668.005	1	13
668.175	1	0
668.344	1	3
668.514	1	5
668.684	1	-9
668.853	1	-7
669.023	1	-7
669.193	1	-4
669.362	1	-2
669.532	1	-6
669.701	1	7
669.871	1	5
670.041	1	3
670.210	1	-1
670.380	1	-10
670.550	1	-1
670.719	1	-4
670.889	1	10
671.058	1	12
671.228	1	-11
671.398	1	1
671.567	1	8
671.737	1	11
671.906	1	-6
672.076	1	4
672.246	1	-2
672.415	1	0
672.585	1	-4
672.754	1	-5
672.924	1	-15
673.094	1	3
673.263	1	-11
673.433	1	5
673.602	1	13
673.772	1	1
673.942	1	-6
674.111	1	1
674.281	1	-7
674.450	1	8
674.620	1	2
674.790	1	1
674.959	1	-5
675.129	1	-6
675.298	1	-3
675.468	1	5
675.638	1	17
675.807	1	-14
675.977	1	-1
676.146	1	8
676.316	1	-6
676.485	1	8
676.655	1	4
676.825	1	2
676.994	1	6
677.164	1	1
677.333	1	-2
677.503	1	6
677.672	1	-2
677.842	1	-10
678.012	1	0
678.181	1	12
678.351	1	0
678.520	1	-1
678.690	1	-3
678.859	1	10
679.029	1	-13
679.199	1	0
679.368	1	-4
679.538	1	1
679.707	1	-9
679.877	1	-11
680.046	1	4
680.216	1	-5
680.386	1	5
680.555	1	5
680.725	1	-10
680.894	1	-5
681.064	1	0
681.233	1	-3
681.403	1	-4
681.572	1	-5
681.742	1	-2
681.912	1	0
682.081	1	-7
682.251	1	-5
682.420	1	1
682.590	1	-9
682.759	1	-8
682.929	1	2
683.098	1	-2
683.268	1	4
683.438	1	1
683.607	1	2
683.777	1	-1
683.946	1	-8
684.116	1	4
684.285	1	-1
684.455	1	1
684.624	1	-5
684.794	1	-8
684.963	1	0
685.133	1	-9
685.303	1	-9
685.472	1	-1
685.642	1	21
685.811	1	1
685.981	1	4
686.150	1	4
686.320	1	2
686.489	1	7
686.659	1	8
686.828	1	-1
686.998	1	3
687.167	1	0
687.337	1	-3
687.506	1	-4
687.676	1	8
687.845	1	5
688.015	1	-3
688.184	1	3
688.354	1	4
688.524	1	4
688.693	1	5
688.863	1	9
689.032	1	8
689.202	1	-1
689.371	1	2
689.541	1	-2
689.710	1	0
689.880	1	-10
690.049	1	-2
690.219	1	1
690.388	1	1
690.558	1	-12
690.727	1	-3
690.897	1	-6
691.066	1	-4
691.236	1	-1
691.405	1	-8
691.575	1	2
691.744	1	0
691.914	1	-7
692.083	1	-8
692.253	1	-2
692.422	1	7
692.592	1	3
692.761	1	1
692.931	1	11
693.100	1	1
693.270	1	-2
693.439	1	1
693.609	1	-4
693.778	1	-2
693.948	1	3
694.117	1	9
694.287	1	2
694.456	1	-7
694.626	1	4
694.795	1	14
694.965	1	0
695.134	1	-7
695.304	1	1
695.473	1	-13
695.643	1	-5
695.812	1	-4
695.982	1	6
696.151	1	12
696.321	1	-6
696.490	1	-7
696.659	1	-7
696.829	1	-8
696.998	1	-4
697.168	1	-4
697.337	1	-1
697.507	1	3
697.676	1	7
697.846	1	-8
698.015	1	-5
698.185	1	-5
698.354	1	-2
698.524	1	2
698.693	1	1
698.863	1	-6
699.032	1	2
699.202	1	12
699.371	1	-4
699.540	1	1
699.710	1	0
699.879	1	-6
700.049	1	-1
700.218	1	-4
700.388	1	2
700.557	1	10
700.727	1	1
700.896	1	1
701.066	1	-1
701.235	1	-7
701.405	1	0
701.574	1	11
701.743	1	-5
701.913	1	-1
702.082	1	1
702.252	1	-5
702.421	1	-2
702.591	1	1
702.760	1	4
702.930	1	-4
703.099	1	6
703.268	1	7
703.438	1	-2
703.607	1	17
703.777	1	-1
703.946	1	-4
704.116	1	-8
704.285	1	6
704.455	1	7
704.624	1	-5
704.793	1	13
704.963	1	8
705.132	1	3
705.302	1	4
705.471	1	6
705.641	1	1
705.810	1	-6
705.979	1	7
706.149	1	10
706.318	1	0
706.488	1	-16
706.657	1	-9
706.827	1	3
706.996	1	5
707.165	1	2
707.335	1	10
707.504	1	9
707.674	1	2
707.843	1	-3
708.013	1	8
708.182	1	-2
708.351	1	-2
708.521	1	6
708.690	1	3
708.860	1	-3
709.029	1	-1
709.198	1	7
709.368	1	9
709.537	1	8
709.707	1	-8
709.876	1	3
710.046	1	14
710.215	1	3
710.384	1	3
710.554	1	-10
710.723	1	0
710.893	1	13
711.062	1	-8
711.231	1	-4
711.401	1	3
711.570	1	10
711.740	1	4
711.909	1	-10
712.078	1	-9
712.248	1	0
712.417	1	-5
712.587	1	10
712.756	1	3
712.925	1	-2
713.095	1	-3
713.264	1	4
713.434	1	6
713.603	1	8
713.772	1	3
713.942	1	6
714.111	1	4
714.280	1	-7
714.450	1	11
714.619	1	12
714.789	1	11
714.958	1	-1
715.127	1	-5
715.297	1	-6
715.466	1	-8
715.636	1	-1
715.805	1	-9
715.974	1	-2
716.144	1	1
716.313	1	14
716.482	1	4
716.652	1	1
716.821	1	12
716.991	1	-2
717.160	1	-3
717.329	1	-6
717.499	1	2
717.668	1	-3
717.837	1	4
718.007	1	2
718.176	1	-3
718.346	1	4
718.515	1	1
718.684	1	1
718.854	1	1
719.023	1	-9
719.192	1	5
719.362	1	1
719.531	1	-3
719.700	1	5
719.870	1	1
720.039	1	6
720.208	1	1
720.378	1	-10
720.547	1	0
720.717	1	-8
720.886	1	-7
721.055	1	7
721.225	1	-3
721.394	1	-11
721.563	1	1
721.733	1	3
721.902	1	1
722.071	1	-1
722.241	1	7
722.410	1	-2
722.579	1	5
722.749	1	3
722.918	1	3
723.087	1	5
723.257	1	-10
723.426	1	-1
723.595	1	3
723.765	1	1
723.934	1	-4
724.103	1	-7
724.273	1	-6
724.442	1	3
724.611	1	2
724.781	1	-8
724.950	1	8
725.119	1	-2
725.289	1	5
725.458	1	-5
725.627	1	6
725.797	1	-10
725.966	1	-2
726.135	1	0
726.305	1	0
726.474	1	-8
726.643	1	12
726.813	1	6
726.982	1	1
727.151	1	1
727.321	1	-7
727.490	1	-3
727.659	1	-1
727.829	1	5
727.998	1	-2
728.167	1	4
728.337	1	-5
728.506	1	-2
728.675	1	-2
728.845	1	0
729.014	1	1
729.183	1	2
729.352	1	-7
729.522	1	3
729.691	1	-6
729.860	1	17
730.030	1	-6
730.199	1	-11
730.368	1	-2
730.538	1	2
730.707	1	1
730.876	1	10
731.045	1	-10
731.215	1	-4
731.384	1	0
731.553	1	7
731.723	1	7
731.892	1	-2
732.061	1	8
732.231	1	3
732.400	1	11
732.569	1	0
732.738	1	-6
732.908	1	-2
733.077	1	-7
733.246	1	-4
733.416	1	1
733.585	1	2
733.754	1	-5
733.923	1	3
734.093	1	1
734.262	1	-13
734.431	1	5
734.601	1	-10
734.770	1	0
734.939	1	-16
735.108	1	-3
735.278	1	2
735.447	1	-14
735.616	1	7
735.786	1	-9
735.955	1	-3
736.124	1	12
736.293	1	7
736.463	1	-5
736.632	1	-3
736.801	1	-1
736.970	1	-9
737.140	1	2
737.309	1	1
737.478	1	-6
737.648	1	7
737.817	1	4
737.986	1	1
738.155	1	-2
738.325	1	1
738.494	1	-11
738.663	1	-2
738.832	1	11
739.002	1	-7
739.171	1	1
739.340	1	-1
739.509	1	-1
739.679	1	0
739.848	1	3
740.017	1	-3
740.186	1	-3
740.356	1	3
740.525	1	-3
740.694	1	3
740.863	1	-6
741.033	1	6
741.202	1	8
741.371	1	-4
741.540	1	-6
741.710	1	-3
741.879	1	3
742.048	1	-5
742.217	1	-5
742.387	1	-2
742.556	1	-1
742.725	1	-2
742.894	1	7
743.064	1	2
743.233	1	-9
743.402	1	-4
743.571	1	6
743.741	1	-2
743.910	1	5
744.079	1	-10
744.248	1	-6
744.418	1	-4
744.587	1	7
744.756	1	3
744.925	1	-13
745.094	1	-7
745.264	1	-3
745.433	1	2
745.602	1	-3
745.771	1	16
745.941	1	0
746.110	1	5
746.279	1	-1
746.448	1	-3
746.617	1	-8
746.787	1	-5
746.956	1	1
747.125	1	0
747.294	1	-16
747.464	1	-6
747.633	1	5
747.802	1	-4
747.971	1	8
748.140	1	-4
748.310	1	6
748.479	1	2
748.648	1	5
748.817	1	1
748.986	1	9
749.156	1	3
749.325	1	2
749.494	1	-7
749.663	1	5
749.832	1	-1
750.002	1	1
750.171	1	3
750.340	1	-4
750.509	1	-9
750.678	1	3
750.848	1	4
751.017	1	6
751.186	1	2
751.355	1	-4
751.524	1	-2
751.694	1	2
751.863	1	-6
752.032	1	2
752.201	1	7
752.370	1	3
752.540	1	2
752.709	1	2
752.878	1	1
753.047	1	6
753.216	1	18
753.386	1	-13
753.555	1	4
753.724	1	1
753.893	1	-1
754.062	1	1
754.231	1	4
754.401	1	1
754.570	1	-4
754.739	1	3
754.908	1	-6
755.077	1	1
755.247	1	-3
755.416	1	0
755.585	1	6
755.754	1	4
755.923	1	-1
756.092	1	7
756.262	1	-3
756.431	1	0
756.600	1	-4
756.769	1	-2
756.938	1	7
757.107	1	4
757.277	1	-1
757.446	1	5
757.615	1	-6
757.784	1	-4
757.953	1	-8
758.122	1	-8
758.292	1	6
758.461	1	1
758.630	1	7
758.799	1	5
758.968	1	-5
759.137	1	-3
759.306	1	2
759.476	1	-5
759.645	1	-9
759.814	1	4
759.983	1	-11
760.152	1	10
760.321	1	2
760.491	1	-5
760.660	1	-4
760.829	1	-3
760.998	1	1
761.167	1	-5
761.336	1	-7
761.505	1	1
761.675	1	6
761.844	1	-12
762.013	1	-6
762.182	1	6
762.351	1	3
762.520	1	12
762.689	1	2
762.859	1	-9
763.028	1	-3
763.197	1	-6
763.366	1	9
763.535	1	-1
763.704	1	5
763.873	1	-1
764.042	1	11
764.212	1	9
764.381	1	2
764.550	1	5
764.719	1	-12
764.888	1	10
765.057	1	-7
765.226	1	12
765.395	1	-10
765.565	1	2
765.734	1	7
765.903	1	3
766.072	1	-7
766.241	1	2
766.410	1	0
766.579	1	-1
766.748	1	-14
766.918	1	1
767.087	1	-2
767.256	1	-4
767.425	1	3
767.594	1	6
767.763	1	-1
767.932	1	-4
768.101	1	-2
768.270	1	8
768.440	1	4
768.609	1	-5
768.778	1	-11
768.947	1	10
769.116	1	-7
769.285	1	-2
769.454	1	2
769.623	1	-4
769.792	1	-6
769.961	1	-5
770.131	1	-2
770.300	1	2
770.469	1	-9
770.638	1	-1
770.807	1	3
770.976	1	-4
771.145	1	-1
771.314	1	-5
771.483	1	0
771.652	1	-2
771.822	1	-7
771.991	1	3
772.160	1	4
772.329	1	11
772.498	1	7
772.667	1	0
772.836	1	11
773.005	1	-7
773.174	1	7
773.343	1	-3
773.512	1	-11
