425.572	1	50
425.743	1	38
425.913	1	56
426.084	1	45
426.255	1	35
426.426	1	60
426.597	1	58
426.768	1	51
426.939	1	56
427.109	1	58
427.280	1	58
427.451	1	53
427.622	1	59
427.793	1	39
427.964	1	51
428.135	1	50
428.305	1	54
428.476	1	42
428.647	1	56
428.818	1	54
428.989	1	61
429.160	1	45
429.331	1	49
429.501	1	58
429.672	1	39
429.843	1	47
430.014	1	41
430.185	1	54
430.356	1	45
430.527	1	68
430.697	1	56
430.868	1	52
431.039	1	42
431.210	1	58
431.381	1	39
431.552	1	57
431.722	1	62
431.893	1	49
432.064	1	58
432.235	1	39
432.406	1	41
432.577	1	56
432.747	1	55
432.918	1	53
433.089	1	47
433.260	1	55
433.431	1	54
433.602	1	53
433.772	1	51
433.943	1	56
434.114	1	47
434.285	1	45
434.456	1	46
434.627	1	44
434.797	1	52
434.968	1	57
435.139	1	58
435.310	1	55
435.481	1	50
435.652	1	40
435.822	1	59
435.993	1	57
436.164	1	48
436.335	1	44
436.506	1	62
436.676	1	61
436.847	1	51
437.018	1	54
437.189	1	47
437.360	1	46
437.530	1	51
437.701	1	54
437.872	1	61
438.043	1	34
438.214	1	38
438.385	1	46
438.555	1	43
438.726	1	49
438.897	1	42
439.068	1	49
439.239	1	61
439.409	1	65
439.580	1	54
439.751	1	49
439.922	1	40
440.093	1	42
440.263	1	39
440.434	1	46
440.605	1	41
440.776	1	51
440.947	1	52
441.117	1	53
441.288	1	55
441.459	1	59
441.630	1	54
441.800	1	47
441.971	1	38
442.142	1	44
442.313	1	42
442.484	1	46
442.654	1	60
442.825	1	34
442.996	1	41
443.167	1	41
443.338	1	35
443.508	1	45
443.679	1	29
443.850	1	42
444.021	1	33
444.191	1	50
444.362	1	49
444.533	1	40
444.704	1	45
444.874	1	53
445.045	1	43
445.216	1	45
445.387	1	45
445.558	1	48
445.728	1	57
445.899	1	46
446.070	1	55
446.241	1	53
446.411	1	44
446.582	1	50
446.753	1	51
446.924	1	43
447.094	1	32
447.265	1	54
447.436	1	43
447.607	1	46
447.777	1	41
447.948	1	50
448.119	1	55
448.290	1	52
448.461	1	48
448.631	1	52
448.802	1	37
448.973	1	39
449.144	1	47
449.314	1	45
449.485	1	52
449.656	1	44
449.827	1	57
449.997	1	52
450.168	1	45
450.339	1	44
450.509	1	37
450.680	1	35
450.851	1	40
451.022	1	49
451.192	1	39
451.363	1	46
451.534	1	54
451.705	1	42
451.875	1	29
452.046	1	46
452.217	1	44
452.388	1	44
452.558	1	34
452.729	1	45
452.900	1	47
453.071	1	41
453.241	1	46
453.412	1	53
453.583	1	46
453.753	1	49
453.924	1	40
454.095	1	48
454.266	1	48
454.436	1	39
454.607	1	30
454.778	1	36
454.949	1	35
455.119	1	47
455.290	1	60
455.461	1	40
455.631	1	28
455.802	1	46
455.973	1	46
456.144	1	36
456.314	1	49
456.485	1	33
456.656	1	36
456.826	1	41
456.997	1	33
457.168	1	41
457.339	1	49
457.509	1	38
457.680	1	43
457.851	1	43
458.021	1	31
458.192	1	44
458.363	1	37
458.533	1	40
458.704	1	43
458.875	1	44
459.046	1	36
459.216	1	31
459.387	1	38
459.558	1	37
459.728	1	42
459.899	1	38
460.070	1	39
460.240	1	31
460.411	1	45
460.582	1	42
460.753	1	38
460.923	1	45
461.094	1	41
461.265	1	27
461.435	1	29
461.606	1	52
461.777	1	38
461.947	1	38
462.118	1	42
462.289	1	39
462.459	1	41
462.630	1	29
462.801	1	41
462.971	1	37
463.142	1	41
463.313	1	38
463.483	1	38
463.654	1	38
463.825	1	29
463.995	1	43
464.166	1	25
464.337	1	38
464.507	1	43
464.678	1	49
464.849	1	35
465.020	1	42
465.190	1	35
465.361	1	47
465.532	1	30
465.702	1	29
465.873	1	42
466.044	1	35
466.214	1	42
466.385	1	39
466.555	1	33
466.726	1	44
466.897	1	38
467.067	1	37
467.238	1	38
467.409	1	39
467.579	1	25
467.750	1	36
467.921	1	36
468.091	1	27
468.262	1	30
468.433	1	37
468.603	1	30
468.774	1	21
468.945	1	36
469.115	1	39
469.286	1	34
469.457	1	25
469.627	1	30
469.798	1	30
469.969	1	38
470.139	1	30
470.310	1	29
470.480	1	37
470.651	1	36
470.822	1	40
470.992	1	27
471.163	1	32
471.334	1	32
471.504	1	18
471.675	1	40
471.846	1	43
472.016	1	30
472.187	1	40
472.357	1	35
472.528	1	41
472.699	1	43
472.869	1	36
473.040	1	29
473.211	1	35
473.381	1	32
473.552	1	26
473.722	1	35
473.893	1	30
474.064	1	35
474.234	1	32
474.405	1	29
474.576	1	26
474.746	1	35
474.917	1	23
475.087	1	30
475.258	1	23
475.429	1	32
475.599	1	43
475.770	1	21
475.941	1	38
476.111	1	17
476.282	1	27
476.452	1	37
476.623	1	35
476.794	1	32
476.964	1	26
477.135	1	29
477.305	1	20
477.476	1	34
477.647	1	36
477.817	1	44
477.988	1	21
478.158	1	36
478.329	1	24
478.500	1	12
478.670	1	33
478.841	1	16
479.011	1	32
479.182	1	23
479.353	1	25
479.523	1	27
479.694	1	24
479.864	1	32
480.035	1	36
480.206	1	22
480.376	1	28
480.547	1	28
480.717	1	16
480.888	1	36
481.059	1	23
481.229	1	33
481.400	1	39
481.570	1	26
481.741	1	16
481.911	1	24
482.082	1	26
482.253	1	24
482.423	1	14
482.594	1	32
482.764	1	33
482.935	1	18
483.105	1	22
483.276	1	21
483.447	1	16
483.617	1	19
483.788	1	37
483.958	1	22
484.129	1	26
484.300	1	35
484.470	1	24
484.641	1	26
484.811	1	21
484.982	1	20
485.152	1	21
485.323	1	21
485.493	1	29
485.664	1	27
485.835	1	26
486.005	1	24
486.176	1	19
486.346	1	29
486.517	1	26
486.687	1	24
486.858	1	32
487.029	1	20
487.199	1	29
487.370	1	29
487.540	1	29
487.711	1	22
487.881	1	40
488.052	1	6
488.222	1	12
488.393	1	28
488.563	1	18
488.734	1	14
488.905	1	25
489.075	1	9
489.246	1	29
489.416	1	23
489.587	1	27
489.757	1	27
489.928	1	12
490.098	1	11
490.269	1	17
490.439	1	22
490.610	1	23
490.781	1	27
490.951	1	29
491.122	1	17
491.292	1	16
491.463	1	22
491.633	1	21
491.804	1	17
491.974	1	28
492.145	1	18
492.315	1	18
492.486	1	17
492.656	1	20
492.827	1	13
492.997	1	17
493.168	1	21
493.338	1	20
493.509	1	25
493.680	1	13
493.850	1	23
494.021	1	20
494.191	1	18
494.362	1	16
494.532	1	20
494.703	1	11
494.873	1	21
495.044	1	17
495.214	1	27
495.385	1	18
495.555	1	22
495.726	1	20
495.896	1	18
496.067	1	17
496.237	1	24
496.408	1	20
496.578	1	16
496.749	1	12
496.919	1	23
497.090	1	16
497.260	1	30
497.431	1	14
497.601	1	20
497.772	1	16
497.942	1	15
498.113	1	22
498.283	1	21
498.454	1	12
498.624	1	19
498.795	1	20
498.965	1	20
499.136	1	19
499.306	1	14
499.477	1	21
499.647	1	11
499.818	1	30
499.988	1	18
500.159	1	19
500.329	1	23
500.500	1	18
500.670	1	14
500.841	1	19
501.011	1	18
501.182	1	16
501.352	1	13
501.523	1	25
501.693	1	28
501.864	1	6
502.034	1	17
502.205	1	24
502.375	1	10
502.545	1	18
502.716	1	17
502.886	1	28
503.057	1	12
503.227	1	14
503.398	1	6
503.568	1	18
503.739	1	21
503.909	1	13
504.080	1	18
504.250	1	23
504.421	1	12
504.591	1	8
504.762	1	7
504.932	1	18
505.103	1	13
505.273	1	20
505.443	1	8
505.614	1	21
505.784	1	3
505.955	1	13
506.125	1	3
506.296	1	22
506.466	1	13
506.637	1	17
506.807	1	10
506.978	1	23
507.148	1	26
507.318	1	23
507.489	1	9
507.659	1	17
507.830	1	20
508.000	1	9
508.171	1	15
508.341	1	18
508.512	1	8
508.682	1	20
508.853	1	21
509.023	1	17
509.193	1	13
509.364	1	16
509.534	1	19
509.705	1	18
509.875	1	15
510.046	1	33
510.216	1	12
510.386	1	14
510.557	1	18
510.727	1	15
510.898	1	8
511.068	1	10
511.239	1	17
511.409	1	21
511.580	1	10
511.750	1	21
511.920	1	19
512.091	1	14
512.261	1	7
512.432	1	27
512.602	1	13
512.773	1	2
512.943	1	21
513.113	1	12
513.284	1	9
513.454	1	11
513.625	1	17
513.795	1	10
513.965	1	17
514.136	1	21
514.306	1	11
514.477	1	19
514.647	1	7
514.818	1	19
514.988	1	15
515.158	1	9
515.329	1	7
515.499	1	7
515.670	1	16
515.840	1	14
516.010	1	8
516.181	1	14
516.351	1	11
516.522	1	9
516.692	1	2
516.862	1	16
517.033	1	7
517.203	1	3
517.374	1	3
517.544	1	14
517.714	1	19
517.885	1	13
518.055	1	5
518.226	1	1
518.396	1	-2
518.566	1	13
518.737	1	18
518.907	1	3
519.078	1	11
519.248	1	14
519.418	1	21
519.589	1	17
519.759	1	11
519.930	1	21
520.100	1	14
520.270	1	6
520.441	1	3
520.611	1	8
520.781	1	27
520.952	1	14
521.122	1	16
521.293	1	20
521.463	1	14
521.633	1	5
521.804	1	12
521.974	1	-9
522.145	1	11
522.315	1	3
522.485	1	8
522.656	1	9
522.826	1	3
522.996	1	4
523.167	1	15
523.337	1	23
523.507	1	2
523.678	1	18
523.848	1	16
524.019	1	3
524.189	1	7
524.359	1	12
524.530	1	3
524.700	1	7
524.870	1	15
525.041	1	9
525.211	1	7
525.381	1	10
525.552	1	17
525.722	1	28
525.893	1	9
526.063	1	7
526.233	1	8
526.404	1	7
526.574	1	-1
526.744	1	18
526.915	1	13
527.085	1	8
527.255	1	9
527.426	1	10
527.596	1	5
527.766	1	2
527.937	1	3
528.107	1	25
528.277	1	13
528.448	1	8
528.618	1	4
528.789	1	13
528.959	1	0
529.129	1	4
529.300	1	14
529.470	1	14
529.640	1	10
529.811	1	17
529.981	1	24
530.151	1	5
530.322	1	2
530.492	1	3
530.662	1	2
530.833	1	5
531.003	1	2
531.173	1	14
531.344	1	8
531.514	1	17
531.684	1	3
531.855	1	1
532.025	1	15
532.195	1	2
532.365	1	11
532.536	1	4
532.706	1	18
532.876	1	-4
533.047	1	5
533.217	1	15
533.387	1	8
533.558	1	8
533.728	1	3
533.898	1	17
534.069	1	6
534.239	1	2
534.409	1	-2
534.580	1	-2
534.750	1	3
534.920	1	9
535.091	1	2
535.261	1	11
535.431	1	8
535.601	1	11
535.772	1	0
535.942	1	9
536.112	1	14
536.283	1	5
536.453	1	-1
536.623	1	-1
536.794	1	7
536.964	1	6
537.134	1	12
537.305	1	8
537.475	1	10
537.645	1	-1
537.815	1	-1
537.986	1	10
538.156	1	13
538.326	1	5
538.497	1	3
538.667	1	5
538.837	1	13
539.007	1	2
539.178	1	1
539.348	1	19
539.518	1	-2
539.689	1	4
539.859	1	9
540.029	1	4
540.199	1	18
540.370	1	3
540.540	1	5
540.710	1	7
540.881	1	8
541.051	1	19
541.221	1	8
541.391	1	13
541.562	1	6
541.732	1	1
541.902	1	-8
542.073	1	10
542.243	1	11
542.413	1	7
542.583	1	9
542.754	1	8
542.924	1	6
543.094	1	-2
543.264	1	4
543.435	1	-3
543.605	1	5
543.775	1	13
543.945	1	11
544.116	1	7
544.286	1	13
544.456	1	10
544.627	1	9
544.797	1	1
544.967	1	-6
545.137	1	11
545.308	1	13
545.478	1	10
545.648	1	6
545.818	1	-2
545.989	1	9
546.159	1	4
546.329	1	6
546.499	1	0
546.670	1	9
546.840	1	13
547.010	1	6
547.180	1	3
547.351	1	6
547.521	1	-4
547.691	1	5
547.861	1	-3
548.032	1	10
548.202	1	-2
548.372	1	15
548.542	1	5
548.713	1	6
548.883	1	21
549.053	1	1
549.223	1	12
549.393	1	13
549.564	1	-1
549.734	1	9
549.904	1	-2
550.074	1	15
550.245	1	7
550.415	1	8
550.585	1	-4
550.755	1	1
550.926	1	3
551.096	1	-3
551.266	1	8
551.436	1	8
551.606	1	1
551.777	1	12
551.947	1	4
552.117	1	7
552.287	1	0
552.458	1	8
552.628	1	3
552.798	1	4
552.968	1	-2
553.138	1	6
553.309	1	12
553.479	1	0
553.649	1	10
553.819	1	16
553.990	1	-1
554.160	1	-1
554.330	1	15
554.500	1	12
554.670	1	11
554.841	1	-5
555.011	1	9
555.181	1	11
555.351	1	16
555.521	1	3
555.692	1	-2
555.862	1	8
556.032	1	13
556.202	1	20
556.372	1	2
556.543	1	8
556.713	1	9
556.883	1	-2
557.053	1	-1
557.223	1	-7
557.394	1	6
557.564	1	4
557.734	1	1
557.904	1	0
558.074	1	8
558.245	1	9
558.415	1	-4
558.585	1	6
558.755	1	-2
558.925	1	17
559.096	1	3
559.266	1	1
559.436	1	13
559.606	1	6
559.776	1	-1
559.946	1	11
560.117	1	7
560.287	1	-3
560.457	1	-16
560.627	1	1
560.797	1	-6
560.968	1	8
561.138	1	5
561.308	1	-4
561.478	1	8
561.648	1	0
561.818	1	4
561.989	1	-3
562.159	1	13
562.329	1	6
562.499	1	8
562.669	1	-7
562.839	1	5
563.010	1	-5
563.180	1	3
563.350	1	13
563.520	1	11
563.690	1	0
563.860	1	-5
564.031	1	-1
564.201	1	5
564.371	1	0
564.541	1	12
564.711	1	10
564.881	1	9
565.051	1	12
565.222	1	-4
565.392	1	9
565.562	1	10
565.732	1	-11
565.902	1	7
566.072	1	4
566.243	1	0
566.413	1	4
566.583	1	-1
566.753	1	7
566.923	1	-8
567.093	1	-2
567.263	1	13
567.434	1	1
567.604	1	1
567.774	1	4
567.944	1	3
568.114	1	-2
568.284	1	8
568.454	1	-3
568.625	1	4
568.795	1	6
568.965	1	-5
569.135	1	7
569.305	1	3
569.475	1	5
569.645	1	12
569.816	1	7
569.986	1	-7
570.156	1	0
570.326	1	-2
570.496	1	-1
570.666	1	7
570.836	1	6
571.006	1	14
571.177	1	3
571.347	1	2
571.517	1	10
571.687	1	6
571.857	1	-6
572.027	1	3
572.197	1	-1
572.367	1	11
572.537	1	-1
572.708	1	7
572.878	1	2
573.048	1	14
573.218	1	2
573.388	1	2
573.558	1	7
573.728	1	-4
573.898	1	5
574.069	1	4
574.239	1	4
574.409	1	2
574.579	1	8
574.749	1	8
574.919	1	1
575.089	1	2
575.259	1	3
575.429	1	1
575.599	1	-2
575.770	1	1
575.940	1	2
576.110	1	4
576.280	1	-4
576.450	1	-2
576.620	1	6
576.790	1	5
576.960	1	6
577.130	1	-1
577.300	1	10
577.471	1	1
577.641	1	3
577.811	1	2
577.981	1	7
578.151	1	16
578.321	1	10
578.491	1	2
578.661	1	0
578.831	1	-3
579.001	1	-6
579.171	1	7
579.341	1	0
579.512	1	0
579.682	1	9
579.852	1	9
580.022	1	-10
580.192	1	7
580.362	1	7
580.532	1	0
580.702	1	-4
580.872	1	0
581.042	1	2
581.212	1	-2
581.382	1	-2
581.552	1	-1
581.723	1	1
581.893	1	-2
582.063	1	8
582.233	1	7
582.403	1	3
582.573	1	-2
582.743	1	-6
582.913	1	7
583.083	1	4
583.253	1	0
583.423	1	6
583.593	1	-2
583.763	1	6
583.933	1	-2
584.103	1	0
584.273	1	-2
584.444	1	-2
584.614	1	-6
584.784	1	0
584.954	1	0
585.124	1	15
585.294	1	2
585.464	1	8
585.634	1	20
585.804	1	8
585.974	1	-1
586.144	1	13
586.314	1	12
586.484	1	1
586.654	1	11
586.824	1	2
586.994	1	12
587.164	1	-1
587.334	1	5
587.504	1	4
587.674	1	8
587.844	1	6
588.015	1	5
588.185	1	11
588.355	1	0
588.525	1	0
588.695	1	15
588.865	1	-6
589.035	1	5
589.205	1	5
589.375	1	-5
589.545	1	-5
589.715	1	-3
589.885	1	6
590.055	1	9
590.225	1	-2
590.395	1	10
590.565	1	6
590.735	1	6
590.905	1	-1
591.075	1	8
591.245	1	-4
591.415	1	1
591.585	1	1
591.755	1	3
591.925	1	4
592.095	1	-4
592.265	1	-2
592.435	1	-3
592.605	1	-7
592.775	1	-1
592.945	1	7
593.115	1	3
593.285	1	14
593.455	1	-5
593.625	1	3
593.795	1	9
593.965	1	6
594.135	1	-1
594.305	1	0
594.475	1	7
594.645	1	7
594.815	1	2
594.985	1	-1
595.155	1	6
595.325	1	5
595.495	1	3
595.665	1	-6
595.835	1	5
596.005	1	-4
596.175	1	-7
596.345	1	6
596.515	1	3
596.685	1	10
596.855	1	-4
597.025	1	16
597.195	1	-1
597.365	1	2
597.535	1	2
597.705	1	15
597.875	1	-2
598.045	1	1
598.215	1	-2
598.385	1	10
598.555	1	2
598.725	1	22
598.895	1	7
599.065	1	10
599.235	1	3
599.405	1	13
599.575	1	10
599.745	1	-1
599.915	1	1
600.085	1	13
600.255	1	-5
600.425	1	6
600.595	1	-9
600.765	1	15
600.935	1	4
601.105	1	4
601.275	1	-5
601.445	1	1
601.615	1	-2
601.785	1	7
601.955	1	-2
602.125	1	6
602.295	1	-5
602.465	1	7
602.635	1	-7
602.804	1	16
602.974	1	9
603.144	1	3
603.314	1	-5
603.484	1	8
603.654	1	1
603.824	1	2
603.994	1	2
604.164	1	9
604.334	1	6
604.504	1	1
604.674	1	0
604.844	1	0
605.014	1	11
605.184	1	-2
605.354	1	1
605.524	1	7
605.694	1	-7
605.864	1	-2
606.034	1	-1
606.204	1	0
606.373	1	-3
606.543	1	6
606.713	1	6
606.883	1	8
607.053	1	-2
607.223	1	5
607.393	1	2
607.563	1	9
607.733	1	3
607.903	1	-2
608.073	1	-1
608.243	1	8
608.413	1	7
608.583	1	5
608.753	1	8
608.923	1	17
609.092	1	5
609.262	1	9
609.432	1	2
609.602	1	7
609.772	1	5
609.942	1	2
610.112	1	9
610.282	1	-7
610.452	1	9
610.622	1	6
610.792	1	11
610.962	1	5
611.132	1	9
611.301	1	3
611.471	1	3
611.641	1	11
611.811	1	5
611.981	1	7
612.151	1	4
612.321	1	0
612.491	1	5
612.661	1	-4
612.831	1	-1
613.001	1	13
613.171	1	14
613.340	1	-4
613.510	1	7
613.680	1	0
613.850	1	6
614.020	1	0
614.190	1	-1
614.360	1	9
614.530	1	6
614.700	1	2
614.870	1	8
615.039	1	12
615.209	1	2
615.379	1	-4
615.549	1	9
615.719	1	9
615.889	1	6
616.059	1	8
616.229	1	3
616.399	1	-6
616.568	1	4
616.738	1	-1
616.908	1	-8
617.078	1	8
617.248	1	-2
617.418	1	6
617.588	1	3
617.758	1	2
617.928	1	5
618.097	1	8
618.267	1	-4
618.437	1	6
618.607	1	14
618.777	1	10
618.947	1	0
619.117	1	-1
619.287	1	7
619.457	1	8
619.626	1	16
619.796	1	0
619.966	1	7
620.136	1	10
620.306	1	-1
620.476	1	2
620.646	1	12
620.815	1	8
620.985	1	-5
621.155	1	17
621.325	1	-3
621.495	1	6
621.665	1	12
621.835	1	17
622.005	1	23
622.174	1	1
622.344	1	0
622.514	1	6
622.684	1	-2
622.854	1	5
623.024	1	13
623.194	1	0
623.363	1	7
623.533	1	5
623.703	1	13
623.873	1	-3
624.043	1	7
624.213	1	6
624.383	1	-9
624.552	1	-1
624.722	1	0
624.892	1	13
625.062	1	6
625.232	1	10
625.402	1	11
625.571	1	-2
625.741	1	2
625.911	1	12
626.081	1	8
626.251	1	0
626.421	1	-13
626.591	1	7
626.760	1	13
626.930	1	7
627.100	1	8
627.270	1	9
627.440	1	14
627.610	1	6
627.779	1	5
627.949	1	-15
628.119	1	-1
628.289	1	14
628.459	1	4
628.629	1	5
628.798	1	-1
628.968	1	5
629.138	1	15
629.308	1	8
629.478	1	7
629.647	1	9
629.817	1	4
629.987	1	4
630.157	1	4
630.327	1	15
630.497	1	-2
630.666	1	0
630.836	1	21
631.006	1	5
631.176	1	-4
631.346	1	14
631.515	1	6
631.685	1	-3
631.855	1	12
632.025	1	2
632.195	1	18
632.365	1	12
632.534	1	8
632.704	1	14
632.874	1	2
633.044	1	9
633.214	1	1
633.383	1	6
633.553	1	0
633.723	1	2
633.893	1	13
634.063	1	13
634.232	1	11
634.402	1	-4
634.572	1	12
634.742	1	3
634.912	1	0
635.081	1	-1
635.251	1	-4
635.421	1	2
635.591	1	11
635.761	1	11
635.930	1	8
636.100	1	6
636.270	1	14
636.440	1	13
636.610	1	-8
636.779	1	14
636.949	1	14
637.119	1	16
637.289	1	12
637.458	1	12
637.628	1	18
637.798	1	0
637.968	1	4
638.138	1	12
638.307	1	18
638.477	1	-2
638.647	1	13
638.817	1	-1
638.986	1	5
639.156	1	10
639.326	1	14
639.496	1	7
639.666	1	6
639.835	1	2
640.005	1	6
640.175	1	5
640.345	1	-2
640.514	1	6
640.684	1	3
640.854	1	7
641.024	1	2
641.193	1	9
641.363	1	6
641.533	1	12
641.703	1	3
641.872	1	15
642.042	1	2
642.212	1	-1
642.382	1	-2
642.552	1	20
642.721	1	13
642.891	1	7
643.061	1	12
643.231	1	4
643.400	1	10
643.570	1	4
643.740	1	5
643.910	1	10
644.079	1	8
644.249	1	2
644.419	1	2
644.589	1	9
644.758	1	-1
644.928	1	3
645.098	1	-4
645.268	1	10
645.437	1	-3
645.607	1	15
645.777	1	9
645.946	1	16
646.116	1	15
646.286	1	8
646.456	1	6
646.625	1	2
646.795	1	9
646.965	1	11
647.135	1	9
647.304	1	7
647.474	1	17
647.644	1	2
647.814	1	8
647.983	1	3
648.153	1	-1
648.323	1	3
648.492	1	18
648.662	1	5
648.832	1	2
649.002	1	10
649.171	1	11
649.341	1	-10
649.511	1	7
649.681	1	-5
649.850	1	5
650.020	1	2
650.190	1	12
650.359	1	7
650.529	1	6
650.699	1	-3
650.869	1	6
651.038	1	19
651.208	1	3
651.378	1	11
651.547	1	13
651.717	1	2
651.887	1	-1
652.057	1	19
652.226	1	16
652.396	1	11
652.566	1	16
652.735	1	-2
652.905	1	9
653.075	1	6
653.244	1	15
653.414	1	6
653.584	1	6
653.754	1	1
653.923	1	-4
654.093	1	18
654.263	1	1
654.432	1	10
654.602	1	12
654.772	1	11
654.941	1	10
655.111	1	8
655.281	1	4
655.451	1	9
655.620	1	17
655.790	1	11
655.960	1	1
656.129	1	26
656.299	1	9
656.469	1	18
656.638	1	19
656.808	1	5
656.978	1	10
657.147	1	18
657.317	1	7
657.487	1	9
657.656	1	13
657.826	1	5
657.996	1	5
658.165	1	8
658.335	1	7
658.505	1	13
658.674	1	4
658.844	1	2
659.014	1	8
659.184	1	10
659.353	1	2
659.523	1	6
659.693	1	8
659.862	1	-1
660.032	1	11
660.202	1	17
660.371	1	3
660.541	1	13
660.711	1	-6
660.880	1	9
661.050	1	25
661.220	1	-1
661.389	1	14
661.559	1	11
661.728	1	6
661.898	1	-4
662.068	1	3
662.237	1	9
662.407	1	7
662.577	1	17
662.746	1	9
662.916	1	3
663.086	1	15
663.255	1	12
663.425	1	3
663.595	1	10
663.764	1	10
663.934	1	4
664.104	1	17
664.273	1	2
664.443	1	5
664.613	1	14
664.782	1	12
664.952	1	6
665.121	1	12
665.291	1	7
665.461	1	5
665.630	1	16
665.800	1	-3
665.970	1	7
666.139	1	14
666.309	1	5
666.479	1	14
666.648	1	0
666.818	1	8
666.987	1	8
667.157	1	15
667.327	1	6
667.496	1	5
667.666	1	11
667.836	1	5
668.005	1	18
668.175	1	0
668.344	1	17
668.514	1	13
668.684	1	0
668.853	1	-1
669.023	1	8
669.193	1	16
669.362	1	16
669.532	1	11
669.701	1	10
669.871	1	8
670.041	1	15
670.210	1	6
670.380	1	-2
670.550	1	5
670.719	1	6
670.889	1	19
671.058	1	19
671.228	1	1
671.398	1	9
671.567	1	22
671.737	1	7
671.906	1	6
672.076	1	7
672.246	1	16
672.415	1	8
672.585	1	8
672.754	1	-1
672.924	1	3
673.094	1	7
673.263	1	6
673.433	1	7
673.602	1	11
673.772	1	2
673.942	1	5
674.111	1	10
674.281	1	2
674.450	1	18
674.620	1	8
674.790	1	10
674.959	1	-1
675.129	1	6
675.298	1	8
675.468	1	23
675.638	1	12
675.807	1	8
675.977	1	-4
676.146	1	20
676.316	1	8
676.485	1	12
676.655	1	8
676.825	1	14
676.994	1	8
677.164	1	15
677.333	1	12
677.503	1	15
677.672	1	4
677.842	1	13
678.012	1	6
678.181	1	25
678.351	1	5
678.520	1	10
678.690	1	16
678.859	1	6
679.029	1	2
679.199	1	7
679.368	1	9
679.538	1	15
679.707	1	8
679.877	1	-2
680.046	1	8
680.216	1	6
680.386	1	14
680.555	1	14
680.725	1	8
680.894	1	-12
681.064	1	10
681.233	1	13
681.403	1	18
681.572	1	-4
681.742	1	5
681.912	1	13
682.081	1	-1
682.251	1	3
682.420	1	8
682.590	1	11
682.759	1	0
682.929	1	6
683.098	1	12
683.268	1	13
683.438	1	8
683.607	1	6
683.777	1	12
683.946	1	-1
684.116	1	7
684.285	1	4
684.455	1	7
684.624	1	4
684.794	1	0
684.963	1	5
685.133	1	10
685.303	1	1
685.472	1	3
685.642	1	23
685.811	1	7
685.981	1	13
686.150	1	7
686.320	1	11
686.489	1	15
686.659	1	20
686.828	1	12
686.998	1	6
687.167	1	5
687.337	1	5
687.506	1	4
687.676	1	4
687.845	1	12
688.015	1	10
688.184	1	13
688.354	1	23
688.524	1	10
688.693	1	22
688.863	1	19
689.032	1	15
689.202	1	-2
689.371	1	16
689.541	1	14
689.710	1	14
689.880	1	12
690.049	1	7
690.219	1	9
690.388	1	3
690.558	1	6
690.727	1	9
690.897	1	3
691.066	1	9
691.236	1	6
691.405	1	9
691.575	1	8
691.744	1	5
691.914	1	9
692.083	1	7
692.253	1	9
692.422	1	11
692.592	1	14
692.761	1	6
692.931	1	22
693.100	1	-3
693.270	1	13
693.439	1	9
693.609	1	7
693.778	1	3
693.948	1	5
694.117	1	13
694.287	1	20
694.456	1	14
694.626	1	5
694.795	1	6
694.965	1	9
695.134	1	14
695.304	1	17
695.473	1	-6
695.643	1	4
695.812	1	10
695.982	1	14
696.151	1	13
696.321	1	-10
696.490	1	5
696.659	1	11
696.829	1	4
696.998	1	14
697.168	1	7
697.337	1	9
697.507	1	5
697.676	1	3
697.846	1	7
698.015	1	9
698.185	1	6
698.354	1	5
698.524	1	13
698.693	1	10
698.863	1	7
699.032	1	6
699.202	1	20
699.371	1	-4
699.540	1	16
699.710	1	14
699.879	1	4
700.049	1	3
700.218	1	6
700.388	1	12
700.557	1	12
700.727	1	3
700.896	1	-1
701.066	1	5
701.235	1	9
701.405	1	18
701.574	1	19
701.743	1	0
701.913	1	3
702.082	1	5
702.252	1	3
702.421	1	4
702.591	1	4
702.760	1	2
702.930	1	-3
703.099	1	20
703.268	1	11
703.438	1	16
703.607	1	6
703.777	1	18
703.946	1	5
704.116	1	5
704.285	1	7
704.455	1	13
704.624	1	3
704.793	1	22
704.963	1	11
705.132	1	11
705.302	1	12
705.471	1	5
705.641	1	8
705.810	1	4
705.979	1	11
706.149	1	9
706.318	1	10
706.488	1	-8
706.657	1	0
706.827	1	12
706.996	1	8
707.165	1	18
707.335	1	9
707.504	1	15
707.674	1	9
707.843	1	13
708.013	1	15
708.182	1	15
708.351	1	16
708.521	1	4
708.690	1	11
708.860	1	2
709.029	1	6
709.198	1	6
709.368	1	18
709.537	1	7
709.707	1	-3
709.876	1	19
710.046	1	13
710.215	1	16
710.384	1	8
710.554	1	0
710.723	1	2
710.893	1	11
711.062	1	12
711.231	1	14
711.401	1	10
711.570	1	12
711.740	1	5
711.909	1	-2
712.078	1	1
712.248	1	-3
712.417	1	6
712.587	1	17
712.756	1	18
712.925	1	1
713.095	1	0
713.264	1	7
713.434	1	12
713.603	1	4
713.772	1	13
713.942	1	13
714.111	1	12
714.280	1	7
714.450	1	16
714.619	1	24
714.789	1	13
714.958	1	6
715.127	1	1
715.297	1	8
715.466	1	9
715.636	1	7
715.805	1	2
715.974	1	6
716.144	1	13
716.313	1	18
716.482	1	1
716.652	1	4
716.821	1	5
716.991	1	8
717.160	1	11
717.329	1	3
717.499	1	9
717.668	1	-2
717.837	1	11
718.007	1	6
718.176	1	6
718.346	1	11
718.515	1	3
718.684	1	11
718.854	1	4
719.023	1	-3
719.192	1	2
719.362	1	12
719.531	1	-2
719.700	1	8
719.870	1	7
720.039	1	8
720.208	1	6
720.378	1	4
720.547	1	8
720.717	1	3
720.886	1	0
721.055	1	20
721.225	1	-4
721.394	1	1
721.563	1	8
721.733	1	5
721.902	1	4
722.071	1	6
722.241	1	11
722.410	1	16
722.579	1	8
722.749	1	6
722.918	1	3
723.087	1	17
723.257	1	-5
723.426	1	0
723.595	1	11
723.765	1	11
723.934	1	11
724.103	1	13
724.273	1	-8
724.442	1	9
724.611	1	9
724.781	1	-3
724.950	1	14
725.119	1	7
725.289	1	4
725.458	1	-2
725.627	1	7
725.797	1	2
725.966	1	0
726.135	1	14
726.305	1	7
726.474	1	4
726.643	1	19
726.813	1	8
726.982	1	0
727.151	1	4
727.321	1	2
727.490	1	16
727.659	1	10
727.829	1	18
727.998	1	0
728.167	1	9
728.337	1	9
728.506	1	6
728.675	1	8
728.845	1	7
729.014	1	-3
729.183	1	5
729.352	1	8
729.522	1	9
729.691	1	11
729.860	1	14
730.030	1	0
730.199	1	-7
730.368	1	3
730.538	1	3
730.707	1	11
730.876	1	5
731.045	1	-2
731.215	1	13
731.384	1	0
731.553	1	11
731.723	1	4
731.892	1	7
732.061	1	22
732.231	1	9
732.400	1	15
732.569	1	7
732.738	1	-2
732.908	1	12
733.077	1	4
733.246	1	13
733.416	1	15
733.585	1	9
733.754	1	16
733.923	1	14
734.093	1	8
734.262	1	6
734.431	1	12
734.601	1	-2
734.770	1	7
734.939	1	-9
735.108	1	2
735.278	1	7
735.447	1	-3
735.616	1	18
735.786	1	7
735.955	1	2
736.124	1	5
736.293	1	10
736.463	1	-2
736.632	1	10
736.801	1	3
736.970	1	1
737.140	1	11
737.309	1	4
737.478	1	7
737.648	1	16
737.817	1	4
737.986	1	1
738.155	1	7
738.325	1	12
738.494	1	-5
738.663	1	6
738.832	1	12
739.002	1	9
739.171	1	-5
739.340	1	5
739.509	1	4
739.679	1	10
739.848	1	14
740.017	1	4
740.186	1	-2
740.356	1	15
740.525	1	0
740.694	1	12
740.863	1	11
741.033	1	-4
741.202	1	5
741.371	1	4
741.540	1	-3
741.710	1	-1
741.879	1	5
742.048	1	4
742.217	1	1
742.387	1	-8
742.556	1	2
742.725	1	-3
742.894	1	3
743.064	1	4
743.233	1	-1
743.402	1	5
743.571	1	5
743.741	1	9
743.910	1	6
744.079	1	0
744.248	1	5
744.418	1	5
744.587	1	4
744.756	1	7
744.925	1	-10
745.094	1	6
745.264	1	10
745.433	1	5
745.602	1	2
745.771	1	17
745.941	1	12
746.110	1	12
746.279	1	7
746.448	1	5
746.617	1	0
746.787	1	1
746.956	1	9
747.125	1	3
747.294	1	9
747.464	1	1
747.633	1	5
747.802	1	5
747.971	1	13
748.140	1	13
748.310	1	3
748.479	1	11
748.648	1	12
748.817	1	9
748.986	1	9
749.156	1	14
749.325	1	6
749.494	1	13
749.663	1	0
749.832	1	3
750.002	1	5
750.171	1	14
750.340	1	5
750.509	1	2
750.678	1	4
750.848	1	11
751.017	1	15
751.186	1	1
751.355	1	10
751.524	1	4
751.694	1	4
751.863	1	-5
752.032	1	4
752.201	1	4
752.370	1	20
752.540	1	10
752.709	1	4
752.878	1	0
753.047	1	1
753.216	1	10
753.386	1	-5
753.555	1	2
753.724	1	8
753.893	1	12
754.062	1	7
754.231	1	16
754.401	1	9
754.570	1	-2
754.739	1	8
754.908	1	1
755.077	1	-1
755.247	1	7
755.416	1	13
755.585	1	17
755.754	1	13
755.923	1	2
756.092	1	6
756.262	1	11
756.431	1	2
756.600	1	1
756.769	1	4
756.938	1	5
757.107	1	3
757.277	1	8
757.446	1	13
757.615	1	4
757.784	1	9
757.953	1	-2
758.122	1	5
758.292	1	8
758.461	1	16
758.630	1	7
758.799	1	0
758.968	1	2
759.137	1	2
759.306	1	-4
759.476	1	6
759.645	1	9
759.814	1	5
759.983	1	-13
760.152	1	14
760.321	1	12
760.491	1	10
760.660	1	1
760.829	1	7
760.998	1	15
761.167	1	2
761.336	1	-4
761.505	1	19
761.675	1	6
761.844	1	10
762.013	1	3
762.182	1	8
762.351	1	2
762.520	1	10
762.689	1	0
762.859	1	7
763.028	1	7
763.197	1	8
763.366	1	14
763.535	1	10
763.704	1	6
763.873	1	11
764.042	1	13
764.212	1	17
764.381	1	5
764.550	1	2
764.719	1	-3
764.888	1	9
765.057	1	10
765.226	1	5
765.395	1	8
765.565	1	1
765.734	1	8
765.903	1	11
766.072	1	-3
766.241	1	9
766.410	1	0
766.579	1	2
766.748	1	-3
766.918	1	6
767.087	1	4
767.256	1	5
767.425	1	-9
767.594	1	4
767.763	1	5
767.932	1	-3
768.101	1	0
768.270	1	15
768.440	1	13
768.609	1	-3
768.778	1	-3
768.947	1	10
769.116	1	14
769.285	1	6
769.454	1	11
769.623	1	-2
769.792	1	2
769.961	1	5
770.131	1	12
770.300	1	10
770.469	1	0
770.638	1	4
770.807	1	-4
770.976	1	11
771.145	1	3
771.314	1	5
771.483	1	4
771.652	1	7
771.822	1	-1
771.991	1	9
772.160	1	12
772.329	1	3
772.498	1	5
772.667	1	-1
772.836	1	7
773.005	1	22
773.174	1	22
773.343	1	9
773.512	1	-2
