425.572	1	329
425.743	1	319
425.913	1	343
426.084	1	330
426.255	1	341
426.426	1	349
426.597	1	332
426.768	1	349
426.939	1	336
427.109	1	317
427.280	1	331
427.451	1	328
427.622	1	345
427.793	1	329
427.964	1	327
428.135	1	329
428.305	1	353
428.476	1	325
428.647	1	352
428.818	1	326
428.989	1	324
429.160	1	321
429.331	1	323
429.501	1	337
429.672	1	319
429.843	1	319
430.014	1	333
430.185	1	324
430.356	1	316
430.527	1	339
430.697	1	327
430.868	1	320
431.039	1	324
431.210	1	315
431.381	1	311
431.552	1	329
431.722	1	327
431.893	1	327
432.064	1	328
432.235	1	316
432.406	1	314
432.577	1	322
432.747	1	317
432.918	1	327
433.089	1	318
433.260	1	318
433.431	1	331
433.602	1	334
433.772	1	315
433.943	1	326
434.114	1	316
434.285	1	329
434.456	1	324
434.627	1	322
434.797	1	327
434.968	1	323
435.139	1	334
435.310	1	314
435.481	1	332
435.652	1	315
435.822	1	316
435.993	1	321
436.164	1	316
436.335	1	307
436.506	1	315
436.676	1	321
436.847	1	319
437.018	1	305
437.189	1	299
437.360	1	317
437.530	1	321
437.701	1	307
437.872	1	319
438.043	1	306
438.214	1	315
438.385	1	308
438.555	1	308
438.726	1	323
438.897	1	324
439.068	1	300
439.239	1	309
439.409	1	319
439.580	1	304
439.751	1	306
439.922	1	323
440.093	1	294
440.263	1	298
440.434	1	312
440.605	1	287
440.776	1	289
440.947	1	294
441.117	1	293
441.288	1	298
441.459	1	304
441.630	1	296
441.800	1	297
441.971	1	270
442.142	1	298
442.313	1	305
442.484	1	288
442.654	1	293
442.825	1	286
442.996	1	291
443.167	1	300
443.338	1	286
443.508	1	303
443.679	1	284
443.850	1	268
444.021	1	285
444.191	1	299
444.362	1	286
444.533	1	292
444.704	1	292
444.874	1	301
445.045	1	282
445.216	1	265
445.387	1	282
445.558	1	263
445.728	1	292
445.899	1	285
446.070	1	300
446.241	1	284
446.411	1	301
446.582	1	281
446.753	1	299
446.924	1	286
447.094	1	280
447.265	1	296
447.436	1	286
447.607	1	266
447.777	1	289
447.948	1	278
448.119	1	281
448.290	1	294
448.461	1	283
448.631	1	280
448.802	1	276
448.973	1	270
449.144	1	279
449.314	1	282
449.485	1	265
449.656	1	270
449.827	1	289
449.997	1	276
450.168	1	288
450.339	1	270
450.509	1	262
450.680	1	268
450.851	1	257
451.022	1	271
451.192	1	273
451.363	1	265
451.534	1	277
451.705	1	263
451.875	1	276
452.046	1	274
452.217	1	269
452.388	1	270
452.558	1	270
452.729	1	258
452.900	1	262
453.071	1	264
453.241	1	262
453.412	1	254
453.583	1	258
453.753	1	262
453.924	1	250
454.095	1	267
454.266	1	261
454.436	1	263
454.607	1	248
454.778	1	259
454.949	1	249
455.119	1	259
455.290	1	261
455.461	1	246
455.631	1	245
455.802	1	252
455.973	1	256
456.144	1	245
456.314	1	239
456.485	1	244
456.656	1	236
456.826	1	250
456.997	1	238
457.168	1	247
457.339	1	245
457.509	1	237
457.680	1	243
457.851	1	246
458.021	1	252
458.192	1	234
458.363	1	245
458.533	1	247
458.704	1	253
458.875	1	227
459.046	1	241
459.216	1	220
459.387	1	236
459.558	1	231
459.728	1	248
459.899	1	234
460.070	1	250
460.240	1	234
460.411	1	240
460.582	1	237
460.753	1	251
460.923	1	240
461.094	1	241
461.265	1	242
461.435	1	235
461.606	1	235
461.777	1	227
461.947	1	239
462.118	1	231
462.289	1	240
462.459	1	224
462.630	1	230
462.801	1	240
462.971	1	232
463.142	1	217
463.313	1	225
463.483	1	234
463.654	1	233
463.825	1	226
463.995	1	234
464.166	1	229
464.337	1	220
464.507	1	227
464.678	1	247
464.849	1	221
465.020	1	216
465.190	1	232
465.361	1	221
465.532	1	231
465.702	1	208
465.873	1	225
466.044	1	210
466.214	1	237
466.385	1	213
466.555	1	218
466.726	1	234
466.897	1	221
467.067	1	215
467.238	1	226
467.409	1	220
467.579	1	209
467.750	1	206
467.921	1	215
468.091	1	218
468.262	1	207
468.433	1	206
468.603	1	214
468.774	1	200
468.945	1	202
469.115	1	208
469.286	1	212
469.457	1	196
469.627	1	205
469.798	1	197
469.969	1	207
470.139	1	195
470.310	1	188
470.480	1	193
470.651	1	201
470.822	1	200
470.992	1	199
471.163	1	199
471.334	1	193
471.504	1	194
471.675	1	208
471.846	1	209
472.016	1	192
472.187	1	200
472.357	1	196
472.528	1	189
472.699	1	199
472.869	1	192
473.040	1	192
473.211	1	196
473.381	1	198
473.552	1	189
473.722	1	187
473.893	1	192
474.064	1	184
474.234	1	186
474.405	1	185
474.576	1	187
474.746	1	182
474.917	1	175
475.087	1	180
475.258	1	177
475.429	1	194
475.599	1	183
475.770	1	193
475.941	1	193
476.111	1	180
476.282	1	194
476.452	1	183
476.623	1	195
476.794	1	182
476.964	1	190
477.135	1	203
477.305	1	167
477.476	1	176
477.647	1	184
477.817	1	183
477.988	1	172
478.158	1	175
478.329	1	173
478.500	1	168
478.670	1	195
478.841	1	179
479.011	1	179
479.182	1	181
479.353	1	192
479.523	1	157
479.694	1	169
479.864	1	186
480.035	1	188
480.206	1	167
480.376	1	175
480.547	1	181
480.717	1	148
480.888	1	171
481.059	1	170
481.229	1	185
481.400	1	171
481.570	1	175
481.741	1	162
481.911	1	156
482.082	1	179
482.253	1	175
482.423	1	178
482.594	1	169
482.764	1	172
482.935	1	160
483.105	1	166
483.276	1	175
483.447	1	167
483.617	1	150
483.788	1	172
483.958	1	149
484.129	1	154
484.300	1	164
484.470	1	161
484.641	1	162
484.811	1	168
484.982	1	161
485.152	1	149
485.323	1	153
485.493	1	152
485.664	1	157
485.835	1	151
486.005	1	157
486.176	1	160
486.346	1	145
486.517	1	142
486.687	1	128
486.858	1	153
487.029	1	140
487.199	1	153
487.370	1	148
487.540	1	155
487.711	1	143
487.881	1	152
488.052	1	143
488.222	1	132
488.393	1	139
488.563	1	129
488.734	1	142
488.905	1	141
489.075	1	134
489.246	1	138
489.416	1	154
489.587	1	146
489.757	1	141
489.928	1	121
490.098	1	132
490.269	1	135
490.439	1	143
490.610	1	137
490.781	1	142
490.951	1	135
491.122	1	131
491.292	1	129
491.463	1	136
491.633	1	135
491.804	1	127
491.974	1	129
492.145	1	134
492.315	1	135
492.486	1	122
492.656	1	132
492.827	1	129
492.997	1	137
493.168	1	133
493.338	1	130
493.509	1	136
493.680	1	123
493.850	1	128
494.021	1	111
494.191	1	120
494.362	1	122
494.532	1	126
494.703	1	120
494.873	1	132
495.044	1	125
495.214	1	116
495.385	1	124
495.555	1	136
495.726	1	121
495.896	1	129
496.067	1	123
496.237	1	128
496.408	1	132
496.578	1	111
496.749	1	119
496.919	1	114
497.090	1	110
497.260	1	130
497.431	1	116
497.601	1	126
497.772	1	131
497.942	1	115
498.113	1	128
498.283	1	117
498.454	1	107
498.624	1	132
498.795	1	107
498.965	1	116
499.136	1	120
499.306	1	115
499.477	1	102
499.647	1	118
499.818	1	123
499.988	1	113
500.159	1	108
500.329	1	124
500.500	1	101
500.670	1	108
500.841	1	124
501.011	1	113
501.182	1	111
501.352	1	109
501.523	1	121
501.693	1	120
501.864	1	111
502.034	1	103
502.205	1	117
502.375	1	115
502.545	1	97
502.716	1	109
502.886	1	114
503.057	1	106
503.227	1	110
503.398	1	104
503.568	1	95
503.739	1	108
503.909	1	93
504.080	1	109
504.250	1	101
504.421	1	95
504.591	1	102
504.762	1	99
504.932	1	102
505.103	1	95
505.273	1	107
505.443	1	105
505.614	1	93
505.784	1	96
505.955	1	103
506.125	1	91
506.296	1	101
506.466	1	108
506.637	1	87
506.807	1	97
506.978	1	86
507.148	1	101
507.318	1	103
507.489	1	87
507.659	1	94
507.830	1	100
508.000	1	89
508.171	1	102
508.341	1	83
508.512	1	88
508.682	1	99
508.853	1	99
509.023	1	98
509.193	1	104
509.364	1	85
509.534	1	107
509.705	1	109
509.875	1	91
510.046	1	91
510.216	1	84
510.386	1	87
510.557	1	80
510.727	1	91
510.898	1	88
511.068	1	96
511.239	1	88
511.409	1	96
511.580	1	97
511.750	1	92
511.920	1	98
512.091	1	98
512.261	1	83
512.432	1	94
512.602	1	87
512.773	1	86
512.943	1	95
513.113	1	88
513.284	1	98
513.454	1	93
513.625	1	84
513.795	1	86
513.965	1	81
514.136	1	84
514.306	1	75
514.477	1	85
514.647	1	89
514.818	1	88
514.988	1	88
515.158	1	79
515.329	1	80
515.499	1	80
515.670	1	98
515.840	1	84
516.010	1	66
516.181	1	81
516.351	1	70
516.522	1	77
516.692	1	71
516.862	1	82
517.033	1	84
517.203	1	80
517.374	1	71
517.544	1	93
517.714	1	88
517.885	1	83
518.055	1	56
518.226	1	76
518.396	1	66
518.566	1	82
518.737	1	81
518.907	1	65
519.078	1	75
519.248	1	79
519.418	1	77
519.589	1	70
519.759	1	72
519.930	1	84
520.100	1	68
520.270	1	69
520.441	1	74
520.611	1	70
520.781	1	76
520.952	1	74
521.122	1	66
521.293	1	68
521.463	1	71
521.633	1	66
521.804	1	69
521.974	1	62
522.145	1	78
522.315	1	62
522.485	1	64
522.656	1	66
522.826	1	60
522.996	1	58
523.167	1	70
523.337	1	82
523.507	1	51
523.678	1	59
523.848	1	65
524.019	1	75
524.189	1	52
524.359	1	64
524.530	1	63
524.700	1	59
524.870	1	66
525.041	1	65
525.211	1	73
525.381	1	73
525.552	1	71
525.722	1	69
525.893	1	49
526.063	1	60
526.233	1	60
526.404	1	60
526.574	1	46
526.744	1	65
526.915	1	66
527.085	1	57
527.255	1	65
527.426	1	64
527.596	1	55
527.766	1	55
527.937	1	52
528.107	1	69
528.277	1	54
528.448	1	67
528.618	1	56
528.789	1	62
528.959	1	50
529.129	1	72
529.300	1	72
529.470	1	59
529.640	1	55
529.811	1	66
529.981	1	64
530.151	1	51
530.322	1	52
530.492	1	49
530.662	1	54
530.833	1	51
531.003	1	60
531.173	1	61
531.344	1	60
531.514	1	59
531.684	1	46
531.855	1	60
532.025	1	64
532.195	1	63
532.365	1	57
532.536	1	60
532.706	1	65
532.876	1	51
533.047	1	44
533.217	1	56
533.387	1	53
533.558	1	58
533.728	1	65
533.898	1	57
534.069	1	53
534.239	1	48
534.409	1	43
534.580	1	50
534.750	1	52
534.920	1	56
535.091	1	52
535.261	1	54
535.431	1	51
535.601	1	55
535.772	1	53
535.942	1	59
536.112	1	51
536.283	1	42
536.453	1	54
536.623	1	44
536.794	1	56
536.964	1	62
537.134	1	58
537.305	1	59
537.475	1	53
537.645	1	50
537.815	1	50
537.986	1	43
538.156	1	56
538.326	1	56
538.497	1	45
538.667	1	52
538.837	1	55
539.007	1	51
539.178	1	42
539.348	1	54
539.518	1	40
539.689	1	36
539.859	1	48
540.029	1	52
540.199	1	53
540.370	1	49
540.540	1	54
540.710	1	44
540.881	1	62
541.051	1	57
541.221	1	52
541.391	1	42
541.562	1	42
541.732	1	33
541.902	1	31
542.073	1	46
542.243	1	49
542.413	1	53
542.583	1	57
542.754	1	44
542.924	1	40
543.094	1	38
543.264	1	42
543.435	1	39
543.605	1	51
543.775	1	55
543.945	1	46
544.116	1	34
544.286	1	36
544.456	1	48
544.627	1	45
544.797	1	35
544.967	1	21
545.137	1	46
545.308	1	42
545.478	1	50
545.648	1	45
545.818	1	42
545.989	1	43
546.159	1	52
546.329	1	42
546.499	1	44
546.670	1	34
546.840	1	46
547.010	1	44
547.180	1	38
547.351	1	43
547.521	1	32
547.691	1	46
547.861	1	32
548.032	1	37
548.202	1	26
548.372	1	38
548.542	1	31
548.713	1	41
548.883	1	50
549.053	1	28
549.223	1	40
549.393	1	43
549.564	1	35
549.734	1	50
549.904	1	21
550.074	1	41
550.245	1	42
550.415	1	37
550.585	1	39
550.755	1	40
550.926	1	40
551.096	1	38
551.266	1	40
551.436	1	46
551.606	1	29
551.777	1	32
551.947	1	40
552.117	1	42
552.287	1	36
552.458	1	44
552.628	1	39
552.798	1	33
552.968	1	41
553.138	1	40
553.309	1	47
553.479	1	42
553.649	1	29
553.819	1	40
553.990	1	31
554.160	1	39
554.330	1	41
554.500	1	43
554.670	1	49
554.841	1	36
555.011	1	35
555.181	1	41
555.351	1	37
555.521	1	37
555.692	1	36
555.862	1	30
556.032	1	38
556.202	1	50
556.372	1	36
556.543	1	31
556.713	1	41
556.883	1	38
557.053	1	32
557.223	1	26
557.394	1	27
557.564	1	37
557.734	1	32
557.904	1	28
558.074	1	44
558.245	1	34
558.415	1	19
558.585	1	30
558.755	1	36
558.925	1	35
559.096	1	33
559.266	1	22
559.436	1	36
559.606	1	35
559.776	1	20
559.946	1	40
560.117	1	30
560.287	1	25
560.457	1	26
560.627	1	46
560.797	1	20
560.968	1	36
561.138	1	38
561.308	1	10
561.478	1	33
561.648	1	35
561.818	1	29
561.989	1	35
562.159	1	41
562.329	1	30
562.499	1	39
562.669	1	17
562.839	1	39
563.010	1	31
563.180	1	23
563.350	1	38
563.520	1	36
563.690	1	22
563.860	1	28
564.031	1	25
564.201	1	24
564.371	1	15
564.541	1	23
564.711	1	36
564.881	1	17
565.051	1	40
565.222	1	20
565.392	1	33
565.562	1	43
565.732	1	7
565.902	1	25
566.072	1	15
566.243	1	30
566.413	1	27
566.583	1	17
566.753	1	20
566.923	1	32
567.093	1	20
567.263	1	27
567.434	1	30
567.604	1	13
567.774	1	26
567.944	1	34
568.114	1	29
568.284	1	18
568.454	1	26
568.625	1	29
568.795	1	20
568.965	1	23
569.135	1	16
569.305	1	23
569.475	1	28
569.645	1	31
569.816	1	21
569.986	1	19
570.156	1	25
570.326	1	21
570.496	1	27
570.666	1	25
570.836	1	19
571.006	1	23
571.177	1	23
571.347	1	21
571.517	1	20
571.687	1	18
571.857	1	15
572.027	1	22
572.197	1	19
572.367	1	24
572.537	1	24
572.708	1	27
572.878	1	15
573.048	1	32
573.218	1	17
573.388	1	24
573.558	1	28
573.728	1	13
573.898	1	25
574.069	1	18
574.239	1	25
574.409	1	22
574.579	1	15
574.749	1	15
574.919	1	22
575.089	1	16
575.259	1	16
575.429	1	26
575.599	1	14
575.770	1	18
575.940	1	16
576.110	1	14
576.280	1	22
576.450	1	15
576.620	1	31
576.790	1	32
576.960	1	21
577.130	1	30
577.300	1	25
577.471	1	27
577.641	1	25
577.811	1	29
577.981	1	14
578.151	1	6
578.321	1	18
578.491	1	15
578.661	1	17
578.831	1	27
579.001	1	22
579.171	1	29
579.341	1	18
579.512	1	27
579.682	1	30
579.852	1	27
580.022	1	11
580.192	1	17
580.362	1	29
580.532	1	14
580.702	1	9
580.872	1	21
581.042	1	21
581.212	1	26
581.382	1	12
581.552	1	22
581.723	1	13
581.893	1	14
582.063	1	19
582.233	1	20
582.403	1	20
582.573	1	21
582.743	1	22
582.913	1	17
583.083	1	22
583.253	1	13
583.423	1	15
583.593	1	16
583.763	1	13
583.933	1	23
584.103	1	6
584.273	1	21
584.444	1	19
584.614	1	20
584.784	1	17
584.954	1	25
585.124	1	27
585.294	1	30
585.464	1	13
585.634	1	28
585.804	1	27
585.974	1	27
586.144	1	36
586.314	1	24
586.484	1	13
586.654	1	29
586.824	1	14
586.994	1	16
587.164	1	17
587.334	1	35
587.504	1	23
587.674	1	26
587.844	1	29
588.015	1	14
588.185	1	21
588.355	1	13
588.525	1	21
588.695	1	24
588.865	1	15
589.035	1	13
589.205	1	21
589.375	1	12
589.545	1	31
589.715	1	12
589.885	1	25
590.055	1	29
590.225	1	20
590.395	1	22
590.565	1	16
590.735	1	19
590.905	1	9
591.075	1	29
591.245	1	13
591.415	1	4
591.585	1	17
591.755	1	18
591.925	1	22
592.095	1	16
592.265	1	16
592.435	1	20
592.605	1	19
592.775	1	14
592.945	1	21
593.115	1	19
593.285	1	22
593.455	1	8
593.625	1	23
593.795	1	31
593.965	1	25
594.135	1	17
594.305	1	18
594.475	1	24
594.645	1	25
594.815	1	16
594.985	1	12
595.155	1	23
595.325	1	23
595.495	1	30
595.665	1	11
595.835	1	16
596.005	1	19
596.175	1	11
596.345	1	24
596.515	1	20
596.685	1	17
596.855	1	22
597.025	1	25
597.195	1	25
597.365	1	12
597.535	1	22
597.705	1	23
597.875	1	13
598.045	1	18
598.215	1	14
598.385	1	19
598.555	1	13
598.725	1	41
598.895	1	24
599.065	1	8
599.235	1	17
599.405	1	19
599.575	1	19
599.745	1	25
599.915	1	20
600.085	1	35
600.255	1	9
600.425	1	24
600.595	1	16
600.765	1	25
600.935	1	20
601.105	1	30
601.275	1	18
601.445	1	23
601.615	1	13
601.785	1	23
601.955	1	17
602.125	1	17
602.295	1	15
602.465	1	23
602.635	1	21
602.804	1	22
602.974	1	20
603.144	1	22
603.314	1	15
603.484	1	26
603.654	1	12
603.824	1	25
603.994	1	24
604.164	1	18
604.334	1	16
604.504	1	15
604.674	1	23
604.844	1	22
605.014	1	23
605.184	1	12
605.354	1	21
605.524	1	20
605.694	1	12
605.864	1	18
606.034	1	20
606.204	1	9
606.373	1	15
606.543	1	21
606.713	1	32
606.883	1	23
607.053	1	21
607.223	1	24
607.393	1	24
607.563	1	26
607.733	1	26
607.903	1	17
608.073	1	10
608.243	1	26
608.413	1	25
608.583	1	24
608.753	1	27
608.923	1	30
609.092	1	17
609.262	1	27
609.432	1	28
609.602	1	23
609.772	1	21
609.942	1	21
610.112	1	32
610.282	1	19
610.452	1	24
610.622	1	24
610.792	1	21
610.962	1	34
611.132	1	28
611.301	1	21
611.471	1	33
611.641	1	21
611.811	1	10
611.981	1	32
612.151	1	9
612.321	1	31
612.491	1	21
612.661	1	19
612.831	1	26
613.001	1	27
613.171	1	37
613.340	1	24
613.510	1	32
613.680	1	17
613.850	1	21
614.020	1	31
614.190	1	9
614.360	1	27
614.530	1	21
614.700	1	21
614.870	1	24
615.039	1	27
615.209	1	20
615.379	1	23
615.549	1	22
615.719	1	25
615.889	1	26
616.059	1	24
616.229	1	12
616.399	1	3
616.568	1	11
616.738	1	20
616.908	1	28
617.078	1	35
617.248	1	11
617.418	1	31
617.588	1	35
617.758	1	25
617.928	1	25
618.097	1	35
618.267	1	28
618.437	1	23
618.607	1	17
618.777	1	28
618.947	1	18
619.117	1	35
619.287	1	40
619.457	1	23
619.626	1	34
619.796	1	26
619.966	1	30
620.136	1	26
620.306	1	25
620.476	1	24
620.646	1	21
620.815	1	37
620.985	1	19
621.155	1	31
621.325	1	27
621.495	1	37
621.665	1	33
621.835	1	37
622.005	1	39
622.174	1	19
622.344	1	38
622.514	1	36
622.684	1	23
622.854	1	29
623.024	1	34
623.194	1	26
623.363	1	34
623.533	1	42
623.703	1	35
623.873	1	26
624.043	1	34
624.213	1	29
624.383	1	21
624.552	1	36
624.722	1	35
624.892	1	29
625.062	1	40
625.232	1	24
625.402	1	33
625.571	1	36
625.741	1	34
625.911	1	27
626.081	1	30
626.251	1	34
626.421	1	12
626.591	1	42
626.760	1	39
626.930	1	31
627.100	1	33
627.270	1	34
627.440	1	26
627.610	1	35
627.779	1	25
627.949	1	19
628.119	1	38
628.289	1	37
628.459	1	36
628.629	1	40
628.798	1	35
628.968	1	35
629.138	1	35
629.308	1	41
629.478	1	41
629.647	1	36
629.817	1	30
629.987	1	34
630.157	1	37
630.327	1	33
630.497	1	33
630.666	1	39
630.836	1	41
631.006	1	34
631.176	1	38
631.346	1	47
631.515	1	40
631.685	1	27
631.855	1	40
632.025	1	25
632.195	1	44
632.365	1	30
632.534	1	43
632.704	1	37
632.874	1	35
633.044	1	45
633.214	1	26
633.383	1	38
633.553	1	41
633.723	1	35
633.893	1	40
634.063	1	50
634.232	1	36
634.402	1	35
634.572	1	30
634.742	1	37
634.912	1	50
635.081	1	29
635.251	1	28
635.421	1	24
635.591	1	46
635.761	1	38
635.930	1	41
636.100	1	52
636.270	1	36
636.440	1	51
636.610	1	28
636.779	1	47
636.949	1	31
637.119	1	44
637.289	1	45
637.458	1	45
637.628	1	45
637.798	1	36
637.968	1	46
638.138	1	50
638.307	1	48
638.477	1	28
638.647	1	43
638.817	1	36
638.986	1	51
639.156	1	47
639.326	1	48
639.496	1	45
639.666	1	41
639.835	1	32
640.005	1	34
640.175	1	40
640.345	1	44
640.514	1	39
640.684	1	32
640.854	1	46
641.024	1	38
641.193	1	44
641.363	1	44
641.533	1	46
641.703	1	37
641.872	1	44
642.042	1	38
642.212	1	32
642.382	1	40
642.552	1	57
642.721	1	35
642.891	1	38
643.061	1	38
643.231	1	23
643.400	1	46
643.570	1	44
643.740	1	32
643.910	1	48
644.079	1	48
644.249	1	41
644.419	1	22
644.589	1	44
644.758	1	42
644.928	1	43
645.098	1	25
645.268	1	47
645.437	1	32
645.607	1	51
645.777	1	51
645.946	1	57
646.116	1	51
646.286	1	43
646.456	1	45
646.625	1	42
646.795	1	35
646.965	1	58
647.135	1	45
647.304	1	42
647.474	1	48
647.644	1	39
647.814	1	49
647.983	1	50
648.153	1	31
648.323	1	41
648.492	1	52
648.662	1	53
648.832	1	41
649.002	1	47
649.171	1	48
649.341	1	42
649.511	1	49
649.681	1	44
649.850	1	46
650.020	1	38
650.190	1	51
650.359	1	45
650.529	1	46
650.699	1	44
650.869	1	51
651.038	1	49
651.208	1	33
651.378	1	40
651.547	1	54
651.717	1	43
651.887	1	52
652.057	1	49
652.226	1	41
652.396	1	53
652.566	1	56
652.735	1	50
652.905	1	49
653.075	1	33
653.244	1	53
653.414	1	46
653.584	1	57
653.754	1	35
653.923	1	47
654.093	1	57
654.263	1	43
654.432	1	60
654.602	1	54
654.772	1	52
654.941	1	43
655.111	1	56
655.281	1	54
655.451	1	46
655.620	1	56
655.790	1	57
655.960	1	44
656.129	1	60
656.299	1	52
656.469	1	57
656.638	1	49
656.808	1	50
656.978	1	50
657.147	1	71
657.317	1	58
657.487	1	56
657.656	1	54
657.826	1	50
657.996	1	49
658.165	1	44
658.335	1	53
658.505	1	50
658.674	1	54
658.844	1	54
659.014	1	55
659.184	1	50
659.353	1	53
659.523	1	45
659.693	1	55
659.862	1	42
660.032	1	44
660.202	1	45
660.371	1	60
660.541	1	61
660.711	1	47
660.880	1	51
661.050	1	66
661.220	1	59
661.389	1	61
661.559	1	54
661.728	1	44
661.898	1	52
662.068	1	48
662.237	1	55
662.407	1	55
662.577	1	55
662.746	1	60
662.916	1	56
663.086	1	58
663.255	1	68
663.425	1	49
663.595	1	58
663.764	1	63
663.934	1	61
664.104	1	68
664.273	1	66
664.443	1	52
664.613	1	52
664.782	1	49
664.952	1	54
665.121	1	60
665.291	1	56
665.461	1	56
665.630	1	74
665.800	1	54
665.970	1	51
666.139	1	73
666.309	1	56
666.479	1	61
666.648	1	51
666.818	1	56
666.987	1	72
667.157	1	67
667.327	1	48
667.496	1	49
667.666	1	72
667.836	1	67
668.005	1	60
668.175	1	54
668.344	1	56
668.514	1	57
668.684	1	62
668.853	1	55
669.023	1	56
669.193	1	66
669.362	1	61
669.532	1	54
669.701	1	57
669.871	1	59
670.041	1	64
670.210	1	54
670.380	1	54
670.550	1	57
670.719	1	58
670.889	1	67
671.058	1	73
671.228	1	56
671.398	1	62
671.567	1	66
671.737	1	57
671.906	1	60
672.076	1	55
672.246	1	62
672.415	1	50
672.585	1	54
672.754	1	56
672.924	1	58
673.094	1	67
673.263	1	65
673.433	1	76
673.602	1	66
673.772	1	60
673.942	1	55
674.111	1	68
674.281	1	55
674.450	1	73
674.620	1	54
674.790	1	56
674.959	1	67
675.129	1	64
675.298	1	70
675.468	1	75
675.638	1	66
675.807	1	62
675.977	1	55
676.146	1	67
676.316	1	69
676.485	1	59
676.655	1	63
676.825	1	63
676.994	1	68
677.164	1	53
677.333	1	55
677.503	1	61
677.672	1	67
677.842	1	63
678.012	1	61
678.181	1	80
678.351	1	66
678.520	1	73
678.690	1	66
678.859	1	69
679.029	1	60
679.199	1	66
679.368	1	64
679.538	1	69
679.707	1	62
679.877	1	53
680.046	1	82
680.216	1	59
680.386	1	70
680.555	1	73
680.725	1	51
680.894	1	42
681.064	1	69
681.233	1	60
681.403	1	73
681.572	1	59
681.742	1	60
681.912	1	62
682.081	1	56
682.251	1	51
682.420	1	65
682.590	1	65
682.759	1	62
682.929	1	60
683.098	1	68
683.268	1	75
683.438	1	61
683.607	1	68
683.777	1	53
683.946	1	54
684.116	1	61
684.285	1	53
684.455	1	66
684.624	1	67
684.794	1	65
684.963	1	60
685.133	1	56
685.303	1	58
685.472	1	62
685.642	1	61
685.811	1	68
685.981	1	59
686.150	1	66
686.320	1	68
686.489	1	81
686.659	1	74
686.828	1	78
686.998	1	63
687.167	1	63
687.337	1	64
687.506	1	67
687.676	1	70
687.845	1	53
688.015	1	70
688.184	1	72
688.354	1	71
688.524	1	61
688.693	1	71
688.863	1	78
689.032	1	73
689.202	1	60
689.371	1	70
689.541	1	72
689.710	1	72
689.880	1	65
690.049	1	69
690.219	1	65
690.388	1	64
690.558	1	53
690.727	1	69
690.897	1	61
691.066	1	79
691.236	1	58
691.405	1	69
691.575	1	71
691.744	1	66
691.914	1	58
692.083	1	63
692.253	1	67
692.422	1	79
692.592	1	67
692.761	1	57
692.931	1	81
693.100	1	64
693.270	1	75
693.439	1	56
693.609	1	64
693.778	1	62
693.948	1	81
694.117	1	64
694.287	1	75
694.456	1	63
694.626	1	71
694.795	1	69
694.965	1	72
695.134	1	62
695.304	1	80
695.473	1	49
695.643	1	69
695.812	1	69
695.982	1	61
696.151	1	68
696.321	1	64
696.490	1	64
696.659	1	64
696.829	1	60
696.998	1	63
697.168	1	71
697.337	1	72
697.507	1	68
697.676	1	76
697.846	1	72
698.015	1	63
698.185	1	58
698.354	1	60
698.524	1	61
698.693	1	69
698.863	1	69
699.032	1	63
699.202	1	63
699.371	1	55
699.540	1	75
699.710	1	70
699.879	1	69
700.049	1	74
700.218	1	65
700.388	1	70
700.557	1	75
700.727	1	65
700.896	1	60
701.066	1	58
701.235	1	61
701.405	1	76
701.574	1	70
701.743	1	58
701.913	1	50
702.082	1	84
702.252	1	63
702.421	1	58
702.591	1	60
702.760	1	62
702.930	1	61
703.099	1	68
703.268	1	69
703.438	1	55
703.607	1	76
703.777	1	73
703.946	1	68
704.116	1	62
704.285	1	62
704.455	1	67
704.624	1	53
704.793	1	77
704.963	1	69
705.132	1	74
705.302	1	70
705.471	1	71
705.641	1	50
705.810	1	58
705.979	1	68
706.149	1	63
706.318	1	65
706.488	1	57
706.657	1	57
706.827	1	67
706.996	1	78
707.165	1	75
707.335	1	70
707.504	1	65
707.674	1	64
707.843	1	56
708.013	1	68
708.182	1	58
708.351	1	70
708.521	1	74
708.690	1	62
708.860	1	59
709.029	1	64
709.198	1	56
709.368	1	76
709.537	1	65
709.707	1	53
709.876	1	59
710.046	1	68
710.215	1	62
710.384	1	74
710.554	1	51
710.723	1	60
710.893	1	70
711.062	1	68
711.231	1	69
711.401	1	57
711.570	1	62
711.740	1	67
711.909	1	50
712.078	1	71
712.248	1	59
712.417	1	58
712.587	1	66
712.756	1	67
712.925	1	51
713.095	1	58
713.264	1	61
713.434	1	61
713.603	1	63
713.772	1	70
713.942	1	73
714.111	1	63
714.280	1	57
714.450	1	56
714.619	1	74
714.789	1	67
714.958	1	73
715.127	1	62
715.297	1	60
715.466	1	49
715.636	1	61
715.805	1	52
715.974	1	66
716.144	1	62
716.313	1	63
716.482	1	67
716.652	1	60
716.821	1	72
716.991	1	65
717.160	1	52
717.329	1	53
717.499	1	57
717.668	1	46
717.837	1	58
718.007	1	62
718.176	1	51
718.346	1	55
718.515	1	59
718.684	1	68
718.854	1	58
719.023	1	56
719.192	1	52
719.362	1	58
719.531	1	58
719.700	1	70
719.870	1	62
720.039	1	57
720.208	1	61
720.378	1	39
720.547	1	50
720.717	1	46
720.886	1	59
721.055	1	68
721.225	1	41
721.394	1	48
721.563	1	60
721.733	1	48
721.902	1	52
722.071	1	51
722.241	1	65
722.410	1	66
722.579	1	67
722.749	1	61
722.918	1	49
723.087	1	51
723.257	1	38
723.426	1	45
723.595	1	61
723.765	1	53
723.934	1	61
724.103	1	48
724.273	1	44
724.442	1	53
724.611	1	51
724.781	1	49
724.950	1	58
725.119	1	55
725.289	1	53
725.458	1	49
725.627	1	62
725.797	1	52
725.966	1	49
726.135	1	53
726.305	1	58
726.474	1	58
726.643	1	59
726.813	1	60
726.982	1	51
727.151	1	50
727.321	1	50
727.490	1	61
727.659	1	55
727.829	1	70
727.998	1	56
728.167	1	57
728.337	1	55
728.506	1	56
728.675	1	44
728.845	1	56
729.014	1	51
729.183	1	40
729.352	1	49
729.522	1	67
729.691	1	49
729.860	1	76
730.030	1	49
730.199	1	44
730.368	1	47
730.538	1	49
730.707	1	62
730.876	1	65
731.045	1	44
731.215	1	65
731.384	1	52
731.553	1	52
731.723	1	57
731.892	1	52
732.061	1	64
732.231	1	63
732.400	1	60
732.569	1	52
732.738	1	46
732.908	1	45
733.077	1	48
733.246	1	68
733.416	1	57
733.585	1	53
733.754	1	51
733.923	1	46
734.093	1	54
734.262	1	50
734.431	1	62
734.601	1	47
734.770	1	48
734.939	1	50
735.108	1	67
735.278	1	52
735.447	1	44
735.616	1	66
735.786	1	48
735.955	1	53
736.124	1	63
736.293	1	51
736.463	1	48
736.632	1	60
736.801	1	50
736.970	1	44
737.140	1	48
737.309	1	43
737.478	1	64
737.648	1	61
737.817	1	52
737.986	1	46
738.155	1	50
738.325	1	55
738.494	1	33
738.663	1	65
738.832	1	44
739.002	1	42
739.171	1	38
739.340	1	52
739.509	1	45
739.679	1	52
739.848	1	67
740.017	1	52
740.186	1	53
740.356	1	52
740.525	1	51
740.694	1	50
740.863	1	61
741.033	1	57
741.202	1	55
741.371	1	47
741.540	1	46
741.710	1	49
741.879	1	51
742.048	1	37
742.217	1	41
742.387	1	37
742.556	1	46
742.725	1	42
742.894	1	57
743.064	1	62
743.233	1	49
743.402	1	48
743.571	1	60
743.741	1	47
743.910	1	50
744.079	1	43
744.248	1	50
744.418	1	56
744.587	1	47
744.756	1	58
744.925	1	42
745.094	1	49
745.264	1	48
745.433	1	58
745.602	1	51
745.771	1	68
745.941	1	48
746.110	1	54
746.279	1	52
746.448	1	59
746.617	1	48
746.787	1	50
746.956	1	50
747.125	1	44
747.294	1	37
747.464	1	43
747.633	1	57
747.802	1	45
747.971	1	62
748.140	1	50
748.310	1	58
748.479	1	55
748.648	1	51
748.817	1	48
748.986	1	68
749.156	1	54
749.325	1	60
749.494	1	54
749.663	1	50
749.832	1	56
750.002	1	46
750.171	1	57
750.340	1	58
750.509	1	49
750.678	1	56
750.848	1	43
751.017	1	51
751.186	1	55
751.355	1	59
751.524	1	49
751.694	1	54
751.863	1	40
752.032	1	52
752.201	1	52
752.370	1	54
752.540	1	44
752.709	1	57
752.878	1	53
753.047	1	61
753.216	1	43
753.386	1	46
753.555	1	49
753.724	1	52
753.893	1	54
754.062	1	47
754.231	1	56
754.401	1	43
754.570	1	54
754.739	1	53
754.908	1	52
755.077	1	63
755.247	1	47
755.416	1	55
755.585	1	55
755.754	1	52
755.923	1	61
756.092	1	54
756.262	1	50
756.431	1	49
756.600	1	50
756.769	1	50
756.938	1	48
757.107	1	51
757.277	1	47
757.446	1	55
757.615	1	50
757.784	1	37
757.953	1	49
758.122	1	45
758.292	1	56
758.461	1	63
758.630	1	55
758.799	1	59
758.968	1	39
759.137	1	45
759.306	1	45
759.476	1	51
759.645	1	45
759.814	1	52
759.983	1	42
760.152	1	65
760.321	1	50
760.491	1	53
760.660	1	46
760.829	1	44
760.998	1	61
761.167	1	44
761.336	1	41
761.505	1	56
761.675	1	58
761.844	1	46
762.013	1	45
762.182	1	45
762.351	1	51
762.520	1	48
762.689	1	40
762.859	1	48
763.028	1	48
763.197	1	44
763.366	1	51
763.535	1	53
763.704	1	44
763.873	1	48
764.042	1	55
764.212	1	55
764.381	1	64
764.550	1	48
764.719	1	36
764.888	1	47
765.057	1	45
765.226	1	62
765.395	1	50
765.565	1	51
765.734	1	56
765.903	1	41
766.072	1	41
766.241	1	42
766.410	1	50
766.579	1	52
766.748	1	38
766.918	1	54
767.087	1	46
767.256	1	48
767.425	1	36
767.594	1	55
767.763	1	53
767.932	1	43
768.101	1	44
768.270	1	49
768.440	1	56
768.609	1	36
768.778	1	37
768.947	1	62
769.116	1	45
769.285	1	46
769.454	1	57
769.623	1	50
769.792	1	40
769.961	1	59
770.131	1	50
770.300	1	45
770.469	1	38
770.638	1	44
770.807	1	41
770.976	1	49
771.145	1	55
771.314	1	49
771.483	1	54
771.652	1	46
771.822	1	51
771.991	1	47
772.160	1	52
772.329	1	47
772.498	1	51
772.667	1	49
772.836	1	45
773.005	1	46
773.174	1	66
773.343	1	40
773.512	1	34
