425.572	1	32
425.743	1	24
425.913	1	36
426.084	1	23
426.255	1	28
426.426	1	39
426.597	1	34
426.768	1	28
426.939	1	33
427.109	1	38
427.280	1	32
427.451	1	36
427.622	1	39
427.793	1	29
427.964	1	33
428.135	1	25
428.305	1	35
428.476	1	35
428.647	1	38
428.818	1	34
428.989	1	22
429.160	1	24
429.331	1	33
429.501	1	38
429.672	1	40
429.843	1	35
430.014	1	28
430.185	1	35
430.356	1	20
430.527	1	48
430.697	1	41
430.868	1	15
431.039	1	16
431.210	1	29
431.381	1	38
431.552	1	18
431.722	1	46
431.893	1	19
432.064	1	34
432.235	1	28
432.406	1	32
432.577	1	31
432.747	1	45
432.918	1	34
433.089	1	33
433.260	1	39
433.431	1	35
433.602	1	42
433.772	1	38
433.943	1	36
434.114	1	24
434.285	1	28
434.456	1	32
434.627	1	17
434.797	1	31
434.968	1	42
435.139	1	22
435.310	1	35
435.481	1	31
435.652	1	26
435.822	1	40
435.993	1	33
436.164	1	36
436.335	1	24
436.506	1	38
436.676	1	41
436.847	1	43
437.018	1	35
437.189	1	24
437.360	1	27
437.530	1	32
437.701	1	32
437.872	1	34
438.043	1	18
438.214	1	20
438.385	1	26
438.555	1	39
438.726	1	25
438.897	1	40
439.068	1	35
439.239	1	29
439.409	1	44
439.580	1	22
439.751	1	35
439.922	1	28
440.093	1	24
440.263	1	34
440.434	1	42
440.605	1	37
440.776	1	31
440.947	1	30
441.117	1	30
441.288	1	37
441.459	1	29
441.630	1	25
441.800	1	22
441.971	1	22
442.142	1	31
442.313	1	35
442.484	1	17
442.654	1	49
442.825	1	21
442.996	1	28
443.167	1	26
443.338	1	28
443.508	1	39
443.679	1	33
443.850	1	23
444.021	1	25
444.191	1	29
444.362	1	29
444.533	1	21
444.704	1	33
444.874	1	30
445.045	1	34
445.216	1	27
445.387	1	18
445.558	1	19
445.728	1	36
445.899	1	28
446.070	1	30
446.241	1	34
446.411	1	18
446.582	1	34
446.753	1	28
446.924	1	31
447.094	1	28
447.265	1	13
447.436	1	33
447.607	1	23
447.777	1	14
447.948	1	37
448.119	1	33
448.290	1	19
448.461	1	39
448.631	1	38
448.802	1	28
448.973	1	20
449.144	1	29
449.314	1	33
449.485	1	17
449.656	1	34
449.827	1	30
449.997	1	24
450.168	1	39
450.339	1	33
450.509	1	23
450.680	1	22
450.851	1	20
451.022	1	27
451.192	1	26
451.363	1	22
451.534	1	30
451.705	1	13
451.875	1	36
452.046	1	34
452.217	1	30
452.388	1	35
452.558	1	28
452.729	1	38
452.900	1	42
453.071	1	31
453.241	1	31
453.412	1	24
453.583	1	22
453.753	1	33
453.924	1	28
454.095	1	29
454.266	1	33
454.436	1	27
454.607	1	14
454.778	1	28
454.949	1	30
455.119	1	30
455.290	1	40
455.461	1	20
455.631	1	26
455.802	1	31
455.973	1	22
456.144	1	21
456.314	1	27
456.485	1	17
456.656	1	18
456.826	1	20
456.997	1	18
457.168	1	23
457.339	1	21
457.509	1	22
457.680	1	18
457.851	1	26
458.021	1	12
458.192	1	16
458.363	1	20
458.533	1	25
458.704	1	27
458.875	1	25
459.046	1	18
459.216	1	12
459.387	1	14
459.558	1	20
459.728	1	36
459.899	1	26
460.070	1	18
460.240	1	26
460.411	1	25
460.582	1	30
460.753	1	27
460.923	1	18
461.094	1	17
461.265	1	29
461.435	1	18
461.606	1	24
461.777	1	25
461.947	1	23
462.118	1	15
462.289	1	25
462.459	1	22
462.630	1	12
462.801	1	19
462.971	1	13
463.142	1	22
463.313	1	20
463.483	1	19
463.654	1	19
463.825	1	15
463.995	1	24
464.166	1	24
464.337	1	13
464.507	1	23
464.678	1	37
464.849	1	19
465.020	1	23
465.190	1	23
465.361	1	27
465.532	1	15
465.702	1	17
465.873	1	32
466.044	1	14
466.214	1	20
466.385	1	23
466.555	1	17
466.726	1	20
466.897	1	17
467.067	1	14
467.238	1	26
467.409	1	22
467.579	1	20
467.750	1	15
467.921	1	23
468.091	1	14
468.262	1	7
468.433	1	18
468.603	1	20
468.774	1	14
468.945	1	27
469.115	1	23
469.286	1	20
469.457	1	14
469.627	1	18
469.798	1	20
469.969	1	19
470.139	1	17
470.310	1	15
470.480	1	16
470.651	1	22
470.822	1	14
470.992	1	25
471.163	1	22
471.334	1	7
471.504	1	11
471.675	1	22
471.846	1	28
472.016	1	20
472.187	1	24
472.357	1	25
472.528	1	17
472.699	1	20
472.869	1	24
473.040	1	23
473.211	1	21
473.381	1	21
473.552	1	20
473.722	1	21
473.893	1	14
474.064	1	10
474.234	1	15
474.405	1	13
474.576	1	22
474.746	1	15
474.917	1	9
475.087	1	11
475.258	1	17
475.429	1	14
475.599	1	12
475.770	1	26
475.941	1	14
476.111	1	7
476.282	1	18
476.452	1	15
476.623	1	32
476.794	1	22
476.964	1	17
477.135	1	21
477.305	1	1
477.476	1	9
477.647	1	24
477.817	1	22
477.988	1	12
478.158	1	18
478.329	1	19
478.500	1	6
478.670	1	18
478.841	1	2
479.011	1	17
479.182	1	21
479.353	1	11
479.523	1	11
479.694	1	14
479.864	1	22
480.035	1	25
480.206	1	18
480.376	1	12
480.547	1	24
480.717	1	17
480.888	1	19
481.059	1	11
481.229	1	20
481.400	1	19
481.570	1	23
481.741	1	14
481.911	1	12
482.082	1	11
482.253	1	19
482.423	1	15
482.594	1	29
482.764	1	20
482.935	1	20
483.105	1	14
483.276	1	14
483.447	1	11
483.617	1	13
483.788	1	22
483.958	1	17
484.129	1	14
484.300	1	18
484.470	1	19
484.641	1	25
484.811	1	10
484.982	1	15
485.152	1	20
485.323	1	27
485.493	1	14
485.664	1	14
485.835	1	3
486.005	1	12
486.176	1	19
486.346	1	11
486.517	1	18
486.687	1	13
486.858	1	8
487.029	1	16
487.199	1	22
487.370	1	14
487.540	1	21
487.711	1	14
487.881	1	21
488.052	1	5
488.222	1	23
488.393	1	7
488.563	1	16
488.734	1	13
488.905	1	22
489.075	1	16
489.246	1	24
489.416	1	13
489.587	1	10
489.757	1	24
489.928	1	7
490.098	1	7
490.269	1	14
490.439	1	12
490.610	1	12
490.781	1	19
490.951	1	13
491.122	1	12
491.292	1	19
491.463	1	4
491.633	1	13
491.804	1	9
491.974	1	12
492.145	1	12
492.315	1	15
492.486	1	21
492.656	1	7
492.827	1	16
492.997	1	11
493.168	1	17
493.338	1	9
493.509	1	17
493.680	1	7
493.850	1	10
494.021	1	12
494.191	1	5
494.362	1	7
494.532	1	16
494.703	1	15
494.873	1	19
495.044	1	12
495.214	1	7
495.385	1	3
495.555	1	19
495.726	1	12
495.896	1	5
496.067	1	14
496.237	1	12
496.408	1	13
496.578	1	2
496.749	1	12
496.919	1	14
497.090	1	16
497.260	1	12
497.431	1	11
497.601	1	16
497.772	1	14
497.942	1	9
498.113	1	21
498.283	1	1
498.454	1	13
498.624	1	9
498.795	1	10
498.965	1	10
499.136	1	13
499.306	1	12
499.477	1	10
499.647	1	10
499.818	1	19
499.988	1	9
500.159	1	9
500.329	1	19
500.500	1	1
500.670	1	4
500.841	1	27
501.011	1	12
501.182	1	12
501.352	1	18
501.523	1	11
501.693	1	23
501.864	1	-1
502.034	1	15
502.205	1	19
502.375	1	14
502.545	1	5
502.716	1	3
502.886	1	29
503.057	1	11
503.227	1	8
503.398	1	16
503.568	1	2
503.739	1	12
503.909	1	6
504.080	1	13
504.250	1	13
504.421	1	11
504.591	1	1
504.762	1	-2
504.932	1	13
505.103	1	10
505.273	1	11
505.443	1	3
505.614	1	16
505.784	1	2
505.955	1	3
506.125	1	2
506.296	1	10
506.466	1	18
506.637	1	0
506.807	1	9
506.978	1	5
507.148	1	7
507.318	1	9
507.489	1	15
507.659	1	1
507.830	1	7
508.000	1	13
508.171	1	19
508.341	1	16
508.512	1	14
508.682	1	20
508.853	1	23
509.023	1	8
509.193	1	11
509.364	1	14
509.534	1	16
509.705	1	3
509.875	1	8
510.046	1	11
510.216	1	-4
510.386	1	17
510.557	1	11
510.727	1	10
510.898	1	3
511.068	1	3
511.239	1	12
511.409	1	0
511.580	1	9
511.750	1	7
511.920	1	11
512.091	1	2
512.261	1	11
512.432	1	7
512.602	1	7
512.773	1	0
512.943	1	12
513.113	1	9
513.284	1	6
513.454	1	10
513.625	1	0
513.795	1	9
513.965	1	3
514.136	1	12
514.306	1	11
514.477	1	14
514.647	1	2
514.818	1	20
514.988	1	10
515.158	1	12
515.329	1	10
515.499	1	-7
515.670	1	13
515.840	1	8
516.010	1	-2
516.181	1	14
516.351	1	2
516.522	1	6
516.692	1	-8
516.862	1	20
517.033	1	2
517.203	1	9
517.374	1	-1
517.544	1	17
517.714	1	9
517.885	1	10
518.055	1	3
518.226	1	-1
518.396	1	-7
518.566	1	12
518.737	1	1
518.907	1	8
519.078	1	2
519.248	1	18
519.418	1	15
519.589	1	2
519.759	1	11
519.930	1	8
520.100	1	6
520.270	1	3
520.441	1	5
520.611	1	-1
520.781	1	14
520.952	1	4
521.122	1	10
521.293	1	6
521.463	1	5
521.633	1	-9
521.804	1	8
521.974	1	-1
522.145	1	8
522.315	1	3
522.485	1	1
522.656	1	11
522.826	1	-10
522.996	1	11
523.167	1	12
523.337	1	16
523.507	1	-8
523.678	1	3
523.848	1	13
524.019	1	2
524.189	1	-4
524.359	1	13
524.530	1	1
524.700	1	2
524.870	1	0
525.041	1	9
525.211	1	9
525.381	1	11
525.552	1	11
525.722	1	19
525.893	1	-6
526.063	1	0
526.233	1	4
526.404	1	4
526.574	1	-4
526.744	1	11
526.915	1	1
527.085	1	1
527.255	1	0
527.426	1	13
527.596	1	5
527.766	1	2
527.937	1	2
528.107	1	20
528.277	1	-2
528.448	1	2
528.618	1	3
528.789	1	9
528.959	1	0
529.129	1	5
529.300	1	6
529.470	1	14
529.640	1	-4
529.811	1	15
529.981	1	12
530.151	1	3
530.322	1	-4
530.492	1	3
530.662	1	7
530.833	1	1
531.003	1	6
531.173	1	8
531.344	1	4
531.514	1	5
531.684	1	8
531.855	1	6
532.025	1	4
532.195	1	-5
532.365	1	7
532.536	1	6
532.706	1	12
532.876	1	2
533.047	1	2
533.217	1	13
533.387	1	5
533.558	1	7
533.728	1	1
533.898	1	18
534.069	1	3
534.239	1	-4
534.409	1	2
534.580	1	0
534.750	1	3
534.920	1	0
535.091	1	-2
535.261	1	9
535.431	1	-1
535.601	1	9
535.772	1	4
535.942	1	14
536.112	1	4
536.283	1	7
536.453	1	0
536.623	1	0
536.794	1	2
536.964	1	6
537.134	1	-1
537.305	1	5
537.475	1	1
537.645	1	3
537.815	1	2
537.986	1	8
538.156	1	5
538.326	1	6
538.497	1	-4
538.667	1	-1
538.837	1	13
539.007	1	3
539.178	1	-8
539.348	1	2
539.518	1	-5
539.689	1	5
539.859	1	2
540.029	1	-8
540.199	1	8
540.370	1	6
540.540	1	7
540.710	1	0
540.881	1	8
541.051	1	18
541.221	1	13
541.391	1	5
541.562	1	-2
541.732	1	1
541.902	1	-5
542.073	1	3
542.243	1	6
542.413	1	2
542.583	1	11
542.754	1	-1
542.924	1	-3
543.094	1	-7
543.264	1	6
543.435	1	2
543.605	1	10
543.775	1	7
543.945	1	14
544.116	1	5
544.286	1	3
544.456	1	13
544.627	1	5
544.797	1	4
544.967	1	-2
545.137	1	7
545.308	1	3
545.478	1	0
545.648	1	12
545.818	1	4
545.989	1	2
546.159	1	11
546.329	1	-5
546.499	1	12
546.670	1	-15
546.840	1	9
547.010	1	3
547.180	1	0
547.351	1	7
547.521	1	-4
547.691	1	9
547.861	1	0
548.032	1	10
548.202	1	-1
548.372	1	8
548.542	1	1
548.713	1	2
548.883	1	13
549.053	1	-3
549.223	1	3
549.393	1	10
549.564	1	-7
549.734	1	10
549.904	1	-11
550.074	1	7
550.245	1	4
550.415	1	-4
550.585	1	-5
550.755	1	3
550.926	1	12
551.096	1	-10
551.266	1	3
551.436	1	7
551.606	1	-6
551.777	1	-5
551.947	1	4
552.117	1	13
552.287	1	4
552.458	1	1
552.628	1	0
552.798	1	-3
552.968	1	-1
553.138	1	7
553.309	1	7
553.479	1	5
553.649	1	-1
553.819	1	7
553.990	1	2
554.160	1	1
554.330	1	12
554.500	1	8
554.670	1	18
554.841	1	4
555.011	1	4
555.181	1	7
555.351	1	0
555.521	1	-1
555.692	1	-4
555.862	1	0
556.032	1	8
556.202	1	16
556.372	1	10
556.543	1	9
556.713	1	7
556.883	1	-1
557.053	1	-5
557.223	1	-12
557.394	1	9
557.564	1	14
557.734	1	2
557.904	1	5
558.074	1	3
558.245	1	11
558.415	1	-3
558.585	1	0
558.755	1	-4
558.925	1	1
559.096	1	2
559.266	1	-10
559.436	1	6
559.606	1	8
559.776	1	1
559.946	1	10
560.117	1	4
560.287	1	-2
560.457	1	-9
560.627	1	-8
560.797	1	4
560.968	1	6
561.138	1	7
561.308	1	-3
561.478	1	11
561.648	1	0
561.818	1	0
561.989	1	-7
562.159	1	11
562.329	1	-4
562.499	1	9
562.669	1	-4
562.839	1	9
563.010	1	-4
563.180	1	7
563.350	1	-1
563.520	1	6
563.690	1	6
563.860	1	4
564.031	1	5
564.201	1	-1
564.371	1	-7
564.541	1	13
564.711	1	4
564.881	1	-2
565.051	1	17
565.222	1	2
565.392	1	12
565.562	1	24
565.732	1	0
565.902	1	8
566.072	1	3
566.243	1	3
566.413	1	-3
566.583	1	2
566.753	1	-6
566.923	1	-13
567.093	1	-7
567.263	1	6
567.434	1	1
567.604	1	3
567.774	1	-1
567.944	1	6
568.114	1	-4
568.284	1	12
568.454	1	-3
568.625	1	10
568.795	1	2
568.965	1	0
569.135	1	-6
569.305	1	2
569.475	1	9
569.645	1	5
569.816	1	6
569.986	1	3
570.156	1	3
570.326	1	1
570.496	1	2
570.666	1	-2
570.836	1	10
571.006	1	5
571.177	1	8
571.347	1	2
571.517	1	-2
571.687	1	-3
571.857	1	-1
572.027	1	1
572.197	1	-7
572.367	1	8
572.537	1	4
572.708	1	-4
572.878	1	-3
573.048	1	4
573.218	1	4
573.388	1	-8
573.558	1	5
573.728	1	-1
573.898	1	-7
574.069	1	-7
574.239	1	6
574.409	1	0
574.579	1	2
574.749	1	2
574.919	1	7
575.089	1	-3
575.259	1	-3
575.429	1	-7
575.599	1	4
575.770	1	-6
575.940	1	-5
576.110	1	-1
576.280	1	4
576.450	1	10
576.620	1	6
576.790	1	7
576.960	1	-3
577.130	1	2
577.300	1	-1
577.471	1	10
577.641	1	7
577.811	1	1
577.981	1	-3
578.151	1	3
578.321	1	6
578.491	1	2
578.661	1	-1
578.831	1	-5
579.001	1	2
579.171	1	9
579.341	1	-6
579.512	1	-1
579.682	1	6
579.852	1	7
580.022	1	-6
580.192	1	1
580.362	1	17
580.532	1	1
580.702	1	-1
580.872	1	-3
581.042	1	-2
581.212	1	0
581.382	1	7
581.552	1	5
581.723	1	2
581.893	1	-5
582.063	1	6
582.233	1	7
582.403	1	-2
582.573	1	1
582.743	1	7
582.913	1	4
583.083	1	6
583.253	1	-5
583.423	1	-4
583.593	1	-6
583.763	1	10
583.933	1	2
584.103	1	3
584.273	1	-4
584.444	1	4
584.614	1	-4
584.784	1	1
584.954	1	6
585.124	1	2
585.294	1	11
585.464	1	3
585.634	1	9
585.804	1	7
585.974	1	2
586.144	1	8
586.314	1	4
586.484	1	7
586.654	1	11
586.824	1	1
586.994	1	0
587.164	1	-2
587.334	1	12
587.504	1	2
587.674	1	6
587.844	1	-1
588.015	1	0
588.185	1	5
588.355	1	-2
588.525	1	6
588.695	1	14
588.865	1	-8
589.035	1	-1
589.205	1	5
589.375	1	-10
589.545	1	11
589.715	1	6
589.885	1	9
590.055	1	7
590.225	1	2
590.395	1	4
590.565	1	2
590.735	1	-8
590.905	1	-3
591.075	1	10
591.245	1	-2
591.415	1	-8
591.585	1	3
591.755	1	5
591.925	1	1
592.095	1	1
592.265	1	-6
592.435	1	0
592.605	1	-7
592.775	1	9
592.945	1	6
593.115	1	8
593.285	1	9
593.455	1	-2
593.625	1	7
593.795	1	9
593.965	1	11
594.135	1	4
594.305	1	-5
594.475	1	3
594.645	1	2
594.815	1	-3
594.985	1	-6
595.155	1	13
595.325	1	0
595.495	1	12
595.665	1	-3
595.835	1	4
596.005	1	-6
596.175	1	1
596.345	1	3
596.515	1	9
596.685	1	10
596.855	1	4
597.025	1	12
597.195	1	2
597.365	1	0
597.535	1	4
597.705	1	-2
597.875	1	-1
598.045	1	-9
598.215	1	-12
598.385	1	10
598.555	1	-4
598.725	1	15
598.895	1	12
599.065	1	6
599.235	1	0
599.405	1	-3
599.575	1	0
599.745	1	4
599.915	1	-9
600.085	1	5
600.255	1	-9
600.425	1	-2
600.595	1	-4
600.765	1	9
600.935	1	-5
601.105	1	9
601.275	1	-2
601.445	1	1
601.615	1	2
601.785	1	13
601.955	1	2
602.125	1	3
602.295	1	6
602.465	1	9
602.635	1	-2
602.804	1	-4
602.974	1	8
603.144	1	-3
603.314	1	-2
603.484	1	5
603.654	1	4
603.824	1	3
603.994	1	-1
604.164	1	1
604.334	1	8
604.504	1	2
604.674	1	3
604.844	1	-1
605.014	1	6
605.184	1	-1
605.354	1	4
605.524	1	-3
605.694	1	-1
605.864	1	0
606.034	1	0
606.204	1	-1
606.373	1	0
606.543	1	-4
606.713	1	-1
606.883	1	6
607.053	1	-5
607.223	1	-1
607.393	1	0
607.563	1	3
607.733	1	5
607.903	1	1
608.073	1	-3
608.243	1	11
608.413	1	13
608.583	1	-1
608.753	1	6
608.923	1	5
609.092	1	5
609.262	1	7
609.432	1	7
609.602	1	7
609.772	1	0
609.942	1	3
610.112	1	4
610.282	1	-1
610.452	1	4
610.622	1	5
610.792	1	5
610.962	1	8
611.132	1	3
611.301	1	4
611.471	1	1
611.641	1	-2
611.811	1	-6
611.981	1	9
612.151	1	6
612.321	1	-5
612.491	1	12
612.661	1	8
612.831	1	-6
613.001	1	-6
613.171	1	10
613.340	1	0
613.510	1	11
613.680	1	-4
613.850	1	8
614.020	1	0
614.190	1	2
614.360	1	9
614.530	1	4
614.700	1	4
614.870	1	8
615.039	1	2
615.209	1	-4
615.379	1	-10
615.549	1	6
615.719	1	-2
615.889	1	5
616.059	1	9
616.229	1	4
616.399	1	-14
616.568	1	-7
616.738	1	1
616.908	1	-1
617.078	1	2
617.248	1	-7
617.418	1	14
617.588	1	2
617.758	1	3
617.928	1	7
618.097	1	-3
618.267	1	12
618.437	1	1
618.607	1	2
618.777	1	-3
618.947	1	-1
619.117	1	6
619.287	1	3
619.457	1	11
619.626	1	11
619.796	1	2
619.966	1	4
620.136	1	10
620.306	1	-6
620.476	1	1
620.646	1	-3
620.815	1	5
620.985	1	-1
621.155	1	16
621.325	1	-4
621.495	1	9
621.665	1	19
621.835	1	16
622.005	1	13
622.174	1	-6
622.344	1	4
622.514	1	3
622.684	1	11
622.854	1	5
623.024	1	10
623.194	1	-5
623.363	1	-6
623.533	1	10
623.703	1	11
623.873	1	2
624.043	1	6
624.213	1	-4
624.383	1	-14
624.552	1	11
624.722	1	8
624.892	1	2
625.062	1	3
625.232	1	5
625.402	1	17
625.571	1	-5
625.741	1	10
625.911	1	3
626.081	1	8
626.251	1	-6
626.421	1	-8
626.591	1	7
626.760	1	8
626.930	1	4
627.100	1	13
627.270	1	8
627.440	1	5
627.610	1	-3
627.779	1	-3
627.949	1	-5
628.119	1	8
628.289	1	14
628.459	1	6
628.629	1	4
628.798	1	-3
628.968	1	13
629.138	1	14
629.308	1	2
629.478	1	11
629.647	1	12
629.817	1	-1
629.987	1	6
630.157	1	2
630.327	1	9
630.497	1	-8
630.666	1	9
630.836	1	10
631.006	1	2
631.176	1	1
631.346	1	8
631.515	1	7
631.685	1	-1
631.855	1	12
632.025	1	2
632.195	1	7
632.365	1	3
632.534	1	4
632.704	1	22
632.874	1	1
633.044	1	13
633.214	1	3
633.383	1	0
633.553	1	5
633.723	1	4
633.893	1	2
634.063	1	6
634.232	1	4
634.402	1	1
634.572	1	11
634.742	1	0
634.912	1	7
635.081	1	-6
635.251	1	5
635.421	1	1
635.591	1	4
635.761	1	3
635.930	1	8
636.100	1	15
636.270	1	8
636.440	1	10
636.610	1	-1
636.779	1	7
636.949	1	8
637.119	1	6
637.289	1	9
637.458	1	2
637.628	1	8
637.798	1	0
637.968	1	0
638.138	1	20
638.307	1	13
638.477	1	-2
638.647	1	6
638.817	1	-1
638.986	1	6
639.156	1	8
639.326	1	5
639.496	1	4
639.666	1	7
639.835	1	-1
640.005	1	3
640.175	1	6
640.345	1	6
640.514	1	4
640.684	1	-6
640.854	1	8
641.024	1	-1
641.193	1	7
641.363	1	7
641.533	1	5
641.703	1	2
641.872	1	10
642.042	1	2
642.212	1	-7
642.382	1	1
642.552	1	14
642.721	1	7
642.891	1	8
643.061	1	10
643.231	1	5
643.400	1	6
643.570	1	6
643.740	1	9
643.910	1	10
644.079	1	4
644.249	1	5
644.419	1	-2
644.589	1	14
644.758	1	-1
644.928	1	5
645.098	1	3
645.268	1	16
645.437	1	-5
645.607	1	16
645.777	1	5
645.946	1	9
646.116	1	7
646.286	1	10
646.456	1	4
646.625	1	-4
646.795	1	-5
646.965	1	2
647.135	1	3
647.304	1	0
647.474	1	11
647.644	1	-7
647.814	1	4
647.983	1	1
648.153	1	7
648.323	1	10
648.492	1	5
648.662	1	3
648.832	1	8
649.002	1	7
649.171	1	9
649.341	1	1
649.511	1	5
649.681	1	-4
649.850	1	21
650.020	1	-3
650.190	1	8
650.359	1	1
650.529	1	11
650.699	1	1
650.869	1	14
651.038	1	15
651.208	1	3
651.378	1	8
651.547	1	17
651.717	1	-1
651.887	1	4
652.057	1	8
652.226	1	12
652.396	1	12
652.566	1	2
652.735	1	2
652.905	1	14
653.075	1	-7
653.244	1	12
653.414	1	3
653.584	1	14
653.754	1	2
653.923	1	-14
654.093	1	4
654.263	1	1
654.432	1	9
654.602	1	7
654.772	1	10
654.941	1	4
655.111	1	6
655.281	1	-5
655.451	1	7
655.620	1	10
655.790	1	8
655.960	1	3
656.129	1	18
656.299	1	8
656.469	1	6
656.638	1	5
656.808	1	4
656.978	1	11
657.147	1	13
657.317	1	10
657.487	1	12
657.656	1	12
657.826	1	1
657.996	1	-6
658.165	1	-3
658.335	1	10
658.505	1	7
658.674	1	11
658.844	1	3
659.014	1	10
659.184	1	1
659.353	1	7
659.523	1	-9
659.693	1	5
659.862	1	0
660.032	1	1
660.202	1	3
660.371	1	8
660.541	1	14
660.711	1	-10
660.880	1	3
661.050	1	16
661.220	1	7
661.389	1	7
661.559	1	4
661.728	1	1
661.898	1	4
662.068	1	0
662.237	1	12
662.407	1	5
662.577	1	14
662.746	1	6
662.916	1	4
663.086	1	10
663.255	1	6
663.425	1	4
663.595	1	9
663.764	1	15
663.934	1	8
664.104	1	11
664.273	1	13
664.443	1	11
664.613	1	9
664.782	1	-10
664.952	1	9
665.121	1	6
665.291	1	5
665.461	1	15
665.630	1	9
665.800	1	2
665.970	1	2
666.139	1	12
666.309	1	-9
666.479	1	17
666.648	1	-2
666.818	1	7
666.987	1	4
667.157	1	11
667.327	1	15
667.496	1	5
667.666	1	8
667.836	1	2
668.005	1	17
668.175	1	18
668.344	1	13
668.514	1	6
668.684	1	6
668.853	1	-1
669.023	1	3
669.193	1	-3
669.362	1	4
669.532	1	0
669.701	1	11
669.871	1	0
670.041	1	11
670.210	1	-1
670.380	1	-2
670.550	1	-5
670.719	1	2
670.889	1	2
671.058	1	15
671.228	1	8
671.398	1	10
671.567	1	14
671.737	1	4
671.906	1	-2
672.076	1	-1
672.246	1	9
672.415	1	1
672.585	1	13
672.754	1	-9
672.924	1	2
673.094	1	12
673.263	1	1
673.433	1	9
673.602	1	8
673.772	1	14
673.942	1	1
674.111	1	-1
674.281	1	-3
674.450	1	20
674.620	1	-1
674.790	1	0
674.959	1	-2
675.129	1	-6
675.298	1	-1
675.468	1	4
675.638	1	13
675.807	1	2
675.977	1	6
676.146	1	21
676.316	1	13
676.485	1	3
676.655	1	-1
676.825	1	14
676.994	1	1
677.164	1	-2
677.333	1	14
677.503	1	5
677.672	1	10
677.842	1	6
678.012	1	4
678.181	1	7
678.351	1	4
678.520	1	6
678.690	1	7
678.859	1	-3
679.029	1	-2
679.199	1	-3
679.368	1	10
679.538	1	11
679.707	1	4
679.877	1	-7
680.046	1	8
680.216	1	2
680.386	1	15
680.555	1	22
680.725	1	7
680.894	1	-5
681.064	1	1
681.233	1	17
681.403	1	-3
681.572	1	-1
681.742	1	7
681.912	1	6
682.081	1	-5
682.251	1	-2
682.420	1	3
682.590	1	5
682.759	1	2
682.929	1	1
683.098	1	7
683.268	1	9
683.438	1	3
683.607	1	4
683.777	1	5
683.946	1	6
684.116	1	7
684.285	1	2
684.455	1	11
684.624	1	-1
684.794	1	5
684.963	1	-3
685.133	1	-3
685.303	1	2
685.472	1	0
685.642	1	20
685.811	1	6
685.981	1	6
686.150	1	11
686.320	1	14
686.489	1	7
686.659	1	18
686.828	1	7
686.998	1	0
687.167	1	-5
687.337	1	-3
687.506	1	7
687.676	1	16
687.845	1	4
688.015	1	1
688.184	1	5
688.354	1	13
688.524	1	5
688.693	1	12
688.863	1	13
689.032	1	19
689.202	1	-1
689.371	1	9
689.541	1	11
689.710	1	4
689.880	1	10
690.049	1	4
690.219	1	6
690.388	1	3
690.558	1	-12
690.727	1	15
690.897	1	5
691.066	1	7
691.236	1	8
691.405	1	3
691.575	1	0
691.744	1	12
691.914	1	4
692.083	1	4
692.253	1	-5
692.422	1	14
692.592	1	3
692.761	1	6
692.931	1	18
693.100	1	5
693.270	1	12
693.439	1	4
693.609	1	-9
693.778	1	1
693.948	1	6
694.117	1	3
694.287	1	6
694.456	1	10
694.626	1	9
694.795	1	2
694.965	1	9
695.134	1	-6
695.304	1	4
695.473	1	-11
695.643	1	0
695.812	1	7
695.982	1	4
696.151	1	14
696.321	1	-1
696.490	1	-2
696.659	1	-2
696.829	1	4
696.998	1	2
697.168	1	2
697.337	1	-3
697.507	1	5
697.676	1	18
697.846	1	1
698.015	1	6
698.185	1	13
698.354	1	0
698.524	1	2
698.693	1	5
698.863	1	-1
699.032	1	8
699.202	1	8
699.371	1	0
699.540	1	11
699.710	1	0
699.879	1	-1
700.049	1	3
700.218	1	1
700.388	1	7
700.557	1	8
700.727	1	13
700.896	1	4
701.066	1	1
701.235	1	-2
701.405	1	7
701.574	1	18
701.743	1	-5
701.913	1	-9
702.082	1	7
702.252	1	2
702.421	1	8
702.591	1	-5
702.760	1	-4
702.930	1	-8
703.099	1	24
703.268	1	11
703.438	1	18
703.607	1	14
703.777	1	17
703.946	1	9
704.116	1	-5
704.285	1	13
704.455	1	2
704.624	1	-5
704.793	1	16
704.963	1	12
705.132	1	7
705.302	1	10
705.471	1	5
705.641	1	-5
705.810	1	-1
705.979	1	11
706.149	1	1
706.318	1	8
706.488	1	-3
706.657	1	-3
706.827	1	11
706.996	1	4
707.165	1	18
707.335	1	16
707.504	1	2
707.674	1	7
707.843	1	-4
708.013	1	16
708.182	1	-2
708.351	1	5
708.521	1	6
708.690	1	7
708.860	1	-3
709.029	1	0
709.198	1	5
709.368	1	15
709.537	1	-3
709.707	1	-1
709.876	1	6
710.046	1	12
710.215	1	4
710.384	1	3
710.554	1	-2
710.723	1	4
710.893	1	10
711.062	1	2
711.231	1	3
711.401	1	0
711.570	1	8
711.740	1	12
711.909	1	5
712.078	1	0
712.248	1	1
712.417	1	3
712.587	1	7
712.756	1	6
712.925	1	-2
713.095	1	10
713.264	1	10
713.434	1	-1
713.603	1	8
713.772	1	10
713.942	1	11
714.111	1	4
714.280	1	3
714.450	1	5
714.619	1	7
714.789	1	10
714.958	1	12
715.127	1	6
715.297	1	10
715.466	1	2
715.636	1	3
715.805	1	0
715.974	1	5
716.144	1	6
716.313	1	16
716.482	1	1
716.652	1	8
716.821	1	13
716.991	1	2
717.160	1	9
717.329	1	-7
717.499	1	0
717.668	1	-4
717.837	1	7
718.007	1	8
718.176	1	6
718.346	1	5
718.515	1	1
718.684	1	9
718.854	1	5
719.023	1	4
719.192	1	9
719.362	1	11
719.531	1	2
719.700	1	9
719.870	1	6
720.039	1	2
720.208	1	-2
720.378	1	-3
720.547	1	2
720.717	1	2
720.886	1	8
721.055	1	8
721.225	1	-5
721.394	1	-5
721.563	1	4
721.733	1	0
721.902	1	-1
722.071	1	0
722.241	1	7
722.410	1	6
722.579	1	7
722.749	1	16
722.918	1	4
723.087	1	4
723.257	1	-10
723.426	1	5
723.595	1	8
723.765	1	7
723.934	1	5
724.103	1	8
724.273	1	-5
724.442	1	-1
724.611	1	2
724.781	1	-1
724.950	1	11
725.119	1	2
725.289	1	4
725.458	1	-4
725.627	1	2
725.797	1	-1
725.966	1	-5
726.135	1	1
726.305	1	2
726.474	1	-5
726.643	1	12
726.813	1	6
726.982	1	0
727.151	1	-6
727.321	1	-4
727.490	1	4
727.659	1	4
727.829	1	5
727.998	1	-9
728.167	1	9
728.337	1	0
728.506	1	9
728.675	1	-12
728.845	1	10
729.014	1	2
729.183	1	2
729.352	1	0
729.522	1	6
729.691	1	6
729.860	1	11
730.030	1	-9
730.199	1	-9
730.368	1	-6
730.538	1	2
730.707	1	12
730.876	1	5
731.045	1	-3
731.215	1	8
731.384	1	-1
731.553	1	10
731.723	1	-4
731.892	1	1
732.061	1	16
732.231	1	-1
732.400	1	9
732.569	1	7
732.738	1	2
732.908	1	5
733.077	1	-9
733.246	1	8
733.416	1	7
733.585	1	1
733.754	1	0
733.923	1	3
734.093	1	5
734.262	1	-6
734.431	1	10
734.601	1	-3
734.770	1	1
734.939	1	-10
735.108	1	6
735.278	1	11
735.447	1	-1
735.616	1	13
735.786	1	-5
735.955	1	4
736.124	1	13
736.293	1	2
736.463	1	2
736.632	1	15
736.801	1	6
736.970	1	5
737.140	1	5
737.309	1	-4
737.478	1	-1
737.648	1	9
737.817	1	-10
737.986	1	-1
738.155	1	6
738.325	1	4
738.494	1	6
738.663	1	0
738.832	1	3
739.002	1	-2
739.171	1	5
739.340	1	-1
739.509	1	-2
739.679	1	2
739.848	1	12
740.017	1	14
740.186	1	0
740.356	1	11
740.525	1	3
740.694	1	8
740.863	1	0
741.033	1	9
741.202	1	2
741.371	1	10
741.540	1	-3
741.710	1	3
741.879	1	2
742.048	1	8
742.217	1	3
742.387	1	6
742.556	1	3
742.725	1	1
742.894	1	12
743.064	1	14
743.233	1	-1
743.402	1	2
743.571	1	9
743.741	1	3
743.910	1	6
744.079	1	-4
744.248	1	1
744.418	1	5
744.587	1	2
744.756	1	16
744.925	1	-14
745.094	1	-6
745.264	1	-7
745.433	1	5
745.602	1	10
745.771	1	8
745.941	1	3
746.110	1	6
746.279	1	3
746.448	1	9
746.617	1	7
746.787	1	-5
746.956	1	-2
747.125	1	-1
747.294	1	2
747.464	1	-8
747.633	1	15
747.802	1	-10
747.971	1	14
748.140	1	0
748.310	1	4
748.479	1	3
748.648	1	11
748.817	1	7
748.986	1	10
749.156	1	9
749.325	1	4
749.494	1	10
749.663	1	9
749.832	1	7
750.002	1	3
750.171	1	10
750.340	1	0
750.509	1	-10
750.678	1	3
750.848	1	-1
751.017	1	1
751.186	1	12
751.355	1	10
751.524	1	5
751.694	1	5
751.863	1	0
752.032	1	4
752.201	1	3
752.370	1	5
752.540	1	5
752.709	1	10
752.878	1	-2
753.047	1	15
753.216	1	9
753.386	1	0
753.555	1	-2
753.724	1	11
753.893	1	13
754.062	1	12
754.231	1	12
754.401	1	-10
754.570	1	3
754.739	1	3
754.908	1	7
755.077	1	-3
755.247	1	1
755.416	1	5
755.585	1	4
755.754	1	1
755.923	1	4
756.092	1	12
756.262	1	1
756.431	1	3
756.600	1	-7
756.769	1	1
756.938	1	6
757.107	1	-1
757.277	1	7
757.446	1	4
757.615	1	-2
757.784	1	8
757.953	1	-8
758.122	1	1
758.292	1	8
758.461	1	9
758.630	1	4
758.799	1	4
758.968	1	2
759.137	1	6
759.306	1	3
759.476	1	-2
759.645	1	3
759.814	1	4
759.983	1	-2
760.152	1	18
760.321	1	6
760.491	1	4
760.660	1	-10
760.829	1	-1
760.998	1	1
761.167	1	-2
761.336	1	-4
761.505	1	9
761.675	1	10
761.844	1	5
762.013	1	4
762.182	1	3
762.351	1	7
762.520	1	2
762.689	1	-4
762.859	1	-3
763.028	1	-2
763.197	1	-6
763.366	1	16
763.535	1	2
763.704	1	6
763.873	1	3
764.042	1	14
764.212	1	13
764.381	1	3
764.550	1	4
764.719	1	-8
764.888	1	2
765.057	1	6
765.226	1	19
765.395	1	-4
765.565	1	2
765.734	1	14
765.903	1	1
766.072	1	-8
766.241	1	-4
766.410	1	4
766.579	1	0
766.748	1	-3
766.918	1	14
767.087	1	0
767.256	1	-2
767.425	1	7
767.594	1	0
767.763	1	3
767.932	1	-3
768.101	1	-3
768.270	1	2
768.440	1	9
768.609	1	2
768.778	1	-6
768.947	1	18
769.116	1	0
769.285	1	0
769.454	1	9
769.623	1	6
769.792	1	-5
769.961	1	-3
770.131	1	2
770.300	1	4
770.469	1	4
770.638	1	-3
770.807	1	4
770.976	1	6
771.145	1	5
771.314	1	-1
771.483	1	-4
771.652	1	2
771.822	1	-3
771.991	1	6
772.160	1	2
772.329	1	10
772.498	1	7
772.667	1	-3
772.836	1	13
773.005	1	2
773.174	1	9
773.343	1	-2
773.512	1	0
