425.572	1	4
425.743	1	-6
425.913	1	5
426.084	1	9
426.255	1	8
426.426	1	14
426.597	1	-3
426.768	1	8
426.939	1	4
427.109	1	3
427.280	1	2
427.451	1	-2
427.622	1	0
427.793	1	-3
427.964	1	-4
428.135	1	-2
428.305	1	11
428.476	1	4
428.647	1	8
428.818	1	8
428.989	1	4
429.160	1	-9
429.331	1	-5
429.501	1	-2
429.672	1	-1
429.843	1	-2
430.014	1	-2
430.185	1	-2
430.356	1	6
430.527	1	8
430.697	1	8
430.868	1	-6
431.039	1	-6
431.210	1	0
431.381	1	-8
431.552	1	10
431.722	1	10
431.893	1	-9
432.064	1	5
432.235	1	0
432.406	1	-1
432.577	1	2
432.747	1	3
432.918	1	1
433.089	1	6
433.260	1	0
433.431	1	-6
433.602	1	4
433.772	1	2
433.943	1	8
434.114	1	6
434.285	1	-1
434.456	1	-1
434.627	1	-11
434.797	1	-1
434.968	1	2
435.139	1	2
435.310	1	-9
435.481	1	-6
435.652	1	-5
435.822	1	12
435.993	1	-7
436.164	1	6
436.335	1	-5
436.506	1	5
436.676	1	10
436.847	1	11
437.018	1	2
437.189	1	1
437.360	1	0
437.530	1	-2
437.701	1	1
437.872	1	1
438.043	1	-11
438.214	1	1
438.385	1	-2
438.555	1	2
438.726	1	-3
438.897	1	11
439.068	1	3
439.239	1	2
439.409	1	16
439.580	1	1
439.751	1	-3
439.922	1	-4
440.093	1	-7
440.263	1	3
440.434	1	13
440.605	1	-2
440.776	1	5
440.947	1	3
441.117	1	3
441.288	1	3
441.459	1	11
441.630	1	1
441.800	1	-6
441.971	1	-4
442.142	1	1
442.313	1	8
442.484	1	5
442.654	1	11
442.825	1	-12
442.996	1	4
443.167	1	4
443.338	1	-7
443.508	1	4
443.679	1	-5
443.850	1	-9
444.021	1	-9
444.191	1	-3
444.362	1	6
444.533	1	-5
444.704	1	6
444.874	1	14
445.045	1	2
445.216	1	4
445.387	1	-9
445.558	1	-9
445.728	1	0
445.899	1	-4
446.070	1	17
446.241	1	-1
446.411	1	1
446.582	1	1
446.753	1	8
446.924	1	-1
447.094	1	-3
447.265	1	4
447.436	1	-4
447.607	1	-5
447.777	1	-4
447.948	1	11
448.119	1	-2
448.290	1	-5
448.461	1	4
448.631	1	7
448.802	1	-7
448.973	1	-13
449.144	1	1
449.314	1	2
449.485	1	1
449.656	1	3
449.827	1	14
449.997	1	1
450.168	1	9
450.339	1	3
450.509	1	-18
450.680	1	-9
450.851	1	-9
451.022	1	-6
451.192	1	-3
451.363	1	-9
451.534	1	8
451.705	1	0
451.875	1	-2
452.046	1	5
452.217	1	1
452.388	1	10
452.558	1	-1
452.729	1	7
452.900	1	2
453.071	1	-4
453.241	1	0
453.412	1	-2
453.583	1	4
453.753	1	0
453.924	1	-4
454.095	1	11
454.266	1	6
454.436	1	0
454.607	1	-5
454.778	1	-4
454.949	1	-4
455.119	1	9
455.290	1	5
455.461	1	9
455.631	1	-4
455.802	1	-7
455.973	1	5
456.144	1	5
456.314	1	1
456.485	1	-4
456.656	1	-9
456.826	1	-2
456.997	1	-8
457.168	1	1
457.339	1	8
457.509	1	3
457.680	1	7
457.851	1	-2
458.021	1	-4
458.192	1	1
458.363	1	5
458.533	1	5
458.704	1	1
458.875	1	-12
459.046	1	5
459.216	1	-7
459.387	1	-7
459.558	1	-6
459.728	1	8
459.899	1	11
460.070	1	11
460.240	1	-8
460.411	1	8
460.582	1	-2
460.753	1	6
460.923	1	5
461.094	1	-5
461.265	1	-5
461.435	1	-7
461.606	1	10
461.777	1	2
461.947	1	-5
462.118	1	3
462.289	1	17
462.459	1	-10
462.630	1	-8
462.801	1	-6
462.971	1	-3
463.142	1	5
463.313	1	8
463.483	1	7
463.654	1	7
463.825	1	-9
463.995	1	6
464.166	1	-6
464.337	1	-1
464.507	1	0
464.678	1	12
464.849	1	3
465.020	1	-5
465.190	1	0
465.361	1	4
465.532	1	-2
465.702	1	-9
465.873	1	9
466.044	1	-9
466.214	1	2
466.385	1	4
466.555	1	-4
466.726	1	6
466.897	1	0
467.067	1	3
467.238	1	7
467.409	1	0
467.579	1	-2
467.750	1	-12
467.921	1	-3
468.091	1	-1
468.262	1	-8
468.433	1	3
468.603	1	5
468.774	1	1
468.945	1	4
469.115	1	5
469.286	1	7
469.457	1	-8
469.627	1	-3
469.798	1	-8
469.969	1	4
470.139	1	2
470.310	1	-5
470.480	1	6
470.651	1	5
470.822	1	0
470.992	1	-4
471.163	1	4
471.334	1	-7
471.504	1	0
471.675	1	1
471.846	1	13
472.016	1	-5
472.187	1	-1
472.357	1	-1
472.528	1	6
472.699	1	17
472.869	1	9
473.040	1	4
473.211	1	9
473.381	1	0
473.552	1	-1
473.722	1	1
473.893	1	8
474.064	1	-4
474.234	1	0
474.405	1	-4
474.576	1	-10
474.746	1	4
474.917	1	3
475.087	1	-5
475.258	1	-3
475.429	1	1
475.599	1	-9
475.770	1	9
475.941	1	1
476.111	1	-10
476.282	1	-1
476.452	1	7
476.623	1	8
476.794	1	-4
476.964	1	9
477.135	1	10
477.305	1	-8
477.476	1	-5
477.647	1	9
477.817	1	6
477.988	1	-12
478.158	1	0
478.329	1	6
478.500	1	-7
478.670	1	13
478.841	1	-8
479.011	1	0
479.182	1	0
479.353	1	9
479.523	1	-1
479.694	1	4
479.864	1	-1
480.035	1	0
480.206	1	-8
480.376	1	-7
480.547	1	4
480.717	1	-2
480.888	1	1
481.059	1	-2
481.229	1	6
481.400	1	1
481.570	1	1
481.741	1	-4
481.911	1	2
482.082	1	9
482.253	1	3
482.423	1	-7
482.594	1	18
482.764	1	5
482.935	1	5
483.105	1	5
483.276	1	4
483.447	1	-7
483.617	1	-4
483.788	1	11
483.958	1	-2
484.129	1	-2
484.300	1	2
484.470	1	5
484.641	1	6
484.811	1	-9
484.982	1	-3
485.152	1	3
485.323	1	10
485.493	1	1
485.664	1	3
485.835	1	-5
486.005	1	-3
486.176	1	-4
486.346	1	-2
486.517	1	7
486.687	1	-8
486.858	1	7
487.029	1	3
487.199	1	10
487.370	1	-1
487.540	1	16
487.711	1	4
487.881	1	8
488.052	1	-2
488.222	1	1
488.393	1	0
488.563	1	-9
488.734	1	-1
488.905	1	-1
489.075	1	-5
489.246	1	11
489.416	1	3
489.587	1	4
489.757	1	6
489.928	1	-6
490.098	1	4
490.269	1	-7
490.439	1	3
490.610	1	8
490.781	1	5
490.951	1	-1
491.122	1	4
491.292	1	1
491.463	1	-1
491.633	1	8
491.804	1	5
491.974	1	3
492.145	1	-2
492.315	1	4
492.486	1	10
492.656	1	3
492.827	1	-2
492.997	1	-2
493.168	1	5
493.338	1	0
493.509	1	11
493.680	1	1
493.850	1	0
494.021	1	1
494.191	1	1
494.362	1	9
494.532	1	-3
494.703	1	11
494.873	1	0
495.044	1	3
495.214	1	1
495.385	1	2
495.555	1	-4
495.726	1	6
495.896	1	-3
496.067	1	5
496.237	1	-5
496.408	1	2
496.578	1	-6
496.749	1	-3
496.919	1	-3
497.090	1	-5
497.260	1	4
497.431	1	1
497.601	1	2
497.772	1	5
497.942	1	-10
498.113	1	15
498.283	1	-2
498.454	1	-4
498.624	1	-2
498.795	1	4
498.965	1	4
499.136	1	2
499.306	1	7
499.477	1	-2
499.647	1	-5
499.818	1	3
499.988	1	-2
500.159	1	-3
500.329	1	5
500.500	1	2
500.670	1	4
500.841	1	21
501.011	1	3
501.182	1	3
501.352	1	2
501.523	1	7
501.693	1	17
501.864	1	4
502.034	1	0
502.205	1	4
502.375	1	2
502.545	1	2
502.716	1	-5
502.886	1	12
503.057	1	9
503.227	1	2
503.398	1	-2
503.568	1	0
503.739	1	4
503.909	1	1
504.080	1	-5
504.250	1	8
504.421	1	-1
504.591	1	4
504.762	1	-12
504.932	1	7
505.103	1	-2
505.273	1	0
505.443	1	-5
505.614	1	6
505.784	1	-8
505.955	1	-4
506.125	1	-6
506.296	1	15
506.466	1	2
506.637	1	-10
506.807	1	1
506.978	1	0
507.148	1	0
507.318	1	6
507.489	1	2
507.659	1	-1
507.830	1	6
508.000	1	-6
508.171	1	4
508.341	1	5
508.512	1	-1
508.682	1	-2
508.853	1	8
509.023	1	-4
509.193	1	9
509.364	1	10
509.534	1	9
509.705	1	3
509.875	1	7
510.046	1	5
510.216	1	2
510.386	1	-1
510.557	1	2
510.727	1	12
510.898	1	-6
511.068	1	-6
511.239	1	0
511.409	1	-6
511.580	1	-12
511.750	1	0
511.920	1	5
512.091	1	-5
512.261	1	-1
512.432	1	9
512.602	1	6
512.773	1	-2
512.943	1	7
513.113	1	2
513.284	1	0
513.454	1	5
513.625	1	-4
513.795	1	-1
513.965	1	4
514.136	1	-10
514.306	1	-1
514.477	1	3
514.647	1	4
514.818	1	11
514.988	1	3
515.158	1	0
515.329	1	0
515.499	1	4
515.670	1	8
515.840	1	8
516.010	1	-3
516.181	1	2
516.351	1	-5
516.522	1	-5
516.692	1	-3
516.862	1	4
517.033	1	-7
517.203	1	2
517.374	1	-4
517.544	1	7
517.714	1	7
517.885	1	-10
518.055	1	-6
518.226	1	-15
518.396	1	-23
518.566	1	15
518.737	1	1
518.907	1	2
519.078	1	3
519.248	1	10
519.418	1	6
519.589	1	8
519.759	1	4
519.930	1	12
520.100	1	5
520.270	1	-3
520.441	1	2
520.611	1	1
520.781	1	-4
520.952	1	-2
521.122	1	3
521.293	1	-3
521.463	1	12
521.633	1	-2
521.804	1	7
521.974	1	-13
522.145	1	10
522.315	1	-1
522.485	1	-8
522.656	1	0
522.826	1	-9
522.996	1	0
523.167	1	5
523.337	1	9
523.507	1	-4
523.678	1	1
523.848	1	10
524.019	1	8
524.189	1	-8
524.359	1	8
524.530	1	0
524.700	1	4
524.870	1	-1
525.041	1	-9
525.211	1	1
525.381	1	14
525.552	1	7
525.722	1	11
525.893	1	-1
526.063	1	7
526.233	1	3
526.404	1	-7
526.574	1	-10
526.744	1	3
526.915	1	-3
527.085	1	2
527.255	1	-5
527.426	1	3
527.596	1	-1
527.766	1	-5
527.937	1	-2
528.107	1	16
528.277	1	2
528.448	1	2
528.618	1	-7
528.789	1	7
528.959	1	-8
529.129	1	4
529.300	1	1
529.470	1	9
529.640	1	-3
529.811	1	5
529.981	1	16
530.151	1	-1
530.322	1	-3
530.492	1	-8
530.662	1	-9
530.833	1	4
531.003	1	5
531.173	1	-4
531.344	1	-2
531.514	1	3
531.684	1	-6
531.855	1	-6
532.025	1	13
532.195	1	0
532.365	1	7
532.536	1	-4
532.706	1	15
532.876	1	2
533.047	1	0
533.217	1	1
533.387	1	4
533.558	1	4
533.728	1	-6
533.898	1	7
534.069	1	-11
534.239	1	-8
534.409	1	0
534.580	1	0
534.750	1	12
534.920	1	8
535.091	1	-1
535.261	1	6
535.431	1	-2
535.601	1	-1
535.772	1	-3
535.942	1	3
536.112	1	7
536.283	1	-5
536.453	1	-5
536.623	1	-4
536.794	1	6
536.964	1	1
537.134	1	9
537.305	1	8
537.475	1	-3
537.645	1	3
537.815	1	3
537.986	1	1
538.156	1	4
538.326	1	-3
538.497	1	0
538.667	1	6
538.837	1	-6
539.007	1	5
539.178	1	-8
539.348	1	-2
539.518	1	-11
539.689	1	-1
539.859	1	-6
540.029	1	-6
540.199	1	9
540.370	1	-5
540.540	1	3
540.710	1	3
540.881	1	9
541.051	1	11
541.221	1	5
541.391	1	3
541.562	1	-4
541.732	1	-3
541.902	1	-10
542.073	1	0
542.243	1	0
542.413	1	-1
542.583	1	4
542.754	1	7
542.924	1	-4
543.094	1	-6
543.264	1	-3
543.435	1	-1
543.605	1	6
543.775	1	7
543.945	1	0
544.116	1	-1
544.286	1	0
544.456	1	9
544.627	1	4
544.797	1	-5
544.967	1	-5
545.137	1	9
545.308	1	-3
545.478	1	0
545.648	1	7
545.818	1	-4
545.989	1	-3
546.159	1	3
546.329	1	-3
546.499	1	3
546.670	1	-11
546.840	1	10
547.010	1	9
547.180	1	-5
547.351	1	9
547.521	1	-9
547.691	1	-2
547.861	1	-15
548.032	1	-1
548.202	1	-5
548.372	1	-2
548.542	1	-1
548.713	1	-3
548.883	1	13
549.053	1	-3
549.223	1	9
549.393	1	8
549.564	1	-8
549.734	1	7
549.904	1	-1
550.074	1	8
550.245	1	-8
550.415	1	2
550.585	1	2
550.755	1	-4
550.926	1	4
551.096	1	-4
551.266	1	1
551.436	1	6
551.606	1	-8
551.777	1	-4
551.947	1	7
552.117	1	12
552.287	1	6
552.458	1	-2
552.628	1	12
552.798	1	1
552.968	1	-1
553.138	1	11
553.309	1	7
553.479	1	1
553.649	1	2
553.819	1	10
553.990	1	-2
554.160	1	-5
554.330	1	11
554.500	1	9
554.670	1	20
554.841	1	-5
555.011	1	-6
555.181	1	-4
555.351	1	3
555.521	1	-3
555.692	1	10
555.862	1	-1
556.032	1	4
556.202	1	8
556.372	1	-1
556.543	1	2
556.713	1	7
556.883	1	-9
557.053	1	0
557.223	1	-15
557.394	1	-4
557.564	1	1
557.734	1	5
557.904	1	-1
558.074	1	1
558.245	1	4
558.415	1	-2
558.585	1	2
558.755	1	1
558.925	1	15
559.096	1	-4
559.266	1	-4
559.436	1	3
559.606	1	6
559.776	1	0
559.946	1	5
560.117	1	-1
560.287	1	2
560.457	1	-13
560.627	1	-3
560.797	1	-5
560.968	1	3
561.138	1	-1
561.308	1	-18
561.478	1	2
561.648	1	0
561.818	1	8
561.989	1	3
562.159	1	8
562.329	1	-2
562.499	1	2
562.669	1	3
562.839	1	8
563.010	1	-8
563.180	1	-1
563.350	1	1
563.520	1	1
563.690	1	7
563.860	1	5
564.031	1	-5
564.201	1	-7
564.371	1	-9
564.541	1	11
564.711	1	7
564.881	1	-1
565.051	1	17
565.222	1	-1
565.392	1	11
565.562	1	21
565.732	1	0
565.902	1	6
566.072	1	-3
566.243	1	7
566.413	1	-1
566.583	1	3
566.753	1	3
566.923	1	-5
567.093	1	-7
567.263	1	13
567.434	1	9
567.604	1	-2
567.774	1	-3
567.944	1	-2
568.114	1	5
568.284	1	0
568.454	1	-3
568.625	1	6
568.795	1	-1
568.965	1	-4
569.135	1	-3
569.305	1	9
569.475	1	4
569.645	1	6
569.816	1	3
569.986	1	7
570.156	1	-1
570.326	1	-2
570.496	1	9
570.666	1	1
570.836	1	5
571.006	1	3
571.177	1	2
571.347	1	4
571.517	1	0
571.687	1	10
571.857	1	-8
572.027	1	-2
572.197	1	0
572.367	1	0
572.537	1	6
572.708	1	0
572.878	1	-5
573.048	1	4
573.218	1	5
573.388	1	1
573.558	1	0
573.728	1	-9
573.898	1	-1
574.069	1	-8
574.239	1	8
574.409	1	-3
574.579	1	-1
574.749	1	3
574.919	1	14
575.089	1	-5
575.259	1	2
575.429	1	10
575.599	1	-2
575.770	1	-2
575.940	1	-1
576.110	1	-1
576.280	1	-5
576.450	1	-3
576.620	1	-1
576.790	1	2
576.960	1	-5
577.130	1	3
577.300	1	4
577.471	1	13
577.641	1	-7
577.811	1	3
577.981	1	9
578.151	1	4
578.321	1	1
578.491	1	-6
578.661	1	6
578.831	1	6
579.001	1	2
579.171	1	7
579.341	1	-1
579.512	1	-4
579.682	1	8
579.852	1	14
580.022	1	-11
580.192	1	6
580.362	1	8
580.532	1	-1
580.702	1	-4
580.872	1	-1
581.042	1	6
581.212	1	0
581.382	1	-1
581.552	1	-7
581.723	1	4
581.893	1	4
582.063	1	6
582.233	1	6
582.403	1	2
582.573	1	-7
582.743	1	-6
582.913	1	5
583.083	1	4
583.253	1	-2
583.423	1	-4
583.593	1	-3
583.763	1	9
583.933	1	-1
584.103	1	1
584.273	1	-10
584.444	1	1
584.614	1	-5
584.784	1	-10
584.954	1	9
585.124	1	7
585.294	1	7
585.464	1	5
585.634	1	11
585.804	1	8
585.974	1	6
586.144	1	4
586.314	1	3
586.484	1	3
586.654	1	7
586.824	1	-1
586.994	1	1
587.164	1	1
587.334	1	7
587.504	1	-7
587.674	1	8
587.844	1	9
588.015	1	2
588.185	1	-7
588.355	1	0
588.525	1	0
588.695	1	4
588.865	1	-3
589.035	1	5
589.205	1	-3
589.375	1	-6
589.545	1	6
589.715	1	2
589.885	1	1
590.055	1	3
590.225	1	6
590.395	1	2
590.565	1	-3
590.735	1	3
590.905	1	1
591.075	1	14
591.245	1	-8
591.415	1	-4
591.585	1	2
591.755	1	-4
591.925	1	1
592.095	1	5
592.265	1	-8
592.435	1	-1
592.605	1	-2
592.775	1	1
592.945	1	3
593.115	1	3
593.285	1	8
593.455	1	-7
593.625	1	-2
593.795	1	3
593.965	1	9
594.135	1	5
594.305	1	-6
594.475	1	3
594.645	1	9
594.815	1	-1
594.985	1	0
595.155	1	-1
595.325	1	9
595.495	1	9
595.665	1	-3
595.835	1	-2
596.005	1	-4
596.175	1	4
596.345	1	-2
596.515	1	6
596.685	1	-1
596.855	1	-3
597.025	1	5
597.195	1	7
597.365	1	2
597.535	1	1
597.705	1	3
597.875	1	-1
598.045	1	-13
598.215	1	3
598.385	1	6
598.555	1	-11
598.725	1	18
598.895	1	4
599.065	1	-3
599.235	1	-8
599.405	1	3
599.575	1	7
599.745	1	-2
599.915	1	-3
600.085	1	2
600.255	1	-10
600.425	1	6
600.595	1	-4
600.765	1	10
600.935	1	-2
601.105	1	7
601.275	1	-2
601.445	1	8
601.615	1	0
601.785	1	6
601.955	1	1
602.125	1	-6
602.295	1	-1
602.465	1	-1
602.635	1	2
602.804	1	4
602.974	1	12
603.144	1	-5
603.314	1	-2
603.484	1	6
603.654	1	-1
603.824	1	-2
603.994	1	3
604.164	1	-10
604.334	1	6
604.504	1	-1
604.674	1	1
604.844	1	-3
605.014	1	4
605.184	1	-3
605.354	1	7
605.524	1	-1
605.694	1	-5
605.864	1	3
606.034	1	1
606.204	1	7
606.373	1	-6
606.543	1	-2
606.713	1	1
606.883	1	5
607.053	1	-2
607.223	1	8
607.393	1	6
607.563	1	5
607.733	1	-6
607.903	1	1
608.073	1	-11
608.243	1	5
608.413	1	15
608.583	1	-6
608.753	1	0
608.923	1	8
609.092	1	1
609.262	1	10
609.432	1	1
609.602	1	3
609.772	1	6
609.942	1	2
610.112	1	3
610.282	1	-1
610.452	1	16
610.622	1	4
610.792	1	7
610.962	1	8
611.132	1	-5
611.301	1	-2
611.471	1	-1
611.641	1	4
611.811	1	-4
611.981	1	5
612.151	1	5
612.321	1	11
612.491	1	3
612.661	1	3
612.831	1	-4
613.001	1	3
613.171	1	17
613.340	1	-6
613.510	1	7
613.680	1	-8
613.850	1	-1
614.020	1	-5
614.190	1	-6
614.360	1	7
614.530	1	-9
614.700	1	-6
614.870	1	3
615.039	1	7
615.209	1	-3
615.379	1	-8
615.549	1	10
615.719	1	3
615.889	1	0
616.059	1	6
616.229	1	-7
616.399	1	-9
616.568	1	-2
616.738	1	0
616.908	1	-5
617.078	1	6
617.248	1	-16
617.418	1	10
617.588	1	5
617.758	1	1
617.928	1	2
618.097	1	5
618.267	1	5
618.437	1	7
618.607	1	-7
618.777	1	2
618.947	1	2
619.117	1	-1
619.287	1	3
619.457	1	11
619.626	1	19
619.796	1	0
619.966	1	-1
620.136	1	4
620.306	1	-1
620.476	1	-6
620.646	1	-5
620.815	1	12
620.985	1	-7
621.155	1	14
621.325	1	-1
621.495	1	7
621.665	1	7
621.835	1	12
622.005	1	13
622.174	1	-5
622.344	1	-2
622.514	1	6
622.684	1	6
622.854	1	0
623.024	1	6
623.194	1	-5
623.363	1	-7
623.533	1	-2
623.703	1	12
623.873	1	-4
624.043	1	3
624.213	1	1
624.383	1	-14
624.552	1	-3
624.722	1	0
624.892	1	1
625.062	1	5
625.232	1	1
625.402	1	13
625.571	1	-5
625.741	1	9
625.911	1	6
626.081	1	8
626.251	1	-2
626.421	1	-10
626.591	1	2
626.760	1	1
626.930	1	3
627.100	1	5
627.270	1	8
627.440	1	7
627.610	1	-6
627.779	1	-1
627.949	1	-3
628.119	1	-5
628.289	1	9
628.459	1	1
628.629	1	0
628.798	1	0
628.968	1	1
629.138	1	15
629.308	1	13
629.478	1	3
629.647	1	2
629.817	1	-7
629.987	1	-7
630.157	1	0
630.327	1	2
630.497	1	-14
630.666	1	4
630.836	1	19
631.006	1	7
631.176	1	0
631.346	1	6
631.515	1	0
631.685	1	-8
631.855	1	9
632.025	1	1
632.195	1	7
632.365	1	-10
632.534	1	4
632.704	1	18
632.874	1	2
633.044	1	-1
633.214	1	-7
633.383	1	-3
633.553	1	-6
633.723	1	7
633.893	1	7
634.063	1	7
634.232	1	-6
634.402	1	6
634.572	1	9
634.742	1	-11
634.912	1	-6
635.081	1	-5
635.251	1	-1
635.421	1	-4
635.591	1	7
635.761	1	-6
635.930	1	7
636.100	1	-5
636.270	1	-4
636.440	1	18
636.610	1	-7
636.779	1	12
636.949	1	-2
637.119	1	12
637.289	1	2
637.458	1	7
637.628	1	7
637.798	1	5
637.968	1	-5
638.138	1	11
638.307	1	2
638.477	1	-11
638.647	1	-6
638.817	1	-3
638.986	1	8
639.156	1	11
639.326	1	8
639.496	1	0
639.666	1	7
639.835	1	0
640.005	1	5
640.175	1	-6
640.345	1	-1
640.514	1	0
640.684	1	0
640.854	1	5
641.024	1	-3
641.193	1	14
641.363	1	-4
641.533	1	5
641.703	1	6
641.872	1	-5
642.042	1	-1
642.212	1	-13
642.382	1	-14
642.552	1	14
642.721	1	5
642.891	1	3
643.061	1	3
643.231	1	1
643.400	1	2
643.570	1	0
643.740	1	-2
643.910	1	5
644.079	1	6
644.249	1	-2
644.419	1	-1
644.589	1	2
644.758	1	-3
644.928	1	3
645.098	1	-3
645.268	1	9
645.437	1	-10
645.607	1	6
645.777	1	-2
645.946	1	10
646.116	1	10
646.286	1	-1
646.456	1	5
646.625	1	-3
646.795	1	-5
646.965	1	4
647.135	1	-11
647.304	1	4
647.474	1	15
647.644	1	1
647.814	1	1
647.983	1	-3
648.153	1	-2
648.323	1	4
648.492	1	1
648.662	1	1
648.832	1	0
649.002	1	0
649.171	1	0
649.341	1	0
649.511	1	-4
649.681	1	-6
649.850	1	9
650.020	1	-7
650.190	1	1
650.359	1	-10
650.529	1	5
650.699	1	3
650.869	1	-5
651.038	1	7
651.208	1	-5
651.378	1	-12
651.547	1	7
651.717	1	-4
651.887	1	-5
652.057	1	6
652.226	1	8
652.396	1	1
652.566	1	13
652.735	1	5
652.905	1	2
653.075	1	-2
653.244	1	-5
653.414	1	-6
653.584	1	2
653.754	1	-7
653.923	1	-4
654.093	1	8
654.263	1	1
654.432	1	7
654.602	1	11
654.772	1	2
654.941	1	9
655.111	1	2
655.281	1	-1
655.451	1	3
655.620	1	-1
655.790	1	7
655.960	1	-1
656.129	1	12
656.299	1	0
656.469	1	1
656.638	1	-7
656.808	1	-4
656.978	1	-1
657.147	1	9
657.317	1	3
657.487	1	3
657.656	1	-1
657.826	1	-4
657.996	1	3
658.165	1	-4
658.335	1	6
658.505	1	0
658.674	1	7
658.844	1	-3
659.014	1	9
659.184	1	-6
659.353	1	-2
659.523	1	-15
659.693	1	0
659.862	1	1
660.032	1	-3
660.202	1	2
660.371	1	1
660.541	1	15
660.711	1	-9
660.880	1	-2
661.050	1	8
661.220	1	-2
661.389	1	2
661.559	1	9
661.728	1	4
661.898	1	-9
662.068	1	-7
662.237	1	3
662.407	1	6
662.577	1	1
662.746	1	3
662.916	1	7
663.086	1	4
663.255	1	4
663.425	1	-1
663.595	1	9
663.764	1	4
663.934	1	4
664.104	1	7
664.273	1	8
664.443	1	4
664.613	1	3
664.782	1	-11
664.952	1	-14
665.121	1	8
665.291	1	3
665.461	1	8
665.630	1	11
665.800	1	-1
665.970	1	-4
666.139	1	14
666.309	1	1
666.479	1	10
666.648	1	-9
666.818	1	12
666.987	1	-1
667.157	1	10
667.327	1	-1
667.496	1	-6
667.666	1	7
667.836	1	3
668.005	1	12
668.175	1	-3
668.344	1	6
668.514	1	8
668.684	1	6
668.853	1	-6
669.023	1	6
669.193	1	2
669.362	1	6
669.532	1	6
669.701	1	0
669.871	1	4
670.041	1	6
670.210	1	-1
670.380	1	-7
670.550	1	-1
670.719	1	1
670.889	1	5
671.058	1	22
671.228	1	-3
671.398	1	0
671.567	1	7
671.737	1	1
671.906	1	-4
672.076	1	4
672.246	1	10
672.415	1	2
672.585	1	4
672.754	1	-9
672.924	1	-1
673.094	1	8
673.263	1	-7
673.433	1	9
673.602	1	4
673.772	1	-1
673.942	1	1
674.111	1	-3
674.281	1	-1
674.450	1	15
674.620	1	-2
674.790	1	6
674.959	1	2
675.129	1	-6
675.298	1	-2
675.468	1	-3
675.638	1	9
675.807	1	4
675.977	1	-14
676.146	1	8
676.316	1	5
676.485	1	0
676.655	1	1
676.825	1	13
676.994	1	0
677.164	1	-5
677.333	1	-1
677.503	1	-1
677.672	1	-10
677.842	1	1
678.012	1	-7
678.181	1	8
678.351	1	5
678.520	1	-5
678.690	1	6
678.859	1	-6
679.029	1	-15
679.199	1	2
679.368	1	-7
679.538	1	10
679.707	1	-2
679.877	1	-16
680.046	1	9
680.216	1	5
680.386	1	-7
680.555	1	9
680.725	1	-5
680.894	1	-9
681.064	1	2
681.233	1	-1
681.403	1	4
681.572	1	-3
681.742	1	-2
681.912	1	-2
682.081	1	-11
682.251	1	-7
682.420	1	-6
682.590	1	-8
682.759	1	0
682.929	1	-1
683.098	1	8
683.268	1	-1
683.438	1	-3
683.607	1	-9
683.777	1	-5
683.946	1	-6
684.116	1	2
684.285	1	-4
684.455	1	-2
684.624	1	2
684.794	1	1
684.963	1	1
685.133	1	-7
685.303	1	-6
685.472	1	-11
685.642	1	18
685.811	1	-6
685.981	1	-1
686.150	1	3
686.320	1	10
686.489	1	9
686.659	1	14
686.828	1	3
686.998	1	-1
687.167	1	-6
687.337	1	-8
687.506	1	10
687.676	1	12
687.845	1	-9
688.015	1	1
688.184	1	2
688.354	1	11
688.524	1	0
688.693	1	3
688.863	1	10
689.032	1	2
689.202	1	-2
689.371	1	5
689.541	1	6
689.710	1	3
689.880	1	3
690.049	1	6
690.219	1	6
690.388	1	0
690.558	1	-7
690.727	1	11
690.897	1	-3
691.066	1	-1
691.236	1	-1
691.405	1	-4
691.575	1	5
691.744	1	0
691.914	1	4
692.083	1	-2
692.253	1	-3
692.422	1	8
692.592	1	3
692.761	1	2
692.931	1	2
693.100	1	-3
693.270	1	0
693.439	1	-4
693.609	1	2
693.778	1	3
693.948	1	4
694.117	1	9
694.287	1	6
694.456	1	-4
694.626	1	-2
694.795	1	-2
694.965	1	-1
695.134	1	-1
695.304	1	-6
695.473	1	-11
695.643	1	1
695.812	1	6
695.982	1	6
696.151	1	9
696.321	1	-12
696.490	1	-10
696.659	1	-4
696.829	1	-5
696.998	1	-2
697.168	1	-3
697.337	1	4
697.507	1	1
697.676	1	9
697.846	1	4
698.015	1	-2
698.185	1	-1
698.354	1	-4
698.524	1	10
698.693	1	-8
698.863	1	1
699.032	1	-4
699.202	1	12
699.371	1	-1
699.540	1	6
699.710	1	3
699.879	1	2
700.049	1	4
700.218	1	-9
700.388	1	5
700.557	1	2
700.727	1	-2
700.896	1	-6
701.066	1	-6
701.235	1	5
701.405	1	7
701.574	1	5
701.743	1	-2
701.913	1	-8
702.082	1	6
702.252	1	0
702.421	1	1
702.591	1	-1
702.760	1	1
702.930	1	-6
703.099	1	13
703.268	1	8
703.438	1	7
703.607	1	17
703.777	1	-1
703.946	1	-2
704.116	1	-4
704.285	1	9
704.455	1	-2
704.624	1	-2
704.793	1	11
704.963	1	10
705.132	1	5
705.302	1	11
705.471	1	5
705.641	1	-1
705.810	1	0
705.979	1	4
706.149	1	-5
706.318	1	-4
706.488	1	2
706.657	1	-11
706.827	1	14
706.996	1	1
707.165	1	12
707.335	1	4
707.504	1	12
707.674	1	10
707.843	1	3
708.013	1	4
708.182	1	-12
708.351	1	-6
708.521	1	2
708.690	1	-8
708.860	1	-4
709.029	1	4
709.198	1	-4
709.368	1	17
709.537	1	12
709.707	1	-1
709.876	1	0
710.046	1	10
710.215	1	12
710.384	1	-4
710.554	1	-6
710.723	1	-3
710.893	1	6
711.062	1	5
711.231	1	4
711.401	1	-1
711.570	1	9
711.740	1	3
711.909	1	-4
712.078	1	-8
712.248	1	-1
712.417	1	2
712.587	1	11
712.756	1	7
712.925	1	-5
713.095	1	0
713.264	1	-3
713.434	1	3
713.603	1	4
713.772	1	1
713.942	1	2
714.111	1	16
714.280	1	-1
714.450	1	13
714.619	1	17
714.789	1	9
714.958	1	5
715.127	1	-10
715.297	1	-1
715.466	1	2
715.636	1	0
715.805	1	-3
715.974	1	4
716.144	1	3
716.313	1	11
716.482	1	10
716.652	1	-2
716.821	1	6
716.991	1	1
717.160	1	7
717.329	1	-8
717.499	1	2
717.668	1	-5
717.837	1	14
718.007	1	7
718.176	1	-8
718.346	1	6
718.515	1	5
718.684	1	1
718.854	1	-2
719.023	1	-5
719.192	1	-7
719.362	1	0
719.531	1	-6
719.700	1	7
719.870	1	-2
720.039	1	-4
720.208	1	12
720.378	1	-1
720.547	1	-8
720.717	1	0
720.886	1	2
721.055	1	11
721.225	1	-12
721.394	1	-1
721.563	1	5
721.733	1	3
721.902	1	1
722.071	1	2
722.241	1	7
722.410	1	9
722.579	1	6
722.749	1	4
722.918	1	1
723.087	1	10
723.257	1	-6
723.426	1	-3
723.595	1	0
723.765	1	9
723.934	1	11
724.103	1	2
724.273	1	-2
724.442	1	5
724.611	1	-1
724.781	1	3
724.950	1	6
725.119	1	-4
725.289	1	-2
725.458	1	-3
725.627	1	4
725.797	1	4
725.966	1	-9
726.135	1	-1
726.305	1	2
726.474	1	-3
726.643	1	7
726.813	1	2
726.982	1	6
727.151	1	-7
727.321	1	-5
727.490	1	11
727.659	1	11
727.829	1	13
727.998	1	-6
728.167	1	2
728.337	1	-2
728.506	1	10
728.675	1	2
728.845	1	5
729.014	1	-1
729.183	1	-1
729.352	1	2
729.522	1	11
729.691	1	0
729.860	1	13
730.030	1	-2
730.199	1	-7
730.368	1	3
730.538	1	-7
730.707	1	6
730.876	1	2
731.045	1	-2
731.215	1	4
731.384	1	-3
731.553	1	6
731.723	1	2
731.892	1	5
732.061	1	8
732.231	1	2
732.400	1	13
732.569	1	5
732.738	1	-1
732.908	1	3
733.077	1	-5
733.246	1	-2
733.416	1	1
733.585	1	1
733.754	1	5
733.923	1	1
734.093	1	2
734.262	1	-9
734.431	1	1
734.601	1	-9
734.770	1	3
734.939	1	0
735.108	1	12
735.278	1	6
735.447	1	-3
735.616	1	-4
735.786	1	-10
735.955	1	-2
736.124	1	2
736.293	1	-2
736.463	1	5
736.632	1	8
736.801	1	0
736.970	1	4
737.140	1	-7
737.309	1	-5
737.478	1	-3
737.648	1	6
737.817	1	-5
737.986	1	-3
738.155	1	2
738.325	1	12
738.494	1	-9
738.663	1	-1
738.832	1	14
739.002	1	-2
739.171	1	-7
739.340	1	-4
739.509	1	-5
739.679	1	1
739.848	1	17
740.017	1	-5
740.186	1	-5
740.356	1	5
740.525	1	-4
740.694	1	1
740.863	1	0
741.033	1	5
741.202	1	2
741.371	1	-1
741.540	1	-11
741.710	1	-5
741.879	1	-5
742.048	1	14
742.217	1	1
742.387	1	-11
742.556	1	-2
742.725	1	-10
742.894	1	3
743.064	1	9
743.233	1	-5
743.402	1	-1
743.571	1	-6
743.741	1	10
743.910	1	5
744.079	1	-7
744.248	1	5
744.418	1	-5
744.587	1	-5
744.756	1	17
744.925	1	-8
745.094	1	-5
745.264	1	-9
745.433	1	4
745.602	1	3
745.771	1	10
745.941	1	7
746.110	1	6
746.279	1	2
746.448	1	-1
746.617	1	-1
746.787	1	1
746.956	1	2
747.125	1	-1
747.294	1	-3
747.464	1	-11
747.633	1	8
747.802	1	3
747.971	1	8
748.140	1	5
748.310	1	1
748.479	1	-1
748.648	1	1
748.817	1	3
748.986	1	10
749.156	1	4
749.325	1	1
749.494	1	5
749.663	1	0
749.832	1	-6
750.002	1	-5
750.171	1	6
750.340	1	4
750.509	1	-8
750.678	1	-5
750.848	1	1
751.017	1	9
751.186	1	0
751.355	1	7
751.524	1	-5
751.694	1	2
751.863	1	-4
752.032	1	1
752.201	1	3
752.370	1	5
752.540	1	1
752.709	1	11
752.878	1	-4
753.047	1	0
753.216	1	2
753.386	1	4
753.555	1	0
753.724	1	1
753.893	1	10
754.062	1	4
754.231	1	5
754.401	1	-1
754.570	1	-2
754.739	1	6
754.908	1	-15
755.077	1	1
755.247	1	0
755.416	1	10
755.585	1	0
755.754	1	-1
755.923	1	-2
756.092	1	2
756.262	1	4
756.431	1	5
756.600	1	-15
756.769	1	8
756.938	1	-2
757.107	1	2
757.277	1	2
757.446	1	7
757.615	1	3
757.784	1	4
757.953	1	-18
758.122	1	-8
758.292	1	-3
758.461	1	5
758.630	1	1
758.799	1	11
758.968	1	-4
759.137	1	-8
759.306	1	8
759.476	1	-1
759.645	1	-11
759.814	1	3
759.983	1	5
760.152	1	4
760.321	1	-2
760.491	1	2
760.660	1	-5
760.829	1	-3
760.998	1	6
761.167	1	0
761.336	1	-11
761.505	1	11
761.675	1	7
761.844	1	-9
762.013	1	-6
762.182	1	5
762.351	1	-9
762.520	1	10
762.689	1	1
762.859	1	-2
763.028	1	0
763.197	1	1
763.366	1	10
763.535	1	-4
763.704	1	1
763.873	1	6
764.042	1	9
764.212	1	7
764.381	1	6
764.550	1	-3
764.719	1	-4
764.888	1	11
765.057	1	2
765.226	1	15
765.395	1	-2
765.565	1	3
765.734	1	1
765.903	1	4
766.072	1	-8
766.241	1	3
766.410	1	-5
766.579	1	7
766.748	1	-10
766.918	1	-5
767.087	1	5
767.256	1	5
767.425	1	1
767.594	1	-10
767.763	1	14
767.932	1	-2
768.101	1	-3
768.270	1	14
768.440	1	8
768.609	1	-6
768.778	1	-11
768.947	1	6
769.116	1	5
769.285	1	0
769.454	1	-1
769.623	1	-14
769.792	1	2
769.961	1	4
770.131	1	5
770.300	1	-1
770.469	1	3
770.638	1	4
770.807	1	0
770.976	1	1
771.145	1	1
771.314	1	3
771.483	1	3
771.652	1	1
771.822	1	-5
771.991	1	-5
772.160	1	7
772.329	1	0
772.498	1	5
772.667	1	-4
772.836	1	0
773.005	1	0
773.174	1	10
773.343	1	-10
773.512	1	-5
