425.572	1	37
425.743	1	16
425.913	1	38
426.084	1	30
426.255	1	43
426.426	1	46
426.597	1	30
426.768	1	31
426.939	1	40
427.109	1	38
427.280	1	29
427.451	1	32
427.622	1	30
427.793	1	32
427.964	1	28
428.135	1	36
428.305	1	36
428.476	1	34
428.647	1	30
428.818	1	57
428.989	1	38
429.160	1	28
429.331	1	38
429.501	1	38
429.672	1	29
429.843	1	37
430.014	1	31
430.185	1	33
430.356	1	25
430.527	1	45
430.697	1	33
430.868	1	27
431.039	1	25
431.210	1	35
431.381	1	28
431.552	1	31
431.722	1	45
431.893	1	25
432.064	1	34
432.235	1	13
432.406	1	27
432.577	1	46
432.747	1	44
432.918	1	36
433.089	1	42
433.260	1	37
433.431	1	39
433.602	1	35
433.772	1	37
433.943	1	35
434.114	1	35
434.285	1	31
434.456	1	28
434.627	1	28
434.797	1	29
434.968	1	31
435.139	1	29
435.310	1	24
435.481	1	32
435.652	1	30
435.822	1	34
435.993	1	39
436.164	1	33
436.335	1	33
436.506	1	31
436.676	1	44
436.847	1	39
437.018	1	31
437.189	1	35
437.360	1	41
437.530	1	31
437.701	1	32
437.872	1	34
438.043	1	29
438.214	1	29
438.385	1	33
438.555	1	34
438.726	1	30
438.897	1	42
439.068	1	31
439.239	1	40
439.409	1	45
439.580	1	28
439.751	1	33
439.922	1	35
440.093	1	24
440.263	1	34
440.434	1	37
440.605	1	32
440.776	1	34
440.947	1	39
441.117	1	29
441.288	1	35
441.459	1	34
441.630	1	37
441.800	1	19
441.971	1	30
442.142	1	29
442.313	1	33
442.484	1	23
442.654	1	42
442.825	1	23
442.996	1	37
443.167	1	23
443.338	1	17
443.508	1	37
443.679	1	13
443.850	1	12
444.021	1	27
444.191	1	36
444.362	1	33
444.533	1	28
444.704	1	34
444.874	1	42
445.045	1	40
445.216	1	15
445.387	1	31
445.558	1	27
445.728	1	26
445.899	1	25
446.070	1	47
446.241	1	23
446.411	1	25
446.582	1	26
446.753	1	26
446.924	1	22
447.094	1	21
447.265	1	25
447.436	1	16
447.607	1	22
447.777	1	15
447.948	1	31
448.119	1	36
448.290	1	25
448.461	1	30
448.631	1	37
448.802	1	28
448.973	1	19
449.144	1	35
449.314	1	23
449.485	1	28
449.656	1	29
449.827	1	31
449.997	1	37
450.168	1	25
450.339	1	25
450.509	1	15
450.680	1	13
450.851	1	13
451.022	1	25
451.192	1	23
451.363	1	19
451.534	1	22
451.705	1	26
451.875	1	22
452.046	1	30
452.217	1	31
452.388	1	31
452.558	1	29
452.729	1	28
452.900	1	32
453.071	1	36
453.241	1	7
453.412	1	25
453.583	1	26
453.753	1	28
453.924	1	23
454.095	1	32
454.266	1	25
454.436	1	17
454.607	1	21
454.778	1	24
454.949	1	18
455.119	1	35
455.290	1	29
455.461	1	27
455.631	1	17
455.802	1	18
455.973	1	37
456.144	1	23
456.314	1	20
456.485	1	13
456.656	1	19
456.826	1	22
456.997	1	13
457.168	1	26
457.339	1	25
457.509	1	30
457.680	1	17
457.851	1	17
458.021	1	26
458.192	1	16
458.363	1	24
458.533	1	20
458.704	1	27
458.875	1	13
459.046	1	18
459.216	1	18
459.387	1	25
459.558	1	14
459.728	1	24
459.899	1	33
460.070	1	26
460.240	1	25
460.411	1	21
460.582	1	28
460.753	1	19
460.923	1	24
461.094	1	8
461.265	1	22
461.435	1	16
461.606	1	25
461.777	1	20
461.947	1	29
462.118	1	18
462.289	1	23
462.459	1	30
462.630	1	16
462.801	1	17
462.971	1	25
463.142	1	18
463.313	1	23
463.483	1	29
463.654	1	33
463.825	1	23
463.995	1	24
464.166	1	23
464.337	1	24
464.507	1	25
464.678	1	13
464.849	1	25
465.020	1	27
465.190	1	21
465.361	1	32
465.532	1	21
465.702	1	14
465.873	1	28
466.044	1	22
466.214	1	22
466.385	1	21
466.555	1	18
466.726	1	25
466.897	1	16
467.067	1	26
467.238	1	26
467.409	1	26
467.579	1	17
467.750	1	23
467.921	1	27
468.091	1	15
468.262	1	11
468.433	1	21
468.603	1	22
468.774	1	23
468.945	1	27
469.115	1	28
469.286	1	32
469.457	1	22
469.627	1	17
469.798	1	20
469.969	1	28
470.139	1	10
470.310	1	15
470.480	1	18
470.651	1	23
470.822	1	29
470.992	1	13
471.163	1	20
471.334	1	20
471.504	1	15
471.675	1	20
471.846	1	25
472.016	1	23
472.187	1	23
472.357	1	19
472.528	1	21
472.699	1	23
472.869	1	20
473.040	1	9
473.211	1	26
473.381	1	26
473.552	1	17
473.722	1	15
473.893	1	28
474.064	1	14
474.234	1	5
474.405	1	14
474.576	1	19
474.746	1	15
474.917	1	17
475.087	1	19
475.258	1	18
475.429	1	18
475.599	1	11
475.770	1	25
475.941	1	18
476.111	1	16
476.282	1	13
476.452	1	17
476.623	1	22
476.794	1	23
476.964	1	23
477.135	1	33
477.305	1	7
477.476	1	19
477.647	1	23
477.817	1	22
477.988	1	9
478.158	1	10
478.329	1	15
478.500	1	14
478.670	1	12
478.841	1	9
479.011	1	21
479.182	1	5
479.353	1	16
479.523	1	9
479.694	1	20
479.864	1	18
480.035	1	34
480.206	1	3
480.376	1	19
480.547	1	31
480.717	1	14
480.888	1	22
481.059	1	11
481.229	1	21
481.400	1	22
481.570	1	19
481.741	1	10
481.911	1	15
482.082	1	17
482.253	1	14
482.423	1	15
482.594	1	29
482.764	1	22
482.935	1	23
483.105	1	11
483.276	1	24
483.447	1	10
483.617	1	17
483.788	1	23
483.958	1	20
484.129	1	16
484.300	1	12
484.470	1	14
484.641	1	22
484.811	1	14
484.982	1	9
485.152	1	14
485.323	1	18
485.493	1	18
485.664	1	19
485.835	1	9
486.005	1	11
486.176	1	9
486.346	1	8
486.517	1	29
486.687	1	20
486.858	1	10
487.029	1	10
487.199	1	26
487.370	1	6
487.540	1	27
487.711	1	9
487.881	1	28
488.052	1	9
488.222	1	12
488.393	1	4
488.563	1	6
488.734	1	17
488.905	1	16
489.075	1	18
489.246	1	30
489.416	1	16
489.587	1	6
489.757	1	12
489.928	1	9
490.098	1	8
490.269	1	13
490.439	1	12
490.610	1	4
490.781	1	24
490.951	1	8
491.122	1	17
491.292	1	16
491.463	1	9
491.633	1	7
491.804	1	12
491.974	1	19
492.145	1	10
492.315	1	13
492.486	1	13
492.656	1	6
492.827	1	15
492.997	1	9
493.168	1	22
493.338	1	22
493.509	1	17
493.680	1	4
493.850	1	13
494.021	1	4
494.191	1	5
494.362	1	10
494.532	1	15
494.703	1	11
494.873	1	23
495.044	1	19
495.214	1	11
495.385	1	3
495.555	1	14
495.726	1	12
495.896	1	14
496.067	1	1
496.237	1	16
496.408	1	4
496.578	1	6
496.749	1	14
496.919	1	16
497.090	1	16
497.260	1	15
497.431	1	8
497.601	1	12
497.772	1	16
497.942	1	8
498.113	1	20
498.283	1	7
498.454	1	16
498.624	1	9
498.795	1	7
498.965	1	18
499.136	1	1
499.306	1	11
499.477	1	11
499.647	1	10
499.818	1	11
499.988	1	15
500.159	1	10
500.329	1	18
500.500	1	3
500.670	1	25
500.841	1	18
501.011	1	10
501.182	1	5
501.352	1	16
501.523	1	14
501.693	1	27
501.864	1	9
502.034	1	10
502.205	1	14
502.375	1	2
502.545	1	9
502.716	1	15
502.886	1	10
503.057	1	16
503.227	1	8
503.398	1	18
503.568	1	15
503.739	1	10
503.909	1	12
504.080	1	4
504.250	1	9
504.421	1	4
504.591	1	3
504.762	1	0
504.932	1	14
505.103	1	7
505.273	1	17
505.443	1	5
505.614	1	19
505.784	1	6
505.955	1	11
506.125	1	-5
506.296	1	14
506.466	1	8
506.637	1	-1
506.807	1	10
506.978	1	12
507.148	1	13
507.318	1	20
507.489	1	15
507.659	1	6
507.830	1	9
508.000	1	3
508.171	1	8
508.341	1	15
508.512	1	5
508.682	1	16
508.853	1	16
509.023	1	5
509.193	1	15
509.364	1	15
509.534	1	21
509.705	1	2
509.875	1	18
510.046	1	9
510.216	1	1
510.386	1	17
510.557	1	14
510.727	1	13
510.898	1	2
511.068	1	12
511.239	1	10
511.409	1	9
511.580	1	9
511.750	1	5
511.920	1	23
512.091	1	-4
512.261	1	6
512.432	1	14
512.602	1	21
512.773	1	-6
512.943	1	15
513.113	1	6
513.284	1	9
513.454	1	4
513.625	1	7
513.795	1	3
513.965	1	12
514.136	1	7
514.306	1	0
514.477	1	11
514.647	1	12
514.818	1	15
514.988	1	10
515.158	1	10
515.329	1	3
515.499	1	-4
515.670	1	16
515.840	1	20
516.010	1	3
516.181	1	7
516.351	1	-3
516.522	1	9
516.692	1	7
516.862	1	10
517.033	1	9
517.203	1	6
517.374	1	-3
517.544	1	17
517.714	1	14
517.885	1	8
518.055	1	-2
518.226	1	6
518.396	1	-3
518.566	1	15
518.737	1	5
518.907	1	0
519.078	1	3
519.248	1	14
519.418	1	8
519.589	1	12
519.759	1	5
519.930	1	3
520.100	1	-3
520.270	1	-4
520.441	1	7
520.611	1	7
520.781	1	22
520.952	1	9
521.122	1	6
521.293	1	7
521.463	1	10
521.633	1	2
521.804	1	3
521.974	1	-3
522.145	1	12
522.315	1	1
522.485	1	4
522.656	1	10
522.826	1	-1
522.996	1	3
523.167	1	3
523.337	1	11
523.507	1	0
523.678	1	10
523.848	1	22
524.019	1	14
524.189	1	-4
524.359	1	7
524.530	1	6
524.700	1	11
524.870	1	10
525.041	1	11
525.211	1	4
525.381	1	10
525.552	1	4
525.722	1	16
525.893	1	10
526.063	1	5
526.233	1	2
526.404	1	-2
526.574	1	0
526.744	1	10
526.915	1	4
527.085	1	9
527.255	1	1
527.426	1	15
527.596	1	1
527.766	1	4
527.937	1	-8
528.107	1	16
528.277	1	5
528.448	1	11
528.618	1	-5
528.789	1	16
528.959	1	-3
529.129	1	9
529.300	1	23
529.470	1	2
529.640	1	6
529.811	1	10
529.981	1	14
530.151	1	0
530.322	1	-6
530.492	1	-3
530.662	1	1
530.833	1	4
531.003	1	6
531.173	1	12
531.344	1	8
531.514	1	11
531.684	1	-5
531.855	1	8
532.025	1	9
532.195	1	7
532.365	1	13
532.536	1	12
532.706	1	13
532.876	1	5
533.047	1	2
533.217	1	6
533.387	1	4
533.558	1	11
533.728	1	6
533.898	1	8
534.069	1	5
534.239	1	0
534.409	1	7
534.580	1	-1
534.750	1	7
534.920	1	7
535.091	1	-1
535.261	1	12
535.431	1	-1
535.601	1	1
535.772	1	4
535.942	1	14
536.112	1	10
536.283	1	5
536.453	1	-1
536.623	1	0
536.794	1	6
536.964	1	1
537.134	1	1
537.305	1	8
537.475	1	1
537.645	1	12
537.815	1	6
537.986	1	3
538.156	1	11
538.326	1	8
538.497	1	-2
538.667	1	-3
538.837	1	6
539.007	1	5
539.178	1	6
539.348	1	0
539.518	1	-1
539.689	1	8
539.859	1	5
540.029	1	-2
540.199	1	5
540.370	1	5
540.540	1	15
540.710	1	7
540.881	1	5
541.051	1	24
541.221	1	4
541.391	1	7
541.562	1	1
541.732	1	2
541.902	1	-8
542.073	1	-2
542.243	1	2
542.413	1	-4
542.583	1	6
542.754	1	9
542.924	1	-3
543.094	1	-13
543.264	1	1
543.435	1	1
543.605	1	1
543.775	1	11
543.945	1	9
544.116	1	3
544.286	1	0
544.456	1	7
544.627	1	11
544.797	1	-7
544.967	1	-2
545.137	1	8
545.308	1	11
545.478	1	8
545.648	1	14
545.818	1	-3
545.989	1	1
546.159	1	10
546.329	1	7
546.499	1	2
546.670	1	-7
546.840	1	9
547.010	1	7
547.180	1	0
547.351	1	4
547.521	1	1
547.691	1	4
547.861	1	1
548.032	1	1
548.202	1	12
548.372	1	3
548.542	1	-6
548.713	1	-3
548.883	1	16
549.053	1	-4
549.223	1	11
549.393	1	9
549.564	1	1
549.734	1	10
549.904	1	0
550.074	1	4
550.245	1	6
550.415	1	0
550.585	1	4
550.755	1	1
550.926	1	0
551.096	1	6
551.266	1	2
551.436	1	10
551.606	1	6
551.777	1	0
551.947	1	-1
552.117	1	9
552.287	1	2
552.458	1	10
552.628	1	2
552.798	1	0
552.968	1	2
553.138	1	10
553.309	1	6
553.479	1	16
553.649	1	8
553.819	1	9
553.990	1	-4
554.160	1	-4
554.330	1	9
554.500	1	18
554.670	1	12
554.841	1	4
555.011	1	2
555.181	1	4
555.351	1	-1
555.521	1	0
555.692	1	4
555.862	1	6
556.032	1	8
556.202	1	20
556.372	1	12
556.543	1	9
556.713	1	12
556.883	1	-4
557.053	1	2
557.223	1	-4
557.394	1	1
557.564	1	-3
557.734	1	6
557.904	1	9
558.074	1	-1
558.245	1	4
558.415	1	-10
558.585	1	6
558.755	1	-4
558.925	1	11
559.096	1	-4
559.266	1	1
559.436	1	6
559.606	1	13
559.776	1	3
559.946	1	10
560.117	1	-1
560.287	1	-1
560.457	1	-7
560.627	1	2
560.797	1	0
560.968	1	7
561.138	1	4
561.308	1	-1
561.478	1	7
561.648	1	9
561.818	1	7
561.989	1	2
562.159	1	11
562.329	1	3
562.499	1	10
562.669	1	-11
562.839	1	10
563.010	1	-7
563.180	1	16
563.350	1	4
563.520	1	10
563.690	1	9
563.860	1	2
564.031	1	7
564.201	1	-3
564.371	1	-3
564.541	1	9
564.711	1	13
564.881	1	1
565.051	1	14
565.222	1	-3
565.392	1	9
565.562	1	15
565.732	1	-5
565.902	1	4
566.072	1	6
566.243	1	6
566.413	1	-5
566.583	1	3
566.753	1	-10
566.923	1	-12
567.093	1	-11
567.263	1	3
567.434	1	-5
567.604	1	-2
567.774	1	-7
567.944	1	0
568.114	1	-3
568.284	1	3
568.454	1	-4
568.625	1	3
568.795	1	6
568.965	1	-1
569.135	1	3
569.305	1	6
569.475	1	-3
569.645	1	9
569.816	1	3
569.986	1	-5
570.156	1	3
570.326	1	-6
570.496	1	2
570.666	1	1
570.836	1	7
571.006	1	4
571.177	1	9
571.347	1	0
571.517	1	0
571.687	1	1
571.857	1	0
572.027	1	6
572.197	1	-5
572.367	1	-1
572.537	1	5
572.708	1	3
572.878	1	-8
573.048	1	8
573.218	1	-4
573.388	1	2
573.558	1	5
573.728	1	-3
573.898	1	1
574.069	1	-8
574.239	1	7
574.409	1	6
574.579	1	2
574.749	1	2
574.919	1	4
575.089	1	-12
575.259	1	2
575.429	1	3
575.599	1	-6
575.770	1	-7
575.940	1	1
576.110	1	-5
576.280	1	-3
576.450	1	-4
576.620	1	5
576.790	1	8
576.960	1	0
577.130	1	5
577.300	1	3
577.471	1	1
577.641	1	2
577.811	1	10
577.981	1	1
578.151	1	2
578.321	1	8
578.491	1	1
578.661	1	-5
578.831	1	-3
579.001	1	-4
579.171	1	16
579.341	1	-2
579.512	1	9
579.682	1	7
579.852	1	17
580.022	1	-5
580.192	1	13
580.362	1	11
580.532	1	3
580.702	1	-7
580.872	1	-4
581.042	1	2
581.212	1	0
581.382	1	-2
581.552	1	0
581.723	1	4
581.893	1	-3
582.063	1	12
582.233	1	1
582.403	1	-1
582.573	1	-4
582.743	1	0
582.913	1	-3
583.083	1	5
583.253	1	-6
583.423	1	-7
583.593	1	-1
583.763	1	4
583.933	1	9
584.103	1	-2
584.273	1	-6
584.444	1	-2
584.614	1	6
584.784	1	4
584.954	1	14
585.124	1	12
585.294	1	10
585.464	1	0
585.634	1	13
585.804	1	5
585.974	1	2
586.144	1	10
586.314	1	0
586.484	1	1
586.654	1	8
586.824	1	9
586.994	1	6
587.164	1	4
587.334	1	6
587.504	1	-11
587.674	1	1
587.844	1	8
588.015	1	2
588.185	1	1
588.355	1	3
588.525	1	7
588.695	1	13
588.865	1	-2
589.035	1	-5
589.205	1	8
589.375	1	-11
589.545	1	2
589.715	1	-1
589.885	1	11
590.055	1	7
590.225	1	-4
590.395	1	-5
590.565	1	-5
590.735	1	0
590.905	1	4
591.075	1	-1
591.245	1	4
591.415	1	-5
591.585	1	-7
591.755	1	1
591.925	1	3
592.095	1	10
592.265	1	-7
592.435	1	12
592.605	1	-1
592.775	1	-5
592.945	1	4
593.115	1	11
593.285	1	10
593.455	1	-7
593.625	1	11
593.795	1	15
593.965	1	3
594.135	1	6
594.305	1	-1
594.475	1	5
594.645	1	9
594.815	1	0
594.985	1	0
595.155	1	8
595.325	1	10
595.495	1	11
595.665	1	3
595.835	1	-2
596.005	1	5
596.175	1	1
596.345	1	0
596.515	1	3
596.685	1	0
596.855	1	2
597.025	1	7
597.195	1	-4
597.365	1	-3
597.535	1	10
597.705	1	3
597.875	1	3
598.045	1	0
598.215	1	-4
598.385	1	-1
598.555	1	-6
598.725	1	19
598.895	1	0
599.065	1	5
599.235	1	-1
599.405	1	9
599.575	1	1
599.745	1	8
599.915	1	2
600.085	1	4
600.255	1	-1
600.425	1	9
600.595	1	-6
600.765	1	0
600.935	1	-4
601.105	1	5
601.275	1	-6
601.445	1	5
601.615	1	2
601.785	1	-1
601.955	1	1
602.125	1	0
602.295	1	-4
602.465	1	7
602.635	1	3
602.804	1	13
602.974	1	3
603.144	1	-4
603.314	1	-8
603.484	1	-3
603.654	1	-8
603.824	1	2
603.994	1	4
604.164	1	6
604.334	1	-7
604.504	1	-1
604.674	1	5
604.844	1	-3
605.014	1	8
605.184	1	11
605.354	1	5
605.524	1	2
605.694	1	-5
605.864	1	2
606.034	1	3
606.204	1	-3
606.373	1	-4
606.543	1	2
606.713	1	7
606.883	1	9
607.053	1	2
607.223	1	2
607.393	1	-5
607.563	1	9
607.733	1	2
607.903	1	-5
608.073	1	0
608.243	1	7
608.413	1	8
608.583	1	-4
608.753	1	9
608.923	1	5
609.092	1	8
609.262	1	5
609.432	1	11
609.602	1	-1
609.772	1	6
609.942	1	2
610.112	1	3
610.282	1	1
610.452	1	7
610.622	1	7
610.792	1	1
610.962	1	6
611.132	1	5
611.301	1	6
611.471	1	-3
611.641	1	-1
611.811	1	-7
611.981	1	8
612.151	1	3
612.321	1	6
612.491	1	2
612.661	1	6
612.831	1	7
613.001	1	9
613.171	1	7
613.340	1	2
613.510	1	5
613.680	1	3
613.850	1	2
614.020	1	-9
614.190	1	-2
614.360	1	4
614.530	1	-1
614.700	1	9
614.870	1	4
615.039	1	9
615.209	1	6
615.379	1	2
615.549	1	20
615.719	1	-5
615.889	1	0
616.059	1	5
616.229	1	3
616.399	1	-9
616.568	1	1
616.738	1	1
616.908	1	-4
617.078	1	11
617.248	1	1
617.418	1	7
617.588	1	6
617.758	1	7
617.928	1	12
618.097	1	1
618.267	1	3
618.437	1	-4
618.607	1	9
618.777	1	-5
618.947	1	2
619.117	1	-1
619.287	1	10
619.457	1	0
619.626	1	15
619.796	1	5
619.966	1	6
620.136	1	-3
620.306	1	6
620.476	1	-3
620.646	1	9
620.815	1	3
620.985	1	0
621.155	1	12
621.325	1	5
621.495	1	9
621.665	1	18
621.835	1	1
622.005	1	13
622.174	1	-4
622.344	1	4
622.514	1	5
622.684	1	6
622.854	1	5
623.024	1	2
623.194	1	2
623.363	1	0
623.533	1	10
623.703	1	9
623.873	1	2
624.043	1	8
624.213	1	-4
624.383	1	-6
624.552	1	-1
624.722	1	-3
624.892	1	9
625.062	1	-5
625.232	1	0
625.402	1	10
625.571	1	5
625.741	1	-1
625.911	1	5
626.081	1	0
626.251	1	-14
626.421	1	-2
626.591	1	4
626.760	1	1
626.930	1	3
627.100	1	10
627.270	1	22
627.440	1	9
627.610	1	-3
627.779	1	-4
627.949	1	-8
628.119	1	8
628.289	1	4
628.459	1	3
628.629	1	5
628.798	1	5
628.968	1	4
629.138	1	15
629.308	1	17
629.478	1	11
629.647	1	6
629.817	1	-9
629.987	1	7
630.157	1	0
630.327	1	5
630.497	1	-8
630.666	1	3
630.836	1	13
631.006	1	21
631.176	1	9
631.346	1	12
631.515	1	5
631.685	1	-7
631.855	1	16
632.025	1	3
632.195	1	12
632.365	1	-3
632.534	1	2
632.704	1	11
632.874	1	-3
633.044	1	8
633.214	1	0
633.383	1	7
633.553	1	0
633.723	1	8
633.893	1	5
634.063	1	14
634.232	1	4
634.402	1	0
634.572	1	11
634.742	1	1
634.912	1	-1
635.081	1	-4
635.251	1	-3
635.421	1	-3
635.591	1	5
635.761	1	2
635.930	1	19
636.100	1	10
636.270	1	4
636.440	1	18
636.610	1	-6
636.779	1	10
636.949	1	-1
637.119	1	5
637.289	1	7
637.458	1	11
637.628	1	16
637.798	1	4
637.968	1	3
638.138	1	14
638.307	1	11
638.477	1	-12
638.647	1	0
638.817	1	3
638.986	1	14
639.156	1	3
639.326	1	10
639.496	1	-1
639.666	1	1
639.835	1	-1
640.005	1	9
640.175	1	13
640.345	1	3
640.514	1	-4
640.684	1	-2
640.854	1	2
641.024	1	1
641.193	1	9
641.363	1	7
641.533	1	12
641.703	1	2
641.872	1	16
642.042	1	6
642.212	1	-2
642.382	1	2
642.552	1	5
642.721	1	3
642.891	1	10
643.061	1	8
643.231	1	4
643.400	1	-2
643.570	1	2
643.740	1	4
643.910	1	-1
644.079	1	12
644.249	1	6
644.419	1	8
644.589	1	16
644.758	1	-1
644.928	1	7
645.098	1	-8
645.268	1	13
645.437	1	-6
645.607	1	13
645.777	1	2
645.946	1	3
646.116	1	14
646.286	1	8
646.456	1	7
646.625	1	-1
646.795	1	6
646.965	1	12
647.135	1	2
647.304	1	-5
647.474	1	15
647.644	1	-1
647.814	1	3
647.983	1	2
648.153	1	-1
648.323	1	2
648.492	1	7
648.662	1	4
648.832	1	7
649.002	1	7
649.171	1	13
649.341	1	0
649.511	1	1
649.681	1	3
649.850	1	9
650.020	1	-1
650.190	1	3
650.359	1	0
650.529	1	-3
650.699	1	4
650.869	1	4
651.038	1	10
651.208	1	-3
651.378	1	0
651.547	1	13
651.717	1	4
651.887	1	-1
652.057	1	14
652.226	1	6
652.396	1	10
652.566	1	8
652.735	1	1
652.905	1	9
653.075	1	0
653.244	1	1
653.414	1	4
653.584	1	12
653.754	1	-1
653.923	1	4
654.093	1	0
654.263	1	-3
654.432	1	0
654.602	1	13
654.772	1	9
654.941	1	7
655.111	1	14
655.281	1	-3
655.451	1	4
655.620	1	11
655.790	1	11
655.960	1	6
656.129	1	9
656.299	1	9
656.469	1	11
656.638	1	11
656.808	1	2
656.978	1	5
657.147	1	21
657.317	1	9
657.487	1	8
657.656	1	5
657.826	1	3
657.996	1	-7
658.165	1	4
658.335	1	9
658.505	1	11
658.674	1	14
658.844	1	4
659.014	1	4
659.184	1	-2
659.353	1	-4
659.523	1	-9
659.693	1	1
659.862	1	-3
660.032	1	3
660.202	1	12
660.371	1	3
660.541	1	9
660.711	1	-5
660.880	1	-2
661.050	1	10
661.220	1	12
661.389	1	8
661.559	1	16
661.728	1	-2
661.898	1	3
662.068	1	-2
662.237	1	-4
662.407	1	0
662.577	1	8
662.746	1	1
662.916	1	13
663.086	1	-1
663.255	1	16
663.425	1	3
663.595	1	9
663.764	1	10
663.934	1	3
664.104	1	29
664.273	1	9
664.443	1	9
664.613	1	5
664.782	1	-4
664.952	1	-5
665.121	1	9
665.291	1	2
665.461	1	20
665.630	1	10
665.800	1	-4
665.970	1	7
666.139	1	9
666.309	1	3
666.479	1	11
666.648	1	-3
666.818	1	12
666.987	1	4
667.157	1	5
667.327	1	0
667.496	1	-3
667.666	1	14
667.836	1	7
668.005	1	25
668.175	1	4
668.344	1	8
668.514	1	8
668.684	1	1
668.853	1	-2
669.023	1	8
669.193	1	9
669.362	1	4
669.532	1	6
669.701	1	3
669.871	1	-2
670.041	1	8
670.210	1	1
670.380	1	-5
670.550	1	1
670.719	1	3
670.889	1	19
671.058	1	20
671.228	1	5
671.398	1	8
671.567	1	7
671.737	1	8
671.906	1	1
672.076	1	6
672.246	1	6
672.415	1	-1
672.585	1	12
672.754	1	2
672.924	1	6
673.094	1	4
673.263	1	9
673.433	1	8
673.602	1	10
673.772	1	9
673.942	1	-1
674.111	1	11
674.281	1	-1
674.450	1	23
674.620	1	1
674.790	1	5
674.959	1	-7
675.129	1	3
675.298	1	-6
675.468	1	8
675.638	1	4
675.807	1	4
675.977	1	5
676.146	1	10
676.316	1	10
676.485	1	5
676.655	1	7
676.825	1	13
676.994	1	7
677.164	1	-6
677.333	1	9
677.503	1	8
677.672	1	15
677.842	1	2
678.012	1	-6
678.181	1	8
678.351	1	2
678.520	1	18
678.690	1	10
678.859	1	8
679.029	1	2
679.199	1	0
679.368	1	2
679.538	1	7
679.707	1	1
679.877	1	-4
680.046	1	12
680.216	1	15
680.386	1	17
680.555	1	9
680.725	1	6
680.894	1	-4
681.064	1	1
681.233	1	2
681.403	1	11
681.572	1	8
681.742	1	8
681.912	1	0
682.081	1	3
682.251	1	-1
682.420	1	-6
682.590	1	5
682.759	1	-6
682.929	1	8
683.098	1	-4
683.268	1	12
683.438	1	9
683.607	1	-2
683.777	1	6
683.946	1	1
684.116	1	11
684.285	1	8
684.455	1	6
684.624	1	2
684.794	1	6
684.963	1	3
685.133	1	4
685.303	1	-1
685.472	1	3
685.642	1	10
685.811	1	6
685.981	1	6
686.150	1	14
686.320	1	6
686.489	1	14
686.659	1	13
686.828	1	17
686.998	1	6
687.167	1	-1
687.337	1	4
687.506	1	-9
687.676	1	12
687.845	1	1
688.015	1	-2
688.184	1	12
688.354	1	6
688.524	1	12
688.693	1	4
688.863	1	9
689.032	1	6
689.202	1	3
689.371	1	11
689.541	1	12
689.710	1	12
689.880	1	12
690.049	1	5
690.219	1	7
690.388	1	0
690.558	1	0
690.727	1	4
690.897	1	-10
691.066	1	5
691.236	1	1
691.405	1	0
691.575	1	8
691.744	1	9
691.914	1	7
692.083	1	4
692.253	1	3
692.422	1	6
692.592	1	7
692.761	1	6
692.931	1	7
693.100	1	3
693.270	1	12
693.439	1	4
693.609	1	9
693.778	1	1
693.948	1	-1
694.117	1	1
694.287	1	9
694.456	1	12
694.626	1	13
694.795	1	2
694.965	1	4
695.134	1	3
695.304	1	2
695.473	1	-3
695.643	1	6
695.812	1	6
695.982	1	5
696.151	1	13
696.321	1	-7
696.490	1	2
696.659	1	-1
696.829	1	4
696.998	1	6
697.168	1	2
697.337	1	-3
697.507	1	3
697.676	1	6
697.846	1	6
698.015	1	-2
698.185	1	-4
698.354	1	3
698.524	1	9
698.693	1	5
698.863	1	6
699.032	1	9
699.202	1	13
699.371	1	-5
699.540	1	10
699.710	1	7
699.879	1	-5
700.049	1	16
700.218	1	0
700.388	1	19
700.557	1	8
700.727	1	2
700.896	1	-1
701.066	1	0
701.235	1	5
701.405	1	11
701.574	1	15
701.743	1	-8
701.913	1	-1
702.082	1	7
702.252	1	7
702.421	1	-1
702.591	1	-5
702.760	1	4
702.930	1	-1
703.099	1	18
703.268	1	12
703.438	1	13
703.607	1	15
703.777	1	10
703.946	1	5
704.116	1	-1
704.285	1	-10
704.455	1	11
704.624	1	-5
704.793	1	14
704.963	1	1
705.132	1	12
705.302	1	7
705.471	1	10
705.641	1	-9
705.810	1	-1
705.979	1	12
706.149	1	7
706.318	1	7
706.488	1	2
706.657	1	-5
706.827	1	9
706.996	1	10
707.165	1	10
707.335	1	2
707.504	1	15
707.674	1	8
707.843	1	5
708.013	1	11
708.182	1	7
708.351	1	5
708.521	1	3
708.690	1	6
708.860	1	1
709.029	1	4
709.198	1	4
709.368	1	19
709.537	1	9
709.707	1	2
709.876	1	3
710.046	1	12
710.215	1	10
710.384	1	7
710.554	1	-3
710.723	1	-2
710.893	1	4
711.062	1	2
711.231	1	19
711.401	1	9
711.570	1	2
711.740	1	8
711.909	1	2
712.078	1	0
712.248	1	2
712.417	1	-3
712.587	1	12
712.756	1	4
712.925	1	2
713.095	1	18
713.264	1	3
713.434	1	7
713.603	1	7
713.772	1	9
713.942	1	2
714.111	1	3
714.280	1	4
714.450	1	6
714.619	1	21
714.789	1	13
714.958	1	12
715.127	1	-8
715.297	1	8
715.466	1	1
715.636	1	9
715.805	1	-2
715.974	1	2
716.144	1	9
716.313	1	10
716.482	1	3
716.652	1	0
716.821	1	21
716.991	1	3
717.160	1	0
717.329	1	-1
717.499	1	6
717.668	1	5
717.837	1	9
718.007	1	9
718.176	1	-2
718.346	1	8
718.515	1	4
718.684	1	14
718.854	1	14
719.023	1	1
719.192	1	0
719.362	1	-1
719.531	1	-2
719.700	1	4
719.870	1	1
720.039	1	10
720.208	1	11
720.378	1	-5
720.547	1	6
720.717	1	-1
720.886	1	7
721.055	1	6
721.225	1	-6
721.394	1	-1
721.563	1	7
721.733	1	4
721.902	1	-3
722.071	1	12
722.241	1	10
722.410	1	10
722.579	1	14
722.749	1	10
722.918	1	1
723.087	1	9
723.257	1	-11
723.426	1	3
723.595	1	6
723.765	1	17
723.934	1	5
724.103	1	-2
724.273	1	4
724.442	1	3
724.611	1	6
724.781	1	-9
724.950	1	9
725.119	1	5
725.289	1	8
725.458	1	4
725.627	1	3
725.797	1	-2
725.966	1	2
726.135	1	-1
726.305	1	4
726.474	1	-2
726.643	1	14
726.813	1	17
726.982	1	8
727.151	1	-2
727.321	1	-5
727.490	1	0
727.659	1	4
727.829	1	14
727.998	1	-6
728.167	1	-2
728.337	1	9
728.506	1	6
728.675	1	8
728.845	1	0
729.014	1	11
729.183	1	2
729.352	1	-3
729.522	1	6
729.691	1	-2
729.860	1	19
730.030	1	-5
730.199	1	-11
730.368	1	-4
730.538	1	6
730.707	1	9
730.876	1	5
731.045	1	-5
731.215	1	5
731.384	1	2
731.553	1	11
731.723	1	3
731.892	1	2
732.061	1	13
732.231	1	7
732.400	1	13
732.569	1	8
732.738	1	5
732.908	1	4
733.077	1	-2
733.246	1	1
733.416	1	6
733.585	1	2
733.754	1	3
733.923	1	2
734.093	1	2
734.262	1	-8
734.431	1	3
734.601	1	10
734.770	1	-2
734.939	1	-12
735.108	1	14
735.278	1	-2
735.447	1	1
735.616	1	7
735.786	1	6
735.955	1	1
736.124	1	9
736.293	1	5
736.463	1	4
736.632	1	11
736.801	1	0
736.970	1	4
737.140	1	-2
737.309	1	-3
737.478	1	2
737.648	1	6
737.817	1	-1
737.986	1	-2
738.155	1	4
738.325	1	6
738.494	1	-7
738.663	1	4
738.832	1	10
739.002	1	-5
739.171	1	6
739.340	1	6
739.509	1	-6
739.679	1	5
739.848	1	18
740.017	1	6
740.186	1	-5
740.356	1	12
740.525	1	-1
740.694	1	9
740.863	1	-6
741.033	1	-1
741.202	1	2
741.371	1	0
741.540	1	-12
741.710	1	-4
741.879	1	5
742.048	1	2
742.217	1	-6
742.387	1	-10
742.556	1	2
742.725	1	-5
742.894	1	16
743.064	1	5
743.233	1	-3
743.402	1	5
743.571	1	5
743.741	1	7
743.910	1	11
744.079	1	-6
744.248	1	5
744.418	1	-11
744.587	1	5
744.756	1	14
744.925	1	-15
745.094	1	-5
745.264	1	6
745.433	1	7
745.602	1	14
745.771	1	15
745.941	1	16
746.110	1	11
746.279	1	-2
746.448	1	8
746.617	1	-3
746.787	1	8
746.956	1	-2
747.125	1	5
747.294	1	0
747.464	1	-1
747.633	1	3
747.802	1	2
747.971	1	13
748.140	1	-6
748.310	1	6
748.479	1	2
748.648	1	10
748.817	1	4
748.986	1	16
749.156	1	8
749.325	1	3
749.494	1	4
749.663	1	11
749.832	1	-3
750.002	1	4
750.171	1	11
750.340	1	1
750.509	1	2
750.678	1	-5
750.848	1	1
751.017	1	0
751.186	1	4
751.355	1	3
751.524	1	7
751.694	1	-1
751.863	1	-1
752.032	1	3
752.201	1	4
752.370	1	6
752.540	1	2
752.709	1	3
752.878	1	-6
753.047	1	13
753.216	1	10
753.386	1	2
753.555	1	-1
753.724	1	12
753.893	1	4
754.062	1	-1
754.231	1	12
754.401	1	9
754.570	1	0
754.739	1	16
754.908	1	3
755.077	1	2
755.247	1	-7
755.416	1	9
755.585	1	9
755.754	1	-10
755.923	1	7
756.092	1	6
756.262	1	7
756.431	1	-4
756.600	1	3
756.769	1	4
756.938	1	3
757.107	1	3
757.277	1	11
757.446	1	5
757.615	1	-4
757.784	1	4
757.953	1	-1
758.122	1	-5
758.292	1	3
758.461	1	16
758.630	1	13
758.799	1	13
758.968	1	3
759.137	1	-2
759.306	1	8
759.476	1	-9
759.645	1	4
759.814	1	4
759.983	1	4
760.152	1	-1
760.321	1	8
760.491	1	4
760.660	1	1
760.829	1	5
760.998	1	7
761.167	1	6
761.336	1	-6
761.505	1	9
761.675	1	-3
761.844	1	2
762.013	1	-4
762.182	1	8
762.351	1	7
762.520	1	4
762.689	1	6
762.859	1	-3
763.028	1	1
763.197	1	3
763.366	1	18
763.535	1	12
763.704	1	-1
763.873	1	1
764.042	1	6
764.212	1	9
764.381	1	14
764.550	1	11
764.719	1	-11
764.888	1	-1
765.057	1	11
765.226	1	18
765.395	1	-5
765.565	1	4
765.734	1	14
765.903	1	7
766.072	1	-4
766.241	1	2
766.410	1	8
766.579	1	5
766.748	1	-7
766.918	1	-4
767.087	1	4
767.256	1	-7
767.425	1	-3
767.594	1	-4
767.763	1	7
767.932	1	1
768.101	1	-5
768.270	1	7
768.440	1	3
768.609	1	0
768.778	1	-10
768.947	1	13
769.116	1	-3
769.285	1	2
769.454	1	7
769.623	1	-2
769.792	1	-7
769.961	1	7
770.131	1	3
770.300	1	17
770.469	1	5
770.638	1	-4
770.807	1	-6
770.976	1	5
771.145	1	6
771.314	1	2
771.483	1	5
771.652	1	-3
771.822	1	4
771.991	1	4
772.160	1	8
772.329	1	16
772.498	1	10
772.667	1	6
772.836	1	9
773.005	1	1
773.174	1	8
773.343	1	0
773.512	1	0
