425.572	1	6
425.743	1	-14
425.913	1	6
426.084	1	-1
426.255	1	6
426.426	1	-4
426.597	1	1
426.768	1	-1
426.939	1	5
427.109	1	-3
427.280	1	3
427.451	1	-4
427.622	1	5
427.793	1	8
427.964	1	-5
428.135	1	5
428.305	1	3
428.476	1	-3
428.647	1	7
428.818	1	1
428.989	1	4
429.160	1	-5
429.331	1	-3
429.501	1	0
429.672	1	-1
429.843	1	0
430.014	1	-1
430.185	1	-9
430.356	1	1
430.527	1	9
430.697	1	6
430.868	1	-6
431.039	1	-1
431.210	1	12
431.381	1	-8
431.552	1	-2
431.722	1	5
431.893	1	-3
432.064	1	6
432.235	1	-12
432.406	1	4
432.577	1	-3
432.747	1	3
432.918	1	5
433.089	1	-2
433.260	1	-4
433.431	1	-7
433.602	1	12
433.772	1	-4
433.943	1	3
434.114	1	2
434.285	1	5
434.456	1	2
434.627	1	-2
434.797	1	2
434.968	1	4
435.139	1	-6
435.310	1	-6
435.481	1	1
435.652	1	1
435.822	1	0
435.993	1	3
436.164	1	2
436.335	1	-7
436.506	1	6
436.676	1	10
436.847	1	8
437.018	1	1
437.189	1	-6
437.360	1	4
437.530	1	0
437.701	1	4
437.872	1	2
438.043	1	-10
438.214	1	-2
438.385	1	1
438.555	1	0
438.726	1	8
438.897	1	13
439.068	1	-3
439.239	1	4
439.409	1	10
439.580	1	-2
439.751	1	3
439.922	1	6
440.093	1	-5
440.263	1	5
440.434	1	-1
440.605	1	-3
440.776	1	5
440.947	1	4
441.117	1	5
441.288	1	6
441.459	1	3
441.630	1	-6
441.800	1	-7
441.971	1	-5
442.142	1	0
442.313	1	7
442.484	1	-3
442.654	1	-2
442.825	1	-3
442.996	1	8
443.167	1	2
443.338	1	-7
443.508	1	0
443.679	1	-1
443.850	1	-5
444.021	1	-8
444.191	1	1
444.362	1	4
444.533	1	-7
444.704	1	4
444.874	1	5
445.045	1	4
445.216	1	-2
445.387	1	-2
445.558	1	0
445.728	1	5
445.899	1	7
446.070	1	9
446.241	1	-4
446.411	1	10
446.582	1	1
446.753	1	4
446.924	1	3
447.094	1	1
447.265	1	0
447.436	1	-7
447.607	1	15
447.777	1	-7
447.948	1	12
448.119	1	-3
448.290	1	3
448.461	1	3
448.631	1	16
448.802	1	5
448.973	1	-2
449.144	1	-1
449.314	1	5
449.485	1	6
449.656	1	2
449.827	1	6
449.997	1	1
450.168	1	-1
450.339	1	1
450.509	1	-7
450.680	1	-16
450.851	1	-8
451.022	1	-5
451.192	1	0
451.363	1	5
451.534	1	3
451.705	1	-7
451.875	1	-4
452.046	1	-2
452.217	1	6
452.388	1	1
452.558	1	2
452.729	1	6
452.900	1	8
453.071	1	-8
453.241	1	-10
453.412	1	11
453.583	1	-1
453.753	1	3
453.924	1	6
454.095	1	1
454.266	1	-2
454.436	1	-3
454.607	1	-5
454.778	1	-2
454.949	1	-8
455.119	1	9
455.290	1	16
455.461	1	1
455.631	1	5
455.802	1	-7
455.973	1	7
456.144	1	-1
456.314	1	9
456.485	1	0
456.656	1	2
456.826	1	3
456.997	1	-2
457.168	1	0
457.339	1	4
457.509	1	0
457.680	1	3
457.851	1	-4
458.021	1	-1
458.192	1	2
458.363	1	-2
458.533	1	0
458.704	1	-2
458.875	1	3
459.046	1	4
459.216	1	0
459.387	1	-5
459.558	1	4
459.728	1	14
459.899	1	8
460.070	1	-1
460.240	1	-2
460.411	1	9
460.582	1	7
460.753	1	-4
460.923	1	0
461.094	1	-3
461.265	1	0
461.435	1	0
461.606	1	10
461.777	1	0
461.947	1	-1
462.118	1	-4
462.289	1	7
462.459	1	-1
462.630	1	-9
462.801	1	3
462.971	1	-5
463.142	1	-1
463.313	1	-1
463.483	1	-3
463.654	1	3
463.825	1	-4
463.995	1	3
464.166	1	4
464.337	1	5
464.507	1	0
464.678	1	4
464.849	1	8
465.020	1	-4
465.190	1	4
465.361	1	7
465.532	1	4
465.702	1	-3
465.873	1	8
466.044	1	-5
466.214	1	10
466.385	1	-5
466.555	1	-3
466.726	1	5
466.897	1	-5
467.067	1	4
467.238	1	7
467.409	1	7
467.579	1	4
467.750	1	-6
467.921	1	4
468.091	1	3
468.262	1	-3
468.433	1	4
468.603	1	3
468.774	1	3
468.945	1	0
469.115	1	5
469.286	1	4
469.457	1	-2
469.627	1	-4
469.798	1	5
469.969	1	2
470.139	1	1
470.310	1	-7
470.480	1	3
470.651	1	8
470.822	1	-4
470.992	1	-8
471.163	1	-2
471.334	1	-1
471.504	1	-4
471.675	1	9
471.846	1	10
472.016	1	4
472.187	1	6
472.357	1	2
472.528	1	9
472.699	1	11
472.869	1	2
473.040	1	-5
473.211	1	-7
473.381	1	-1
473.552	1	-7
473.722	1	6
473.893	1	3
474.064	1	3
474.234	1	-2
474.405	1	5
474.576	1	2
474.746	1	2
474.917	1	-3
475.087	1	4
475.258	1	-6
475.429	1	7
475.599	1	2
475.770	1	10
475.941	1	12
476.111	1	-9
476.282	1	10
476.452	1	2
476.623	1	15
476.794	1	8
476.964	1	4
477.135	1	17
477.305	1	-10
477.476	1	0
477.647	1	-1
477.817	1	2
477.988	1	-4
478.158	1	-6
478.329	1	1
478.500	1	-9
478.670	1	6
478.841	1	-8
479.011	1	5
479.182	1	9
479.353	1	2
479.523	1	1
479.694	1	4
479.864	1	6
480.035	1	7
480.206	1	-4
480.376	1	-6
480.547	1	6
480.717	1	-11
480.888	1	-1
481.059	1	-1
481.229	1	4
481.400	1	5
481.570	1	0
481.741	1	1
481.911	1	1
482.082	1	3
482.253	1	-7
482.423	1	-1
482.594	1	11
482.764	1	1
482.935	1	0
483.105	1	0
483.276	1	7
483.447	1	0
483.617	1	1
483.788	1	3
483.958	1	1
484.129	1	11
484.300	1	-4
484.470	1	10
484.641	1	0
484.811	1	-8
484.982	1	-8
485.152	1	5
485.323	1	5
485.493	1	2
485.664	1	-3
485.835	1	-10
486.005	1	-10
486.176	1	-7
486.346	1	0
486.517	1	7
486.687	1	4
486.858	1	2
487.029	1	4
487.199	1	11
487.370	1	3
487.540	1	18
487.711	1	-5
487.881	1	5
488.052	1	4
488.222	1	-2
488.393	1	-4
488.563	1	0
488.734	1	7
488.905	1	5
489.075	1	-4
489.246	1	11
489.416	1	9
489.587	1	5
489.757	1	7
489.928	1	-11
490.098	1	2
490.269	1	0
490.439	1	4
490.610	1	1
490.781	1	4
490.951	1	4
491.122	1	8
491.292	1	7
491.463	1	6
491.633	1	4
491.804	1	1
491.974	1	0
492.145	1	0
492.315	1	3
492.486	1	5
492.656	1	4
492.827	1	3
492.997	1	0
493.168	1	6
493.338	1	1
493.509	1	7
493.680	1	6
493.850	1	5
494.021	1	-5
494.191	1	-5
494.362	1	-7
494.532	1	1
494.703	1	6
494.873	1	6
495.044	1	-4
495.214	1	5
495.385	1	-16
495.555	1	6
495.726	1	5
495.896	1	6
496.067	1	2
496.237	1	0
496.408	1	-6
496.578	1	-4
496.749	1	-1
496.919	1	3
497.090	1	-2
497.260	1	14
497.431	1	0
497.601	1	13
497.772	1	5
497.942	1	-5
498.113	1	16
498.283	1	1
498.454	1	5
498.624	1	5
498.795	1	-4
498.965	1	0
499.136	1	2
499.306	1	5
499.477	1	-6
499.647	1	-5
499.818	1	8
499.988	1	2
500.159	1	1
500.329	1	7
500.500	1	-9
500.670	1	-6
500.841	1	4
501.011	1	12
501.182	1	-3
501.352	1	3
501.523	1	-3
501.693	1	15
501.864	1	5
502.034	1	-4
502.205	1	0
502.375	1	4
502.545	1	0
502.716	1	4
502.886	1	6
503.057	1	7
503.227	1	0
503.398	1	-1
503.568	1	-10
503.739	1	-5
503.909	1	-3
504.080	1	4
504.250	1	-1
504.421	1	-3
504.591	1	-5
504.762	1	2
504.932	1	4
505.103	1	3
505.273	1	2
505.443	1	2
505.614	1	13
505.784	1	0
505.955	1	-1
506.125	1	-7
506.296	1	4
506.466	1	5
506.637	1	-5
506.807	1	-3
506.978	1	-3
507.148	1	1
507.318	1	8
507.489	1	1
507.659	1	8
507.830	1	-3
508.000	1	-11
508.171	1	9
508.341	1	4
508.512	1	-3
508.682	1	3
508.853	1	9
509.023	1	2
509.193	1	11
509.364	1	4
509.534	1	16
509.705	1	6
509.875	1	10
510.046	1	12
510.216	1	-11
510.386	1	4
510.557	1	-6
510.727	1	11
510.898	1	-6
511.068	1	-5
511.239	1	9
511.409	1	-5
511.580	1	1
511.750	1	2
511.920	1	10
512.091	1	-8
512.261	1	-3
512.432	1	3
512.602	1	-4
512.773	1	-6
512.943	1	23
513.113	1	-8
513.284	1	13
513.454	1	2
513.625	1	-4
513.795	1	-7
513.965	1	7
514.136	1	5
514.306	1	1
514.477	1	6
514.647	1	6
514.818	1	10
514.988	1	6
515.158	1	6
515.329	1	-4
515.499	1	-3
515.670	1	6
515.840	1	7
516.010	1	-7
516.181	1	8
516.351	1	-2
516.522	1	-3
516.692	1	-3
516.862	1	0
517.033	1	1
517.203	1	2
517.374	1	-9
517.544	1	6
517.714	1	4
517.885	1	5
518.055	1	-2
518.226	1	-2
518.396	1	-17
518.566	1	4
518.737	1	-5
518.907	1	7
519.078	1	11
519.248	1	2
519.418	1	13
519.589	1	3
519.759	1	4
519.930	1	-3
520.100	1	6
520.270	1	-3
520.441	1	-3
520.611	1	-6
520.781	1	3
520.952	1	4
521.122	1	0
521.293	1	2
521.463	1	6
521.633	1	2
521.804	1	4
521.974	1	-8
522.145	1	6
522.315	1	-9
522.485	1	-4
522.656	1	11
522.826	1	-7
522.996	1	5
523.167	1	7
523.337	1	12
523.507	1	-11
523.678	1	3
523.848	1	12
524.019	1	5
524.189	1	2
524.359	1	11
524.530	1	-1
524.700	1	-7
524.870	1	12
525.041	1	0
525.211	1	8
525.381	1	0
525.552	1	8
525.722	1	14
525.893	1	2
526.063	1	7
526.233	1	3
526.404	1	0
526.574	1	-2
526.744	1	9
526.915	1	4
527.085	1	4
527.255	1	-2
527.426	1	6
527.596	1	-2
527.766	1	-5
527.937	1	-6
528.107	1	19
528.277	1	-2
528.448	1	3
528.618	1	-2
528.789	1	5
528.959	1	-4
529.129	1	8
529.300	1	1
529.470	1	-1
529.640	1	1
529.811	1	2
529.981	1	7
530.151	1	-8
530.322	1	-1
530.492	1	4
530.662	1	-5
530.833	1	8
531.003	1	-2
531.173	1	13
531.344	1	-6
531.514	1	6
531.684	1	-7
531.855	1	-4
532.025	1	11
532.195	1	-9
532.365	1	8
532.536	1	4
532.706	1	15
532.876	1	0
533.047	1	-7
533.217	1	3
533.387	1	-2
533.558	1	2
533.728	1	4
533.898	1	2
534.069	1	-5
534.239	1	-6
534.409	1	-3
534.580	1	-11
534.750	1	0
534.920	1	-1
535.091	1	-4
535.261	1	1
535.431	1	-3
535.601	1	0
535.772	1	-2
535.942	1	7
536.112	1	3
536.283	1	3
536.453	1	-11
536.623	1	-8
536.794	1	-1
536.964	1	3
537.134	1	4
537.305	1	5
537.475	1	-6
537.645	1	-2
537.815	1	1
537.986	1	10
538.156	1	-1
538.326	1	7
538.497	1	5
538.667	1	-4
538.837	1	2
539.007	1	-8
539.178	1	-6
539.348	1	1
539.518	1	-6
539.689	1	-3
539.859	1	2
540.029	1	1
540.199	1	2
540.370	1	0
540.540	1	3
540.710	1	9
540.881	1	6
541.051	1	10
541.221	1	4
541.391	1	4
541.562	1	-5
541.732	1	-6
541.902	1	-5
542.073	1	7
542.243	1	6
542.413	1	6
542.583	1	8
542.754	1	-1
542.924	1	-6
543.094	1	-5
543.264	1	-4
543.435	1	-2
543.605	1	3
543.775	1	1
543.945	1	4
544.116	1	-2
544.286	1	3
544.456	1	4
544.627	1	6
544.797	1	0
544.967	1	-11
545.137	1	13
545.308	1	-4
545.478	1	8
545.648	1	-1
545.818	1	0
545.989	1	6
546.159	1	12
546.329	1	-4
546.499	1	5
546.670	1	0
546.840	1	4
547.010	1	2
547.180	1	-4
547.351	1	15
547.521	1	-7
547.691	1	6
547.861	1	-5
548.032	1	0
548.202	1	-10
548.372	1	2
548.542	1	6
548.713	1	3
548.883	1	17
549.053	1	-3
549.223	1	15
549.393	1	3
549.564	1	-4
549.734	1	8
549.904	1	-10
550.074	1	1
550.245	1	8
550.415	1	-6
550.585	1	-3
550.755	1	2
550.926	1	-1
551.096	1	-2
551.266	1	10
551.436	1	1
551.606	1	-2
551.777	1	-6
551.947	1	6
552.117	1	-1
552.287	1	3
552.458	1	3
552.628	1	7
552.798	1	0
552.968	1	-8
553.138	1	4
553.309	1	17
553.479	1	4
553.649	1	3
553.819	1	9
553.990	1	-3
554.160	1	-8
554.330	1	10
554.500	1	7
554.670	1	5
554.841	1	-9
555.011	1	-5
555.181	1	-15
555.351	1	1
555.521	1	3
555.692	1	-2
555.862	1	9
556.032	1	8
556.202	1	14
556.372	1	-4
556.543	1	-1
556.713	1	8
556.883	1	0
557.053	1	-7
557.223	1	-8
557.394	1	6
557.564	1	3
557.734	1	1
557.904	1	2
558.074	1	-5
558.245	1	9
558.415	1	-6
558.585	1	0
558.755	1	-1
558.925	1	8
559.096	1	3
559.266	1	1
559.436	1	11
559.606	1	5
559.776	1	2
559.946	1	7
560.117	1	-3
560.287	1	-9
560.457	1	-15
560.627	1	-2
560.797	1	-10
560.968	1	-5
561.138	1	0
561.308	1	-1
561.478	1	5
561.648	1	-6
561.818	1	9
561.989	1	3
562.159	1	11
562.329	1	1
562.499	1	3
562.669	1	-9
562.839	1	8
563.010	1	-11
563.180	1	3
563.350	1	5
563.520	1	-1
563.690	1	10
563.860	1	-1
564.031	1	5
564.201	1	-14
564.371	1	-12
564.541	1	2
564.711	1	11
564.881	1	6
565.051	1	13
565.222	1	-7
565.392	1	8
565.562	1	14
565.732	1	1
565.902	1	9
566.072	1	9
566.243	1	6
566.413	1	2
566.583	1	-7
566.753	1	-10
566.923	1	-1
567.093	1	-12
567.263	1	3
567.434	1	-1
567.604	1	-7
567.774	1	-1
567.944	1	-1
568.114	1	7
568.284	1	9
568.454	1	2
568.625	1	4
568.795	1	2
568.965	1	6
569.135	1	12
569.305	1	-2
569.475	1	7
569.645	1	14
569.816	1	3
569.986	1	2
570.156	1	-3
570.326	1	-3
570.496	1	-3
570.666	1	-1
570.836	1	-2
571.006	1	7
571.177	1	-4
571.347	1	5
571.517	1	3
571.687	1	0
571.857	1	-7
572.027	1	4
572.197	1	-11
572.367	1	-1
572.537	1	1
572.708	1	3
572.878	1	-1
573.048	1	6
573.218	1	-4
573.388	1	0
573.558	1	-3
573.728	1	-8
573.898	1	-1
574.069	1	-10
574.239	1	-1
574.409	1	-6
574.579	1	0
574.749	1	3
574.919	1	2
575.089	1	1
575.259	1	0
575.429	1	6
575.599	1	-2
575.770	1	2
575.940	1	-6
576.110	1	-4
576.280	1	3
576.450	1	2
576.620	1	0
576.790	1	-1
576.960	1	3
577.130	1	-5
577.300	1	-3
577.471	1	5
577.641	1	0
577.811	1	1
577.981	1	-1
578.151	1	5
578.321	1	0
578.491	1	1
578.661	1	3
578.831	1	-2
579.001	1	-6
579.171	1	10
579.341	1	-1
579.512	1	9
579.682	1	-3
579.852	1	13
580.022	1	-10
580.192	1	0
580.362	1	11
580.532	1	6
580.702	1	-4
580.872	1	-9
581.042	1	3
581.212	1	3
581.382	1	4
581.552	1	-7
581.723	1	1
581.893	1	-2
582.063	1	14
582.233	1	3
582.403	1	-9
582.573	1	-3
582.743	1	3
582.913	1	1
583.083	1	0
583.253	1	-9
583.423	1	7
583.593	1	-2
583.763	1	5
583.933	1	3
584.103	1	-4
584.273	1	1
584.444	1	1
584.614	1	-3
584.784	1	-3
584.954	1	5
585.124	1	7
585.294	1	9
585.464	1	2
585.634	1	9
585.804	1	12
585.974	1	8
586.144	1	9
586.314	1	7
586.484	1	7
586.654	1	12
586.824	1	-1
586.994	1	-2
587.164	1	-4
587.334	1	10
587.504	1	-2
587.674	1	8
587.844	1	0
588.015	1	2
588.185	1	-2
588.355	1	3
588.525	1	-5
588.695	1	21
588.865	1	-4
589.035	1	-5
589.205	1	-7
589.375	1	-2
589.545	1	11
589.715	1	3
589.885	1	11
590.055	1	6
590.225	1	3
590.395	1	5
590.565	1	-3
590.735	1	-4
590.905	1	-7
591.075	1	-4
591.245	1	5
591.415	1	-16
591.585	1	-3
591.755	1	5
591.925	1	2
592.095	1	3
592.265	1	-8
592.435	1	-3
592.605	1	-7
592.775	1	-5
592.945	1	9
593.115	1	2
593.285	1	12
593.455	1	-5
593.625	1	12
593.795	1	2
593.965	1	2
594.135	1	5
594.305	1	-2
594.475	1	-2
594.645	1	8
594.815	1	1
594.985	1	-4
595.155	1	11
595.325	1	3
595.495	1	9
595.665	1	-3
595.835	1	2
596.005	1	0
596.175	1	-8
596.345	1	1
596.515	1	4
596.685	1	6
596.855	1	9
597.025	1	8
597.195	1	1
597.365	1	-5
597.535	1	1
597.705	1	-2
597.875	1	4
598.045	1	-9
598.215	1	-11
598.385	1	11
598.555	1	-2
598.725	1	21
598.895	1	8
599.065	1	6
599.235	1	5
599.405	1	12
599.575	1	8
599.745	1	3
599.915	1	7
600.085	1	14
600.255	1	-2
600.425	1	-3
600.595	1	-4
600.765	1	9
600.935	1	5
601.105	1	3
601.275	1	3
601.445	1	1
601.615	1	3
601.785	1	7
601.955	1	-8
602.125	1	-3
602.295	1	3
602.465	1	5
602.635	1	8
602.804	1	10
602.974	1	6
603.144	1	1
603.314	1	-4
603.484	1	1
603.654	1	9
603.824	1	1
603.994	1	5
604.164	1	8
604.334	1	1
604.504	1	-6
604.674	1	3
604.844	1	-4
605.014	1	15
605.184	1	-1
605.354	1	2
605.524	1	2
605.694	1	-8
605.864	1	2
606.034	1	-5
606.204	1	2
606.373	1	-12
606.543	1	0
606.713	1	6
606.883	1	-1
607.053	1	5
607.223	1	4
607.393	1	3
607.563	1	2
607.733	1	-3
607.903	1	-8
608.073	1	-7
608.243	1	7
608.413	1	8
608.583	1	5
608.753	1	9
608.923	1	8
609.092	1	12
609.262	1	18
609.432	1	2
609.602	1	-2
609.772	1	3
609.942	1	-3
610.112	1	4
610.282	1	1
610.452	1	7
610.622	1	5
610.792	1	-3
610.962	1	-3
611.132	1	0
611.301	1	0
611.471	1	-1
611.641	1	-1
611.811	1	-2
611.981	1	6
612.151	1	8
612.321	1	2
612.491	1	11
612.661	1	-2
612.831	1	-4
613.001	1	-2
613.171	1	2
613.340	1	-4
613.510	1	8
613.680	1	-10
613.850	1	1
614.020	1	9
614.190	1	-1
614.360	1	3
614.530	1	-6
614.700	1	1
614.870	1	-2
615.039	1	6
615.209	1	6
615.379	1	-7
615.549	1	6
615.719	1	3
615.889	1	5
616.059	1	2
616.229	1	4
616.399	1	-13
616.568	1	-8
616.738	1	3
616.908	1	-11
617.078	1	7
617.248	1	-8
617.418	1	5
617.588	1	9
617.758	1	2
617.928	1	1
618.097	1	4
618.267	1	2
618.437	1	3
618.607	1	0
618.777	1	-6
618.947	1	-2
619.117	1	-3
619.287	1	6
619.457	1	0
619.626	1	11
619.796	1	-2
619.966	1	4
620.136	1	-4
620.306	1	2
620.476	1	-2
620.646	1	-2
620.815	1	4
620.985	1	-11
621.155	1	12
621.325	1	0
621.495	1	-2
621.665	1	10
621.835	1	15
622.005	1	10
622.174	1	-6
622.344	1	-3
622.514	1	-1
622.684	1	-3
622.854	1	0
623.024	1	6
623.194	1	-6
623.363	1	-3
623.533	1	11
623.703	1	1
623.873	1	-2
624.043	1	-4
624.213	1	-5
624.383	1	-7
624.552	1	-5
624.722	1	5
624.892	1	2
625.062	1	4
625.232	1	-3
625.402	1	16
625.571	1	1
625.741	1	8
625.911	1	6
626.081	1	-1
626.251	1	-9
626.421	1	-11
626.591	1	4
626.760	1	9
626.930	1	10
627.100	1	5
627.270	1	9
627.440	1	2
627.610	1	-3
627.779	1	-1
627.949	1	-15
628.119	1	1
628.289	1	10
628.459	1	2
628.629	1	6
628.798	1	0
628.968	1	-1
629.138	1	13
629.308	1	2
629.478	1	3
629.647	1	13
629.817	1	0
629.987	1	3
630.157	1	-9
630.327	1	8
630.497	1	2
630.666	1	5
630.836	1	11
631.006	1	9
631.176	1	2
631.346	1	-3
631.515	1	5
631.685	1	-10
631.855	1	12
632.025	1	1
632.195	1	6
632.365	1	1
632.534	1	9
632.704	1	15
632.874	1	-8
633.044	1	2
633.214	1	-10
633.383	1	12
633.553	1	-4
633.723	1	2
633.893	1	7
634.063	1	3
634.232	1	4
634.402	1	5
634.572	1	10
634.742	1	-1
634.912	1	-2
635.081	1	-16
635.251	1	-5
635.421	1	-2
635.591	1	6
635.761	1	9
635.930	1	10
636.100	1	9
636.270	1	1
636.440	1	6
636.610	1	-12
636.779	1	7
636.949	1	-3
637.119	1	11
637.289	1	4
637.458	1	7
637.628	1	13
637.798	1	3
637.968	1	-1
638.138	1	5
638.307	1	3
638.477	1	-3
638.647	1	3
638.817	1	-5
638.986	1	1
639.156	1	-11
639.326	1	7
639.496	1	1
639.666	1	-2
639.835	1	0
640.005	1	-3
640.175	1	-6
640.345	1	3
640.514	1	-4
640.684	1	-5
640.854	1	4
641.024	1	3
641.193	1	7
641.363	1	3
641.533	1	11
641.703	1	2
641.872	1	8
642.042	1	0
642.212	1	-4
642.382	1	-3
642.552	1	5
642.721	1	2
642.891	1	-4
643.061	1	6
643.231	1	-4
643.400	1	12
643.570	1	-5
643.740	1	-1
643.910	1	5
644.079	1	5
644.249	1	1
644.419	1	-6
644.589	1	8
644.758	1	-7
644.928	1	1
645.098	1	-13
645.268	1	11
645.437	1	-10
645.607	1	11
645.777	1	0
645.946	1	7
646.116	1	11
646.286	1	6
646.456	1	7
646.625	1	-8
646.795	1	-1
646.965	1	7
647.135	1	7
647.304	1	-7
647.474	1	0
647.644	1	1
647.814	1	1
647.983	1	2
648.153	1	-2
648.323	1	-2
648.492	1	5
648.662	1	2
648.832	1	-3
649.002	1	-5
649.171	1	4
649.341	1	-4
649.511	1	-4
649.681	1	-3
649.850	1	14
650.020	1	-7
650.190	1	-2
650.359	1	-6
650.529	1	6
650.699	1	5
650.869	1	7
651.038	1	2
651.208	1	3
651.378	1	-1
651.547	1	4
651.717	1	-5
651.887	1	-1
652.057	1	11
652.226	1	2
652.396	1	5
652.566	1	10
652.735	1	-2
652.905	1	1
653.075	1	-8
653.244	1	-6
653.414	1	-8
653.584	1	10
653.754	1	-11
653.923	1	1
654.093	1	2
654.263	1	-6
654.432	1	4
654.602	1	5
654.772	1	3
654.941	1	0
655.111	1	2
655.281	1	-3
655.451	1	-5
655.620	1	6
655.790	1	8
655.960	1	-16
656.129	1	11
656.299	1	-2
656.469	1	5
656.638	1	3
656.808	1	-4
656.978	1	-2
657.147	1	19
657.317	1	4
657.487	1	-3
657.656	1	1
657.826	1	-5
657.996	1	-16
658.165	1	-3
658.335	1	2
658.505	1	-2
658.674	1	0
658.844	1	-5
659.014	1	-6
659.184	1	-7
659.353	1	-1
659.523	1	-5
659.693	1	-7
659.862	1	-3
660.032	1	-5
660.202	1	2
660.371	1	-2
660.541	1	3
660.711	1	-7
660.880	1	1
661.050	1	12
661.220	1	11
661.389	1	2
661.559	1	1
661.728	1	-13
661.898	1	0
662.068	1	-9
662.237	1	9
662.407	1	-7
662.577	1	10
662.746	1	5
662.916	1	0
663.086	1	3
663.255	1	4
663.425	1	-8
663.595	1	13
663.764	1	3
663.934	1	5
664.104	1	4
664.273	1	1
664.443	1	9
664.613	1	1
664.782	1	-4
664.952	1	-6
665.121	1	10
665.291	1	1
665.461	1	12
665.630	1	4
665.800	1	-3
665.970	1	-8
666.139	1	11
666.309	1	-7
666.479	1	2
666.648	1	-10
666.818	1	14
666.987	1	3
667.157	1	9
667.327	1	6
667.496	1	-6
667.666	1	13
667.836	1	2
668.005	1	12
668.175	1	-5
668.344	1	7
668.514	1	7
668.684	1	7
668.853	1	-6
669.023	1	4
669.193	1	4
669.362	1	-2
669.532	1	-1
669.701	1	7
669.871	1	-3
670.041	1	7
670.210	1	0
670.380	1	-17
670.550	1	-2
670.719	1	0
670.889	1	14
671.058	1	9
671.228	1	-1
671.398	1	8
671.567	1	10
671.737	1	6
671.906	1	-3
672.076	1	-3
672.246	1	11
672.415	1	8
672.585	1	8
672.754	1	-3
672.924	1	-3
673.094	1	3
673.263	1	0
673.433	1	2
673.602	1	5
673.772	1	-1
673.942	1	-5
674.111	1	0
674.281	1	-7
674.450	1	11
674.620	1	-2
674.790	1	5
674.959	1	-3
675.129	1	-6
675.298	1	-10
675.468	1	3
675.638	1	5
675.807	1	0
675.977	1	-1
676.146	1	18
676.316	1	5
676.485	1	-5
676.655	1	-5
676.825	1	13
676.994	1	0
677.164	1	-12
677.333	1	1
677.503	1	-2
677.672	1	5
677.842	1	1
678.012	1	-3
678.181	1	7
678.351	1	3
678.520	1	6
678.690	1	5
678.859	1	4
679.029	1	-5
679.199	1	-3
679.368	1	3
679.538	1	8
679.707	1	-8
679.877	1	-12
680.046	1	12
680.216	1	-4
680.386	1	9
680.555	1	8
680.725	1	-2
680.894	1	-9
681.064	1	1
681.233	1	2
681.403	1	10
681.572	1	1
681.742	1	13
681.912	1	5
682.081	1	-14
682.251	1	-9
682.420	1	-10
682.590	1	-2
682.759	1	2
682.929	1	-7
683.098	1	11
683.268	1	7
683.438	1	0
683.607	1	1
683.777	1	-7
683.946	1	-4
684.116	1	1
684.285	1	5
684.455	1	5
684.624	1	-5
684.794	1	-2
684.963	1	6
685.133	1	-3
685.303	1	-5
685.472	1	1
685.642	1	15
685.811	1	1
685.981	1	7
686.150	1	14
686.320	1	13
686.489	1	11
686.659	1	2
686.828	1	2
686.998	1	-6
687.167	1	-6
687.337	1	-1
687.506	1	-2
687.676	1	10
687.845	1	1
688.015	1	-3
688.184	1	-1
688.354	1	7
688.524	1	4
688.693	1	0
688.863	1	12
689.032	1	1
689.202	1	2
689.371	1	14
689.541	1	12
689.710	1	2
689.880	1	7
690.049	1	5
690.219	1	-2
690.388	1	-4
690.558	1	-11
690.727	1	11
690.897	1	-6
691.066	1	2
691.236	1	5
691.405	1	6
691.575	1	5
691.744	1	2
691.914	1	0
692.083	1	-5
692.253	1	-4
692.422	1	13
692.592	1	4
692.761	1	9
692.931	1	11
693.100	1	-1
693.270	1	1
693.439	1	-3
693.609	1	2
693.778	1	-4
693.948	1	-2
694.117	1	-2
694.287	1	9
694.456	1	0
694.626	1	-5
694.795	1	7
694.965	1	4
695.134	1	-2
695.304	1	0
695.473	1	-13
695.643	1	-2
695.812	1	0
695.982	1	7
696.151	1	15
696.321	1	0
696.490	1	-1
696.659	1	2
696.829	1	-9
696.998	1	-9
697.168	1	-1
697.337	1	4
697.507	1	-10
697.676	1	-3
697.846	1	5
698.015	1	0
698.185	1	0
698.354	1	1
698.524	1	0
698.693	1	-4
698.863	1	-3
699.032	1	7
699.202	1	9
699.371	1	-3
699.540	1	5
699.710	1	0
699.879	1	-2
700.049	1	1
700.218	1	1
700.388	1	1
700.557	1	4
700.727	1	7
700.896	1	-3
701.066	1	-2
701.235	1	4
701.405	1	1
701.574	1	14
701.743	1	-4
701.913	1	-7
702.082	1	6
702.252	1	7
702.421	1	2
702.591	1	-8
702.760	1	-10
702.930	1	0
703.099	1	6
703.268	1	1
703.438	1	7
703.607	1	15
703.777	1	1
703.946	1	-2
704.116	1	-3
704.285	1	-4
704.455	1	2
704.624	1	-3
704.793	1	9
704.963	1	8
705.132	1	6
705.302	1	2
705.471	1	0
705.641	1	-8
705.810	1	4
705.979	1	14
706.149	1	10
706.318	1	3
706.488	1	-10
706.657	1	-4
706.827	1	4
706.996	1	5
707.165	1	7
707.335	1	-4
707.504	1	10
707.674	1	9
707.843	1	-2
708.013	1	6
708.182	1	-3
708.351	1	2
708.521	1	10
708.690	1	6
708.860	1	-8
709.029	1	-12
709.198	1	-7
709.368	1	-1
709.537	1	5
709.707	1	1
709.876	1	-6
710.046	1	9
710.215	1	2
710.384	1	2
710.554	1	0
710.723	1	-1
710.893	1	9
711.062	1	2
711.231	1	7
711.401	1	3
711.570	1	0
711.740	1	12
711.909	1	-1
712.078	1	0
712.248	1	3
712.417	1	-11
712.587	1	4
712.756	1	4
712.925	1	-6
713.095	1	8
713.264	1	9
713.434	1	13
713.603	1	-6
713.772	1	8
713.942	1	1
714.111	1	1
714.280	1	-3
714.450	1	7
714.619	1	5
714.789	1	5
714.958	1	8
715.127	1	1
715.297	1	13
715.466	1	3
715.636	1	6
715.805	1	-8
715.974	1	2
716.144	1	-2
716.313	1	12
716.482	1	4
716.652	1	2
716.821	1	15
716.991	1	0
717.160	1	10
717.329	1	-7
717.499	1	5
717.668	1	-2
717.837	1	1
718.007	1	-4
718.176	1	-3
718.346	1	12
718.515	1	-14
718.684	1	9
718.854	1	1
719.023	1	-5
719.192	1	-8
719.362	1	10
719.531	1	4
719.700	1	11
719.870	1	-2
720.039	1	1
720.208	1	5
720.378	1	-1
720.547	1	-1
720.717	1	3
720.886	1	-6
721.055	1	12
721.225	1	-16
721.394	1	-8
721.563	1	0
721.733	1	-7
721.902	1	-1
722.071	1	2
722.241	1	8
722.410	1	8
722.579	1	3
722.749	1	4
722.918	1	0
723.087	1	8
723.257	1	-11
723.426	1	2
723.595	1	5
723.765	1	7
723.934	1	-5
724.103	1	1
724.273	1	-3
724.442	1	-3
724.611	1	-7
724.781	1	0
724.950	1	2
725.119	1	-5
725.289	1	8
725.458	1	-12
725.627	1	10
725.797	1	-3
725.966	1	-10
726.135	1	8
726.305	1	-1
726.474	1	-2
726.643	1	11
726.813	1	12
726.982	1	0
727.151	1	7
727.321	1	-3
727.490	1	4
727.659	1	2
727.829	1	6
727.998	1	-7
728.167	1	13
728.337	1	8
728.506	1	1
728.675	1	4
728.845	1	7
729.014	1	7
729.183	1	-4
729.352	1	-5
729.522	1	3
729.691	1	-2
729.860	1	10
730.030	1	-7
730.199	1	-7
730.368	1	-3
730.538	1	-3
730.707	1	6
730.876	1	9
731.045	1	-7
731.215	1	3
731.384	1	-3
731.553	1	5
731.723	1	1
731.892	1	-1
732.061	1	17
732.231	1	9
732.400	1	8
732.569	1	1
732.738	1	-3
732.908	1	4
733.077	1	-8
733.246	1	3
733.416	1	13
733.585	1	5
733.754	1	5
733.923	1	1
734.093	1	8
734.262	1	-12
734.431	1	9
734.601	1	-2
734.770	1	2
734.939	1	-9
735.108	1	4
735.278	1	3
735.447	1	-9
735.616	1	3
735.786	1	-2
735.955	1	-1
736.124	1	12
736.293	1	-2
736.463	1	-6
736.632	1	7
736.801	1	0
736.970	1	5
737.140	1	0
737.309	1	-1
737.478	1	-3
737.648	1	14
737.817	1	-8
737.986	1	0
738.155	1	1
738.325	1	4
738.494	1	-8
738.663	1	2
738.832	1	7
739.002	1	-6
739.171	1	-15
739.340	1	2
739.509	1	1
739.679	1	4
739.848	1	9
740.017	1	-6
740.186	1	6
740.356	1	5
740.525	1	-6
740.694	1	6
740.863	1	7
741.033	1	3
741.202	1	5
741.371	1	-6
741.540	1	-9
741.710	1	-4
741.879	1	5
742.048	1	11
742.217	1	-4
742.387	1	-6
742.556	1	4
742.725	1	5
742.894	1	12
743.064	1	10
743.233	1	-5
743.402	1	0
743.571	1	8
743.741	1	7
743.910	1	4
744.079	1	-13
744.248	1	-2
744.418	1	-6
744.587	1	1
744.756	1	8
744.925	1	-8
745.094	1	-9
745.264	1	6
745.433	1	0
745.602	1	0
745.771	1	5
745.941	1	6
746.110	1	-2
746.279	1	10
746.448	1	4
746.617	1	4
746.787	1	-4
746.956	1	-4
747.125	1	0
747.294	1	-7
747.464	1	-2
747.633	1	6
747.802	1	3
747.971	1	5
748.140	1	0
748.310	1	10
748.479	1	5
748.648	1	7
748.817	1	1
748.986	1	4
749.156	1	5
749.325	1	-4
749.494	1	5
749.663	1	9
749.832	1	5
750.002	1	-1
750.171	1	0
750.340	1	-4
750.509	1	-4
750.678	1	-3
750.848	1	4
751.017	1	-2
751.186	1	2
751.355	1	-1
751.524	1	0
751.694	1	3
751.863	1	-14
752.032	1	6
752.201	1	0
752.370	1	6
752.540	1	0
752.709	1	8
752.878	1	-1
753.047	1	6
753.216	1	8
753.386	1	-2
753.555	1	1
753.724	1	3
753.893	1	9
754.062	1	-1
754.231	1	15
754.401	1	-9
754.570	1	-4
754.739	1	2
754.908	1	-5
755.077	1	-6
755.247	1	0
755.416	1	5
755.585	1	12
755.754	1	-6
755.923	1	2
756.092	1	1
756.262	1	2
756.431	1	6
756.600	1	-3
756.769	1	11
756.938	1	-5
757.107	1	0
757.277	1	5
757.446	1	-3
757.615	1	-7
757.784	1	8
757.953	1	-10
758.122	1	0
758.292	1	-2
758.461	1	10
758.630	1	8
758.799	1	5
758.968	1	-8
759.137	1	-3
759.306	1	4
759.476	1	-1
759.645	1	-3
759.814	1	-5
759.983	1	2
760.152	1	8
760.321	1	-1
760.491	1	1
760.660	1	-1
760.829	1	0
760.998	1	7
761.167	1	4
761.336	1	2
761.505	1	16
761.675	1	6
761.844	1	-2
762.013	1	0
762.182	1	1
762.351	1	5
762.520	1	7
762.689	1	1
762.859	1	1
763.028	1	2
763.197	1	5
763.366	1	6
763.535	1	-5
763.704	1	7
763.873	1	6
764.042	1	2
764.212	1	2
764.381	1	7
764.550	1	2
764.719	1	-9
764.888	1	8
765.057	1	2
765.226	1	10
765.395	1	-11
765.565	1	-2
765.734	1	6
765.903	1	9
766.072	1	-9
766.241	1	-9
766.410	1	9
766.579	1	7
766.748	1	-4
766.918	1	3
767.087	1	2
767.256	1	0
767.425	1	3
767.594	1	4
767.763	1	0
767.932	1	0
768.101	1	-7
768.270	1	7
768.440	1	8
768.609	1	4
768.778	1	-9
768.947	1	15
769.116	1	-9
769.285	1	0
769.454	1	2
769.623	1	-7
769.792	1	0
769.961	1	-2
770.131	1	-2
770.300	1	6
770.469	1	2
770.638	1	-4
770.807	1	3
770.976	1	5
771.145	1	-4
771.314	1	2
771.483	1	0
771.652	1	2
771.822	1	1
771.991	1	2
772.160	1	2
772.329	1	8
772.498	1	11
772.667	1	0
772.836	1	11
773.005	1	-1
773.174	1	13
773.343	1	-4
773.512	1	-3
