425.572	1	123
425.743	1	106
425.913	1	118
426.084	1	116
426.255	1	115
426.426	1	116
426.597	1	123
426.768	1	115
426.939	1	118
427.109	1	112
427.280	1	119
427.451	1	112
427.622	1	114
427.793	1	118
427.964	1	115
428.135	1	124
428.305	1	122
428.476	1	112
428.647	1	121
428.818	1	113
428.989	1	112
429.160	1	102
429.331	1	107
429.501	1	124
429.672	1	118
429.843	1	105
430.014	1	121
430.185	1	115
430.356	1	102
430.527	1	121
430.697	1	114
430.868	1	110
431.039	1	99
431.210	1	106
431.381	1	96
431.552	1	115
431.722	1	135
431.893	1	99
432.064	1	118
432.235	1	99
432.406	1	110
432.577	1	108
432.747	1	124
432.918	1	112
433.089	1	115
433.260	1	115
433.431	1	114
433.602	1	120
433.772	1	114
433.943	1	101
434.114	1	108
434.285	1	112
434.456	1	114
434.627	1	117
434.797	1	100
434.968	1	117
435.139	1	121
435.310	1	102
435.481	1	116
435.652	1	112
435.822	1	120
435.993	1	108
436.164	1	118
436.335	1	113
436.506	1	123
436.676	1	117
436.847	1	118
437.018	1	113
437.189	1	109
437.360	1	113
437.530	1	114
437.701	1	112
437.872	1	107
438.043	1	103
438.214	1	94
438.385	1	98
438.555	1	113
438.726	1	112
438.897	1	121
439.068	1	104
439.239	1	110
439.409	1	123
439.580	1	116
439.751	1	103
439.922	1	108
440.093	1	98
440.263	1	106
440.434	1	124
440.605	1	94
440.776	1	112
440.947	1	108
441.117	1	101
441.288	1	110
441.459	1	102
441.630	1	110
441.800	1	93
441.971	1	101
442.142	1	102
442.313	1	99
442.484	1	103
442.654	1	110
442.825	1	96
442.996	1	107
443.167	1	98
443.338	1	100
443.508	1	100
443.679	1	98
443.850	1	105
444.021	1	91
444.191	1	105
444.362	1	106
444.533	1	103
444.704	1	99
444.874	1	121
445.045	1	82
445.216	1	102
445.387	1	93
445.558	1	88
445.728	1	111
445.899	1	102
446.070	1	110
446.241	1	98
446.411	1	114
446.582	1	100
446.753	1	109
446.924	1	89
447.094	1	82
447.265	1	107
447.436	1	102
447.607	1	91
447.777	1	98
447.948	1	112
448.119	1	106
448.290	1	105
448.461	1	98
448.631	1	103
448.802	1	91
448.973	1	85
449.144	1	107
449.314	1	88
449.485	1	100
449.656	1	93
449.827	1	102
449.997	1	100
450.168	1	97
450.339	1	99
450.509	1	95
450.680	1	89
450.851	1	80
451.022	1	103
451.192	1	102
451.363	1	102
451.534	1	97
451.705	1	93
451.875	1	97
452.046	1	92
452.217	1	95
452.388	1	103
452.558	1	105
452.729	1	95
452.900	1	102
453.071	1	93
453.241	1	94
453.412	1	86
453.583	1	95
453.753	1	92
453.924	1	86
454.095	1	97
454.266	1	100
454.436	1	84
454.607	1	87
454.778	1	88
454.949	1	85
455.119	1	113
455.290	1	109
455.461	1	96
455.631	1	86
455.802	1	90
455.973	1	91
456.144	1	87
456.314	1	95
456.485	1	74
456.656	1	91
456.826	1	83
456.997	1	85
457.168	1	95
457.339	1	101
457.509	1	90
457.680	1	96
457.851	1	87
458.021	1	76
458.192	1	82
458.363	1	81
458.533	1	79
458.704	1	80
458.875	1	86
459.046	1	91
459.216	1	87
459.387	1	77
459.558	1	92
459.728	1	86
459.899	1	92
460.070	1	88
460.240	1	83
460.411	1	92
460.582	1	87
460.753	1	88
460.923	1	98
461.094	1	83
461.265	1	75
461.435	1	75
461.606	1	85
461.777	1	81
461.947	1	91
462.118	1	86
462.289	1	89
462.459	1	81
462.630	1	72
462.801	1	91
462.971	1	82
463.142	1	89
463.313	1	93
463.483	1	82
463.654	1	81
463.825	1	84
463.995	1	102
464.166	1	75
464.337	1	72
464.507	1	88
464.678	1	86
464.849	1	80
465.020	1	87
465.190	1	80
465.361	1	84
465.532	1	76
465.702	1	72
465.873	1	91
466.044	1	78
466.214	1	86
466.385	1	78
466.555	1	76
466.726	1	79
466.897	1	79
467.067	1	79
467.238	1	75
467.409	1	74
467.579	1	69
467.750	1	80
467.921	1	79
468.091	1	82
468.262	1	62
468.433	1	73
468.603	1	70
468.774	1	76
468.945	1	78
469.115	1	81
469.286	1	77
469.457	1	80
469.627	1	76
469.798	1	80
469.969	1	74
470.139	1	70
470.310	1	59
470.480	1	69
470.651	1	75
470.822	1	79
470.992	1	78
471.163	1	73
471.334	1	67
471.504	1	63
471.675	1	76
471.846	1	77
472.016	1	65
472.187	1	74
472.357	1	71
472.528	1	69
472.699	1	71
472.869	1	67
473.040	1	58
473.211	1	66
473.381	1	56
473.552	1	61
473.722	1	74
473.893	1	76
474.064	1	73
474.234	1	82
474.405	1	68
474.576	1	68
474.746	1	70
474.917	1	64
475.087	1	64
475.258	1	65
475.429	1	62
475.599	1	71
475.770	1	79
475.941	1	79
476.111	1	54
476.282	1	81
476.452	1	75
476.623	1	79
476.794	1	71
476.964	1	66
477.135	1	78
477.305	1	52
477.476	1	69
477.647	1	70
477.817	1	67
477.988	1	63
478.158	1	61
478.329	1	76
478.500	1	59
478.670	1	73
478.841	1	63
479.011	1	67
479.182	1	61
479.353	1	71
479.523	1	64
479.694	1	73
479.864	1	71
480.035	1	63
480.206	1	58
480.376	1	65
480.547	1	66
480.717	1	54
480.888	1	65
481.059	1	69
481.229	1	62
481.400	1	71
481.570	1	63
481.741	1	65
481.911	1	64
482.082	1	66
482.253	1	58
482.423	1	59
482.594	1	79
482.764	1	70
482.935	1	73
483.105	1	59
483.276	1	61
483.447	1	55
483.617	1	61
483.788	1	71
483.958	1	56
484.129	1	54
484.300	1	65
484.470	1	56
484.641	1	51
484.811	1	55
484.982	1	61
485.152	1	54
485.323	1	63
485.493	1	58
485.664	1	58
485.835	1	55
486.005	1	44
486.176	1	52
486.346	1	56
486.517	1	65
486.687	1	51
486.858	1	57
487.029	1	64
487.199	1	62
487.370	1	58
487.540	1	64
487.711	1	48
487.881	1	49
488.052	1	55
488.222	1	49
488.393	1	46
488.563	1	42
488.734	1	52
488.905	1	51
489.075	1	55
489.246	1	71
489.416	1	55
489.587	1	52
489.757	1	57
489.928	1	50
490.098	1	51
490.269	1	49
490.439	1	43
490.610	1	49
490.781	1	53
490.951	1	58
491.122	1	61
491.292	1	51
491.463	1	50
491.633	1	46
491.804	1	52
491.974	1	56
492.145	1	58
492.315	1	54
492.486	1	54
492.656	1	57
492.827	1	45
492.997	1	49
493.168	1	54
493.338	1	55
493.509	1	48
493.680	1	37
493.850	1	53
494.021	1	41
494.191	1	40
494.362	1	51
494.532	1	51
494.703	1	56
494.873	1	54
495.044	1	55
495.214	1	43
495.385	1	41
495.555	1	51
495.726	1	42
495.896	1	50
496.067	1	45
496.237	1	48
496.408	1	45
496.578	1	37
496.749	1	49
496.919	1	41
497.090	1	33
497.260	1	49
497.431	1	45
497.601	1	47
497.772	1	48
497.942	1	50
498.113	1	52
498.283	1	42
498.454	1	48
498.624	1	33
498.795	1	50
498.965	1	38
499.136	1	41
499.306	1	37
499.477	1	27
499.647	1	39
499.818	1	57
499.988	1	43
500.159	1	38
500.329	1	49
500.500	1	25
500.670	1	38
500.841	1	57
501.011	1	49
501.182	1	33
501.352	1	45
501.523	1	44
501.693	1	58
501.864	1	33
502.034	1	44
502.205	1	42
502.375	1	39
502.545	1	48
502.716	1	48
502.886	1	48
503.057	1	46
503.227	1	41
503.398	1	41
503.568	1	37
503.739	1	42
503.909	1	32
504.080	1	32
504.250	1	49
504.421	1	48
504.591	1	38
504.762	1	33
504.932	1	38
505.103	1	32
505.273	1	42
505.443	1	34
505.614	1	40
505.784	1	32
505.955	1	39
506.125	1	33
506.296	1	32
506.466	1	37
506.637	1	35
506.807	1	26
506.978	1	39
507.148	1	35
507.318	1	40
507.489	1	36
507.659	1	34
507.830	1	34
508.000	1	23
508.171	1	44
508.341	1	45
508.512	1	35
508.682	1	43
508.853	1	46
509.023	1	37
509.193	1	34
509.364	1	35
509.534	1	29
509.705	1	34
509.875	1	38
510.046	1	32
510.216	1	27
510.386	1	45
510.557	1	42
510.727	1	45
510.898	1	26
511.068	1	29
511.239	1	39
511.409	1	35
511.580	1	43
511.750	1	41
511.920	1	49
512.091	1	29
512.261	1	33
512.432	1	35
512.602	1	21
512.773	1	26
512.943	1	34
513.113	1	28
513.284	1	36
513.454	1	38
513.625	1	26
513.795	1	32
513.965	1	30
514.136	1	37
514.306	1	28
514.477	1	43
514.647	1	40
514.818	1	44
514.988	1	36
515.158	1	41
515.329	1	33
515.499	1	23
515.670	1	48
515.840	1	38
516.010	1	28
516.181	1	33
516.351	1	32
516.522	1	31
516.692	1	36
516.862	1	39
517.033	1	30
517.203	1	29
517.374	1	22
517.544	1	33
517.714	1	33
517.885	1	34
518.055	1	33
518.226	1	26
518.396	1	21
518.566	1	33
518.737	1	32
518.907	1	15
519.078	1	35
519.248	1	33
519.418	1	24
519.589	1	27
519.759	1	24
519.930	1	25
520.100	1	27
520.270	1	22
520.441	1	19
520.611	1	16
520.781	1	39
520.952	1	32
521.122	1	30
521.293	1	33
521.463	1	26
521.633	1	23
521.804	1	24
521.974	1	19
522.145	1	31
522.315	1	18
522.485	1	23
522.656	1	29
522.826	1	19
522.996	1	15
523.167	1	25
523.337	1	37
523.507	1	10
523.678	1	27
523.848	1	38
524.019	1	21
524.189	1	8
524.359	1	39
524.530	1	15
524.700	1	15
524.870	1	23
525.041	1	18
525.211	1	26
525.381	1	20
525.552	1	29
525.722	1	32
525.893	1	21
526.063	1	19
526.233	1	16
526.404	1	9
526.574	1	17
526.744	1	28
526.915	1	20
527.085	1	19
527.255	1	20
527.426	1	28
527.596	1	22
527.766	1	13
527.937	1	9
528.107	1	32
528.277	1	17
528.448	1	15
528.618	1	14
528.789	1	19
528.959	1	17
529.129	1	27
529.300	1	21
529.470	1	19
529.640	1	12
529.811	1	19
529.981	1	41
530.151	1	19
530.322	1	10
530.492	1	23
530.662	1	13
530.833	1	21
531.003	1	14
531.173	1	22
531.344	1	21
531.514	1	21
531.684	1	23
531.855	1	20
532.025	1	23
532.195	1	21
532.365	1	20
532.536	1	21
532.706	1	21
532.876	1	12
533.047	1	5
533.217	1	24
533.387	1	18
533.558	1	13
533.728	1	14
533.898	1	15
534.069	1	17
534.239	1	8
534.409	1	0
534.580	1	10
534.750	1	24
534.920	1	21
535.091	1	22
535.261	1	16
535.431	1	20
535.601	1	21
535.772	1	17
535.942	1	26
536.112	1	23
536.283	1	15
536.453	1	9
536.623	1	11
536.794	1	27
536.964	1	18
537.134	1	13
537.305	1	21
537.475	1	9
537.645	1	25
537.815	1	23
537.986	1	15
538.156	1	23
538.326	1	15
538.497	1	13
538.667	1	13
538.837	1	17
539.007	1	17
539.178	1	7
539.348	1	14
539.518	1	16
539.689	1	9
539.859	1	16
540.029	1	7
540.199	1	14
540.370	1	15
540.540	1	14
540.710	1	19
540.881	1	23
541.051	1	27
541.221	1	19
541.391	1	15
541.562	1	17
541.732	1	11
541.902	1	7
542.073	1	16
542.243	1	17
542.413	1	10
542.583	1	12
542.754	1	7
542.924	1	17
543.094	1	11
543.264	1	11
543.435	1	19
543.605	1	22
543.775	1	18
543.945	1	14
544.116	1	12
544.286	1	20
544.456	1	22
544.627	1	14
544.797	1	1
544.967	1	8
545.137	1	25
545.308	1	20
545.478	1	10
545.648	1	14
545.818	1	16
545.989	1	2
546.159	1	23
546.329	1	12
546.499	1	12
546.670	1	8
546.840	1	26
547.010	1	18
547.180	1	14
547.351	1	13
547.521	1	0
547.691	1	16
547.861	1	-1
548.032	1	9
548.202	1	11
548.372	1	22
548.542	1	12
548.713	1	12
548.883	1	28
549.053	1	9
549.223	1	18
549.393	1	20
549.564	1	8
549.734	1	16
549.904	1	14
550.074	1	14
550.245	1	10
550.415	1	9
550.585	1	12
550.755	1	11
550.926	1	12
551.096	1	10
551.266	1	20
551.436	1	17
551.606	1	9
551.777	1	12
551.947	1	17
552.117	1	20
552.287	1	17
552.458	1	15
552.628	1	8
552.798	1	4
552.968	1	5
553.138	1	16
553.309	1	18
553.479	1	16
553.649	1	7
553.819	1	25
553.990	1	2
554.160	1	4
554.330	1	21
554.500	1	20
554.670	1	27
554.841	1	8
555.011	1	11
555.181	1	10
555.351	1	10
555.521	1	10
555.692	1	13
555.862	1	11
556.032	1	18
556.202	1	33
556.372	1	15
556.543	1	11
556.713	1	16
556.883	1	3
557.053	1	11
557.223	1	-4
557.394	1	7
557.564	1	11
557.734	1	14
557.904	1	10
558.074	1	7
558.245	1	6
558.415	1	4
558.585	1	5
558.755	1	4
558.925	1	8
559.096	1	6
559.266	1	8
559.436	1	19
559.606	1	18
559.776	1	13
559.946	1	11
560.117	1	13
560.287	1	5
560.457	1	-2
560.627	1	-1
560.797	1	4
560.968	1	14
561.138	1	6
561.308	1	5
561.478	1	15
561.648	1	4
561.818	1	4
561.989	1	11
562.159	1	18
562.329	1	17
562.499	1	20
562.669	1	7
562.839	1	8
563.010	1	2
563.180	1	20
563.350	1	5
563.520	1	11
563.690	1	7
563.860	1	7
564.031	1	10
564.201	1	12
564.371	1	4
564.541	1	14
564.711	1	15
564.881	1	0
565.051	1	26
565.222	1	3
565.392	1	13
565.562	1	27
565.732	1	7
565.902	1	14
566.072	1	2
566.243	1	4
566.413	1	7
566.583	1	13
566.753	1	7
566.923	1	0
567.093	1	4
567.263	1	22
567.434	1	4
567.604	1	11
567.774	1	16
567.944	1	-1
568.114	1	8
568.284	1	14
568.454	1	-2
568.625	1	12
568.795	1	12
568.965	1	3
569.135	1	7
569.305	1	9
569.475	1	8
569.645	1	12
569.816	1	5
569.986	1	3
570.156	1	15
570.326	1	8
570.496	1	16
570.666	1	12
570.836	1	15
571.006	1	14
571.177	1	16
571.347	1	3
571.517	1	12
571.687	1	9
571.857	1	-3
572.027	1	16
572.197	1	3
572.367	1	18
572.537	1	19
572.708	1	13
572.878	1	5
573.048	1	15
573.218	1	8
573.388	1	3
573.558	1	-3
573.728	1	3
573.898	1	8
574.069	1	0
574.239	1	2
574.409	1	14
574.579	1	-1
574.749	1	4
574.919	1	11
575.089	1	6
575.259	1	3
575.429	1	7
575.599	1	0
575.770	1	6
575.940	1	5
576.110	1	10
576.280	1	9
576.450	1	3
576.620	1	14
576.790	1	12
576.960	1	5
577.130	1	12
577.300	1	8
577.471	1	16
577.641	1	15
577.811	1	12
577.981	1	8
578.151	1	5
578.321	1	7
578.491	1	-6
578.661	1	7
578.831	1	8
579.001	1	20
579.171	1	14
579.341	1	7
579.512	1	12
579.682	1	9
579.852	1	16
580.022	1	-4
580.192	1	7
580.362	1	19
580.532	1	5
580.702	1	-1
580.872	1	6
581.042	1	10
581.212	1	8
581.382	1	8
581.552	1	2
581.723	1	1
581.893	1	-3
582.063	1	8
582.233	1	9
582.403	1	7
582.573	1	-1
582.743	1	5
582.913	1	13
583.083	1	17
583.253	1	7
583.423	1	10
583.593	1	6
583.763	1	6
583.933	1	3
584.103	1	5
584.273	1	8
584.444	1	16
584.614	1	1
584.784	1	7
584.954	1	10
585.124	1	11
585.294	1	18
585.464	1	3
585.634	1	16
585.804	1	19
585.974	1	7
586.144	1	18
586.314	1	17
586.484	1	5
586.654	1	27
586.824	1	7
586.994	1	12
587.164	1	10
587.334	1	15
587.504	1	3
587.674	1	10
587.844	1	13
588.015	1	3
588.185	1	8
588.355	1	6
588.525	1	5
588.695	1	20
588.865	1	-2
589.035	1	9
589.205	1	1
589.375	1	-8
589.545	1	11
589.715	1	8
589.885	1	13
590.055	1	6
590.225	1	0
590.395	1	16
590.565	1	6
590.735	1	13
590.905	1	-3
591.075	1	9
591.245	1	6
591.415	1	1
591.585	1	5
591.755	1	14
591.925	1	5
592.095	1	6
592.265	1	0
592.435	1	3
592.605	1	-3
592.775	1	-1
592.945	1	17
593.115	1	0
593.285	1	13
593.455	1	2
593.625	1	12
593.795	1	23
593.965	1	8
594.135	1	7
594.305	1	-3
594.475	1	10
594.645	1	5
594.815	1	14
594.985	1	11
595.155	1	17
595.325	1	14
595.495	1	9
595.665	1	7
595.835	1	-6
596.005	1	11
596.175	1	-5
596.345	1	16
596.515	1	5
596.685	1	13
596.855	1	8
597.025	1	18
597.195	1	-2
597.365	1	4
597.535	1	9
597.705	1	11
597.875	1	0
598.045	1	0
598.215	1	9
598.385	1	18
598.555	1	5
598.725	1	30
598.895	1	10
599.065	1	4
599.235	1	11
599.405	1	13
599.575	1	13
599.745	1	10
599.915	1	-2
600.085	1	16
600.255	1	2
600.425	1	10
600.595	1	-7
600.765	1	10
600.935	1	3
601.105	1	15
601.275	1	7
601.445	1	9
601.615	1	11
601.785	1	5
601.955	1	15
602.125	1	7
602.295	1	10
602.465	1	7
602.635	1	-5
602.804	1	7
602.974	1	16
603.144	1	11
603.314	1	-1
603.484	1	12
603.654	1	8
603.824	1	14
603.994	1	16
604.164	1	4
604.334	1	5
604.504	1	5
604.674	1	10
604.844	1	16
605.014	1	13
605.184	1	8
605.354	1	10
605.524	1	12
605.694	1	-3
605.864	1	3
606.034	1	3
606.204	1	8
606.373	1	3
606.543	1	10
606.713	1	14
606.883	1	22
607.053	1	11
607.223	1	10
607.393	1	9
607.563	1	5
607.733	1	17
607.903	1	6
608.073	1	17
608.243	1	15
608.413	1	15
608.583	1	5
608.753	1	18
608.923	1	15
609.092	1	16
609.262	1	14
609.432	1	13
609.602	1	20
609.772	1	1
609.942	1	5
610.112	1	9
610.282	1	7
610.452	1	16
610.622	1	12
610.792	1	6
610.962	1	10
611.132	1	-3
611.301	1	8
611.471	1	9
611.641	1	12
611.811	1	12
611.981	1	20
612.151	1	7
612.321	1	10
612.491	1	13
612.661	1	7
612.831	1	8
613.001	1	2
613.171	1	16
613.340	1	9
613.510	1	14
613.680	1	5
613.850	1	6
614.020	1	10
614.190	1	8
614.360	1	8
614.530	1	4
614.700	1	3
614.870	1	3
615.039	1	22
615.209	1	12
615.379	1	1
615.549	1	14
615.719	1	10
615.889	1	1
616.059	1	12
616.229	1	4
616.399	1	-2
616.568	1	0
616.738	1	4
616.908	1	12
617.078	1	17
617.248	1	-8
617.418	1	11
617.588	1	10
617.758	1	2
617.928	1	15
618.097	1	11
618.267	1	4
618.437	1	13
618.607	1	18
618.777	1	12
618.947	1	15
619.117	1	9
619.287	1	11
619.457	1	17
619.626	1	20
619.796	1	5
619.966	1	16
620.136	1	5
620.306	1	-2
620.476	1	10
620.646	1	6
620.815	1	5
620.985	1	9
621.155	1	12
621.325	1	8
621.495	1	11
621.665	1	23
621.835	1	20
622.005	1	15
622.174	1	1
622.344	1	14
622.514	1	14
622.684	1	12
622.854	1	5
623.024	1	23
623.194	1	6
623.363	1	3
623.533	1	1
623.703	1	18
623.873	1	19
624.043	1	20
624.213	1	6
624.383	1	-3
624.552	1	9
624.722	1	15
624.892	1	14
625.062	1	7
625.232	1	6
625.402	1	16
625.571	1	2
625.741	1	5
625.911	1	22
626.081	1	15
626.251	1	7
626.421	1	5
626.591	1	22
626.760	1	15
626.930	1	10
627.100	1	11
627.270	1	5
627.440	1	12
627.610	1	14
627.779	1	8
627.949	1	3
628.119	1	21
628.289	1	19
628.459	1	17
628.629	1	9
628.798	1	12
628.968	1	15
629.138	1	22
629.308	1	19
629.478	1	11
629.647	1	17
629.817	1	13
629.987	1	7
630.157	1	15
630.327	1	20
630.497	1	13
630.666	1	19
630.836	1	14
631.006	1	23
631.176	1	11
631.346	1	15
631.515	1	14
631.685	1	14
631.855	1	18
632.025	1	18
632.195	1	19
632.365	1	9
632.534	1	16
632.704	1	24
632.874	1	7
633.044	1	20
633.214	1	3
633.383	1	-3
633.553	1	10
633.723	1	20
633.893	1	22
634.063	1	19
634.232	1	20
634.402	1	17
634.572	1	21
634.742	1	12
634.912	1	16
635.081	1	6
635.251	1	7
635.421	1	10
635.591	1	19
635.761	1	16
635.930	1	16
636.100	1	21
636.270	1	19
636.440	1	18
636.610	1	4
636.779	1	17
636.949	1	12
637.119	1	7
637.289	1	11
637.458	1	20
637.628	1	22
637.798	1	11
637.968	1	9
638.138	1	24
638.307	1	23
638.477	1	3
638.647	1	9
638.817	1	17
638.986	1	21
639.156	1	14
639.326	1	28
639.496	1	11
639.666	1	12
639.835	1	8
640.005	1	18
640.175	1	16
640.345	1	20
640.514	1	12
640.684	1	12
640.854	1	11
641.024	1	17
641.193	1	17
641.363	1	14
641.533	1	12
641.703	1	15
641.872	1	19
642.042	1	12
642.212	1	10
642.382	1	6
642.552	1	18
642.721	1	13
642.891	1	19
643.061	1	23
643.231	1	22
643.400	1	23
643.570	1	12
643.740	1	17
643.910	1	9
644.079	1	26
644.249	1	14
644.419	1	12
644.589	1	22
644.758	1	9
644.928	1	7
645.098	1	4
645.268	1	16
645.437	1	9
645.607	1	30
645.777	1	16
645.946	1	20
646.116	1	16
646.286	1	23
646.456	1	13
646.625	1	13
646.795	1	6
646.965	1	22
647.135	1	5
647.304	1	12
647.474	1	16
647.644	1	12
647.814	1	11
647.983	1	22
648.153	1	9
648.323	1	13
648.492	1	14
648.662	1	18
648.832	1	4
649.002	1	5
649.171	1	13
649.341	1	8
649.511	1	20
649.681	1	8
649.850	1	24
650.020	1	5
650.190	1	27
650.359	1	18
650.529	1	24
650.699	1	7
650.869	1	13
651.038	1	21
651.208	1	12
651.378	1	17
651.547	1	28
651.717	1	13
651.887	1	6
652.057	1	17
652.226	1	19
652.396	1	20
652.566	1	27
652.735	1	6
652.905	1	21
653.075	1	10
653.244	1	15
653.414	1	16
653.584	1	34
653.754	1	16
653.923	1	16
654.093	1	33
654.263	1	1
654.432	1	17
654.602	1	22
654.772	1	26
654.941	1	18
655.111	1	9
655.281	1	10
655.451	1	22
655.620	1	26
655.790	1	20
655.960	1	13
656.129	1	31
656.299	1	13
656.469	1	24
656.638	1	13
656.808	1	9
656.978	1	27
657.147	1	35
657.317	1	23
657.487	1	20
657.656	1	23
657.826	1	15
657.996	1	11
658.165	1	9
658.335	1	23
658.505	1	19
658.674	1	13
658.844	1	18
659.014	1	18
659.184	1	5
659.353	1	11
659.523	1	7
659.693	1	11
659.862	1	22
660.032	1	18
660.202	1	21
660.371	1	21
660.541	1	25
660.711	1	12
660.880	1	22
661.050	1	26
661.220	1	22
661.389	1	17
661.559	1	21
661.728	1	13
661.898	1	15
662.068	1	6
662.237	1	24
662.407	1	16
662.577	1	16
662.746	1	17
662.916	1	22
663.086	1	25
663.255	1	20
663.425	1	16
663.595	1	26
663.764	1	11
663.934	1	16
664.104	1	27
664.273	1	26
664.443	1	12
664.613	1	23
664.782	1	6
664.952	1	18
665.121	1	20
665.291	1	23
665.461	1	32
665.630	1	25
665.800	1	10
665.970	1	19
666.139	1	25
666.309	1	16
666.479	1	34
666.648	1	20
666.818	1	22
666.987	1	18
667.157	1	21
667.327	1	27
667.496	1	19
667.666	1	24
667.836	1	20
668.005	1	24
668.175	1	18
668.344	1	21
668.514	1	25
668.684	1	10
668.853	1	16
669.023	1	20
669.193	1	24
669.362	1	21
669.532	1	28
669.701	1	21
669.871	1	17
670.041	1	28
670.210	1	23
670.380	1	6
670.550	1	22
670.719	1	23
670.889	1	34
671.058	1	41
671.228	1	13
671.398	1	19
671.567	1	31
671.737	1	22
671.906	1	8
672.076	1	21
672.246	1	22
672.415	1	18
672.585	1	11
672.754	1	12
672.924	1	26
673.094	1	20
673.263	1	28
673.433	1	29
673.602	1	18
673.772	1	23
673.942	1	7
674.111	1	19
674.281	1	20
674.450	1	30
674.620	1	17
674.790	1	24
674.959	1	13
675.129	1	17
675.298	1	18
675.468	1	15
675.638	1	30
675.807	1	10
675.977	1	11
676.146	1	27
676.316	1	23
676.485	1	24
676.655	1	17
676.825	1	34
676.994	1	25
677.164	1	12
677.333	1	19
677.503	1	23
677.672	1	20
677.842	1	21
678.012	1	25
678.181	1	32
678.351	1	18
678.520	1	23
678.690	1	20
678.859	1	23
679.029	1	10
679.199	1	18
679.368	1	27
679.538	1	31
679.707	1	20
679.877	1	13
680.046	1	22
680.216	1	18
680.386	1	31
680.555	1	33
680.725	1	12
680.894	1	21
681.064	1	25
681.233	1	17
681.403	1	30
681.572	1	16
681.742	1	31
681.912	1	24
682.081	1	13
682.251	1	23
682.420	1	13
682.590	1	12
682.759	1	27
682.929	1	14
683.098	1	17
683.268	1	34
683.438	1	22
683.607	1	23
683.777	1	15
683.946	1	11
684.116	1	17
684.285	1	14
684.455	1	22
684.624	1	23
684.794	1	17
684.963	1	14
685.133	1	16
685.303	1	20
685.472	1	16
685.642	1	28
685.811	1	22
685.981	1	23
686.150	1	16
686.320	1	30
686.489	1	29
686.659	1	22
686.828	1	20
686.998	1	16
687.167	1	25
687.337	1	17
687.506	1	10
687.676	1	27
687.845	1	19
688.015	1	17
688.184	1	31
688.354	1	33
688.524	1	27
688.693	1	18
688.863	1	31
689.032	1	17
689.202	1	19
689.371	1	27
689.541	1	28
689.710	1	22
689.880	1	31
690.049	1	11
690.219	1	21
690.388	1	23
690.558	1	14
690.727	1	27
690.897	1	14
691.066	1	27
691.236	1	14
691.405	1	11
691.575	1	20
691.744	1	31
691.914	1	22
692.083	1	14
692.253	1	7
692.422	1	31
692.592	1	25
692.761	1	24
692.931	1	26
693.100	1	20
693.270	1	18
693.439	1	14
693.609	1	14
693.778	1	18
693.948	1	20
694.117	1	28
694.287	1	24
694.456	1	23
694.626	1	20
694.795	1	23
694.965	1	21
695.134	1	22
695.304	1	17
695.473	1	14
695.643	1	21
695.812	1	16
695.982	1	23
696.151	1	28
696.321	1	13
696.490	1	23
696.659	1	14
696.829	1	20
696.998	1	22
697.168	1	20
697.337	1	18
697.507	1	28
697.676	1	28
697.846	1	22
698.015	1	27
698.185	1	27
698.354	1	21
698.524	1	21
698.693	1	28
698.863	1	15
699.032	1	17
699.202	1	35
699.371	1	16
699.540	1	30
699.710	1	21
699.879	1	27
700.049	1	26
700.218	1	15
700.388	1	30
700.557	1	23
700.727	1	17
700.896	1	25
701.066	1	21
701.235	1	17
701.405	1	38
701.574	1	27
701.743	1	16
701.913	1	18
702.082	1	29
702.252	1	26
702.421	1	12
702.591	1	6
702.760	1	33
702.930	1	13
703.099	1	34
703.268	1	28
703.438	1	26
703.607	1	34
703.777	1	24
703.946	1	27
704.116	1	16
704.285	1	13
704.455	1	18
704.624	1	15
704.793	1	26
704.963	1	19
705.132	1	27
705.302	1	25
705.471	1	26
705.641	1	9
705.810	1	10
705.979	1	16
706.149	1	24
706.318	1	21
706.488	1	14
706.657	1	15
706.827	1	24
706.996	1	29
707.165	1	34
707.335	1	19
707.504	1	24
707.674	1	21
707.843	1	18
708.013	1	28
708.182	1	17
708.351	1	21
708.521	1	32
708.690	1	20
708.860	1	18
709.029	1	22
709.198	1	11
709.368	1	23
709.537	1	21
709.707	1	16
709.876	1	23
710.046	1	29
710.215	1	26
710.384	1	19
710.554	1	12
710.723	1	9
710.893	1	16
711.062	1	31
711.231	1	23
711.401	1	22
711.570	1	26
711.740	1	19
711.909	1	15
712.078	1	22
712.248	1	15
712.417	1	16
712.587	1	38
712.756	1	23
712.925	1	14
713.095	1	31
713.264	1	21
713.434	1	23
713.603	1	28
713.772	1	20
713.942	1	16
714.111	1	19
714.280	1	21
714.450	1	21
714.619	1	28
714.789	1	30
714.958	1	41
715.127	1	21
715.297	1	22
715.466	1	25
715.636	1	23
715.805	1	7
715.974	1	16
716.144	1	20
716.313	1	32
716.482	1	21
716.652	1	12
716.821	1	29
716.991	1	22
717.160	1	26
717.329	1	11
717.499	1	10
717.668	1	15
717.837	1	27
718.007	1	16
718.176	1	19
718.346	1	19
718.515	1	19
718.684	1	29
718.854	1	30
719.023	1	11
719.192	1	9
719.362	1	15
719.531	1	28
719.700	1	21
719.870	1	16
720.039	1	18
720.208	1	15
720.378	1	4
720.547	1	14
720.717	1	17
720.886	1	19
721.055	1	23
721.225	1	6
721.394	1	8
721.563	1	21
721.733	1	15
721.902	1	8
722.071	1	21
722.241	1	22
722.410	1	24
722.579	1	17
722.749	1	25
722.918	1	13
723.087	1	22
723.257	1	7
723.426	1	12
723.595	1	16
723.765	1	23
723.934	1	14
724.103	1	25
724.273	1	13
724.442	1	8
724.611	1	11
724.781	1	10
724.950	1	15
725.119	1	16
725.289	1	27
725.458	1	9
725.627	1	29
725.797	1	17
725.966	1	19
726.135	1	14
726.305	1	16
726.474	1	10
726.643	1	25
726.813	1	18
726.982	1	13
727.151	1	19
727.321	1	9
727.490	1	18
727.659	1	27
727.829	1	32
727.998	1	13
728.167	1	15
728.337	1	12
728.506	1	14
728.675	1	7
728.845	1	12
729.014	1	14
729.183	1	13
729.352	1	10
729.522	1	23
729.691	1	16
729.860	1	20
730.030	1	10
730.199	1	4
730.368	1	20
730.538	1	8
730.707	1	21
730.876	1	18
731.045	1	14
731.215	1	21
731.384	1	14
731.553	1	22
731.723	1	13
731.892	1	21
732.061	1	27
732.231	1	18
732.400	1	21
732.569	1	30
732.738	1	15
732.908	1	17
733.077	1	13
733.246	1	20
733.416	1	28
733.585	1	9
733.754	1	19
733.923	1	11
734.093	1	18
734.262	1	12
734.431	1	18
734.601	1	10
734.770	1	25
734.939	1	7
735.108	1	15
735.278	1	16
735.447	1	6
735.616	1	16
735.786	1	9
735.955	1	23
736.124	1	13
736.293	1	22
736.463	1	15
736.632	1	22
736.801	1	15
736.970	1	-1
737.140	1	13
737.309	1	14
737.478	1	10
737.648	1	30
737.817	1	7
737.986	1	10
738.155	1	14
738.325	1	24
738.494	1	9
738.663	1	20
738.832	1	24
739.002	1	8
739.171	1	9
739.340	1	16
739.509	1	16
739.679	1	11
739.848	1	23
740.017	1	11
740.186	1	15
740.356	1	21
740.525	1	12
740.694	1	13
740.863	1	13
741.033	1	24
741.202	1	23
741.371	1	25
741.540	1	8
741.710	1	14
741.879	1	8
742.048	1	16
742.217	1	12
742.387	1	6
742.556	1	17
742.725	1	14
742.894	1	20
743.064	1	16
743.233	1	9
743.402	1	19
743.571	1	21
743.741	1	19
743.910	1	19
744.079	1	3
744.248	1	19
744.418	1	8
744.587	1	13
744.756	1	34
744.925	1	3
745.094	1	11
745.264	1	23
745.433	1	19
745.602	1	17
745.771	1	27
745.941	1	18
746.110	1	14
746.279	1	21
746.448	1	24
746.617	1	15
746.787	1	11
746.956	1	22
747.125	1	16
747.294	1	6
747.464	1	6
747.633	1	17
747.802	1	12
747.971	1	9
748.140	1	19
748.310	1	20
748.479	1	19
748.648	1	18
748.817	1	18
748.986	1	24
749.156	1	15
749.325	1	26
749.494	1	14
749.663	1	8
749.832	1	16
750.002	1	13
750.171	1	21
750.340	1	14
750.509	1	18
750.678	1	12
750.848	1	17
751.017	1	17
751.186	1	16
751.355	1	15
751.524	1	11
751.694	1	19
751.863	1	2
752.032	1	24
752.201	1	16
752.370	1	12
752.540	1	10
752.709	1	15
752.878	1	15
753.047	1	23
753.216	1	30
753.386	1	9
753.555	1	4
753.724	1	22
753.893	1	31
754.062	1	14
754.231	1	24
754.401	1	14
754.570	1	20
754.739	1	14
754.908	1	6
755.077	1	12
755.247	1	15
755.416	1	23
755.585	1	23
755.754	1	19
755.923	1	17
756.092	1	24
756.262	1	15
756.431	1	9
756.600	1	15
756.769	1	9
756.938	1	17
757.107	1	18
757.277	1	22
757.446	1	25
757.615	1	20
757.784	1	18
757.953	1	12
758.122	1	5
758.292	1	19
758.461	1	13
758.630	1	23
758.799	1	17
758.968	1	11
759.137	1	10
759.306	1	17
759.476	1	8
759.645	1	20
759.814	1	27
759.983	1	12
760.152	1	15
760.321	1	15
760.491	1	19
760.660	1	20
760.829	1	18
760.998	1	18
761.167	1	13
761.336	1	10
761.505	1	29
761.675	1	14
761.844	1	16
762.013	1	6
762.182	1	23
762.351	1	10
762.520	1	19
762.689	1	7
762.859	1	6
763.028	1	12
763.197	1	16
763.366	1	36
763.535	1	17
763.704	1	17
763.873	1	13
764.042	1	28
764.212	1	16
764.381	1	24
764.550	1	19
764.719	1	2
764.888	1	11
765.057	1	17
765.226	1	30
765.395	1	2
765.565	1	18
765.734	1	7
765.903	1	12
766.072	1	6
766.241	1	15
766.410	1	13
766.579	1	25
766.748	1	4
766.918	1	21
767.087	1	22
767.256	1	9
767.425	1	13
767.594	1	20
767.763	1	29
767.932	1	18
768.101	1	9
768.270	1	24
768.440	1	15
768.609	1	12
768.778	1	5
768.947	1	21
769.116	1	14
769.285	1	11
769.454	1	22
769.623	1	14
769.792	1	14
769.961	1	20
770.131	1	17
770.300	1	15
770.469	1	15
770.638	1	15
770.807	1	10
770.976	1	15
771.145	1	18
771.314	1	15
771.483	1	23
771.652	1	13
771.822	1	25
771.991	1	8
772.160	1	20
772.329	1	20
772.498	1	14
772.667	1	9
772.836	1	17
773.005	1	17
773.174	1	26
773.343	1	6
773.512	1	14
