425.572	1	2
425.743	1	-12
425.913	1	4
426.084	1	1
426.255	1	6
426.426	1	-1
426.597	1	-2
426.768	1	4
426.939	1	11
427.109	1	1
427.280	1	5
427.451	1	4
427.622	1	5
427.793	1	-4
427.964	1	0
428.135	1	2
428.305	1	5
428.476	1	-2
428.647	1	2
428.818	1	5
428.989	1	0
429.160	1	-1
429.331	1	1
429.501	1	7
429.672	1	-2
429.843	1	-3
430.014	1	0
430.185	1	3
430.356	1	-3
430.527	1	4
430.697	1	14
430.868	1	-4
431.039	1	-6
431.210	1	1
431.381	1	-6
431.552	1	5
431.722	1	4
431.893	1	-4
432.064	1	-3
432.235	1	-10
432.406	1	-6
432.577	1	4
432.747	1	4
432.918	1	10
433.089	1	-4
433.260	1	0
433.431	1	-3
433.602	1	5
433.772	1	4
433.943	1	1
434.114	1	5
434.285	1	-2
434.456	1	-4
434.627	1	0
434.797	1	-3
434.968	1	3
435.139	1	-1
435.310	1	0
435.481	1	3
435.652	1	0
435.822	1	7
435.993	1	-4
436.164	1	4
436.335	1	-3
436.506	1	9
436.676	1	20
436.847	1	5
437.018	1	7
437.189	1	1
437.360	1	2
437.530	1	-1
437.701	1	5
437.872	1	10
438.043	1	-7
438.214	1	-2
438.385	1	0
438.555	1	9
438.726	1	7
438.897	1	7
439.068	1	1
439.239	1	11
439.409	1	13
439.580	1	4
439.751	1	-12
439.922	1	6
440.093	1	-11
440.263	1	4
440.434	1	5
440.605	1	-4
440.776	1	3
440.947	1	4
441.117	1	4
441.288	1	4
441.459	1	11
441.630	1	2
441.800	1	-2
441.971	1	-5
442.142	1	11
442.313	1	15
442.484	1	-9
442.654	1	2
442.825	1	-5
442.996	1	6
443.167	1	0
443.338	1	-10
443.508	1	6
443.679	1	-8
443.850	1	-22
444.021	1	-3
444.191	1	-2
444.362	1	-4
444.533	1	-17
444.704	1	0
444.874	1	9
445.045	1	-2
445.216	1	-1
445.387	1	-7
445.558	1	3
445.728	1	3
445.899	1	2
446.070	1	4
446.241	1	7
446.411	1	13
446.582	1	1
446.753	1	-1
446.924	1	7
447.094	1	-3
447.265	1	5
447.436	1	-8
447.607	1	3
447.777	1	-7
447.948	1	8
448.119	1	9
448.290	1	11
448.461	1	5
448.631	1	4
448.802	1	2
448.973	1	-4
449.144	1	-5
449.314	1	7
449.485	1	-1
449.656	1	1
449.827	1	5
449.997	1	2
450.168	1	3
450.339	1	10
450.509	1	-8
450.680	1	-4
450.851	1	-10
451.022	1	7
451.192	1	-7
451.363	1	0
451.534	1	-4
451.705	1	-8
451.875	1	-8
452.046	1	9
452.217	1	0
452.388	1	12
452.558	1	3
452.729	1	6
452.900	1	14
453.071	1	0
453.241	1	4
453.412	1	-1
453.583	1	-6
453.753	1	-1
453.924	1	-1
454.095	1	3
454.266	1	4
454.436	1	1
454.607	1	-6
454.778	1	0
454.949	1	3
455.119	1	13
455.290	1	11
455.461	1	0
455.631	1	2
455.802	1	-1
455.973	1	8
456.144	1	0
456.314	1	4
456.485	1	-10
456.656	1	-11
456.826	1	5
456.997	1	-2
457.168	1	-1
457.339	1	6
457.509	1	5
457.680	1	0
457.851	1	5
458.021	1	-5
458.192	1	-6
458.363	1	-6
458.533	1	9
458.704	1	7
458.875	1	4
459.046	1	0
459.216	1	-13
459.387	1	-6
459.558	1	2
459.728	1	15
459.899	1	10
460.070	1	-6
460.240	1	2
460.411	1	11
460.582	1	-5
460.753	1	-2
460.923	1	7
461.094	1	-6
461.265	1	-1
461.435	1	-13
461.606	1	9
461.777	1	2
461.947	1	-1
462.118	1	-1
462.289	1	4
462.459	1	-4
462.630	1	-5
462.801	1	-1
462.971	1	-2
463.142	1	-10
463.313	1	3
463.483	1	9
463.654	1	5
463.825	1	-2
463.995	1	4
464.166	1	-1
464.337	1	-2
464.507	1	4
464.678	1	2
464.849	1	4
465.020	1	7
465.190	1	0
465.361	1	9
465.532	1	-4
465.702	1	-9
465.873	1	14
466.044	1	-5
466.214	1	-1
466.385	1	-2
466.555	1	4
466.726	1	6
466.897	1	4
467.067	1	2
467.238	1	9
467.409	1	1
467.579	1	3
467.750	1	-4
467.921	1	10
468.091	1	-1
468.262	1	-7
468.433	1	0
468.603	1	0
468.774	1	-2
468.945	1	-4
469.115	1	0
469.286	1	8
469.457	1	-2
469.627	1	-1
469.798	1	1
469.969	1	7
470.139	1	1
470.310	1	6
470.480	1	8
470.651	1	9
470.822	1	0
470.992	1	9
471.163	1	1
471.334	1	-8
471.504	1	-3
471.675	1	5
471.846	1	10
472.016	1	8
472.187	1	9
472.357	1	3
472.528	1	11
472.699	1	16
472.869	1	7
473.040	1	2
473.211	1	-5
473.381	1	-6
473.552	1	-3
473.722	1	6
473.893	1	8
474.064	1	3
474.234	1	-4
474.405	1	-2
474.576	1	-4
474.746	1	4
474.917	1	1
475.087	1	13
475.258	1	1
475.429	1	0
475.599	1	-7
475.770	1	5
475.941	1	5
476.111	1	-12
476.282	1	3
476.452	1	10
476.623	1	10
476.794	1	3
476.964	1	3
477.135	1	9
477.305	1	-12
477.476	1	5
477.647	1	5
477.817	1	-2
477.988	1	-1
478.158	1	0
478.329	1	2
478.500	1	-6
478.670	1	1
478.841	1	-14
479.011	1	4
479.182	1	0
479.353	1	1
479.523	1	4
479.694	1	-5
479.864	1	11
480.035	1	0
480.206	1	1
480.376	1	5
480.547	1	8
480.717	1	-3
480.888	1	11
481.059	1	-1
481.229	1	15
481.400	1	-2
481.570	1	4
481.741	1	-1
481.911	1	-5
482.082	1	1
482.253	1	5
482.423	1	5
482.594	1	12
482.764	1	3
482.935	1	-3
483.105	1	-4
483.276	1	2
483.447	1	-1
483.617	1	2
483.788	1	3
483.958	1	-1
484.129	1	5
484.300	1	0
484.470	1	-4
484.641	1	-3
484.811	1	3
484.982	1	-2
485.152	1	6
485.323	1	14
485.493	1	6
485.664	1	-4
485.835	1	-7
486.005	1	-8
486.176	1	0
486.346	1	-2
486.517	1	7
486.687	1	-5
486.858	1	6
487.029	1	7
487.199	1	11
487.370	1	1
487.540	1	15
487.711	1	2
487.881	1	12
488.052	1	-6
488.222	1	-1
488.393	1	-2
488.563	1	1
488.734	1	1
488.905	1	9
489.075	1	-1
489.246	1	5
489.416	1	5
489.587	1	-4
489.757	1	4
489.928	1	-2
490.098	1	4
490.269	1	5
490.439	1	7
490.610	1	4
490.781	1	7
490.951	1	11
491.122	1	4
491.292	1	6
491.463	1	2
491.633	1	2
491.804	1	-3
491.974	1	-1
492.145	1	7
492.315	1	7
492.486	1	2
492.656	1	-2
492.827	1	1
492.997	1	6
493.168	1	9
493.338	1	9
493.509	1	2
493.680	1	0
493.850	1	3
494.021	1	-4
494.191	1	0
494.362	1	-2
494.532	1	4
494.703	1	-1
494.873	1	4
495.044	1	-3
495.214	1	2
495.385	1	-3
495.555	1	7
495.726	1	8
495.896	1	0
496.067	1	5
496.237	1	2
496.408	1	-3
496.578	1	-10
496.749	1	-2
496.919	1	2
497.090	1	-5
497.260	1	-6
497.431	1	-8
497.601	1	7
497.772	1	2
497.942	1	-3
498.113	1	17
498.283	1	-3
498.454	1	2
498.624	1	6
498.795	1	5
498.965	1	-3
499.136	1	7
499.306	1	7
499.477	1	-6
499.647	1	0
499.818	1	5
499.988	1	1
500.159	1	1
500.329	1	4
500.500	1	-11
500.670	1	4
500.841	1	10
501.011	1	-1
501.182	1	0
501.352	1	7
501.523	1	3
501.693	1	16
501.864	1	-6
502.034	1	-3
502.205	1	-2
502.375	1	6
502.545	1	5
502.716	1	11
502.886	1	11
503.057	1	12
503.227	1	-3
503.398	1	-3
503.568	1	-7
503.739	1	10
503.909	1	-3
504.080	1	-5
504.250	1	5
504.421	1	3
504.591	1	1
504.762	1	-6
504.932	1	5
505.103	1	0
505.273	1	-1
505.443	1	-9
505.614	1	-2
505.784	1	-16
505.955	1	4
506.125	1	-4
506.296	1	10
506.466	1	12
506.637	1	-4
506.807	1	4
506.978	1	3
507.148	1	3
507.318	1	12
507.489	1	-1
507.659	1	2
507.830	1	-2
508.000	1	-8
508.171	1	4
508.341	1	5
508.512	1	7
508.682	1	4
508.853	1	11
509.023	1	1
509.193	1	1
509.364	1	8
509.534	1	3
509.705	1	3
509.875	1	4
510.046	1	14
510.216	1	-1
510.386	1	7
510.557	1	2
510.727	1	5
510.898	1	-7
511.068	1	1
511.239	1	-4
511.409	1	2
511.580	1	6
511.750	1	8
511.920	1	10
512.091	1	-2
512.261	1	-4
512.432	1	3
512.602	1	0
512.773	1	-6
512.943	1	10
513.113	1	0
513.284	1	6
513.454	1	5
513.625	1	-6
513.795	1	-5
513.965	1	3
514.136	1	7
514.306	1	-4
514.477	1	5
514.647	1	-2
514.818	1	9
514.988	1	3
515.158	1	0
515.329	1	1
515.499	1	-8
515.670	1	14
515.840	1	-7
516.010	1	3
516.181	1	7
516.351	1	-8
516.522	1	-7
516.692	1	-2
516.862	1	4
517.033	1	-2
517.203	1	4
517.374	1	-6
517.544	1	1
517.714	1	3
517.885	1	-1
518.055	1	-8
518.226	1	-10
518.396	1	-13
518.566	1	11
518.737	1	-9
518.907	1	-3
519.078	1	1
519.248	1	8
519.418	1	2
519.589	1	3
519.759	1	0
519.930	1	4
520.100	1	0
520.270	1	-6
520.441	1	1
520.611	1	0
520.781	1	6
520.952	1	3
521.122	1	10
521.293	1	-1
521.463	1	11
521.633	1	1
521.804	1	2
521.974	1	-2
522.145	1	7
522.315	1	-8
522.485	1	-6
522.656	1	6
522.826	1	-10
522.996	1	-2
523.167	1	0
523.337	1	7
523.507	1	-7
523.678	1	-2
523.848	1	11
524.019	1	3
524.189	1	-1
524.359	1	5
524.530	1	-2
524.700	1	5
524.870	1	-1
525.041	1	2
525.211	1	2
525.381	1	6
525.552	1	0
525.722	1	7
525.893	1	-6
526.063	1	3
526.233	1	-5
526.404	1	1
526.574	1	-3
526.744	1	9
526.915	1	-1
527.085	1	9
527.255	1	-4
527.426	1	7
527.596	1	2
527.766	1	-2
527.937	1	-6
528.107	1	12
528.277	1	-1
528.448	1	-3
528.618	1	-2
528.789	1	-1
528.959	1	-5
529.129	1	5
529.300	1	6
529.470	1	5
529.640	1	-8
529.811	1	5
529.981	1	9
530.151	1	5
530.322	1	2
530.492	1	1
530.662	1	-12
530.833	1	2
531.003	1	-2
531.173	1	5
531.344	1	-8
531.514	1	1
531.684	1	0
531.855	1	0
532.025	1	7
532.195	1	-3
532.365	1	0
532.536	1	-5
532.706	1	11
532.876	1	-4
533.047	1	-14
533.217	1	13
533.387	1	-2
533.558	1	6
533.728	1	-3
533.898	1	8
534.069	1	-1
534.239	1	-6
534.409	1	-1
534.580	1	-4
534.750	1	9
534.920	1	7
535.091	1	2
535.261	1	0
535.431	1	3
535.601	1	6
535.772	1	5
535.942	1	2
536.112	1	6
536.283	1	-2
536.453	1	4
536.623	1	-5
536.794	1	0
536.964	1	-4
537.134	1	6
537.305	1	6
537.475	1	-13
537.645	1	2
537.815	1	5
537.986	1	3
538.156	1	7
538.326	1	8
538.497	1	2
538.667	1	0
538.837	1	11
539.007	1	-2
539.178	1	2
539.348	1	-6
539.518	1	-9
539.689	1	-3
539.859	1	-5
540.029	1	0
540.199	1	6
540.370	1	7
540.540	1	12
540.710	1	5
540.881	1	12
541.051	1	13
541.221	1	14
541.391	1	-2
541.562	1	-4
541.732	1	-4
541.902	1	-4
542.073	1	6
542.243	1	4
542.413	1	1
542.583	1	6
542.754	1	6
542.924	1	9
543.094	1	-2
543.264	1	2
543.435	1	-1
543.605	1	3
543.775	1	9
543.945	1	3
544.116	1	-5
544.286	1	9
544.456	1	4
544.627	1	14
544.797	1	-2
544.967	1	-5
545.137	1	7
545.308	1	9
545.478	1	1
545.648	1	1
545.818	1	8
545.989	1	1
546.159	1	11
546.329	1	-8
546.499	1	2
546.670	1	-8
546.840	1	5
547.010	1	-2
547.180	1	1
547.351	1	-2
547.521	1	-13
547.691	1	10
547.861	1	-6
548.032	1	-4
548.202	1	-5
548.372	1	5
548.542	1	-3
548.713	1	1
548.883	1	20
549.053	1	-5
549.223	1	5
549.393	1	7
549.564	1	4
549.734	1	4
549.904	1	-5
550.074	1	-1
550.245	1	7
550.415	1	7
550.585	1	-2
550.755	1	-3
550.926	1	-4
551.096	1	1
551.266	1	5
551.436	1	9
551.606	1	1
551.777	1	1
551.947	1	1
552.117	1	6
552.287	1	-1
552.458	1	5
552.628	1	6
552.798	1	2
552.968	1	0
553.138	1	0
553.309	1	9
553.479	1	2
553.649	1	4
553.819	1	12
553.990	1	-11
554.160	1	0
554.330	1	12
554.500	1	12
554.670	1	13
554.841	1	-1
555.011	1	-3
555.181	1	3
555.351	1	0
555.521	1	-7
555.692	1	3
555.862	1	2
556.032	1	7
556.202	1	8
556.372	1	1
556.543	1	-7
556.713	1	7
556.883	1	-3
557.053	1	-2
557.223	1	-13
557.394	1	-1
557.564	1	8
557.734	1	2
557.904	1	6
558.074	1	4
558.245	1	8
558.415	1	-4
558.585	1	-1
558.755	1	-2
558.925	1	6
559.096	1	-2
559.266	1	-5
559.436	1	9
559.606	1	9
559.776	1	-2
559.946	1	4
560.117	1	-5
560.287	1	4
560.457	1	-6
560.627	1	4
560.797	1	-1
560.968	1	4
561.138	1	-4
561.308	1	-5
561.478	1	10
561.648	1	6
561.818	1	10
561.989	1	-6
562.159	1	12
562.329	1	-7
562.499	1	8
562.669	1	-11
562.839	1	3
563.010	1	-5
563.180	1	6
563.350	1	-2
563.520	1	5
563.690	1	2
563.860	1	2
564.031	1	4
564.201	1	-1
564.371	1	0
564.541	1	10
564.711	1	3
564.881	1	-2
565.051	1	13
565.222	1	-3
565.392	1	5
565.562	1	22
565.732	1	-1
565.902	1	6
566.072	1	-6
566.243	1	7
566.413	1	1
566.583	1	4
566.753	1	-12
566.923	1	-8
567.093	1	-3
567.263	1	15
567.434	1	-2
567.604	1	-1
567.774	1	2
567.944	1	0
568.114	1	1
568.284	1	1
568.454	1	0
568.625	1	4
568.795	1	5
568.965	1	3
569.135	1	-1
569.305	1	-9
569.475	1	6
569.645	1	11
569.816	1	-2
569.986	1	2
570.156	1	6
570.326	1	-4
570.496	1	-2
570.666	1	-5
570.836	1	6
571.006	1	9
571.177	1	-9
571.347	1	2
571.517	1	1
571.687	1	-3
571.857	1	-1
572.027	1	8
572.197	1	-6
572.367	1	4
572.537	1	1
572.708	1	-3
572.878	1	-1
573.048	1	5
573.218	1	-1
573.388	1	6
573.558	1	2
573.728	1	0
573.898	1	-6
574.069	1	-6
574.239	1	-1
574.409	1	-5
574.579	1	-4
574.749	1	-1
574.919	1	0
575.089	1	-5
575.259	1	-4
575.429	1	15
575.599	1	-7
575.770	1	10
575.940	1	-2
576.110	1	-3
576.280	1	-3
576.450	1	-1
576.620	1	4
576.790	1	10
576.960	1	1
577.130	1	-1
577.300	1	-2
577.471	1	6
577.641	1	6
577.811	1	-6
577.981	1	5
578.151	1	-2
578.321	1	8
578.491	1	4
578.661	1	0
578.831	1	-6
579.001	1	4
579.171	1	4
579.341	1	5
579.512	1	5
579.682	1	11
579.852	1	5
580.022	1	-10
580.192	1	5
580.362	1	8
580.532	1	4
580.702	1	-6
580.872	1	0
581.042	1	7
581.212	1	1
581.382	1	9
581.552	1	-1
581.723	1	-12
581.893	1	-12
582.063	1	2
582.233	1	-4
582.403	1	-3
582.573	1	2
582.743	1	-4
582.913	1	14
583.083	1	5
583.253	1	5
583.423	1	0
583.593	1	-2
583.763	1	3
583.933	1	-10
584.103	1	-7
584.273	1	-10
584.444	1	1
584.614	1	0
584.784	1	-3
584.954	1	7
585.124	1	2
585.294	1	1
585.464	1	-4
585.634	1	12
585.804	1	16
585.974	1	8
586.144	1	12
586.314	1	6
586.484	1	-3
586.654	1	9
586.824	1	1
586.994	1	7
587.164	1	-5
587.334	1	14
587.504	1	-2
587.674	1	5
587.844	1	1
588.015	1	3
588.185	1	-2
588.355	1	6
588.525	1	-7
588.695	1	5
588.865	1	5
589.035	1	-6
589.205	1	-12
589.375	1	-4
589.545	1	10
589.715	1	4
589.885	1	10
590.055	1	7
590.225	1	0
590.395	1	0
590.565	1	2
590.735	1	3
590.905	1	4
591.075	1	5
591.245	1	-5
591.415	1	-3
591.585	1	-4
591.755	1	5
591.925	1	-7
592.095	1	0
592.265	1	-13
592.435	1	8
592.605	1	-9
592.775	1	-3
592.945	1	6
593.115	1	6
593.285	1	5
593.455	1	-12
593.625	1	2
593.795	1	9
593.965	1	8
594.135	1	7
594.305	1	10
594.475	1	2
594.645	1	14
594.815	1	4
594.985	1	-3
595.155	1	1
595.325	1	3
595.495	1	-1
595.665	1	-3
595.835	1	5
596.005	1	-1
596.175	1	-7
596.345	1	6
596.515	1	6
596.685	1	8
596.855	1	-3
597.025	1	6
597.195	1	-1
597.365	1	-4
597.535	1	4
597.705	1	16
597.875	1	2
598.045	1	-7
598.215	1	-5
598.385	1	6
598.555	1	1
598.725	1	18
598.895	1	12
599.065	1	2
599.235	1	5
599.405	1	0
599.575	1	3
599.745	1	3
599.915	1	-4
600.085	1	14
600.255	1	-2
600.425	1	4
600.595	1	-2
600.765	1	9
600.935	1	2
601.105	1	5
601.275	1	2
601.445	1	1
601.615	1	5
601.785	1	9
601.955	1	3
602.125	1	-6
602.295	1	9
602.465	1	4
602.635	1	8
602.804	1	7
602.974	1	4
603.144	1	-4
603.314	1	-6
603.484	1	6
603.654	1	-1
603.824	1	4
603.994	1	10
604.164	1	5
604.334	1	-4
604.504	1	-3
604.674	1	3
604.844	1	0
605.014	1	4
605.184	1	-2
605.354	1	7
605.524	1	-5
605.694	1	-8
605.864	1	-2
606.034	1	-3
606.204	1	14
606.373	1	-5
606.543	1	-5
606.713	1	9
606.883	1	10
607.053	1	2
607.223	1	2
607.393	1	7
607.563	1	9
607.733	1	6
607.903	1	0
608.073	1	-9
608.243	1	6
608.413	1	6
608.583	1	0
608.753	1	-4
608.923	1	6
609.092	1	0
609.262	1	4
609.432	1	13
609.602	1	1
609.772	1	0
609.942	1	0
610.112	1	2
610.282	1	-7
610.452	1	0
610.622	1	0
610.792	1	5
610.962	1	-2
611.132	1	-7
611.301	1	0
611.471	1	-2
611.641	1	3
611.811	1	-1
611.981	1	10
612.151	1	3
612.321	1	6
612.491	1	6
612.661	1	-2
612.831	1	-6
613.001	1	1
613.171	1	10
613.340	1	-5
613.510	1	3
613.680	1	-7
613.850	1	0
614.020	1	-1
614.190	1	-1
614.360	1	8
614.530	1	-1
614.700	1	0
614.870	1	-3
615.039	1	9
615.209	1	-5
615.379	1	-10
615.549	1	10
615.719	1	-1
615.889	1	-3
616.059	1	3
616.229	1	2
616.399	1	-15
616.568	1	-1
616.738	1	-1
616.908	1	-1
617.078	1	14
617.248	1	-8
617.418	1	10
617.588	1	5
617.758	1	4
617.928	1	6
618.097	1	1
618.267	1	6
618.437	1	3
618.607	1	9
618.777	1	-1
618.947	1	-5
619.117	1	2
619.287	1	8
619.457	1	0
619.626	1	9
619.796	1	-4
619.966	1	3
620.136	1	7
620.306	1	-6
620.476	1	-12
620.646	1	3
620.815	1	7
620.985	1	-6
621.155	1	4
621.325	1	-11
621.495	1	13
621.665	1	9
621.835	1	8
622.005	1	5
622.174	1	2
622.344	1	4
622.514	1	3
622.684	1	-1
622.854	1	-2
623.024	1	12
623.194	1	-5
623.363	1	2
623.533	1	-4
623.703	1	3
623.873	1	5
624.043	1	2
624.213	1	3
624.383	1	-19
624.552	1	5
624.722	1	4
624.892	1	7
625.062	1	-6
625.232	1	2
625.402	1	3
625.571	1	0
625.741	1	5
625.911	1	11
626.081	1	-1
626.251	1	-2
626.421	1	-11
626.591	1	12
626.760	1	4
626.930	1	1
627.100	1	2
627.270	1	4
627.440	1	7
627.610	1	1
627.779	1	-3
627.949	1	-16
628.119	1	3
628.289	1	8
628.459	1	7
628.629	1	-1
628.798	1	-2
628.968	1	-5
629.138	1	12
629.308	1	13
629.478	1	-6
629.647	1	8
629.817	1	-10
629.987	1	-5
630.157	1	6
630.327	1	4
630.497	1	0
630.666	1	-3
630.836	1	2
631.006	1	7
631.176	1	15
631.346	1	2
631.515	1	2
631.685	1	-8
631.855	1	14
632.025	1	-2
632.195	1	13
632.365	1	-6
632.534	1	2
632.704	1	13
632.874	1	2
633.044	1	6
633.214	1	-8
633.383	1	0
633.553	1	-6
633.723	1	-3
633.893	1	3
634.063	1	5
634.232	1	-2
634.402	1	0
634.572	1	8
634.742	1	-8
634.912	1	10
635.081	1	-8
635.251	1	3
635.421	1	-6
635.591	1	6
635.761	1	-11
635.930	1	0
636.100	1	10
636.270	1	1
636.440	1	5
636.610	1	-2
636.779	1	5
636.949	1	1
637.119	1	7
637.289	1	6
637.458	1	4
637.628	1	9
637.798	1	1
637.968	1	-2
638.138	1	8
638.307	1	12
638.477	1	-18
638.647	1	2
638.817	1	-6
638.986	1	7
639.156	1	2
639.326	1	2
639.496	1	4
639.666	1	0
639.835	1	-2
640.005	1	7
640.175	1	6
640.345	1	0
640.514	1	-7
640.684	1	0
640.854	1	3
641.024	1	1
641.193	1	1
641.363	1	5
641.533	1	12
641.703	1	3
641.872	1	-5
642.042	1	1
642.212	1	-5
642.382	1	-8
642.552	1	8
642.721	1	-1
642.891	1	1
643.061	1	8
643.231	1	-6
643.400	1	6
643.570	1	0
643.740	1	-6
643.910	1	3
644.079	1	8
644.249	1	-5
644.419	1	-3
644.589	1	4
644.758	1	-3
644.928	1	2
645.098	1	-10
645.268	1	16
645.437	1	-8
645.607	1	5
645.777	1	-5
645.946	1	14
646.116	1	4
646.286	1	-7
646.456	1	0
646.625	1	-6
646.795	1	-7
646.965	1	0
647.135	1	4
647.304	1	5
647.474	1	12
647.644	1	5
647.814	1	2
647.983	1	7
648.153	1	-12
648.323	1	2
648.492	1	-2
648.662	1	-1
648.832	1	-6
649.002	1	-4
649.171	1	3
649.341	1	-7
649.511	1	7
649.681	1	-5
649.850	1	4
650.020	1	-8
650.190	1	0
650.359	1	-1
650.529	1	10
650.699	1	-2
650.869	1	3
651.038	1	13
651.208	1	-7
651.378	1	-10
651.547	1	7
651.717	1	-3
651.887	1	-16
652.057	1	11
652.226	1	3
652.396	1	5
652.566	1	5
652.735	1	-6
652.905	1	2
653.075	1	-5
653.244	1	3
653.414	1	-4
653.584	1	5
653.754	1	-2
653.923	1	-5
654.093	1	5
654.263	1	4
654.432	1	6
654.602	1	8
654.772	1	3
654.941	1	0
655.111	1	1
655.281	1	-6
655.451	1	8
655.620	1	7
655.790	1	0
655.960	1	-3
656.129	1	17
656.299	1	-5
656.469	1	5
656.638	1	1
656.808	1	-2
656.978	1	3
657.147	1	13
657.317	1	1
657.487	1	6
657.656	1	6
657.826	1	-4
657.996	1	-16
658.165	1	-12
658.335	1	5
658.505	1	1
658.674	1	0
658.844	1	6
659.014	1	4
659.184	1	0
659.353	1	-9
659.523	1	-5
659.693	1	-6
659.862	1	-9
660.032	1	-1
660.202	1	3
660.371	1	1
660.541	1	12
660.711	1	-5
660.880	1	1
661.050	1	21
661.220	1	7
661.389	1	5
661.559	1	1
661.728	1	-8
661.898	1	-8
662.068	1	-2
662.237	1	7
662.407	1	1
662.577	1	6
662.746	1	-1
662.916	1	4
663.086	1	5
663.255	1	1
663.425	1	-4
663.595	1	4
663.764	1	2
663.934	1	2
664.104	1	7
664.273	1	6
664.443	1	-3
664.613	1	5
664.782	1	-6
664.952	1	1
665.121	1	8
665.291	1	5
665.461	1	4
665.630	1	13
665.800	1	-6
665.970	1	-3
666.139	1	7
666.309	1	7
666.479	1	10
666.648	1	-9
666.818	1	5
666.987	1	-1
667.157	1	2
667.327	1	9
667.496	1	-10
667.666	1	9
667.836	1	-10
668.005	1	19
668.175	1	2
668.344	1	-2
668.514	1	3
668.684	1	-10
668.853	1	-2
669.023	1	0
669.193	1	6
669.362	1	1
669.532	1	-7
669.701	1	-4
669.871	1	-5
670.041	1	7
670.210	1	1
670.380	1	-9
670.550	1	1
670.719	1	-5
670.889	1	14
671.058	1	19
671.228	1	-3
671.398	1	4
671.567	1	1
671.737	1	0
671.906	1	-5
672.076	1	0
672.246	1	4
672.415	1	-1
672.585	1	0
672.754	1	-9
672.924	1	-6
673.094	1	4
673.263	1	-1
673.433	1	1
673.602	1	7
673.772	1	5
673.942	1	-4
674.111	1	11
674.281	1	-5
674.450	1	10
674.620	1	-9
674.790	1	1
674.959	1	-5
675.129	1	-9
675.298	1	-4
675.468	1	-1
675.638	1	5
675.807	1	-2
675.977	1	-6
676.146	1	10
676.316	1	-1
676.485	1	-4
676.655	1	-2
676.825	1	9
676.994	1	6
677.164	1	7
677.333	1	1
677.503	1	-2
677.672	1	1
677.842	1	-1
678.012	1	2
678.181	1	9
678.351	1	0
678.520	1	7
678.690	1	5
678.859	1	3
679.029	1	-6
679.199	1	0
679.368	1	9
679.538	1	14
679.707	1	4
679.877	1	-14
680.046	1	1
680.216	1	-2
680.386	1	7
680.555	1	14
680.725	1	0
680.894	1	-14
681.064	1	-2
681.233	1	-3
681.403	1	4
681.572	1	4
681.742	1	4
681.912	1	1
682.081	1	-9
682.251	1	-7
682.420	1	-1
682.590	1	-4
682.759	1	-1
682.929	1	-6
683.098	1	2
683.268	1	5
683.438	1	-3
683.607	1	8
683.777	1	-5
683.946	1	-3
684.116	1	2
684.285	1	-3
684.455	1	-8
684.624	1	9
684.794	1	1
684.963	1	4
685.133	1	-1
685.303	1	-5
685.472	1	0
685.642	1	12
685.811	1	2
685.981	1	-2
686.150	1	5
686.320	1	12
686.489	1	8
686.659	1	2
686.828	1	12
686.998	1	4
687.167	1	-10
687.337	1	-4
687.506	1	5
687.676	1	6
687.845	1	-1
688.015	1	-4
688.184	1	5
688.354	1	6
688.524	1	5
688.693	1	8
688.863	1	11
689.032	1	-2
689.202	1	-1
689.371	1	3
689.541	1	9
689.710	1	2
689.880	1	5
690.049	1	0
690.219	1	-6
690.388	1	-3
690.558	1	-9
690.727	1	13
690.897	1	1
691.066	1	2
691.236	1	-7
691.405	1	-4
691.575	1	9
691.744	1	6
691.914	1	-2
692.083	1	-3
692.253	1	1
692.422	1	10
692.592	1	4
692.761	1	2
692.931	1	11
693.100	1	0
693.270	1	9
693.439	1	-4
693.609	1	-3
693.778	1	4
693.948	1	-2
694.117	1	10
694.287	1	4
694.456	1	2
694.626	1	4
694.795	1	6
694.965	1	5
695.134	1	2
695.304	1	-10
695.473	1	-16
695.643	1	1
695.812	1	0
695.982	1	-4
696.151	1	11
696.321	1	-2
696.490	1	-4
696.659	1	-10
696.829	1	-4
696.998	1	-1
697.168	1	7
697.337	1	0
697.507	1	-1
697.676	1	8
697.846	1	3
698.015	1	-2
698.185	1	6
698.354	1	-1
698.524	1	8
698.693	1	0
698.863	1	-1
699.032	1	-3
699.202	1	8
699.371	1	-10
699.540	1	15
699.710	1	0
699.879	1	2
700.049	1	-2
700.218	1	-3
700.388	1	0
700.557	1	7
700.727	1	4
700.896	1	2
701.066	1	-9
701.235	1	-1
701.405	1	3
701.574	1	11
701.743	1	-5
701.913	1	-11
702.082	1	15
702.252	1	1
702.421	1	2
702.591	1	-13
702.760	1	-11
702.930	1	2
703.099	1	2
703.268	1	2
703.438	1	4
703.607	1	6
703.777	1	7
703.946	1	9
704.116	1	-4
704.285	1	2
704.455	1	-4
704.624	1	-6
704.793	1	3
704.963	1	5
705.132	1	9
705.302	1	-5
705.471	1	14
705.641	1	-12
705.810	1	-9
705.979	1	5
706.149	1	3
706.318	1	-7
706.488	1	-7
706.657	1	-7
706.827	1	4
706.996	1	4
707.165	1	10
707.335	1	8
707.504	1	7
707.674	1	8
707.843	1	-1
708.013	1	13
708.182	1	-5
708.351	1	1
708.521	1	5
708.690	1	2
708.860	1	-5
709.029	1	-4
709.198	1	1
709.368	1	9
709.537	1	6
709.707	1	5
709.876	1	6
710.046	1	6
710.215	1	2
710.384	1	5
710.554	1	-3
710.723	1	-5
710.893	1	10
711.062	1	4
711.231	1	11
711.401	1	-5
711.570	1	7
711.740	1	7
711.909	1	-7
712.078	1	1
712.248	1	-8
712.417	1	-4
712.587	1	2
712.756	1	14
712.925	1	3
713.095	1	-4
713.264	1	7
713.434	1	-1
713.603	1	-2
713.772	1	3
713.942	1	2
714.111	1	13
714.280	1	0
714.450	1	9
714.619	1	8
714.789	1	-4
714.958	1	10
715.127	1	-1
715.297	1	-1
715.466	1	-7
715.636	1	3
715.805	1	-4
715.974	1	-1
716.144	1	-2
716.313	1	7
716.482	1	6
716.652	1	3
716.821	1	21
716.991	1	-6
717.160	1	5
717.329	1	-10
717.499	1	-5
717.668	1	-1
717.837	1	8
718.007	1	6
718.176	1	-2
718.346	1	12
718.515	1	5
718.684	1	7
718.854	1	6
719.023	1	0
719.192	1	-5
719.362	1	5
719.531	1	-4
719.700	1	10
719.870	1	-1
720.039	1	8
720.208	1	5
720.378	1	7
720.547	1	0
720.717	1	-1
720.886	1	2
721.055	1	10
721.225	1	-13
721.394	1	0
721.563	1	-6
721.733	1	4
721.902	1	5
722.071	1	-6
722.241	1	3
722.410	1	6
722.579	1	4
722.749	1	7
722.918	1	3
723.087	1	5
723.257	1	-3
723.426	1	-10
723.595	1	6
723.765	1	4
723.934	1	6
724.103	1	-4
724.273	1	-5
724.442	1	-3
724.611	1	6
724.781	1	-4
724.950	1	8
725.119	1	7
725.289	1	6
725.458	1	-1
725.627	1	4
725.797	1	-4
725.966	1	2
726.135	1	4
726.305	1	10
726.474	1	-4
726.643	1	6
726.813	1	2
726.982	1	5
727.151	1	4
727.321	1	-1
727.490	1	2
727.659	1	9
727.829	1	11
727.998	1	-13
728.167	1	-4
728.337	1	-6
728.506	1	-5
728.675	1	2
728.845	1	0
729.014	1	3
729.183	1	-6
729.352	1	7
729.522	1	5
729.691	1	2
729.860	1	6
730.030	1	-5
730.199	1	-8
730.368	1	-1
730.538	1	-4
730.707	1	5
730.876	1	2
731.045	1	-4
731.215	1	3
731.384	1	2
731.553	1	2
731.723	1	5
731.892	1	-4
732.061	1	7
732.231	1	-1
732.400	1	17
732.569	1	3
732.738	1	1
732.908	1	3
733.077	1	-8
733.246	1	-2
733.416	1	2
733.585	1	2
733.754	1	1
733.923	1	-1
734.093	1	8
734.262	1	-3
734.431	1	13
734.601	1	-13
734.770	1	4
734.939	1	-11
735.108	1	4
735.278	1	-5
735.447	1	-3
735.616	1	6
735.786	1	-11
735.955	1	1
736.124	1	3
736.293	1	-1
736.463	1	-8
736.632	1	6
736.801	1	-4
736.970	1	2
737.140	1	3
737.309	1	-5
737.478	1	6
737.648	1	4
737.817	1	-4
737.986	1	-3
738.155	1	12
738.325	1	-1
738.494	1	-14
738.663	1	-1
738.832	1	7
739.002	1	-4
739.171	1	-6
739.340	1	5
739.509	1	-5
739.679	1	3
739.848	1	16
740.017	1	2
740.186	1	-11
740.356	1	8
740.525	1	2
740.694	1	1
740.863	1	7
741.033	1	0
741.202	1	2
741.371	1	3
741.540	1	-10
741.710	1	-5
741.879	1	0
742.048	1	5
742.217	1	5
742.387	1	-7
742.556	1	7
742.725	1	5
742.894	1	12
743.064	1	3
743.233	1	-8
743.402	1	1
743.571	1	7
743.741	1	7
743.910	1	5
744.079	1	-6
744.248	1	1
744.418	1	-1
744.587	1	2
744.756	1	9
744.925	1	-10
745.094	1	-11
745.264	1	-4
745.433	1	3
745.602	1	4
745.771	1	15
745.941	1	7
746.110	1	1
746.279	1	0
746.448	1	-2
746.617	1	6
746.787	1	3
746.956	1	-6
747.125	1	8
747.294	1	-1
747.464	1	-6
747.633	1	5
747.802	1	-4
747.971	1	2
748.140	1	7
748.310	1	9
748.479	1	12
748.648	1	0
748.817	1	2
748.986	1	15
749.156	1	5
749.325	1	2
749.494	1	1
749.663	1	-1
749.832	1	6
750.002	1	5
750.171	1	15
750.340	1	0
750.509	1	-5
750.678	1	-9
750.848	1	0
751.017	1	3
751.186	1	-3
751.355	1	-2
751.524	1	4
751.694	1	0
751.863	1	-13
752.032	1	9
752.201	1	-1
752.370	1	-3
752.540	1	2
752.709	1	-2
752.878	1	7
753.047	1	6
753.216	1	16
753.386	1	-4
753.555	1	-4
753.724	1	6
753.893	1	9
754.062	1	-4
754.231	1	4
754.401	1	-6
754.570	1	7
754.739	1	2
754.908	1	2
755.077	1	-6
755.247	1	2
755.416	1	3
755.585	1	10
755.754	1	2
755.923	1	3
756.092	1	2
756.262	1	3
756.431	1	-1
756.600	1	4
756.769	1	5
756.938	1	-2
757.107	1	1
757.277	1	13
757.446	1	8
757.615	1	-6
757.784	1	2
757.953	1	-10
758.122	1	-1
758.292	1	-4
758.461	1	1
758.630	1	2
758.799	1	3
758.968	1	3
759.137	1	-12
759.306	1	-2
759.476	1	-4
759.645	1	-5
759.814	1	2
759.983	1	-4
760.152	1	6
760.321	1	3
760.491	1	3
760.660	1	1
760.829	1	0
760.998	1	13
761.167	1	1
761.336	1	-7
761.505	1	8
761.675	1	0
761.844	1	2
762.013	1	0
762.182	1	7
762.351	1	10
762.520	1	5
762.689	1	-6
762.859	1	-5
763.028	1	-5
763.197	1	0
763.366	1	11
763.535	1	7
763.704	1	0
763.873	1	4
764.042	1	14
764.212	1	7
764.381	1	8
764.550	1	6
764.719	1	-3
764.888	1	7
765.057	1	4
765.226	1	18
765.395	1	-10
765.565	1	0
765.734	1	8
765.903	1	4
766.072	1	-13
766.241	1	3
766.410	1	1
766.579	1	-5
766.748	1	-8
766.918	1	9
767.087	1	6
767.256	1	-6
767.425	1	1
767.594	1	2
767.763	1	-1
767.932	1	-5
768.101	1	-4
768.270	1	3
768.440	1	7
768.609	1	-2
768.778	1	-10
768.947	1	10
769.116	1	-9
769.285	1	6
769.454	1	7
769.623	1	-6
769.792	1	-4
769.961	1	4
770.131	1	2
770.300	1	-1
770.469	1	1
770.638	1	-4
770.807	1	1
770.976	1	-6
771.145	1	2
771.314	1	-7
771.483	1	-1
771.652	1	2
771.822	1	1
771.991	1	-2
772.160	1	3
772.329	1	13
772.498	1	7
772.667	1	-1
772.836	1	4
773.005	1	-1
773.174	1	5
773.343	1	-2
773.512	1	-7
