340.368	1	0
340.539	1	9
340.710	1	-5
340.881	1	4
341.052	1	-7
341.223	1	5
341.394	1	10
341.565	1	5
341.737	1	8
341.908	1	1
342.079	1	-6
342.250	1	5
342.421	1	4
342.592	1	5
342.763	1	4
342.934	1	8
343.105	1	11
343.276	1	3
343.447	1	-11
343.618	1	1
343.789	1	1
343.960	1	-2
344.131	1	0
344.302	1	1
344.473	1	0
344.644	1	0
344.815	1	-5
344.986	1	6
345.157	1	0
345.328	1	-3
345.499	1	4
345.670	1	-3
345.841	1	-5
346.012	1	6
346.183	1	13
346.354	1	3
346.526	1	5
346.697	1	8
346.868	1	-2
347.039	1	-6
347.210	1	-5
347.381	1	-3
347.552	1	-1
347.723	1	2
347.894	1	5
348.065	1	2
348.236	1	5
348.407	1	1
348.578	1	3
348.749	1	-3
348.920	1	-6
349.091	1	12
349.262	1	-6
349.433	1	7
349.604	1	-4
349.775	1	5
349.946	1	-6
350.117	1	2
350.288	1	-2
350.459	1	-3
350.630	1	12
350.801	1	9
350.972	1	3
351.143	1	1
351.314	1	3
351.485	1	1
351.656	1	5
351.827	1	3
351.998	1	5
352.169	1	-6
352.340	1	6
352.511	1	7
352.682	1	-4
352.853	1	1
353.024	1	-3
353.195	1	0
353.366	1	0
353.537	1	1
353.708	1	-7
353.879	1	-13
354.050	1	5
354.221	1	-1
354.392	1	3
354.563	1	9
354.734	1	1
354.905	1	10
355.076	1	6
355.247	1	5
355.418	1	-2
355.589	1	-5
355.760	1	1
355.931	1	4
356.102	1	-3
356.273	1	-3
356.444	1	4
356.615	1	-1
356.785	1	0
356.956	1	-2
357.127	1	8
357.298	1	4
357.469	1	4
357.640	1	2
357.811	1	-4
357.982	1	-3
358.153	1	9
358.324	1	16
358.495	1	-7
358.666	1	-7
358.837	1	4
359.008	1	3
359.179	1	-2
359.350	1	-4
359.521	1	3
359.692	1	-3
359.863	1	6
360.034	1	9
360.205	1	-10
360.376	1	-6
360.547	1	-4
360.718	1	12
360.889	1	-3
361.060	1	-3
361.231	1	-10
361.401	1	-4
361.572	1	4
361.743	1	10
361.914	1	0
362.085	1	9
362.256	1	5
362.427	1	-2
362.598	1	-4
362.769	1	-1
362.940	1	6
363.111	1	9
363.282	1	-3
363.453	1	-3
363.624	1	-4
363.795	1	-8
363.966	1	0
364.137	1	-1
364.308	1	13
364.478	1	-5
364.649	1	5
364.820	1	2
364.991	1	0
365.162	1	-7
365.333	1	-9
365.504	1	-9
365.675	1	-6
365.846	1	2
366.017	1	-3
366.188	1	5
366.359	1	-6
366.530	1	5
366.701	1	9
366.871	1	2
367.042	1	1
367.213	1	9
367.384	1	-4
367.555	1	11
367.726	1	-2
367.897	1	10
368.068	1	4
368.239	1	-9
368.410	1	-9
368.581	1	2
368.752	1	8
368.923	1	-1
369.093	1	7
369.264	1	2
369.435	1	-1
369.606	1	0
369.777	1	5
369.948	1	1
370.119	1	-2
370.290	1	-2
370.461	1	3
370.632	1	1
370.803	1	9
370.973	1	-5
371.144	1	0
371.315	1	-9
371.486	1	6
371.657	1	1
371.828	1	-2
371.999	1	-7
372.170	1	1
372.341	1	0
372.512	1	3
372.682	1	1
372.853	1	-1
373.024	1	1
373.195	1	-8
373.366	1	-2
373.537	1	6
373.708	1	1
373.879	1	-8
374.050	1	1
374.220	1	4
374.391	1	0
374.562	1	-2
374.733	1	-1
374.904	1	7
375.075	1	-9
375.246	1	-9
375.417	1	5
375.588	1	7
375.758	1	-10
375.929	1	2
376.100	1	9
376.271	1	4
376.442	1	-10
376.613	1	-1
376.784	1	10
376.955	1	-10
377.125	1	5
377.296	1	2
377.467	1	1
377.638	1	-1
377.809	1	7
377.980	1	1
378.151	1	7
378.321	1	-7
378.492	1	4
378.663	1	4
378.834	1	21
379.005	1	-3
379.176	1	-2
379.347	1	2
379.518	1	2
379.688	1	-5
379.859	1	5
380.030	1	19
380.201	1	13
380.372	1	3
380.543	1	3
380.714	1	-7
380.884	1	1
381.055	1	-4
381.226	1	0
381.397	1	-1
381.568	1	2
381.739	1	-4
381.910	1	3
382.080	1	10
382.251	1	-10
382.422	1	4
382.593	1	1
382.764	1	-1
382.935	1	-1
383.105	1	5
383.276	1	1
383.447	1	2
383.618	1	8
383.789	1	-6
383.960	1	-2
384.130	1	-6
384.301	1	-1
384.472	1	0
384.643	1	-5
384.814	1	-2
384.985	1	-7
385.156	1	4
385.326	1	-2
385.497	1	0
385.668	1	-1
385.839	1	5
386.010	1	4
386.180	1	2
386.351	1	1
386.522	1	4
386.693	1	6
386.864	1	1
387.035	1	4
387.205	1	3
387.376	1	1
387.547	1	6
387.718	1	0
387.889	1	-1
388.060	1	-3
388.230	1	7
388.401	1	1
388.572	1	10
388.743	1	1
388.914	1	2
389.084	1	5
389.255	1	0
389.426	1	-4
389.597	1	15
389.768	1	8
389.939	1	-3
390.109	1	-6
390.280	1	-7
390.451	1	6
390.622	1	7
390.793	1	8
390.963	1	-3
391.134	1	-12
391.305	1	1
391.476	1	13
391.647	1	0
391.817	1	2
391.988	1	-4
392.159	1	8
392.330	1	-7
392.501	1	-8
392.671	1	0
392.842	1	-5
393.013	1	7
393.184	1	-2
393.355	1	9
393.525	1	-2
393.696	1	-3
393.867	1	4
394.038	1	0
394.208	1	2
394.379	1	-3
394.550	1	-1
394.721	1	-6
394.892	1	-6
395.062	1	8
395.233	1	-7
395.404	1	1
395.575	1	0
395.746	1	2
395.916	1	6
396.087	1	1
396.258	1	1
396.429	1	-1
396.599	1	-1
396.770	1	10
396.941	1	-6
397.112	1	-3
397.283	1	-14
397.453	1	10
397.624	1	9
397.795	1	3
397.966	1	6
398.136	1	4
398.307	1	-9
398.478	1	-9
398.649	1	2
398.819	1	10
398.990	1	-5
399.161	1	-1
399.332	1	8
399.503	1	17
399.673	1	-12
399.844	1	2
400.015	1	0
400.186	1	-3
400.356	1	11
400.527	1	14
400.698	1	2
400.869	1	-13
401.039	1	-6
401.210	1	3
401.381	1	-6
401.552	1	-3
401.722	1	3
401.893	1	7
402.064	1	6
402.235	1	-4
402.405	1	3
402.576	1	-4
402.747	1	-5
402.918	1	-3
403.088	1	3
403.259	1	-1
403.430	1	2
403.601	1	3
403.771	1	5
403.942	1	8
404.113	1	10
404.284	1	-9
404.454	1	-1
404.625	1	-3
404.796	1	-9
404.967	1	5
405.137	1	2
405.308	1	7
405.479	1	5
405.649	1	12
405.820	1	-7
405.991	1	-5
406.162	1	4
406.332	1	-11
406.503	1	-4
406.674	1	-10
406.845	1	4
407.015	1	-1
407.186	1	8
407.357	1	9
407.527	1	-2
407.698	1	8
407.869	1	1
408.040	1	0
408.210	1	6
408.381	1	-6
408.552	1	-13
408.722	1	-5
408.893	1	4
409.064	1	1
409.235	1	0
409.405	1	13
409.576	1	6
409.747	1	-2
409.917	1	3
410.088	1	-1
410.259	1	5
410.430	1	-4
410.600	1	2
410.771	1	-4
410.942	1	2
411.112	1	-4
411.283	1	0
411.454	1	3
411.625	1	-4
411.795	1	-5
411.966	1	7
412.137	1	1
412.307	1	2
412.478	1	5
412.649	1	-9
412.819	1	5
412.990	1	0
413.161	1	-11
413.332	1	2
413.502	1	0
413.673	1	7
413.844	1	2
414.014	1	-6
414.185	1	-1
414.356	1	2
414.526	1	6
414.697	1	0
414.868	1	-1
415.038	1	-3
415.209	1	0
415.380	1	7
415.550	1	-3
415.721	1	8
415.892	1	3
416.063	1	15
416.233	1	2
416.404	1	-3
416.575	1	5
416.745	1	-1
416.916	1	4
417.087	1	12
417.257	1	6
417.428	1	3
417.599	1	5
417.769	1	-2
417.940	1	-6
418.111	1	-4
418.281	1	-5
418.452	1	-3
418.623	1	-1
418.793	1	6
418.964	1	0
419.135	1	7
419.305	1	-1
419.476	1	0
419.647	1	4
419.817	1	1
419.988	1	-5
420.159	1	3
420.329	1	-1
420.500	1	16
420.671	1	-9
420.841	1	2
421.012	1	-4
421.183	1	8
421.353	1	-8
421.524	1	9
421.695	1	5
421.865	1	5
422.036	1	4
422.206	1	3
422.377	1	-1
422.548	1	7
422.718	1	-3
422.889	1	-6
423.060	1	-2
423.230	1	-1
423.401	1	-1
423.572	1	9
423.742	1	-2
423.913	1	-4
424.084	1	7
424.254	1	-2
424.425	1	-8
424.595	1	-1
424.766	1	6
424.937	1	-1
425.107	1	-3
425.278	1	-3
425.449	1	1
425.619	1	8
425.790	1	10
425.961	1	-3
426.131	1	-10
426.302	1	9
426.472	1	-1
426.643	1	-7
426.814	1	-9
426.984	1	-1
427.155	1	-9
427.326	1	1
427.496	1	-11
427.667	1	9
427.837	1	-4
428.008	1	4
428.179	1	-5
428.349	1	-3
428.520	1	8
428.691	1	-5
428.861	1	2
429.032	1	5
429.202	1	10
429.373	1	2
429.544	1	1
429.714	1	-5
429.885	1	-3
430.055	1	2
430.226	1	-9
430.397	1	-1
430.567	1	2
430.738	1	-2
430.909	1	-1
431.079	1	-1
431.250	1	-6
431.420	1	-1
431.591	1	-8
431.762	1	8
431.932	1	-9
432.103	1	4
432.273	1	9
432.444	1	-7
432.615	1	-5
432.785	1	-5
432.956	1	6
433.126	1	-1
433.297	1	5
433.468	1	-13
433.638	1	6
433.809	1	-5
433.979	1	3
434.150	1	5
434.320	1	-2
434.491	1	10
434.662	1	12
434.832	1	5
435.003	1	9
435.173	1	-2
435.344	1	0
435.515	1	2
435.685	1	4
435.856	1	-11
436.026	1	1
436.197	1	2
436.368	1	3
436.538	1	-4
436.709	1	-9
436.879	1	-8
437.050	1	4
437.220	1	-13
437.391	1	3
437.562	1	-4
437.732	1	6
437.903	1	-8
438.073	1	3
438.244	1	-5
438.414	1	5
438.585	1	-7
438.756	1	-4
438.926	1	-4
439.097	1	12
439.267	1	-3
439.438	1	3
439.608	1	-2
439.779	1	-1
439.949	1	0
440.120	1	-4
440.291	1	-1
440.461	1	7
440.632	1	5
440.802	1	-1
440.973	1	15
441.143	1	3
441.314	1	-8
441.485	1	-6
441.655	1	-2
441.826	1	-9
441.996	1	0
442.167	1	2
442.337	1	8
442.508	1	3
442.678	1	-3
442.849	1	-4
443.019	1	7
443.190	1	9
443.361	1	1
443.531	1	-2
443.702	1	-7
443.872	1	10
444.043	1	9
444.213	1	4
444.384	1	2
444.554	1	-3
444.725	1	5
444.895	1	2
445.066	1	5
445.237	1	-5
445.407	1	-2
445.578	1	5
445.748	1	-2
445.919	1	1
446.089	1	1
446.260	1	-2
446.430	1	-8
446.601	1	0
446.771	1	-9
446.942	1	-2
447.112	1	-2
447.283	1	-6
447.453	1	-1
447.624	1	2
447.794	1	12
447.965	1	6
448.135	1	-6
448.306	1	-9
448.477	1	3
448.647	1	-5
448.818	1	-3
448.988	1	1
449.159	1	4
449.329	1	5
449.500	1	-2
449.670	1	2
449.841	1	-4
450.011	1	-2
450.182	1	-8
450.352	1	12
450.523	1	2
450.693	1	5
450.864	1	-1
451.034	1	3
451.205	1	-2
451.375	1	-6
451.546	1	-4
451.716	1	9
451.887	1	2
452.057	1	7
452.228	1	7
452.398	1	8
452.569	1	-9
452.739	1	2
452.910	1	-3
453.080	1	0
453.251	1	-7
453.421	1	-6
453.592	1	0
453.762	1	3
453.933	1	1
454.103	1	4
454.274	1	9
454.444	1	6
454.615	1	9
454.785	1	-4
454.956	1	-6
455.126	1	-7
455.297	1	-4
455.467	1	-17
455.638	1	9
455.808	1	5
455.979	1	7
456.149	1	3
456.320	1	7
456.490	1	2
456.661	1	-11
456.831	1	-4
457.001	1	1
457.172	1	10
457.342	1	-3
457.513	1	13
457.683	1	2
457.854	1	1
458.024	1	-12
458.195	1	-4
458.365	1	17
458.536	1	-6
458.706	1	7
458.877	1	-5
459.047	1	11
459.218	1	-2
459.388	1	11
459.559	1	8
459.729	1	1
459.899	1	-5
460.070	1	2
460.240	1	-4
460.411	1	1
460.581	1	4
460.752	1	-3
460.922	1	8
461.093	1	-2
461.263	1	2
461.434	1	10
461.604	1	10
461.775	1	-8
461.945	1	3
462.115	1	2
462.286	1	0
462.456	1	2
462.627	1	5
462.797	1	-4
462.968	1	-4
463.138	1	-5
463.309	1	-1
463.479	1	0
463.649	1	2
463.820	1	3
463.990	1	6
464.161	1	-4
464.331	1	8
464.502	1	5
464.672	1	-8
464.843	1	-12
465.013	1	-2
465.183	1	0
465.354	1	12
465.524	1	-1
465.695	1	0
465.865	1	6
466.036	1	7
466.206	1	7
466.376	1	-4
466.547	1	-3
466.717	1	-9
466.888	1	-4
467.058	1	4
467.229	1	11
467.399	1	4
467.569	1	-1
467.740	1	4
467.910	1	-3
468.081	1	2
468.251	1	-2
468.422	1	2
468.592	1	-2
468.762	1	-2
468.933	1	0
469.103	1	4
469.274	1	-2
469.444	1	5
469.614	1	0
469.785	1	9
469.955	1	10
470.126	1	-1
470.296	1	-2
470.467	1	-1
470.637	1	3
470.807	1	10
470.978	1	0
471.148	1	7
471.319	1	4
471.489	1	-3
471.659	1	3
471.830	1	5
472.000	1	0
472.171	1	0
472.341	1	-6
472.511	1	11
472.682	1	-5
472.852	1	-13
473.023	1	4
473.193	1	1
473.363	1	-6
473.534	1	-4
473.704	1	4
473.875	1	1
474.045	1	-3
474.215	1	4
474.386	1	5
474.556	1	7
474.727	1	-1
474.897	1	4
475.067	1	-5
475.238	1	-9
475.408	1	0
475.578	1	0
475.749	1	-1
475.919	1	-5
476.090	1	0
476.260	1	3
476.430	1	15
476.601	1	2
476.771	1	-7
476.942	1	7
477.112	1	4
477.282	1	5
477.453	1	-10
477.623	1	-5
477.793	1	1
477.964	1	2
478.134	1	8
478.305	1	1
478.475	1	6
478.645	1	1
478.816	1	2
478.986	1	0
479.156	1	-5
479.327	1	4
479.497	1	3
479.667	1	13
479.838	1	-11
480.008	1	-2
480.179	1	-15
480.349	1	7
480.519	1	-6
480.690	1	-6
480.860	1	2
481.030	1	8
481.201	1	-10
481.371	1	1
481.541	1	2
481.712	1	-1
481.882	1	-3
482.053	1	5
482.223	1	-3
482.393	1	4
482.564	1	1
482.734	1	5
482.904	1	1
483.075	1	-3
483.245	1	5
483.415	1	-5
483.586	1	5
483.756	1	-4
483.926	1	-1
484.097	1	-6
484.267	1	-3
484.437	1	7
484.608	1	8
484.778	1	-10
484.948	1	-3
485.119	1	-1
485.289	1	3
485.459	1	0
485.630	1	-5
485.800	1	5
485.970	1	4
486.141	1	-3
486.311	1	-1
486.481	1	6
486.652	1	-4
486.822	1	-8
486.992	1	4
487.163	1	6
487.333	1	0
487.503	1	5
487.674	1	-3
487.844	1	-4
488.014	1	0
488.185	1	-4
488.355	1	-3
488.525	1	0
488.696	1	2
488.866	1	-2
489.036	1	5
489.207	1	-2
489.377	1	9
489.547	1	3
489.718	1	-4
489.888	1	14
490.058	1	7
490.228	1	-7
490.399	1	0
490.569	1	0
490.739	1	3
490.910	1	-12
491.080	1	-3
491.250	1	2
491.421	1	5
491.591	1	-10
491.761	1	7
491.932	1	-6
492.102	1	-7
492.272	1	7
492.442	1	6
492.613	1	-1
492.783	1	-2
492.953	1	0
493.124	1	8
493.294	1	4
493.464	1	11
493.635	1	-1
493.805	1	0
493.975	1	2
494.145	1	-2
494.316	1	1
494.486	1	2
494.656	1	-4
494.827	1	-1
494.997	1	-4
495.167	1	2
495.337	1	3
495.508	1	2
495.678	1	1
495.848	1	-4
496.019	1	2
496.189	1	-2
496.359	1	0
496.529	1	5
496.700	1	6
496.870	1	4
497.040	1	-7
497.211	1	5
497.381	1	-9
497.551	1	5
497.721	1	-8
497.892	1	8
498.062	1	2
498.232	1	9
498.403	1	-3
498.573	1	4
498.743	1	2
498.913	1	2
499.084	1	-7
499.254	1	-8
499.424	1	3
499.594	1	-3
499.765	1	5
499.935	1	-14
500.105	1	7
500.275	1	0
500.446	1	8
500.616	1	-7
500.786	1	13
500.956	1	7
501.127	1	-2
501.297	1	-4
501.467	1	-1
501.638	1	12
501.808	1	3
501.978	1	2
502.148	1	-5
502.319	1	6
502.489	1	-2
502.659	1	9
502.829	1	4
503.000	1	0
503.170	1	-3
503.340	1	10
503.510	1	-5
503.681	1	1
503.851	1	-3
504.021	1	7
504.191	1	3
504.362	1	-5
504.532	1	-3
504.702	1	-3
504.872	1	-8
505.042	1	-9
505.213	1	8
505.383	1	1
505.553	1	4
505.723	1	0
505.894	1	-5
506.064	1	6
506.234	1	0
506.404	1	1
506.575	1	-1
506.745	1	7
506.915	1	2
507.085	1	-13
507.256	1	0
507.426	1	-10
507.596	1	4
507.766	1	0
507.936	1	0
508.107	1	10
508.277	1	-2
508.447	1	-5
508.617	1	-5
508.788	1	8
508.958	1	-1
509.128	1	11
509.298	1	-1
509.468	1	4
509.639	1	0
509.809	1	1
509.979	1	3
510.149	1	8
510.319	1	-4
510.490	1	7
510.660	1	4
510.830	1	1
511.000	1	1
511.171	1	-3
511.341	1	10
511.511	1	1
511.681	1	7
511.851	1	13
512.022	1	-7
512.192	1	-1
512.362	1	0
512.532	1	-9
512.702	1	14
512.873	1	8
513.043	1	9
513.213	1	11
513.383	1	-2
513.553	1	1
513.724	1	2
513.894	1	-4
514.064	1	6
514.234	1	9
514.404	1	6
514.575	1	-9
514.745	1	-3
514.915	1	-18
515.085	1	3
515.255	1	-3
515.425	1	-1
515.596	1	8
515.766	1	3
515.936	1	9
516.106	1	5
516.276	1	-4
516.447	1	2
516.617	1	5
516.787	1	4
516.957	1	0
517.127	1	-1
517.297	1	-5
517.468	1	-7
517.638	1	-7
517.808	1	5
517.978	1	9
518.148	1	0
518.319	1	0
518.489	1	-6
518.659	1	-1
518.829	1	1
518.999	1	4
519.169	1	6
519.340	1	6
519.510	1	-2
519.680	1	3
519.850	1	-12
520.020	1	2
520.190	1	-1
520.361	1	8
520.531	1	0
520.701	1	1
520.871	1	-1
521.041	1	6
521.211	1	3
521.382	1	1
521.552	1	-8
521.722	1	16
521.892	1	1
522.062	1	-9
522.232	1	11
522.402	1	8
522.573	1	0
522.743	1	0
522.913	1	-5
523.083	1	0
523.253	1	10
523.423	1	5
523.593	1	1
523.764	1	1
523.934	1	10
524.104	1	-5
524.274	1	3
524.444	1	5
524.614	1	-3
524.784	1	-5
524.955	1	3
525.125	1	9
525.295	1	-2
525.465	1	3
525.635	1	-7
525.805	1	10
525.975	1	-3
526.146	1	-8
526.316	1	-4
526.486	1	3
526.656	1	-4
526.826	1	-2
526.996	1	-3
527.166	1	-7
527.337	1	1
527.507	1	5
527.677	1	11
527.847	1	6
528.017	1	-4
528.187	1	1
528.357	1	13
528.527	1	1
528.698	1	-6
528.868	1	-3
529.038	1	-1
529.208	1	-10
529.378	1	6
529.548	1	0
529.718	1	9
529.888	1	5
530.058	1	7
530.229	1	4
530.399	1	-8
530.569	1	-11
530.739	1	-7
530.909	1	-1
531.079	1	-5
531.249	1	-3
531.419	1	-3
531.589	1	6
531.760	1	-4
531.930	1	9
532.100	1	-7
532.270	1	8
532.440	1	1
532.610	1	12
532.780	1	-1
532.950	1	-1
533.120	1	16
533.290	1	2
533.461	1	3
533.631	1	8
533.801	1	1
533.971	1	-5
534.141	1	11
534.311	1	9
534.481	1	2
534.651	1	-3
534.821	1	-9
534.991	1	1
535.162	1	-12
535.332	1	10
535.502	1	-2
535.672	1	3
535.842	1	0
536.012	1	-15
536.182	1	4
536.352	1	-6
536.522	1	-4
536.692	1	-7
536.862	1	-4
537.032	1	-7
537.203	1	8
537.373	1	8
537.543	1	-9
537.713	1	-1
537.883	1	-11
538.053	1	-3
538.223	1	5
538.393	1	9
538.563	1	10
538.733	1	10
538.903	1	-1
539.073	1	-2
539.243	1	0
539.413	1	3
539.584	1	0
539.754	1	4
539.924	1	2
540.094	1	-1
540.264	1	-8
540.434	1	11
540.604	1	3
540.774	1	2
540.944	1	0
541.114	1	-5
541.284	1	-2
541.454	1	-4
541.624	1	3
541.794	1	-2
541.964	1	-6
542.134	1	12
542.305	1	8
542.475	1	-4
542.645	1	-4
542.815	1	-7
542.985	1	3
543.155	1	-4
543.325	1	0
543.495	1	7
543.665	1	-6
543.835	1	-6
544.005	1	4
544.175	1	-5
544.345	1	0
544.515	1	-11
544.685	1	14
544.855	1	-5
545.025	1	1
545.195	1	-4
545.365	1	0
545.535	1	-5
545.705	1	-1
545.875	1	0
546.045	1	1
546.216	1	-7
546.386	1	-4
546.556	1	-3
546.726	1	6
546.896	1	7
547.066	1	2
547.236	1	0
547.406	1	-6
547.576	1	8
547.746	1	10
547.916	1	3
548.086	1	-4
548.256	1	-6
548.426	1	-1
548.596	1	-5
548.766	1	14
548.936	1	11
549.106	1	2
549.276	1	14
549.446	1	-4
549.616	1	-4
549.786	1	-7
549.956	1	-4
550.126	1	-3
550.296	1	2
550.466	1	12
550.636	1	7
550.806	1	6
550.976	1	-6
551.146	1	-9
551.316	1	6
551.486	1	10
551.656	1	-1
551.826	1	16
551.996	1	-2
552.166	1	7
552.336	1	-4
552.506	1	13
552.676	1	-5
552.846	1	0
553.016	1	10
553.186	1	4
553.356	1	-2
553.526	1	1
553.696	1	15
553.866	1	7
554.036	1	-2
554.206	1	12
554.376	1	-8
554.546	1	-1
554.716	1	2
554.886	1	10
555.056	1	3
555.226	1	-5
555.396	1	-7
555.566	1	3
555.736	1	6
555.906	1	2
556.076	1	9
556.246	1	-1
556.416	1	-14
556.586	1	-12
556.756	1	-9
556.926	1	0
557.096	1	4
557.266	1	-5
557.436	1	-1
557.606	1	-3
557.776	1	-4
557.946	1	-5
558.116	1	4
558.286	1	-7
558.456	1	-1
558.626	1	-10
558.796	1	1
558.966	1	-3
559.136	1	-5
559.306	1	3
559.476	1	2
559.646	1	1
559.816	1	1
559.986	1	-2
560.155	1	13
560.325	1	-4
560.495	1	0
560.665	1	-6
560.835	1	3
561.005	1	9
561.175	1	-4
561.345	1	3
561.515	1	-3
561.685	1	-7
561.855	1	-3
562.025	1	4
562.195	1	-1
562.365	1	4
562.535	1	-2
562.705	1	-7
562.875	1	-8
563.045	1	-14
563.215	1	-2
563.385	1	-9
563.555	1	-13
563.725	1	7
563.895	1	-5
564.064	1	-4
564.234	1	4
564.404	1	-3
564.574	1	3
564.744	1	2
564.914	1	-6
565.084	1	-4
565.254	1	-3
565.424	1	1
565.594	1	-9
565.764	1	-5
565.934	1	5
566.104	1	-2
566.274	1	2
566.444	1	-5
566.614	1	7
566.783	1	10
566.953	1	3
567.123	1	6
567.293	1	0
567.463	1	-1
567.633	1	4
567.803	1	4
567.973	1	8
568.143	1	0
568.313	1	0
568.483	1	3
568.653	1	-6
568.823	1	-9
568.993	1	-5
569.162	1	-4
569.332	1	2
569.502	1	8
569.672	1	5
569.842	1	-10
570.012	1	7
570.182	1	-6
570.352	1	-2
570.522	1	-1
570.692	1	7
570.862	1	6
571.031	1	0
571.201	1	6
571.371	1	9
571.541	1	4
571.711	1	-4
571.881	1	4
572.051	1	3
572.221	1	17
572.391	1	8
572.561	1	1
572.731	1	-1
572.900	1	-5
573.070	1	6
573.240	1	-13
573.410	1	5
573.580	1	-5
573.750	1	-1
573.920	1	2
574.090	1	13
574.260	1	-3
574.430	1	-6
574.599	1	-5
574.769	1	0
574.939	1	-6
575.109	1	-4
575.279	1	0
575.449	1	6
575.619	1	5
575.789	1	2
575.959	1	-7
576.128	1	-4
576.298	1	-2
576.468	1	1
576.638	1	-10
576.808	1	4
576.978	1	3
577.148	1	0
577.318	1	17
577.487	1	5
577.657	1	1
577.827	1	-8
577.997	1	2
578.167	1	7
578.337	1	0
578.507	1	1
578.677	1	-12
578.846	1	-6
579.016	1	2
579.186	1	6
579.356	1	8
579.526	1	-9
579.696	1	5
579.866	1	0
580.036	1	10
580.205	1	-7
580.375	1	9
580.545	1	0
580.715	1	6
580.885	1	1
581.055	1	-2
581.225	1	-1
581.394	1	0
581.564	1	-1
581.734	1	-9
581.904	1	4
582.074	1	-8
582.244	1	1
582.414	1	-1
582.583	1	6
582.753	1	5
582.923	1	-4
583.093	1	-2
583.263	1	-1
583.433	1	4
583.603	1	-12
583.772	1	-11
583.942	1	6
584.112	1	0
584.282	1	-2
584.452	1	-3
584.622	1	-2
584.791	1	0
584.961	1	-12
585.131	1	-2
585.301	1	-3
585.471	1	-14
585.641	1	0
585.811	1	-6
585.980	1	4
586.150	1	-7
586.320	1	-3
586.490	1	-2
586.660	1	2
586.830	1	-5
586.999	1	-3
587.169	1	7
587.339	1	-7
587.509	1	-3
587.679	1	-1
587.849	1	10
588.018	1	-5
588.188	1	5
588.358	1	-2
588.528	1	-4
588.698	1	-11
588.867	1	-5
589.037	1	-5
589.207	1	3
589.377	1	1
589.547	1	8
589.717	1	0
589.886	1	2
590.056	1	-2
590.226	1	-5
590.396	1	-3
590.566	1	-12
590.735	1	-10
590.905	1	-4
591.075	1	-10
591.245	1	1
591.415	1	6
591.585	1	9
591.754	1	-6
591.924	1	11
592.094	1	-3
592.264	1	-3
592.434	1	0
592.603	1	4
592.773	1	1
592.943	1	-6
593.113	1	-5
593.283	1	-8
593.452	1	-5
593.622	1	11
593.792	1	9
593.962	1	7
594.132	1	2
594.301	1	6
594.471	1	-2
594.641	1	-4
594.811	1	-2
594.981	1	-9
595.150	1	2
595.320	1	0
595.490	1	8
595.660	1	1
595.829	1	-7
595.999	1	-2
596.169	1	5
596.339	1	4
596.509	1	-4
596.678	1	1
596.848	1	11
597.018	1	-5
597.188	1	2
597.358	1	2
597.527	1	-3
597.697	1	-3
597.867	1	3
598.037	1	0
598.206	1	6
598.376	1	-1
598.546	1	6
598.716	1	-6
598.885	1	-1
599.055	1	-2
599.225	1	1
599.395	1	8
599.565	1	-3
599.734	1	2
599.904	1	-2
600.074	1	4
600.244	1	-7
600.413	1	-5
600.583	1	-10
600.753	1	12
600.923	1	4
601.092	1	7
601.262	1	8
601.432	1	-1
601.602	1	13
601.771	1	7
601.941	1	1
602.111	1	4
602.281	1	-9
602.451	1	-1
602.620	1	-2
602.790	1	-11
602.960	1	-7
603.130	1	6
603.299	1	8
603.469	1	-3
603.639	1	-10
603.809	1	8
603.978	1	-4
604.148	1	2
604.318	1	-5
604.487	1	-4
604.657	1	-15
604.827	1	8
604.997	1	5
605.166	1	3
605.336	1	-1
605.506	1	0
605.676	1	12
605.845	1	-3
606.015	1	-10
606.185	1	4
606.355	1	-7
606.524	1	2
606.694	1	1
606.864	1	-1
607.034	1	2
607.203	1	15
607.373	1	9
607.543	1	3
607.712	1	-1
607.882	1	-6
608.052	1	3
608.222	1	-4
608.391	1	13
608.561	1	-4
608.731	1	1
608.901	1	-2
609.070	1	2
609.240	1	-2
609.410	1	4
609.579	1	4
609.749	1	-1
609.919	1	-6
610.089	1	-2
610.258	1	3
610.428	1	12
610.598	1	2
610.767	1	9
610.937	1	-2
611.107	1	0
611.277	1	-6
611.446	1	1
611.616	1	6
611.786	1	4
611.955	1	-2
612.125	1	8
612.295	1	4
612.465	1	4
612.634	1	0
612.804	1	8
612.974	1	-6
613.143	1	-8
613.313	1	1
613.483	1	6
613.652	1	4
613.822	1	1
613.992	1	-12
614.162	1	2
614.331	1	2
614.501	1	-5
614.671	1	4
614.840	1	1
615.010	1	-1
615.180	1	8
615.349	1	14
615.519	1	1
615.689	1	-13
615.858	1	5
616.028	1	5
616.198	1	-3
616.368	1	-2
616.537	1	0
616.707	1	-4
616.877	1	0
617.046	1	3
617.216	1	-2
617.386	1	8
617.555	1	-4
617.725	1	5
617.895	1	-1
618.064	1	0
618.234	1	-2
618.404	1	-9
618.573	1	0
618.743	1	9
618.913	1	10
619.082	1	4
619.252	1	5
619.422	1	-11
619.591	1	-9
619.761	1	-12
619.931	1	5
620.100	1	13
620.270	1	2
620.440	1	7
620.609	1	8
620.779	1	10
620.949	1	-2
621.118	1	-1
621.288	1	-4
621.458	1	1
621.627	1	3
621.797	1	-10
621.967	1	5
622.136	1	7
622.306	1	3
622.476	1	1
622.645	1	1
622.815	1	1
622.985	1	-3
623.154	1	-5
623.324	1	-1
623.494	1	-5
623.663	1	-11
623.833	1	2
624.002	1	2
624.172	1	-3
624.342	1	0
624.511	1	-2
624.681	1	-2
624.851	1	0
625.020	1	2
625.190	1	2
625.360	1	-12
625.529	1	-10
625.699	1	-3
625.869	1	2
626.038	1	-5
626.208	1	1
626.377	1	4
626.547	1	5
626.717	1	-8
626.886	1	-6
627.056	1	-4
627.226	1	8
627.395	1	-5
627.565	1	-3
627.735	1	0
627.904	1	2
628.074	1	10
628.243	1	-2
628.413	1	-1
628.583	1	-5
628.752	1	-4
628.922	1	0
629.091	1	0
629.261	1	1
629.431	1	2
629.600	1	5
629.770	1	6
629.940	1	-8
630.109	1	0
630.279	1	11
630.448	1	-3
630.618	1	1
630.788	1	-2
630.957	1	5
631.127	1	0
631.297	1	2
631.466	1	3
631.636	1	6
631.805	1	-2
631.975	1	-9
632.145	1	0
632.314	1	4
632.484	1	9
632.653	1	-6
632.823	1	0
632.993	1	2
633.162	1	-5
633.332	1	-6
633.501	1	-1
633.671	1	-7
633.841	1	0
634.010	1	14
634.180	1	5
634.349	1	5
634.519	1	0
634.689	1	-2
634.858	1	-4
635.028	1	-8
635.197	1	-3
635.367	1	9
635.537	1	4
635.706	1	3
635.876	1	3
636.045	1	0
636.215	1	10
636.384	1	-3
636.554	1	-6
636.724	1	0
636.893	1	4
637.063	1	10
637.232	1	4
637.402	1	-9
637.572	1	0
637.741	1	2
637.911	1	1
638.080	1	-2
638.250	1	5
638.419	1	-10
638.589	1	8
638.759	1	-3
638.928	1	7
639.098	1	5
639.267	1	0
639.437	1	0
639.606	1	-7
639.776	1	2
639.946	1	4
640.115	1	-10
640.285	1	16
640.454	1	4
640.624	1	11
640.793	1	-4
640.963	1	6
641.132	1	-6
641.302	1	-4
641.472	1	0
641.641	1	0
641.811	1	-7
641.980	1	-5
642.150	1	0
642.319	1	11
642.489	1	1
642.659	1	1
642.828	1	-2
642.998	1	6
643.167	1	-11
643.337	1	2
643.506	1	3
643.676	1	-12
643.845	1	1
644.015	1	-4
644.184	1	3
644.354	1	1
644.524	1	-4
644.693	1	-4
644.863	1	3
645.032	1	-5
645.202	1	-5
645.371	1	-6
645.541	1	10
645.710	1	-1
645.880	1	-10
646.049	1	5
646.219	1	-11
646.388	1	-13
646.558	1	2
646.728	1	-10
646.897	1	4
647.067	1	-1
647.236	1	15
647.406	1	3
647.575	1	3
647.745	1	11
647.914	1	-11
648.084	1	0
648.253	1	-5
648.423	1	4
648.592	1	-8
648.762	1	6
648.931	1	13
649.101	1	-6
649.270	1	-3
649.440	1	1
649.610	1	5
649.779	1	6
649.949	1	5
650.118	1	5
650.288	1	5
650.457	1	5
650.627	1	-1
650.796	1	0
650.966	1	-1
651.135	1	3
651.305	1	1
651.474	1	3
651.644	1	16
651.813	1	1
651.983	1	-2
652.152	1	-3
652.322	1	4
652.491	1	2
652.661	1	0
652.830	1	-1
653.000	1	8
653.169	1	13
653.339	1	6
653.508	1	-9
653.678	1	-1
653.847	1	-4
654.017	1	6
654.186	1	-2
654.356	1	-5
654.525	1	-6
654.695	1	-4
654.864	1	-3
655.034	1	-1
655.203	1	5
655.373	1	6
655.542	1	5
655.712	1	2
655.881	1	5
656.051	1	10
656.220	1	-2
656.390	1	1
656.559	1	-8
656.729	1	-5
656.898	1	-4
657.068	1	-5
657.237	1	9
657.406	1	1
657.576	1	-6
657.745	1	-4
657.915	1	-2
658.084	1	6
658.254	1	9
658.423	1	4
658.593	1	13
658.762	1	8
658.932	1	-3
659.101	1	-14
659.271	1	-2
659.440	1	-2
659.610	1	3
659.779	1	10
659.949	1	-5
660.118	1	8
660.288	1	-3
660.457	1	15
660.626	1	0
660.796	1	-3
660.965	1	-6
661.135	1	-4
661.304	1	-4
661.474	1	1
661.643	1	0
661.813	1	9
661.982	1	-4
662.152	1	6
662.321	1	-4
662.491	1	-3
662.660	1	-1
662.829	1	9
662.999	1	-3
663.168	1	8
663.338	1	0
663.507	1	1
663.677	1	2
663.846	1	3
664.016	1	-4
664.185	1	6
664.354	1	13
664.524	1	3
664.693	1	0
664.863	1	-4
665.032	1	-2
665.202	1	-3
665.371	1	-10
665.541	1	19
665.710	1	0
665.879	1	-1
666.049	1	-3
666.218	1	1
666.388	1	9
666.557	1	12
666.727	1	-2
666.896	1	4
667.065	1	0
667.235	1	15
667.404	1	-3
667.574	1	-3
667.743	1	3
667.913	1	13
668.082	1	3
668.251	1	-2
668.421	1	1
668.590	1	0
668.760	1	5
668.929	1	7
669.099	1	8
669.268	1	-6
669.437	1	-3
669.607	1	5
669.776	1	7
669.946	1	-8
670.115	1	-17
670.285	1	6
670.454	1	-8
670.623	1	6
670.793	1	-2
670.962	1	-5
671.132	1	-5
671.301	1	0
671.470	1	-1
671.640	1	-6
671.809	1	2
671.979	1	9
672.148	1	10
672.317	1	-6
672.487	1	3
672.656	1	-6
672.826	1	0
672.995	1	-3
673.164	1	-7
673.334	1	2
673.503	1	-3
673.673	1	-9
673.842	1	6
674.011	1	13
674.181	1	0
674.350	1	7
674.520	1	0
674.689	1	-8
674.858	1	-6
675.028	1	15
675.197	1	1
675.367	1	-3
675.536	1	0
675.705	1	10
675.875	1	-10
676.044	1	-1
676.214	1	-1
676.383	1	12
676.552	1	-4
676.722	1	-1
676.891	1	-6
677.060	1	-11
677.230	1	7
677.399	1	-10
677.569	1	7
677.738	1	2
677.907	1	-7
678.077	1	7
678.246	1	-3
678.416	1	4
678.585	1	-3
678.754	1	3
678.924	1	14
679.093	1	3
679.262	1	-4
679.432	1	5
679.601	1	5
679.771	1	6
679.940	1	1
680.109	1	-1
680.279	1	2
680.448	1	1
680.617	1	-11
680.787	1	6
680.956	1	14
681.125	1	5
681.295	1	-6
681.464	1	-10
681.634	1	9
681.803	1	-8
681.972	1	-1
682.142	1	2
682.311	1	0
682.480	1	6
682.650	1	1
682.819	1	6
682.988	1	0
683.158	1	0
683.327	1	6
683.496	1	2
683.666	1	4
683.835	1	-1
684.004	1	12
684.174	1	4
684.343	1	1
684.512	1	3
684.682	1	-5
684.851	1	2
685.021	1	-4
685.190	1	-3
685.359	1	-14
685.529	1	5
685.698	1	-3
685.867	1	10
686.037	1	4
686.206	1	-9
686.375	1	13
686.545	1	11
686.714	1	-9
686.883	1	4
687.053	1	-1
687.222	1	2
687.391	1	2
687.561	1	7
687.730	1	5
687.899	1	-2
688.069	1	13
688.238	1	-4
688.407	1	6
688.577	1	-3
688.746	1	10
