340.368	1	7
340.539	1	10
340.710	1	-1
340.881	1	-2
341.052	1	-1
341.223	1	7
341.394	1	1
341.565	1	-5
341.737	1	1
341.908	1	-5
342.079	1	-14
342.250	1	-5
342.421	1	4
342.592	1	10
342.763	1	-4
342.934	1	4
343.105	1	-1
343.276	1	4
343.447	1	-5
343.618	1	-16
343.789	1	-4
343.960	1	-2
344.131	1	3
344.302	1	-5
344.473	1	-2
344.644	1	0
344.815	1	0
344.986	1	-1
345.157	1	3
345.328	1	-11
345.499	1	4
345.670	1	-3
345.841	1	-1
346.012	1	-1
346.183	1	10
346.354	1	5
346.526	1	-4
346.697	1	-3
346.868	1	-6
347.039	1	-3
347.210	1	-5
347.381	1	-3
347.552	1	-2
347.723	1	-8
347.894	1	1
348.065	1	10
348.236	1	4
348.407	1	1
348.578	1	-1
348.749	1	-11
348.920	1	4
349.091	1	4
349.262	1	4
349.433	1	3
349.604	1	0
349.775	1	5
349.946	1	-3
350.117	1	2
350.288	1	0
350.459	1	2
350.630	1	0
350.801	1	4
350.972	1	4
351.143	1	1
351.314	1	-1
351.485	1	10
351.656	1	-9
351.827	1	-2
351.998	1	7
352.169	1	0
352.340	1	2
352.511	1	3
352.682	1	-1
352.853	1	-4
353.024	1	0
353.195	1	2
353.366	1	-2
353.537	1	7
353.708	1	1
353.879	1	-4
354.050	1	5
354.221	1	1
354.392	1	13
354.563	1	4
354.734	1	4
354.905	1	8
355.076	1	-1
355.247	1	0
355.418	1	3
355.589	1	-7
355.760	1	6
355.931	1	3
356.102	1	0
356.273	1	-13
356.444	1	5
356.615	1	5
356.785	1	5
356.956	1	7
357.127	1	13
357.298	1	8
357.469	1	1
357.640	1	0
357.811	1	4
357.982	1	5
358.153	1	-6
358.324	1	5
358.495	1	-7
358.666	1	6
358.837	1	13
359.008	1	7
359.179	1	14
359.350	1	10
359.521	1	9
359.692	1	-5
359.863	1	1
360.034	1	10
360.205	1	4
360.376	1	-2
360.547	1	-6
360.718	1	8
360.889	1	2
361.060	1	10
361.231	1	8
361.401	1	1
361.572	1	7
361.743	1	15
361.914	1	2
362.085	1	5
362.256	1	5
362.427	1	0
362.598	1	7
362.769	1	6
362.940	1	10
363.111	1	16
363.282	1	8
363.453	1	11
363.624	1	2
363.795	1	3
363.966	1	5
364.137	1	10
364.308	1	14
364.478	1	15
364.649	1	17
364.820	1	9
364.991	1	16
365.162	1	7
365.333	1	5
365.504	1	8
365.675	1	14
365.846	1	12
366.017	1	18
366.188	1	25
366.359	1	19
366.530	1	20
366.701	1	32
366.871	1	11
367.042	1	19
367.213	1	28
367.384	1	2
367.555	1	8
367.726	1	24
367.897	1	14
368.068	1	26
368.239	1	19
368.410	1	10
368.581	1	26
368.752	1	22
368.923	1	22
369.093	1	7
369.264	1	12
369.435	1	18
369.606	1	18
369.777	1	21
369.948	1	6
370.119	1	9
370.290	1	11
370.461	1	13
370.632	1	18
370.803	1	21
370.973	1	2
371.144	1	1
371.315	1	5
371.486	1	16
371.657	1	6
371.828	1	12
371.999	1	4
372.170	1	11
372.341	1	13
372.512	1	13
372.682	1	9
372.853	1	13
373.024	1	19
373.195	1	4
373.366	1	0
373.537	1	8
373.708	1	4
373.879	1	-2
374.050	1	11
374.220	1	7
374.391	1	8
374.562	1	1
374.733	1	7
374.904	1	16
375.075	1	3
375.246	1	-4
375.417	1	16
375.588	1	18
375.758	1	-1
375.929	1	5
376.100	1	4
376.271	1	6
376.442	1	1
376.613	1	-2
376.784	1	10
376.955	1	-8
377.125	1	6
377.296	1	9
377.467	1	2
377.638	1	2
377.809	1	4
377.980	1	12
378.151	1	8
378.321	1	12
378.492	1	12
378.663	1	4
378.834	1	17
379.005	1	8
379.176	1	-1
379.347	1	2
379.518	1	3
379.688	1	3
379.859	1	-2
380.030	1	19
380.201	1	7
380.372	1	16
380.543	1	16
380.714	1	-5
380.884	1	15
381.055	1	1
381.226	1	12
381.397	1	6
381.568	1	19
381.739	1	3
381.910	1	-1
382.080	1	5
382.251	1	5
382.422	1	7
382.593	1	7
382.764	1	9
382.935	1	8
383.105	1	3
383.276	1	-2
383.447	1	16
383.618	1	12
383.789	1	8
383.960	1	3
384.130	1	5
384.301	1	8
384.472	1	9
384.643	1	3
384.814	1	3
384.985	1	8
385.156	1	23
385.326	1	12
385.497	1	3
385.668	1	16
385.839	1	18
386.010	1	16
386.180	1	9
386.351	1	4
386.522	1	13
386.693	1	6
386.864	1	17
387.035	1	13
387.205	1	11
387.376	1	22
387.547	1	12
387.718	1	10
387.889	1	1
388.060	1	8
388.230	1	12
388.401	1	6
388.572	1	11
388.743	1	7
388.914	1	-2
389.084	1	11
389.255	1	1
389.426	1	6
389.597	1	15
389.768	1	13
389.939	1	11
390.109	1	3
390.280	1	11
390.451	1	6
390.622	1	13
390.793	1	14
390.963	1	4
391.134	1	8
391.305	1	5
391.476	1	15
391.647	1	4
391.817	1	4
391.988	1	1
392.159	1	9
392.330	1	-9
392.501	1	14
392.671	1	5
392.842	1	6
393.013	1	18
393.184	1	8
393.355	1	7
393.525	1	11
393.696	1	1
393.867	1	17
394.038	1	7
394.208	1	6
394.379	1	9
394.550	1	-3
394.721	1	9
394.892	1	-6
395.062	1	15
395.233	1	2
395.404	1	15
395.575	1	9
395.746	1	2
395.916	1	7
396.087	1	20
396.258	1	11
396.429	1	4
396.599	1	9
396.770	1	9
396.941	1	5
397.112	1	-3
397.283	1	-4
397.453	1	14
397.624	1	9
397.795	1	5
397.966	1	12
398.136	1	-2
398.307	1	-2
398.478	1	0
398.649	1	11
398.819	1	14
398.990	1	4
399.161	1	10
399.332	1	15
399.503	1	14
399.673	1	-7
399.844	1	12
400.015	1	12
400.186	1	7
400.356	1	11
400.527	1	18
400.698	1	5
400.869	1	-7
401.039	1	-10
401.210	1	10
401.381	1	-1
401.552	1	9
401.722	1	5
401.893	1	15
402.064	1	9
402.235	1	1
402.405	1	3
402.576	1	1
402.747	1	2
402.918	1	9
403.088	1	0
403.259	1	4
403.430	1	3
403.601	1	7
403.771	1	24
403.942	1	7
404.113	1	11
404.284	1	2
404.454	1	10
404.625	1	1
404.796	1	3
404.967	1	5
405.137	1	9
405.308	1	7
405.479	1	10
405.649	1	12
405.820	1	1
405.991	1	-1
406.162	1	13
406.332	1	-13
406.503	1	1
406.674	1	9
406.845	1	7
407.015	1	2
407.186	1	6
407.357	1	6
407.527	1	4
407.698	1	6
407.869	1	12
408.040	1	9
408.210	1	9
408.381	1	-3
408.552	1	0
408.722	1	1
408.893	1	3
409.064	1	1
409.235	1	6
409.405	1	3
409.576	1	13
409.747	1	10
409.917	1	7
410.088	1	-2
410.259	1	-1
410.430	1	-3
410.600	1	-1
410.771	1	5
410.942	1	7
411.112	1	-2
411.283	1	-2
411.454	1	6
411.625	1	2
411.795	1	6
411.966	1	14
412.137	1	7
412.307	1	8
412.478	1	8
412.649	1	2
412.819	1	3
412.990	1	-3
413.161	1	0
413.332	1	3
413.502	1	-7
413.673	1	15
413.844	1	12
414.014	1	-4
414.185	1	0
414.356	1	-1
414.526	1	10
414.697	1	9
414.868	1	0
415.038	1	5
415.209	1	-10
415.380	1	12
415.550	1	7
415.721	1	3
415.892	1	5
416.063	1	14
416.233	1	5
416.404	1	-5
416.575	1	3
416.745	1	-7
416.916	1	-3
417.087	1	7
417.257	1	6
417.428	1	1
417.599	1	4
417.769	1	-2
417.940	1	-5
418.111	1	1
418.281	1	-3
418.452	1	-7
418.623	1	-2
418.793	1	13
418.964	1	2
419.135	1	6
419.305	1	-7
419.476	1	3
419.647	1	9
419.817	1	-1
419.988	1	-4
420.159	1	8
420.329	1	3
420.500	1	6
420.671	1	1
420.841	1	-5
421.012	1	-2
421.183	1	10
421.353	1	-2
421.524	1	3
421.695	1	3
421.865	1	13
422.036	1	0
422.206	1	6
422.377	1	7
422.548	1	6
422.718	1	-1
422.889	1	-2
423.060	1	-3
423.230	1	0
423.401	1	-5
423.572	1	16
423.742	1	0
423.913	1	7
424.084	1	2
424.254	1	-6
424.425	1	0
424.595	1	-5
424.766	1	-1
424.937	1	10
425.107	1	2
425.278	1	-2
425.449	1	-7
425.619	1	8
425.790	1	12
425.961	1	-1
426.131	1	-4
426.302	1	14
426.472	1	1
426.643	1	-2
426.814	1	-5
426.984	1	-1
427.155	1	-13
427.326	1	0
427.496	1	-4
427.667	1	9
427.837	1	2
428.008	1	0
428.179	1	2
428.349	1	-7
428.520	1	9
428.691	1	-7
428.861	1	6
429.032	1	5
429.202	1	-2
429.373	1	-6
429.544	1	-3
429.714	1	-2
429.885	1	5
430.055	1	6
430.226	1	-2
430.397	1	1
430.567	1	10
430.738	1	0
430.909	1	-1
431.079	1	0
431.250	1	-11
431.420	1	-1
431.591	1	0
431.762	1	1
431.932	1	-1
432.103	1	-12
432.273	1	11
432.444	1	-9
432.615	1	-8
432.785	1	-8
432.956	1	3
433.126	1	10
433.297	1	-3
433.468	1	-3
433.638	1	-6
433.809	1	2
433.979	1	4
434.150	1	11
434.320	1	1
434.491	1	8
434.662	1	15
434.832	1	2
435.003	1	1
435.173	1	-2
435.344	1	2
435.515	1	-8
435.685	1	1
435.856	1	-1
436.026	1	-2
436.197	1	-5
436.368	1	10
436.538	1	2
436.709	1	-4
436.879	1	3
437.050	1	12
437.220	1	-7
437.391	1	4
437.562	1	-3
437.732	1	3
437.903	1	3
438.073	1	0
438.244	1	-1
438.414	1	4
438.585	1	-6
438.756	1	5
438.926	1	5
439.097	1	14
439.267	1	-2
439.438	1	0
439.608	1	6
439.779	1	-1
439.949	1	-5
440.120	1	-12
440.291	1	8
440.461	1	0
440.632	1	11
440.802	1	-6
440.973	1	-1
441.143	1	2
441.314	1	-10
441.485	1	1
441.655	1	4
441.826	1	-8
441.996	1	-6
442.167	1	-1
442.337	1	5
442.508	1	-7
442.678	1	-5
442.849	1	-1
443.019	1	-3
443.190	1	6
443.361	1	11
443.531	1	6
443.702	1	-11
443.872	1	0
444.043	1	3
444.213	1	11
444.384	1	0
444.554	1	-2
444.725	1	-4
444.895	1	4
445.066	1	6
445.237	1	6
445.407	1	-2
445.578	1	12
445.748	1	-5
445.919	1	2
446.089	1	-6
446.260	1	-6
446.430	1	-8
446.601	1	4
446.771	1	-7
446.942	1	0
447.112	1	-1
447.283	1	-6
447.453	1	6
447.624	1	-3
447.794	1	7
447.965	1	-3
448.135	1	-2
448.306	1	-4
448.477	1	0
448.647	1	3
448.818	1	4
448.988	1	-6
449.159	1	7
449.329	1	9
449.500	1	-7
449.670	1	3
449.841	1	6
450.011	1	13
450.182	1	-3
450.352	1	5
450.523	1	5
450.693	1	1
450.864	1	1
451.034	1	9
451.205	1	10
451.375	1	1
451.546	1	-7
451.716	1	10
451.887	1	2
452.057	1	0
452.228	1	-5
452.398	1	3
452.569	1	-9
452.739	1	-3
452.910	1	-6
453.080	1	6
453.251	1	0
453.421	1	-4
453.592	1	5
453.762	1	9
453.933	1	-1
454.103	1	-5
454.274	1	8
454.444	1	0
454.615	1	13
454.785	1	0
454.956	1	2
455.126	1	1
455.297	1	0
455.467	1	-14
455.638	1	1
455.808	1	2
455.979	1	1
456.149	1	7
456.320	1	4
456.490	1	-7
456.661	1	-8
456.831	1	7
457.001	1	4
457.172	1	4
457.342	1	0
457.513	1	8
457.683	1	2
457.854	1	2
458.024	1	-6
458.195	1	-11
458.365	1	15
458.536	1	-7
458.706	1	8
458.877	1	-7
459.047	1	12
459.218	1	2
459.388	1	10
459.559	1	5
459.729	1	3
459.899	1	-4
460.070	1	-7
460.240	1	8
460.411	1	-2
460.581	1	3
460.752	1	2
460.922	1	12
461.093	1	-8
461.263	1	5
461.434	1	10
461.604	1	9
461.775	1	-2
461.945	1	5
462.115	1	2
462.286	1	-3
462.456	1	10
462.627	1	4
462.797	1	-3
462.968	1	-11
463.138	1	8
463.309	1	3
463.479	1	5
463.649	1	-3
463.820	1	4
463.990	1	1
464.161	1	2
464.331	1	-2
464.502	1	10
464.672	1	-11
464.843	1	2
465.013	1	-3
465.183	1	-8
465.354	1	5
465.524	1	-6
465.695	1	2
465.865	1	5
466.036	1	10
466.206	1	-1
466.376	1	-6
466.547	1	-5
466.717	1	-10
466.888	1	-8
467.058	1	-2
467.229	1	1
467.399	1	-4
467.569	1	18
467.740	1	6
467.910	1	7
468.081	1	-1
468.251	1	-3
468.422	1	-6
468.592	1	-6
468.762	1	-9
468.933	1	-4
469.103	1	-5
469.274	1	-4
469.444	1	14
469.614	1	11
469.785	1	6
469.955	1	9
470.126	1	6
470.296	1	10
470.467	1	-2
470.637	1	6
470.807	1	8
470.978	1	5
471.148	1	-2
471.319	1	3
471.489	1	-9
471.659	1	-2
471.830	1	8
472.000	1	7
472.171	1	6
472.341	1	-5
472.511	1	10
472.682	1	-1
472.852	1	-2
473.023	1	-2
473.193	1	1
473.363	1	3
473.534	1	-4
473.704	1	-3
473.875	1	-11
474.045	1	3
474.215	1	-1
474.386	1	3
474.556	1	7
474.727	1	0
474.897	1	-5
475.067	1	-7
475.238	1	-8
475.408	1	6
475.578	1	3
475.749	1	3
475.919	1	5
476.090	1	8
476.260	1	1
476.430	1	-6
476.601	1	8
476.771	1	-2
476.942	1	1
477.112	1	-7
477.282	1	4
477.453	1	-3
477.623	1	4
477.793	1	7
477.964	1	3
478.134	1	-2
478.305	1	7
478.475	1	0
478.645	1	0
478.816	1	3
478.986	1	-2
479.156	1	-3
479.327	1	-4
479.497	1	8
479.667	1	9
479.838	1	-10
480.008	1	-6
480.179	1	-7
480.349	1	2
480.519	1	1
480.690	1	-2
480.860	1	3
481.030	1	2
481.201	1	-3
481.371	1	11
481.541	1	0
481.712	1	2
481.882	1	-3
482.053	1	-1
482.223	1	-7
482.393	1	-1
482.564	1	5
482.734	1	11
482.904	1	-1
483.075	1	-2
483.245	1	3
483.415	1	-4
483.586	1	-5
483.756	1	1
483.926	1	-8
484.097	1	3
484.267	1	-7
484.437	1	0
484.608	1	-1
484.778	1	-2
484.948	1	2
485.119	1	-12
485.289	1	5
485.459	1	1
485.630	1	7
485.800	1	4
485.970	1	3
486.141	1	-2
486.311	1	8
486.481	1	5
486.652	1	0
486.822	1	-2
486.992	1	4
487.163	1	8
487.333	1	3
487.503	1	8
487.674	1	-3
487.844	1	-3
488.014	1	5
488.185	1	-3
488.355	1	-1
488.525	1	5
488.696	1	4
488.866	1	-9
489.036	1	14
489.207	1	0
489.377	1	8
489.547	1	0
489.718	1	2
489.888	1	4
490.058	1	3
490.228	1	-11
490.399	1	-4
490.569	1	1
490.739	1	6
490.910	1	1
491.080	1	-10
491.250	1	2
491.421	1	14
491.591	1	-6
491.761	1	-3
491.932	1	-5
492.102	1	-5
492.272	1	7
492.442	1	0
492.613	1	14
492.783	1	5
492.953	1	4
493.124	1	12
493.294	1	-1
493.464	1	10
493.635	1	-1
493.805	1	4
493.975	1	-4
494.145	1	1
494.316	1	5
494.486	1	7
494.656	1	-1
494.827	1	10
494.997	1	-5
495.167	1	6
495.337	1	2
495.508	1	-4
495.678	1	-4
495.848	1	4
496.019	1	4
496.189	1	1
496.359	1	-9
496.529	1	1
496.700	1	5
496.870	1	7
497.040	1	-1
497.211	1	15
497.381	1	-2
497.551	1	2
497.721	1	-4
497.892	1	-1
498.062	1	5
498.232	1	0
498.403	1	2
498.573	1	-1
498.743	1	8
498.913	1	8
499.084	1	-4
499.254	1	-7
499.424	1	5
499.594	1	2
499.765	1	6
499.935	1	2
500.105	1	5
500.275	1	4
500.446	1	-5
500.616	1	-7
500.786	1	-1
500.956	1	6
501.127	1	7
501.297	1	3
501.467	1	-1
501.638	1	-2
501.808	1	7
501.978	1	12
502.148	1	-10
502.319	1	15
502.489	1	-4
502.659	1	17
502.829	1	3
503.000	1	6
503.170	1	3
503.340	1	7
503.510	1	-11
503.681	1	-3
503.851	1	9
504.021	1	10
504.191	1	10
504.362	1	9
504.532	1	-1
504.702	1	8
504.872	1	-10
505.042	1	0
505.213	1	11
505.383	1	3
505.553	1	3
505.723	1	8
505.894	1	-3
506.064	1	10
506.234	1	-2
506.404	1	0
506.575	1	-7
506.745	1	12
506.915	1	8
507.085	1	-2
507.256	1	5
507.426	1	-5
507.596	1	2
507.766	1	-2
507.936	1	0
508.107	1	10
508.277	1	-3
508.447	1	2
508.617	1	7
508.788	1	9
508.958	1	-7
509.128	1	13
509.298	1	-1
509.468	1	-2
509.639	1	1
509.809	1	6
509.979	1	5
510.149	1	11
510.319	1	0
510.490	1	12
510.660	1	3
510.830	1	-7
511.000	1	-1
511.171	1	1
511.341	1	12
511.511	1	-5
511.681	1	14
511.851	1	4
512.022	1	-3
512.192	1	11
512.362	1	1
512.532	1	-3
512.702	1	8
512.873	1	11
513.043	1	5
513.213	1	11
513.383	1	-5
513.553	1	13
513.724	1	1
513.894	1	-2
514.064	1	11
514.234	1	10
514.404	1	15
514.575	1	-11
514.745	1	-5
514.915	1	-15
515.085	1	1
515.255	1	7
515.425	1	7
515.596	1	5
515.766	1	19
515.936	1	6
516.106	1	5
516.276	1	4
516.447	1	8
516.617	1	0
516.787	1	0
516.957	1	7
517.127	1	3
517.297	1	7
517.468	1	2
517.638	1	4
517.808	1	11
517.978	1	8
518.148	1	2
518.319	1	6
518.489	1	-3
518.659	1	2
518.829	1	7
518.999	1	14
519.169	1	-2
519.340	1	14
519.510	1	4
519.680	1	6
519.850	1	2
520.020	1	0
520.190	1	2
520.361	1	-5
520.531	1	7
520.701	1	11
520.871	1	6
521.041	1	16
521.211	1	9
521.382	1	1
521.552	1	-4
521.722	1	7
521.892	1	8
522.062	1	6
522.232	1	16
522.402	1	5
522.573	1	12
522.743	1	13
522.913	1	5
523.083	1	9
523.253	1	12
523.423	1	10
523.593	1	9
523.764	1	5
523.934	1	12
524.104	1	3
524.274	1	5
524.444	1	3
524.614	1	7
524.784	1	11
524.955	1	5
525.125	1	7
525.295	1	9
525.465	1	8
525.635	1	-4
525.805	1	20
525.975	1	1
526.146	1	5
526.316	1	1
526.486	1	8
526.656	1	0
526.826	1	6
526.996	1	4
527.166	1	3
527.337	1	-5
527.507	1	6
527.677	1	13
527.847	1	14
528.017	1	2
528.187	1	14
528.357	1	14
528.527	1	5
528.698	1	-4
528.868	1	5
529.038	1	-2
529.208	1	2
529.378	1	10
529.548	1	-1
529.718	1	8
529.888	1	6
530.058	1	9
530.229	1	-1
530.399	1	-2
530.569	1	-2
530.739	1	-5
530.909	1	-5
531.079	1	-2
531.249	1	-4
531.419	1	2
531.589	1	10
531.760	1	2
531.930	1	7
532.100	1	-6
532.270	1	9
532.440	1	1
532.610	1	15
532.780	1	12
532.950	1	14
533.120	1	22
533.290	1	-1
533.461	1	6
533.631	1	7
533.801	1	9
533.971	1	7
534.141	1	14
534.311	1	5
534.481	1	12
534.651	1	0
534.821	1	0
534.991	1	12
535.162	1	-7
535.332	1	4
535.502	1	-1
535.672	1	-3
535.842	1	9
536.012	1	0
536.182	1	11
536.352	1	-7
536.522	1	-7
536.692	1	8
536.862	1	-8
537.032	1	0
537.203	1	8
537.373	1	9
537.543	1	7
537.713	1	8
537.883	1	5
538.053	1	9
538.223	1	10
538.393	1	6
538.563	1	25
538.733	1	13
538.903	1	-1
539.073	1	11
539.243	1	5
539.413	1	11
539.584	1	7
539.754	1	2
539.924	1	9
540.094	1	15
540.264	1	0
540.434	1	9
540.604	1	3
540.774	1	9
540.944	1	-3
541.114	1	6
541.284	1	-2
541.454	1	8
541.624	1	12
541.794	1	1
541.964	1	2
542.134	1	15
542.305	1	7
542.475	1	6
542.645	1	11
542.815	1	-1
542.985	1	5
543.155	1	-9
543.325	1	12
543.495	1	16
543.665	1	-2
543.835	1	-3
544.005	1	-2
544.175	1	4
544.345	1	-2
544.515	1	9
544.685	1	12
544.855	1	3
545.025	1	4
545.195	1	-4
545.365	1	1
545.535	1	-1
545.705	1	11
545.875	1	-2
546.045	1	4
546.216	1	-6
546.386	1	7
546.556	1	2
546.726	1	-6
546.896	1	6
547.066	1	5
547.236	1	10
547.406	1	-5
547.576	1	8
547.746	1	13
547.916	1	4
548.086	1	11
548.256	1	-3
548.426	1	4
548.596	1	7
548.766	1	13
548.936	1	8
549.106	1	7
549.276	1	7
549.446	1	-4
549.616	1	5
549.786	1	-6
549.956	1	3
550.126	1	-6
550.296	1	13
550.466	1	5
550.636	1	17
550.806	1	17
550.976	1	6
551.146	1	2
551.316	1	12
551.486	1	8
551.656	1	12
551.826	1	9
551.996	1	2
552.166	1	12
552.336	1	-10
552.506	1	11
552.676	1	10
552.846	1	3
553.016	1	8
553.186	1	11
553.356	1	0
553.526	1	8
553.696	1	7
553.866	1	4
554.036	1	9
554.206	1	2
554.376	1	-9
554.546	1	7
554.716	1	1
554.886	1	15
555.056	1	3
555.226	1	13
555.396	1	1
555.566	1	5
555.736	1	9
555.906	1	-1
556.076	1	10
556.246	1	5
556.416	1	-6
556.586	1	-5
556.756	1	-1
556.926	1	-4
557.096	1	7
557.266	1	11
557.436	1	8
557.606	1	4
557.776	1	5
557.946	1	1
558.116	1	7
558.286	1	16
558.456	1	5
558.626	1	-8
558.796	1	8
558.966	1	-4
559.136	1	1
559.306	1	5
559.476	1	10
559.646	1	3
559.816	1	7
559.986	1	4
560.155	1	2
560.325	1	9
560.495	1	2
560.665	1	-3
560.835	1	9
561.005	1	2
561.175	1	-2
561.345	1	0
561.515	1	3
561.685	1	-4
561.855	1	8
562.025	1	6
562.195	1	-5
562.365	1	4
562.535	1	1
562.705	1	0
562.875	1	6
563.045	1	-3
563.215	1	1
563.385	1	-12
563.555	1	6
563.725	1	9
563.895	1	-2
564.064	1	-2
564.234	1	-1
564.404	1	8
564.574	1	15
564.744	1	6
564.914	1	5
565.084	1	-8
565.254	1	11
565.424	1	-5
565.594	1	1
565.764	1	-5
565.934	1	10
566.104	1	4
566.274	1	8
566.444	1	-3
566.614	1	3
566.783	1	6
566.953	1	2
567.123	1	6
567.293	1	4
567.463	1	-5
567.633	1	6
567.803	1	3
567.973	1	1
568.143	1	-5
568.313	1	4
568.483	1	5
568.653	1	-2
568.823	1	-2
568.993	1	1
569.162	1	-4
569.332	1	11
569.502	1	5
569.672	1	7
569.842	1	8
570.012	1	9
570.182	1	-1
570.352	1	-1
570.522	1	-6
570.692	1	10
570.862	1	5
571.031	1	-1
571.201	1	1
571.371	1	21
571.541	1	1
571.711	1	9
571.881	1	7
572.051	1	-3
572.221	1	4
572.391	1	11
572.561	1	-1
572.731	1	8
572.900	1	-5
573.070	1	9
573.240	1	-3
573.410	1	7
573.580	1	-3
573.750	1	9
573.920	1	7
574.090	1	10
574.260	1	0
574.430	1	-8
574.599	1	-1
574.769	1	5
574.939	1	-1
575.109	1	-6
575.279	1	-1
575.449	1	14
575.619	1	8
575.789	1	-6
575.959	1	9
576.128	1	-1
576.298	1	5
576.468	1	6
576.638	1	1
576.808	1	9
576.978	1	-2
577.148	1	10
577.318	1	14
577.487	1	4
577.657	1	5
577.827	1	4
577.997	1	5
578.167	1	-2
578.337	1	-3
578.507	1	-3
578.677	1	5
578.846	1	1
579.016	1	2
579.186	1	12
579.356	1	4
579.526	1	-8
579.696	1	14
579.866	1	-1
580.036	1	3
580.205	1	-4
580.375	1	12
580.545	1	1
580.715	1	-2
580.885	1	-1
581.055	1	5
581.225	1	7
581.394	1	-10
581.564	1	5
581.734	1	2
581.904	1	7
582.074	1	-4
582.244	1	3
582.414	1	2
582.583	1	0
582.753	1	0
582.923	1	9
583.093	1	1
583.263	1	3
583.433	1	-4
583.603	1	-13
583.772	1	-6
583.942	1	6
584.112	1	2
584.282	1	-3
584.452	1	1
584.622	1	-1
584.791	1	1
584.961	1	-9
585.131	1	8
585.301	1	-6
585.471	1	-6
585.641	1	6
585.811	1	7
585.980	1	-2
586.150	1	5
586.320	1	2
586.490	1	5
586.660	1	7
586.830	1	-7
586.999	1	6
587.169	1	2
587.339	1	1
587.509	1	-3
587.679	1	6
587.849	1	14
588.018	1	-6
588.188	1	9
588.358	1	4
588.528	1	-3
588.698	1	0
588.867	1	1
589.037	1	4
589.207	1	-3
589.377	1	6
589.547	1	7
589.717	1	1
589.886	1	-2
590.056	1	1
590.226	1	1
590.396	1	-1
590.566	1	-4
590.735	1	-12
590.905	1	11
591.075	1	-7
591.245	1	8
591.415	1	7
591.585	1	4
591.754	1	0
591.924	1	9
592.094	1	-6
592.264	1	-5
592.434	1	3
592.603	1	-7
592.773	1	-2
592.943	1	7
593.113	1	-5
593.283	1	1
593.452	1	-10
593.622	1	1
593.792	1	7
593.962	1	-6
594.132	1	1
594.301	1	-3
594.471	1	4
594.641	1	0
594.811	1	1
594.981	1	-5
595.150	1	9
595.320	1	-5
595.490	1	-1
595.660	1	-7
595.829	1	-15
595.999	1	-2
596.169	1	12
596.339	1	10
596.509	1	-1
596.678	1	5
596.848	1	2
597.018	1	7
597.188	1	-8
597.358	1	7
597.527	1	-4
597.697	1	-2
597.867	1	6
598.037	1	5
598.206	1	12
598.376	1	-8
598.546	1	6
598.716	1	-9
598.885	1	-4
599.055	1	2
599.225	1	2
599.395	1	9
599.565	1	-6
599.734	1	7
599.904	1	-11
600.074	1	8
600.244	1	-3
600.413	1	-3
600.583	1	-3
600.753	1	14
600.923	1	5
601.092	1	9
601.262	1	-6
601.432	1	0
601.602	1	16
601.771	1	9
601.941	1	3
602.111	1	4
602.281	1	0
602.451	1	-1
602.620	1	2
602.790	1	-7
602.960	1	-15
603.130	1	-4
603.299	1	-3
603.469	1	4
603.639	1	-4
603.809	1	8
603.978	1	-7
604.148	1	8
604.318	1	0
604.487	1	4
604.657	1	-4
604.827	1	9
604.997	1	2
605.166	1	-4
605.336	1	-3
605.506	1	-7
605.676	1	18
605.845	1	3
606.015	1	-4
606.185	1	6
606.355	1	-9
606.524	1	-3
606.694	1	8
606.864	1	-8
607.034	1	5
607.203	1	7
607.373	1	7
607.543	1	-8
607.712	1	8
607.882	1	7
608.052	1	-4
608.222	1	7
608.391	1	17
608.561	1	1
608.731	1	-4
608.901	1	4
609.070	1	-4
609.240	1	-8
609.410	1	-2
609.579	1	10
609.749	1	4
609.919	1	-11
610.089	1	3
610.258	1	5
610.428	1	9
610.598	1	4
610.767	1	0
610.937	1	-6
611.107	1	-2
611.277	1	-2
611.446	1	7
611.616	1	5
611.786	1	2
611.955	1	5
612.125	1	7
612.295	1	-1
612.465	1	-3
612.634	1	8
612.804	1	1
612.974	1	-1
613.143	1	1
613.313	1	4
613.483	1	13
613.652	1	0
613.822	1	4
613.992	1	-2
614.162	1	0
614.331	1	3
614.501	1	1
614.671	1	7
614.840	1	6
615.010	1	1
615.180	1	2
615.349	1	16
615.519	1	-1
615.689	1	-4
615.858	1	5
616.028	1	6
616.198	1	-5
616.368	1	-10
616.537	1	-1
616.707	1	-5
616.877	1	2
617.046	1	11
617.216	1	-6
617.386	1	9
617.555	1	-4
617.725	1	2
617.895	1	-6
618.064	1	-1
618.234	1	-8
618.404	1	0
618.573	1	5
618.743	1	8
618.913	1	6
619.082	1	-5
619.252	1	1
619.422	1	-5
619.591	1	-6
619.761	1	-7
619.931	1	6
620.100	1	11
620.270	1	5
620.440	1	6
620.609	1	7
620.779	1	10
620.949	1	0
621.118	1	6
621.288	1	0
621.458	1	1
621.627	1	1
621.797	1	-8
621.967	1	4
622.136	1	3
622.306	1	5
622.476	1	-8
622.645	1	6
622.815	1	6
622.985	1	4
623.154	1	-2
623.324	1	3
623.494	1	-5
623.663	1	-2
623.833	1	-4
624.002	1	-2
624.172	1	-4
624.342	1	5
624.511	1	-3
624.681	1	1
624.851	1	-7
625.020	1	0
625.190	1	-4
625.360	1	-4
625.529	1	-9
625.699	1	1
625.869	1	-9
626.038	1	-9
626.208	1	3
626.377	1	-9
626.547	1	-5
626.717	1	-13
626.886	1	-5
627.056	1	-4
627.226	1	10
627.395	1	-7
627.565	1	6
627.735	1	-4
627.904	1	7
628.074	1	2
628.243	1	9
628.413	1	-2
628.583	1	0
628.752	1	-10
628.922	1	-3
629.091	1	2
629.261	1	11
629.431	1	7
629.600	1	1
629.770	1	-1
629.940	1	-6
630.109	1	0
630.279	1	-1
630.448	1	-3
630.618	1	9
630.788	1	-8
630.957	1	10
631.127	1	-6
631.297	1	-1
631.466	1	0
631.636	1	8
631.805	1	-1
631.975	1	-7
632.145	1	1
632.314	1	-9
632.484	1	4
632.653	1	-9
632.823	1	-3
632.993	1	3
633.162	1	6
633.332	1	-3
633.501	1	-7
633.671	1	4
633.841	1	-1
634.010	1	6
634.180	1	12
634.349	1	-7
634.519	1	0
634.689	1	2
634.858	1	-15
635.028	1	2
635.197	1	-2
635.367	1	5
635.537	1	-4
635.706	1	4
635.876	1	-1
636.045	1	1
636.215	1	12
636.384	1	1
636.554	1	2
636.724	1	-1
636.893	1	9
637.063	1	6
637.232	1	2
637.402	1	0
637.572	1	5
637.741	1	-2
637.911	1	-3
638.080	1	7
638.250	1	5
638.419	1	4
638.589	1	-4
638.759	1	9
638.928	1	9
639.098	1	2
639.267	1	11
639.437	1	5
639.606	1	2
639.776	1	12
639.946	1	10
640.115	1	-1
640.285	1	11
640.454	1	8
640.624	1	7
640.793	1	6
640.963	1	-1
641.132	1	13
641.302	1	-4
641.472	1	4
641.641	1	4
641.811	1	1
641.980	1	0
642.150	1	1
642.319	1	9
642.489	1	-3
642.659	1	14
642.828	1	-3
642.998	1	13
643.167	1	0
643.337	1	-2
643.506	1	1
643.676	1	-2
643.845	1	6
644.015	1	0
644.184	1	-7
644.354	1	-3
644.524	1	6
644.693	1	2
644.863	1	18
645.032	1	1
645.202	1	-4
645.371	1	-2
645.541	1	5
645.710	1	1
645.880	1	-8
646.049	1	0
646.219	1	0
646.388	1	0
646.558	1	-5
646.728	1	2
646.897	1	8
647.067	1	2
647.236	1	6
647.406	1	10
647.575	1	0
647.745	1	6
647.914	1	-2
648.084	1	-3
648.253	1	-2
648.423	1	0
648.592	1	-7
648.762	1	16
648.931	1	8
649.101	1	0
649.270	1	-3
649.440	1	4
649.610	1	-3
649.779	1	10
649.949	1	2
650.118	1	5
650.288	1	-1
650.457	1	15
650.627	1	-2
650.796	1	-4
650.966	1	-21
651.135	1	1
651.305	1	1
651.474	1	5
651.644	1	8
651.813	1	13
651.983	1	1
652.152	1	8
652.322	1	4
652.491	1	3
652.661	1	1
652.830	1	-4
653.000	1	7
653.169	1	11
653.339	1	8
653.508	1	-5
653.678	1	-2
653.847	1	2
654.017	1	11
654.186	1	-7
654.356	1	-2
654.525	1	-15
654.695	1	-1
654.864	1	1
655.034	1	4
655.203	1	12
655.373	1	12
655.542	1	-2
655.712	1	1
655.881	1	8
656.051	1	7
656.220	1	-1
656.390	1	-3
656.559	1	-10
656.729	1	1
656.898	1	-5
657.068	1	-2
657.237	1	6
657.406	1	3
657.576	1	-8
657.745	1	1
657.915	1	-9
658.084	1	7
658.254	1	7
658.423	1	4
658.593	1	13
658.762	1	-1
658.932	1	-2
659.101	1	-11
659.271	1	5
659.440	1	-3
659.610	1	-4
659.779	1	13
659.949	1	-1
660.118	1	-2
660.288	1	0
660.457	1	11
660.626	1	-1
660.796	1	-5
660.965	1	-2
661.135	1	-13
661.304	1	4
661.474	1	-2
661.643	1	1
661.813	1	3
661.982	1	8
662.152	1	6
662.321	1	0
662.491	1	-8
662.660	1	-3
662.829	1	9
662.999	1	2
663.168	1	1
663.338	1	9
663.507	1	-2
663.677	1	3
663.846	1	2
664.016	1	-8
664.185	1	-1
664.354	1	15
664.524	1	-2
664.693	1	1
664.863	1	-4
665.032	1	-4
665.202	1	-5
665.371	1	-5
665.541	1	13
665.710	1	-1
665.879	1	2
666.049	1	-11
666.218	1	-2
666.388	1	6
666.557	1	13
666.727	1	-8
666.896	1	6
667.065	1	-11
667.235	1	7
667.404	1	1
667.574	1	-2
667.743	1	0
667.913	1	8
668.082	1	0
668.251	1	-1
668.421	1	6
668.590	1	3
668.760	1	5
668.929	1	5
669.099	1	2
669.268	1	-9
669.437	1	0
669.607	1	4
669.776	1	10
669.946	1	-2
670.115	1	-21
670.285	1	4
670.454	1	-1
670.623	1	5
670.793	1	0
670.962	1	1
671.132	1	-9
671.301	1	-9
671.470	1	-2
671.640	1	2
671.809	1	-10
671.979	1	12
672.148	1	4
672.317	1	-3
672.487	1	2
672.656	1	-3
672.826	1	-1
672.995	1	4
673.164	1	-17
673.334	1	2
673.503	1	-11
673.673	1	6
673.842	1	6
674.011	1	8
674.181	1	3
674.350	1	-2
674.520	1	1
674.689	1	-1
674.858	1	-8
675.028	1	8
675.197	1	1
675.367	1	5
675.536	1	6
675.705	1	2
675.875	1	1
676.044	1	-3
676.214	1	7
676.383	1	11
676.552	1	-6
676.722	1	-6
676.891	1	2
677.060	1	-5
677.230	1	4
677.399	1	-9
677.569	1	0
677.738	1	7
677.907	1	-6
678.077	1	4
678.246	1	15
678.416	1	0
678.585	1	0
678.754	1	1
678.924	1	17
679.093	1	0
679.262	1	0
679.432	1	-6
679.601	1	-3
679.771	1	1
679.940	1	8
680.109	1	0
680.279	1	5
680.448	1	1
680.617	1	-2
680.787	1	-9
680.956	1	8
681.125	1	7
681.295	1	0
681.464	1	-7
681.634	1	14
681.803	1	3
681.972	1	5
682.142	1	-6
682.311	1	1
682.480	1	0
682.650	1	6
682.819	1	-2
682.988	1	1
683.158	1	0
683.327	1	12
683.496	1	5
683.666	1	0
683.835	1	-3
684.004	1	1
684.174	1	0
684.343	1	-4
684.512	1	-2
684.682	1	0
684.851	1	5
685.021	1	0
685.190	1	2
685.359	1	-6
685.529	1	1
685.698	1	-5
685.867	1	2
686.037	1	4
686.206	1	0
686.375	1	1
686.545	1	9
686.714	1	5
686.883	1	8
687.053	1	0
687.222	1	-4
687.391	1	4
687.561	1	6
687.730	1	4
687.899	1	-10
688.069	1	1
688.238	1	5
688.407	1	11
688.577	1	1
688.746	1	13
