340.368	1	-1
340.539	1	9
340.710	1	2
340.881	1	-2
341.052	1	-4
341.223	1	10
341.394	1	-10
341.565	1	-2
341.737	1	7
341.908	1	-7
342.079	1	-4
342.250	1	-1
342.421	1	5
342.592	1	1
342.763	1	5
342.934	1	-12
343.105	1	8
343.276	1	4
343.447	1	-2
343.618	1	-8
343.789	1	3
343.960	1	-8
344.131	1	6
344.302	1	-11
344.473	1	-2
344.644	1	1
344.815	1	0
344.986	1	2
345.157	1	2
345.328	1	-11
345.499	1	-4
345.670	1	2
345.841	1	-2
346.012	1	8
346.183	1	11
346.354	1	4
346.526	1	-3
346.697	1	1
346.868	1	-5
347.039	1	-5
347.210	1	-6
347.381	1	0
347.552	1	8
347.723	1	1
347.894	1	4
348.065	1	11
348.236	1	3
348.407	1	0
348.578	1	1
348.749	1	-5
348.920	1	-8
349.091	1	0
349.262	1	-2
349.433	1	-4
349.604	1	8
349.775	1	6
349.946	1	2
350.117	1	7
350.288	1	10
350.459	1	-10
350.630	1	4
350.801	1	11
350.972	1	4
351.143	1	6
351.314	1	-7
351.485	1	-1
351.656	1	2
351.827	1	5
351.998	1	7
352.169	1	2
352.340	1	8
352.511	1	9
352.682	1	5
352.853	1	1
353.024	1	1
353.195	1	-3
353.366	1	2
353.537	1	9
353.708	1	4
353.879	1	-2
354.050	1	1
354.221	1	-9
354.392	1	13
354.563	1	11
354.734	1	6
354.905	1	15
355.076	1	7
355.247	1	3
355.418	1	-8
355.589	1	0
355.760	1	8
355.931	1	11
356.102	1	-7
356.273	1	-1
356.444	1	8
356.615	1	-2
356.785	1	1
356.956	1	5
357.127	1	-2
357.298	1	10
357.469	1	4
357.640	1	-3
357.811	1	-2
357.982	1	2
358.153	1	8
358.324	1	7
358.495	1	0
358.666	1	4
358.837	1	15
359.008	1	5
359.179	1	10
359.350	1	3
359.521	1	9
359.692	1	1
359.863	1	3
360.034	1	17
360.205	1	-2
360.376	1	-3
360.547	1	8
360.718	1	18
360.889	1	5
361.060	1	8
361.231	1	2
361.401	1	9
361.572	1	11
361.743	1	11
361.914	1	13
362.085	1	13
362.256	1	4
362.427	1	4
362.598	1	7
362.769	1	12
362.940	1	19
363.111	1	24
363.282	1	9
363.453	1	3
363.624	1	21
363.795	1	15
363.966	1	21
364.137	1	26
364.308	1	22
364.478	1	16
364.649	1	20
364.820	1	15
364.991	1	19
365.162	1	15
365.333	1	10
365.504	1	23
365.675	1	15
365.846	1	20
366.017	1	33
366.188	1	18
366.359	1	24
366.530	1	26
366.701	1	23
366.871	1	33
367.042	1	44
367.213	1	30
367.384	1	19
367.555	1	21
367.726	1	33
367.897	1	37
368.068	1	29
368.239	1	24
368.410	1	17
368.581	1	25
368.752	1	35
368.923	1	22
369.093	1	36
369.264	1	22
369.435	1	12
369.606	1	30
369.777	1	24
369.948	1	13
370.119	1	27
370.290	1	14
370.461	1	23
370.632	1	21
370.803	1	24
370.973	1	11
371.144	1	20
371.315	1	13
371.486	1	16
371.657	1	16
371.828	1	13
371.999	1	5
372.170	1	14
372.341	1	13
372.512	1	10
372.682	1	9
372.853	1	7
373.024	1	20
373.195	1	13
373.366	1	13
373.537	1	13
373.708	1	11
373.879	1	12
374.050	1	10
374.220	1	5
374.391	1	11
374.562	1	4
374.733	1	8
374.904	1	21
375.075	1	10
375.246	1	-3
375.417	1	13
375.588	1	11
375.758	1	0
375.929	1	11
376.100	1	21
376.271	1	3
376.442	1	6
376.613	1	1
376.784	1	22
376.955	1	-3
377.125	1	13
377.296	1	7
377.467	1	5
377.638	1	4
377.809	1	10
377.980	1	1
378.151	1	2
378.321	1	9
378.492	1	13
378.663	1	10
378.834	1	22
379.005	1	1
379.176	1	8
379.347	1	15
379.518	1	1
379.688	1	8
379.859	1	12
380.030	1	13
380.201	1	11
380.372	1	20
380.543	1	13
380.714	1	7
380.884	1	7
381.055	1	4
381.226	1	14
381.397	1	8
381.568	1	14
381.739	1	4
381.910	1	3
382.080	1	5
382.251	1	4
382.422	1	9
382.593	1	6
382.764	1	-1
382.935	1	9
383.105	1	1
383.276	1	1
383.447	1	7
383.618	1	15
383.789	1	0
383.960	1	0
384.130	1	9
384.301	1	18
384.472	1	1
384.643	1	5
384.814	1	10
384.985	1	7
385.156	1	20
385.326	1	12
385.497	1	3
385.668	1	10
385.839	1	17
386.010	1	18
386.180	1	23
386.351	1	9
386.522	1	13
386.693	1	14
386.864	1	17
387.035	1	24
387.205	1	16
387.376	1	16
387.547	1	25
387.718	1	12
387.889	1	11
388.060	1	14
388.230	1	21
388.401	1	19
388.572	1	18
388.743	1	-7
388.914	1	6
389.084	1	18
389.255	1	9
389.426	1	7
389.597	1	16
389.768	1	22
389.939	1	12
390.109	1	6
390.280	1	2
390.451	1	11
390.622	1	6
390.793	1	23
390.963	1	12
391.134	1	7
391.305	1	12
391.476	1	12
391.647	1	5
391.817	1	11
391.988	1	1
392.159	1	22
392.330	1	10
392.501	1	12
392.671	1	2
392.842	1	7
393.013	1	8
393.184	1	7
393.355	1	19
393.525	1	1
393.696	1	6
393.867	1	11
394.038	1	10
394.208	1	10
394.379	1	5
394.550	1	-1
394.721	1	10
394.892	1	6
395.062	1	11
395.233	1	4
395.404	1	14
395.575	1	5
395.746	1	13
395.916	1	9
396.087	1	15
396.258	1	16
396.429	1	11
396.599	1	13
396.770	1	13
396.941	1	8
397.112	1	-5
397.283	1	6
397.453	1	21
397.624	1	12
397.795	1	14
397.966	1	15
398.136	1	18
398.307	1	11
398.478	1	8
398.649	1	7
398.819	1	16
398.990	1	2
399.161	1	11
399.332	1	13
399.503	1	9
399.673	1	1
399.844	1	12
400.015	1	11
400.186	1	9
400.356	1	18
400.527	1	18
400.698	1	8
400.869	1	0
401.039	1	9
401.210	1	5
401.381	1	0
401.552	1	8
401.722	1	7
401.893	1	15
402.064	1	6
402.235	1	1
402.405	1	3
402.576	1	2
402.747	1	9
402.918	1	8
403.088	1	5
403.259	1	0
403.430	1	10
403.601	1	10
403.771	1	11
403.942	1	7
404.113	1	9
404.284	1	3
404.454	1	8
404.625	1	5
404.796	1	-1
404.967	1	7
405.137	1	12
405.308	1	9
405.479	1	15
405.649	1	13
405.820	1	12
405.991	1	0
406.162	1	16
406.332	1	-7
406.503	1	3
406.674	1	4
406.845	1	11
407.015	1	0
407.186	1	8
407.357	1	15
407.527	1	0
407.698	1	15
407.869	1	19
408.040	1	6
408.210	1	15
408.381	1	-2
408.552	1	4
408.722	1	5
408.893	1	-10
409.064	1	6
409.235	1	5
409.405	1	10
409.576	1	6
409.747	1	19
409.917	1	16
410.088	1	-11
410.259	1	-5
410.430	1	-1
410.600	1	0
410.771	1	6
410.942	1	4
411.112	1	0
411.283	1	10
411.454	1	-1
411.625	1	6
411.795	1	5
411.966	1	14
412.137	1	2
412.307	1	5
412.478	1	3
412.649	1	2
412.819	1	9
412.990	1	-6
413.161	1	-1
413.332	1	-6
413.502	1	-6
413.673	1	17
413.844	1	20
414.014	1	5
414.185	1	12
414.356	1	5
414.526	1	10
414.697	1	7
414.868	1	-1
415.038	1	9
415.209	1	-5
415.380	1	15
415.550	1	6
415.721	1	10
415.892	1	2
416.063	1	11
416.233	1	-1
416.404	1	1
416.575	1	-4
416.745	1	3
416.916	1	1
417.087	1	4
417.257	1	4
417.428	1	6
417.599	1	12
417.769	1	3
417.940	1	-3
418.111	1	2
418.281	1	4
418.452	1	-1
418.623	1	-1
418.793	1	0
418.964	1	12
419.135	1	10
419.305	1	5
419.476	1	8
419.647	1	11
419.817	1	4
419.988	1	-6
420.159	1	5
420.329	1	6
420.500	1	1
420.671	1	2
420.841	1	9
421.012	1	6
421.183	1	6
421.353	1	6
421.524	1	10
421.695	1	8
421.865	1	17
422.036	1	6
422.206	1	12
422.377	1	1
422.548	1	16
422.718	1	4
422.889	1	-6
423.060	1	-1
423.230	1	5
423.401	1	2
423.572	1	13
423.742	1	2
423.913	1	6
424.084	1	2
424.254	1	-3
424.425	1	-11
424.595	1	0
424.766	1	7
424.937	1	5
425.107	1	5
425.278	1	2
425.449	1	0
425.619	1	5
425.790	1	8
425.961	1	-5
426.131	1	1
426.302	1	4
426.472	1	-5
426.643	1	3
426.814	1	-4
426.984	1	2
427.155	1	-12
427.326	1	0
427.496	1	0
427.667	1	5
427.837	1	7
428.008	1	2
428.179	1	1
428.349	1	-11
428.520	1	6
428.691	1	-3
428.861	1	2
429.032	1	12
429.202	1	7
429.373	1	-2
429.544	1	-5
429.714	1	0
429.885	1	-3
430.055	1	3
430.226	1	-5
430.397	1	5
430.567	1	0
430.738	1	1
430.909	1	-5
431.079	1	0
431.250	1	-3
431.420	1	0
431.591	1	-3
431.762	1	5
431.932	1	-4
432.103	1	7
432.273	1	14
432.444	1	-5
432.615	1	-7
432.785	1	-3
432.956	1	2
433.126	1	5
433.297	1	-3
433.468	1	-2
433.638	1	7
433.809	1	5
433.979	1	4
434.150	1	5
434.320	1	7
434.491	1	1
434.662	1	7
434.832	1	1
435.003	1	10
435.173	1	0
435.344	1	-6
435.515	1	-5
435.685	1	-1
435.856	1	-2
436.026	1	0
436.197	1	-4
436.368	1	-5
436.538	1	5
436.709	1	-5
436.879	1	-3
437.050	1	7
437.220	1	-11
437.391	1	10
437.562	1	3
437.732	1	7
437.903	1	3
438.073	1	-2
438.244	1	0
438.414	1	5
438.585	1	0
438.756	1	7
438.926	1	-3
439.097	1	14
439.267	1	-4
439.438	1	5
439.608	1	3
439.779	1	3
439.949	1	-10
440.120	1	-6
440.291	1	4
440.461	1	10
440.632	1	10
440.802	1	-1
440.973	1	5
441.143	1	-5
441.314	1	-9
441.485	1	-1
441.655	1	0
441.826	1	-8
441.996	1	-6
442.167	1	1
442.337	1	13
442.508	1	3
442.678	1	3
442.849	1	-10
443.019	1	7
443.190	1	17
443.361	1	11
443.531	1	0
443.702	1	-9
443.872	1	6
444.043	1	-5
444.213	1	5
444.384	1	5
444.554	1	-10
444.725	1	0
444.895	1	-5
445.066	1	9
445.237	1	-2
445.407	1	-1
445.578	1	10
445.748	1	-4
445.919	1	-1
446.089	1	9
446.260	1	1
446.430	1	-2
446.601	1	9
446.771	1	-12
446.942	1	-4
447.112	1	8
447.283	1	-3
447.453	1	5
447.624	1	-5
447.794	1	12
447.965	1	4
448.135	1	-2
448.306	1	-2
448.477	1	1
448.647	1	-4
448.818	1	-5
448.988	1	4
449.159	1	5
449.329	1	2
449.500	1	-1
449.670	1	6
449.841	1	0
450.011	1	8
450.182	1	-3
450.352	1	9
450.523	1	6
450.693	1	5
450.864	1	-2
451.034	1	5
451.205	1	0
451.375	1	1
451.546	1	-3
451.716	1	8
451.887	1	-2
452.057	1	7
452.228	1	1
452.398	1	5
452.569	1	2
452.739	1	5
452.910	1	-7
453.080	1	2
453.251	1	3
453.421	1	5
453.592	1	7
453.762	1	5
453.933	1	2
454.103	1	2
454.274	1	-1
454.444	1	-7
454.615	1	10
454.785	1	-1
454.956	1	15
455.126	1	-5
455.297	1	4
455.467	1	-10
455.638	1	0
455.808	1	2
455.979	1	-2
456.149	1	5
456.320	1	7
456.490	1	2
456.661	1	-2
456.831	1	0
457.001	1	2
457.172	1	-1
457.342	1	1
457.513	1	10
457.683	1	1
457.854	1	-2
458.024	1	-8
458.195	1	-3
458.365	1	13
458.536	1	-2
458.706	1	5
458.877	1	5
459.047	1	6
459.218	1	5
459.388	1	1
459.559	1	6
459.729	1	-10
459.899	1	-11
460.070	1	-6
460.240	1	5
460.411	1	-1
460.581	1	-3
460.752	1	1
460.922	1	16
461.093	1	-5
461.263	1	-2
461.434	1	4
461.604	1	4
461.775	1	-3
461.945	1	0
462.115	1	2
462.286	1	-4
462.456	1	14
462.627	1	7
462.797	1	-2
462.968	1	1
463.138	1	4
463.309	1	11
463.479	1	-9
463.649	1	-3
463.820	1	7
463.990	1	14
464.161	1	-1
464.331	1	16
464.502	1	11
464.672	1	-5
464.843	1	-3
465.013	1	-2
465.183	1	-5
465.354	1	5
465.524	1	1
465.695	1	6
465.865	1	2
466.036	1	1
466.206	1	9
466.376	1	2
466.547	1	-3
466.717	1	3
466.888	1	-9
467.058	1	5
467.229	1	5
467.399	1	3
467.569	1	3
467.740	1	8
467.910	1	-3
468.081	1	-6
468.251	1	3
468.422	1	-3
468.592	1	0
468.762	1	-13
468.933	1	2
469.103	1	5
469.274	1	0
469.444	1	12
469.614	1	4
469.785	1	14
469.955	1	4
470.126	1	-4
470.296	1	7
470.467	1	-7
470.637	1	7
470.807	1	14
470.978	1	3
471.148	1	1
471.319	1	2
471.489	1	-7
471.659	1	2
471.830	1	4
472.000	1	-3
472.171	1	-2
472.341	1	-5
472.511	1	8
472.682	1	-11
472.852	1	3
473.023	1	3
473.193	1	8
473.363	1	-8
473.534	1	2
473.704	1	-3
473.875	1	-1
474.045	1	-4
474.215	1	-1
474.386	1	2
474.556	1	0
474.727	1	-6
474.897	1	-4
475.067	1	-6
475.238	1	-5
475.408	1	4
475.578	1	5
475.749	1	9
475.919	1	2
476.090	1	5
476.260	1	-5
476.430	1	-3
476.601	1	3
476.771	1	2
476.942	1	3
477.112	1	-4
477.282	1	8
477.453	1	0
477.623	1	-1
477.793	1	6
477.964	1	6
478.134	1	0
478.305	1	0
478.475	1	-9
478.645	1	9
478.816	1	8
478.986	1	-2
479.156	1	-2
479.327	1	-1
479.497	1	-1
479.667	1	6
479.838	1	-11
480.008	1	-1
480.179	1	-15
480.349	1	10
480.519	1	-8
480.690	1	4
480.860	1	6
481.030	1	12
481.201	1	-3
481.371	1	5
481.541	1	12
481.712	1	4
481.882	1	-4
482.053	1	-1
482.223	1	0
482.393	1	-6
482.564	1	1
482.734	1	-2
482.904	1	2
483.075	1	-1
483.245	1	0
483.415	1	0
483.586	1	0
483.756	1	-3
483.926	1	2
484.097	1	5
484.267	1	-4
484.437	1	3
484.608	1	4
484.778	1	4
484.948	1	0
485.119	1	4
485.289	1	1
485.459	1	3
485.630	1	5
485.800	1	0
485.970	1	0
486.141	1	-1
486.311	1	5
486.481	1	-3
486.652	1	4
486.822	1	-4
486.992	1	7
487.163	1	4
487.333	1	1
487.503	1	6
487.674	1	0
487.844	1	4
488.014	1	4
488.185	1	6
488.355	1	4
488.525	1	4
488.696	1	4
488.866	1	-8
489.036	1	11
489.207	1	3
489.377	1	5
489.547	1	0
489.718	1	3
489.888	1	5
490.058	1	1
490.228	1	-9
490.399	1	0
490.569	1	5
490.739	1	11
490.910	1	0
491.080	1	-1
491.250	1	14
491.421	1	3
491.591	1	1
491.761	1	-2
491.932	1	5
492.102	1	0
492.272	1	3
492.442	1	3
492.613	1	-2
492.783	1	3
492.953	1	-3
493.124	1	13
493.294	1	3
493.464	1	9
493.635	1	-5
493.805	1	5
493.975	1	-10
494.145	1	1
494.316	1	7
494.486	1	7
494.656	1	6
494.827	1	13
494.997	1	-1
495.167	1	5
495.337	1	-2
495.508	1	0
495.678	1	5
495.848	1	1
496.019	1	11
496.189	1	0
496.359	1	-5
496.529	1	6
496.700	1	-3
496.870	1	2
497.040	1	-8
497.211	1	1
497.381	1	6
497.551	1	6
497.721	1	-3
497.892	1	2
498.062	1	4
498.232	1	8
498.403	1	7
498.573	1	2
498.743	1	7
498.913	1	6
499.084	1	3
499.254	1	-7
499.424	1	-2
499.594	1	-8
499.765	1	12
499.935	1	-2
500.105	1	10
500.275	1	4
500.446	1	6
500.616	1	2
500.786	1	7
500.956	1	-3
501.127	1	11
501.297	1	5
501.467	1	4
501.638	1	9
501.808	1	11
501.978	1	-2
502.148	1	-2
502.319	1	11
502.489	1	-5
502.659	1	9
502.829	1	3
503.000	1	7
503.170	1	3
503.340	1	9
503.510	1	-3
503.681	1	-3
503.851	1	1
504.021	1	8
504.191	1	11
504.362	1	4
504.532	1	13
504.702	1	4
504.872	1	-7
505.042	1	1
505.213	1	7
505.383	1	8
505.553	1	10
505.723	1	3
505.894	1	-3
506.064	1	7
506.234	1	-3
506.404	1	4
506.575	1	2
506.745	1	13
506.915	1	7
507.085	1	11
507.256	1	2
507.426	1	11
507.596	1	5
507.766	1	9
507.936	1	7
508.107	1	19
508.277	1	6
508.447	1	0
508.617	1	5
508.788	1	11
508.958	1	12
509.128	1	3
509.298	1	-3
509.468	1	17
509.639	1	-5
509.809	1	13
509.979	1	10
510.149	1	15
510.319	1	11
510.490	1	16
510.660	1	11
510.830	1	6
511.000	1	-2
511.171	1	6
511.341	1	4
511.511	1	7
511.681	1	9
511.851	1	5
512.022	1	1
512.192	1	0
512.362	1	2
512.532	1	1
512.702	1	9
512.873	1	8
513.043	1	17
513.213	1	10
513.383	1	3
513.553	1	12
513.724	1	2
513.894	1	8
514.064	1	11
514.234	1	20
514.404	1	16
514.575	1	-5
514.745	1	8
514.915	1	-12
515.085	1	1
515.255	1	13
515.425	1	9
515.596	1	15
515.766	1	15
515.936	1	7
516.106	1	8
516.276	1	10
516.447	1	25
516.617	1	9
516.787	1	4
516.957	1	7
517.127	1	4
517.297	1	5
517.468	1	0
517.638	1	5
517.808	1	8
517.978	1	5
518.148	1	7
518.319	1	6
518.489	1	2
518.659	1	9
518.829	1	8
518.999	1	11
519.169	1	4
519.340	1	10
519.510	1	9
519.680	1	8
519.850	1	-10
520.020	1	14
520.190	1	12
520.361	1	0
520.531	1	13
520.701	1	16
520.871	1	4
521.041	1	16
521.211	1	3
521.382	1	3
521.552	1	1
521.722	1	13
521.892	1	7
522.062	1	1
522.232	1	22
522.402	1	12
522.573	1	7
522.743	1	9
522.913	1	5
523.083	1	8
523.253	1	13
523.423	1	7
523.593	1	11
523.764	1	11
523.934	1	12
524.104	1	2
524.274	1	8
524.444	1	7
524.614	1	20
524.784	1	7
524.955	1	11
525.125	1	10
525.295	1	1
525.465	1	10
525.635	1	19
525.805	1	14
525.975	1	10
526.146	1	5
526.316	1	6
526.486	1	7
526.656	1	12
526.826	1	10
526.996	1	7
527.166	1	7
527.337	1	-6
527.507	1	10
527.677	1	14
527.847	1	16
528.017	1	12
528.187	1	12
528.357	1	15
528.527	1	9
528.698	1	2
528.868	1	6
529.038	1	0
529.208	1	7
529.378	1	15
529.548	1	12
529.718	1	12
529.888	1	16
530.058	1	7
530.229	1	11
530.399	1	-2
530.569	1	1
530.739	1	4
530.909	1	-1
531.079	1	0
531.249	1	5
531.419	1	15
531.589	1	6
531.760	1	11
531.930	1	15
532.100	1	8
532.270	1	19
532.440	1	2
532.610	1	17
532.780	1	9
532.950	1	10
533.120	1	24
533.290	1	8
533.461	1	6
533.631	1	8
533.801	1	5
533.971	1	9
534.141	1	11
534.311	1	19
534.481	1	14
534.651	1	11
534.821	1	13
534.991	1	10
535.162	1	3
535.332	1	4
535.502	1	13
535.672	1	7
535.842	1	9
536.012	1	4
536.182	1	12
536.352	1	4
536.522	1	0
536.692	1	9
536.862	1	10
537.032	1	7
537.203	1	7
537.373	1	16
537.543	1	-3
537.713	1	8
537.883	1	-4
538.053	1	15
538.223	1	9
538.393	1	11
538.563	1	16
538.733	1	18
538.903	1	0
539.073	1	13
539.243	1	6
539.413	1	15
539.584	1	13
539.754	1	11
539.924	1	3
540.094	1	4
540.264	1	8
540.434	1	13
540.604	1	2
540.774	1	6
540.944	1	5
541.114	1	2
541.284	1	-1
541.454	1	13
541.624	1	10
541.794	1	3
541.964	1	2
542.134	1	10
542.305	1	11
542.475	1	4
542.645	1	10
542.815	1	-7
542.985	1	17
543.155	1	-3
543.325	1	7
543.495	1	17
543.665	1	5
543.835	1	-3
544.005	1	7
544.175	1	11
544.345	1	3
544.515	1	6
544.685	1	10
544.855	1	10
545.025	1	11
545.195	1	9
545.365	1	15
545.535	1	1
545.705	1	16
545.875	1	3
546.045	1	13
546.216	1	-1
546.386	1	6
546.556	1	0
546.726	1	9
546.896	1	6
547.066	1	16
547.236	1	11
547.406	1	1
547.576	1	14
547.746	1	21
547.916	1	7
548.086	1	12
548.256	1	-4
548.426	1	-1
548.596	1	3
548.766	1	16
548.936	1	10
549.106	1	21
549.276	1	9
549.446	1	6
549.616	1	5
549.786	1	4
549.956	1	11
550.126	1	6
550.296	1	13
550.466	1	12
550.636	1	17
550.806	1	20
550.976	1	12
551.146	1	8
551.316	1	3
551.486	1	9
551.656	1	10
551.826	1	11
551.996	1	10
552.166	1	10
552.336	1	12
552.506	1	16
552.676	1	17
552.846	1	6
553.016	1	14
553.186	1	6
553.356	1	8
553.526	1	4
553.696	1	20
553.866	1	15
554.036	1	6
554.206	1	12
554.376	1	0
554.546	1	8
554.716	1	3
554.886	1	24
555.056	1	6
555.226	1	8
555.396	1	3
555.566	1	6
555.736	1	12
555.906	1	1
556.076	1	22
556.246	1	2
556.416	1	-7
556.586	1	-6
556.756	1	-4
556.926	1	5
557.096	1	4
557.266	1	3
557.436	1	2
557.606	1	3
557.776	1	8
557.946	1	14
558.116	1	4
558.286	1	3
558.456	1	0
558.626	1	-6
558.796	1	17
558.966	1	3
559.136	1	-4
559.306	1	11
559.476	1	12
559.646	1	9
559.816	1	11
559.986	1	-1
560.155	1	15
560.325	1	9
560.495	1	0
560.665	1	4
560.835	1	1
561.005	1	9
561.175	1	-1
561.345	1	1
561.515	1	-3
561.685	1	6
561.855	1	4
562.025	1	4
562.195	1	11
562.365	1	5
562.535	1	11
562.705	1	1
562.875	1	12
563.045	1	-3
563.215	1	-1
563.385	1	0
563.555	1	1
563.725	1	12
563.895	1	-3
564.064	1	1
564.234	1	4
564.404	1	7
564.574	1	14
564.744	1	0
564.914	1	4
565.084	1	-5
565.254	1	7
565.424	1	9
565.594	1	6
565.764	1	-2
565.934	1	11
566.104	1	9
566.274	1	-1
566.444	1	-5
566.614	1	8
566.783	1	9
566.953	1	2
567.123	1	3
567.293	1	5
567.463	1	0
567.633	1	10
567.803	1	20
567.973	1	7
568.143	1	-2
568.313	1	-6
568.483	1	8
568.653	1	-6
568.823	1	6
568.993	1	-4
569.162	1	2
569.332	1	10
569.502	1	8
569.672	1	4
569.842	1	-3
570.012	1	12
570.182	1	-1
570.352	1	1
570.522	1	0
570.692	1	5
570.862	1	8
571.031	1	7
571.201	1	15
571.371	1	7
571.541	1	-5
571.711	1	11
571.881	1	8
572.051	1	4
572.221	1	8
572.391	1	18
572.561	1	10
572.731	1	6
572.900	1	-7
573.070	1	15
573.240	1	6
573.410	1	6
573.580	1	0
573.750	1	0
573.920	1	-4
574.090	1	11
574.260	1	5
574.430	1	3
574.599	1	-2
574.769	1	4
574.939	1	-3
575.109	1	-1
575.279	1	1
575.449	1	21
575.619	1	2
575.789	1	-4
575.959	1	4
576.128	1	11
576.298	1	0
576.468	1	3
576.638	1	-1
576.808	1	7
576.978	1	4
577.148	1	2
577.318	1	26
577.487	1	7
577.657	1	-2
577.827	1	3
577.997	1	10
578.167	1	6
578.337	1	1
578.507	1	6
578.677	1	1
578.846	1	8
579.016	1	2
579.186	1	11
579.356	1	11
579.526	1	4
579.696	1	12
579.866	1	-5
580.036	1	13
580.205	1	-3
580.375	1	15
580.545	1	6
580.715	1	3
580.885	1	8
581.055	1	10
581.225	1	6
581.394	1	-3
581.564	1	5
581.734	1	-4
581.904	1	-4
582.074	1	8
582.244	1	6
582.414	1	4
582.583	1	6
582.753	1	6
582.923	1	4
583.093	1	1
583.263	1	13
583.433	1	-1
583.603	1	-9
583.772	1	-8
583.942	1	2
584.112	1	1
584.282	1	4
584.452	1	1
584.622	1	-6
584.791	1	0
584.961	1	-5
585.131	1	10
585.301	1	7
585.471	1	3
585.641	1	-3
585.811	1	0
585.980	1	2
586.150	1	6
586.320	1	-2
586.490	1	6
586.660	1	9
586.830	1	-7
586.999	1	3
587.169	1	12
587.339	1	5
587.509	1	0
587.679	1	1
587.849	1	-3
588.018	1	-10
588.188	1	5
588.358	1	7
588.528	1	1
588.698	1	-10
588.867	1	2
589.037	1	-4
589.207	1	4
589.377	1	4
589.547	1	6
589.717	1	2
589.886	1	1
590.056	1	0
590.226	1	6
590.396	1	-1
590.566	1	-6
590.735	1	-9
590.905	1	13
591.075	1	0
591.245	1	1
591.415	1	4
591.585	1	2
591.754	1	2
591.924	1	11
592.094	1	3
592.264	1	3
592.434	1	-6
592.603	1	-4
592.773	1	6
592.943	1	0
593.113	1	0
593.283	1	-1
593.452	1	-8
593.622	1	-2
593.792	1	12
593.962	1	1
594.132	1	4
594.301	1	11
594.471	1	3
594.641	1	6
594.811	1	-7
594.981	1	-3
595.150	1	7
595.320	1	2
595.490	1	7
595.660	1	5
595.829	1	-7
595.999	1	-4
596.169	1	6
596.339	1	16
596.509	1	5
596.678	1	2
596.848	1	8
597.018	1	8
597.188	1	-12
597.358	1	-3
597.527	1	4
597.697	1	-5
597.867	1	8
598.037	1	6
598.206	1	12
598.376	1	-8
598.546	1	3
598.716	1	-9
598.885	1	1
599.055	1	-4
599.225	1	2
599.395	1	5
599.565	1	8
599.734	1	11
599.904	1	-5
600.074	1	3
600.244	1	4
600.413	1	5
600.583	1	-2
600.753	1	3
600.923	1	0
601.092	1	9
601.262	1	6
601.432	1	8
601.602	1	10
601.771	1	6
601.941	1	3
602.111	1	11
602.281	1	-1
602.451	1	-2
602.620	1	6
602.790	1	-4
602.960	1	-9
603.130	1	-1
603.299	1	1
603.469	1	8
603.639	1	-15
603.809	1	13
603.978	1	0
604.148	1	3
604.318	1	-6
604.487	1	2
604.657	1	-3
604.827	1	7
604.997	1	6
605.166	1	2
605.336	1	-2
605.506	1	2
605.676	1	9
605.845	1	-3
606.015	1	-7
606.185	1	3
606.355	1	-1
606.524	1	1
606.694	1	-1
606.864	1	-6
607.034	1	6
607.203	1	6
607.373	1	5
607.543	1	1
607.712	1	2
607.882	1	-1
608.052	1	3
608.222	1	9
608.391	1	10
608.561	1	-5
608.731	1	-7
608.901	1	-2
609.070	1	-6
609.240	1	0
609.410	1	8
609.579	1	6
609.749	1	-1
609.919	1	0
610.089	1	-4
610.258	1	1
610.428	1	1
610.598	1	3
610.767	1	6
610.937	1	0
611.107	1	-2
611.277	1	-2
611.446	1	3
611.616	1	5
611.786	1	3
611.955	1	2
612.125	1	6
612.295	1	1
612.465	1	2
612.634	1	7
612.804	1	5
612.974	1	1
613.143	1	7
613.313	1	3
613.483	1	9
613.652	1	3
613.822	1	4
613.992	1	-4
614.162	1	-3
614.331	1	-2
614.501	1	-8
614.671	1	13
614.840	1	-2
615.010	1	9
615.180	1	1
615.349	1	12
615.519	1	-3
615.689	1	-8
615.858	1	9
616.028	1	1
616.198	1	-3
616.368	1	6
616.537	1	2
616.707	1	6
616.877	1	10
617.046	1	11
617.216	1	-2
617.386	1	6
617.555	1	-10
617.725	1	3
617.895	1	3
618.064	1	1
618.234	1	-7
618.404	1	-7
618.573	1	5
618.743	1	12
618.913	1	6
619.082	1	-2
619.252	1	3
619.422	1	-1
619.591	1	2
619.761	1	-7
619.931	1	5
620.100	1	10
620.270	1	6
620.440	1	16
620.609	1	8
620.779	1	14
620.949	1	-3
621.118	1	4
621.288	1	-4
621.458	1	4
621.627	1	0
621.797	1	-5
621.967	1	7
622.136	1	8
622.306	1	6
622.476	1	-1
622.645	1	-5
622.815	1	3
622.985	1	-4
623.154	1	0
623.324	1	8
623.494	1	-11
623.663	1	-6
623.833	1	11
624.002	1	2
624.172	1	2
624.342	1	8
624.511	1	6
624.681	1	-2
624.851	1	0
625.020	1	-2
625.190	1	9
625.360	1	-11
625.529	1	-8
625.699	1	-2
625.869	1	3
626.038	1	-5
626.208	1	7
626.377	1	0
626.547	1	9
626.717	1	-16
626.886	1	2
627.056	1	3
627.226	1	11
627.395	1	-7
627.565	1	7
627.735	1	6
627.904	1	7
628.074	1	7
628.243	1	5
628.413	1	-4
628.583	1	-2
628.752	1	2
628.922	1	-2
629.091	1	1
629.261	1	8
629.431	1	4
629.600	1	3
629.770	1	5
629.940	1	-8
630.109	1	7
630.279	1	2
630.448	1	-3
630.618	1	6
630.788	1	-1
630.957	1	5
631.127	1	0
631.297	1	-5
631.466	1	5
631.636	1	8
631.805	1	6
631.975	1	-9
632.145	1	9
632.314	1	5
632.484	1	13
632.653	1	-12
632.823	1	-4
632.993	1	11
633.162	1	4
633.332	1	-13
633.501	1	4
633.671	1	-10
633.841	1	3
634.010	1	-1
634.180	1	8
634.349	1	-4
634.519	1	12
634.689	1	-6
634.858	1	-1
635.028	1	-10
635.197	1	2
635.367	1	10
635.537	1	-10
635.706	1	0
635.876	1	4
636.045	1	-1
636.215	1	8
636.384	1	2
636.554	1	-4
636.724	1	1
636.893	1	6
637.063	1	-3
637.232	1	0
637.402	1	-6
637.572	1	-4
637.741	1	0
637.911	1	-6
638.080	1	3
638.250	1	10
638.419	1	0
638.589	1	9
638.759	1	1
638.928	1	3
639.098	1	-1
639.267	1	-2
639.437	1	10
639.606	1	4
639.776	1	12
639.946	1	9
640.115	1	-9
640.285	1	5
640.454	1	6
640.624	1	9
640.793	1	-2
640.963	1	1
641.132	1	2
641.302	1	0
641.472	1	3
641.641	1	6
641.811	1	4
641.980	1	-3
642.150	1	-7
642.319	1	8
642.489	1	-2
642.659	1	4
642.828	1	1
642.998	1	2
643.167	1	-4
643.337	1	-6
643.506	1	5
643.676	1	-10
643.845	1	9
644.015	1	-2
644.184	1	-7
644.354	1	2
644.524	1	5
644.693	1	0
644.863	1	8
645.032	1	1
645.202	1	0
645.371	1	-3
645.541	1	5
645.710	1	-6
645.880	1	-5
646.049	1	2
646.219	1	-12
646.388	1	3
646.558	1	-2
646.728	1	4
646.897	1	1
647.067	1	3
647.236	1	9
647.406	1	3
647.575	1	2
647.745	1	5
647.914	1	-4
648.084	1	4
648.253	1	0
648.423	1	-1
648.592	1	-11
648.762	1	8
648.931	1	6
649.101	1	1
649.270	1	4
649.440	1	2
649.610	1	5
649.779	1	5
649.949	1	4
650.118	1	5
650.288	1	-5
650.457	1	12
650.627	1	1
650.796	1	0
650.966	1	-4
651.135	1	11
651.305	1	-5
651.474	1	8
651.644	1	7
651.813	1	7
651.983	1	-2
652.152	1	8
652.322	1	-1
652.491	1	1
652.661	1	-8
652.830	1	6
653.000	1	13
653.169	1	4
653.339	1	7
653.508	1	-1
653.678	1	1
653.847	1	-13
654.017	1	7
654.186	1	-4
654.356	1	5
654.525	1	0
654.695	1	0
654.864	1	4
655.034	1	6
655.203	1	7
655.373	1	15
655.542	1	0
655.712	1	2
655.881	1	18
656.051	1	7
656.220	1	4
656.390	1	-2
656.559	1	-4
656.729	1	2
656.898	1	2
657.068	1	1
657.237	1	-2
657.406	1	1
657.576	1	6
657.745	1	1
657.915	1	0
658.084	1	3
658.254	1	15
658.423	1	7
658.593	1	9
658.762	1	4
658.932	1	-1
659.101	1	-9
659.271	1	9
659.440	1	4
659.610	1	-13
659.779	1	12
659.949	1	6
660.118	1	7
660.288	1	-3
660.457	1	1
660.626	1	2
660.796	1	-4
660.965	1	3
661.135	1	-7
661.304	1	-8
661.474	1	-4
661.643	1	-1
661.813	1	1
661.982	1	1
662.152	1	2
662.321	1	-2
662.491	1	-5
662.660	1	6
662.829	1	3
662.999	1	1
663.168	1	3
663.338	1	5
663.507	1	0
663.677	1	3
663.846	1	2
664.016	1	3
664.185	1	5
664.354	1	3
664.524	1	8
664.693	1	-3
664.863	1	-2
665.032	1	-2
665.202	1	-9
665.371	1	0
665.541	1	15
665.710	1	0
665.879	1	-1
666.049	1	-9
666.218	1	-3
666.388	1	7
666.557	1	4
666.727	1	-2
666.896	1	8
667.065	1	-6
667.235	1	15
667.404	1	1
667.574	1	-6
667.743	1	7
667.913	1	-2
668.082	1	0
668.251	1	9
668.421	1	3
668.590	1	6
668.760	1	2
668.929	1	7
669.099	1	-2
669.268	1	2
669.437	1	-1
669.607	1	14
669.776	1	5
669.946	1	-9
670.115	1	-18
670.285	1	9
670.454	1	-2
670.623	1	-2
670.793	1	-5
670.962	1	4
671.132	1	3
671.301	1	7
671.470	1	2
671.640	1	1
671.809	1	1
671.979	1	15
672.148	1	1
672.317	1	-3
672.487	1	1
672.656	1	-6
672.826	1	-2
672.995	1	11
673.164	1	-12
673.334	1	0
673.503	1	-15
673.673	1	1
673.842	1	10
674.011	1	19
674.181	1	-4
674.350	1	1
674.520	1	11
674.689	1	-8
674.858	1	-7
675.028	1	10
675.197	1	1
675.367	1	3
675.536	1	3
675.705	1	8
675.875	1	-9
676.044	1	-4
676.214	1	-7
676.383	1	8
676.552	1	1
676.722	1	-4
676.891	1	0
677.060	1	2
677.230	1	4
677.399	1	-4
677.569	1	13
677.738	1	1
677.907	1	-8
678.077	1	8
678.246	1	1
678.416	1	9
678.585	1	-1
678.754	1	15
678.924	1	18
679.093	1	0
679.262	1	-1
679.432	1	2
679.601	1	2
679.771	1	7
679.940	1	12
680.109	1	-4
680.279	1	7
680.448	1	13
680.617	1	1
680.787	1	-3
680.956	1	1
681.125	1	-1
681.295	1	-4
681.464	1	-2
681.634	1	6
681.803	1	1
681.972	1	-9
682.142	1	-4
682.311	1	1
682.480	1	2
682.650	1	7
682.819	1	5
682.988	1	-3
683.158	1	-5
683.327	1	0
683.496	1	7
683.666	1	7
683.835	1	3
684.004	1	2
684.174	1	-1
684.343	1	4
684.512	1	2
684.682	1	8
684.851	1	4
685.021	1	-6
685.190	1	0
685.359	1	-11
685.529	1	9
685.698	1	1
685.867	1	-6
686.037	1	2
686.206	1	-8
686.375	1	3
686.545	1	9
686.714	1	0
686.883	1	1
687.053	1	1
687.222	1	-3
687.391	1	6
687.561	1	16
687.730	1	6
687.899	1	-7
688.069	1	5
688.238	1	-8
688.407	1	7
688.577	1	-9
688.746	1	9
