340.368	1	-3
340.539	1	7
340.710	1	-5
340.881	1	2
341.052	1	2
341.223	1	11
341.394	1	9
341.565	1	-9
341.737	1	4
341.908	1	13
342.079	1	-9
342.250	1	10
342.421	1	-4
342.592	1	3
342.763	1	-3
342.934	1	2
343.105	1	10
343.276	1	0
343.447	1	11
343.618	1	11
343.789	1	-2
343.960	1	1
344.131	1	-7
344.302	1	8
344.473	1	2
344.644	1	-1
344.815	1	9
344.986	1	4
345.157	1	5
345.328	1	5
345.499	1	10
345.670	1	10
345.841	1	5
346.012	1	4
346.183	1	2
346.354	1	6
346.526	1	11
346.697	1	0
346.868	1	2
347.039	1	9
347.210	1	3
347.381	1	4
347.552	1	1
347.723	1	3
347.894	1	5
348.065	1	-2
348.236	1	3
348.407	1	5
348.578	1	7
348.749	1	0
348.920	1	13
349.091	1	1
349.262	1	0
349.433	1	-3
349.604	1	15
349.775	1	12
349.946	1	9
350.117	1	13
350.288	1	6
350.459	1	14
350.630	1	-7
350.801	1	4
350.972	1	5
351.143	1	-5
351.314	1	-4
351.485	1	6
351.656	1	2
351.827	1	8
351.998	1	1
352.169	1	10
352.340	1	-3
352.511	1	3
352.682	1	4
352.853	1	-7
353.024	1	3
353.195	1	5
353.366	1	16
353.537	1	0
353.708	1	1
353.879	1	11
354.050	1	5
354.221	1	-7
354.392	1	14
354.563	1	12
354.734	1	5
354.905	1	6
355.076	1	12
355.247	1	-10
355.418	1	4
355.589	1	-4
355.760	1	12
355.931	1	-4
356.102	1	2
356.273	1	10
356.444	1	8
356.615	1	13
356.785	1	11
356.956	1	4
357.127	1	2
357.298	1	1
357.469	1	-5
357.640	1	14
357.811	1	19
357.982	1	-8
358.153	1	6
358.324	1	1
358.495	1	8
358.666	1	5
358.837	1	12
359.008	1	8
359.179	1	1
359.350	1	-2
359.521	1	6
359.692	1	6
359.863	1	-9
360.034	1	-3
360.205	1	-3
360.376	1	10
360.547	1	9
360.718	1	-2
360.889	1	10
361.060	1	7
361.231	1	8
361.401	1	7
361.572	1	9
361.743	1	6
361.914	1	8
362.085	1	5
362.256	1	22
362.427	1	9
362.598	1	8
362.769	1	15
362.940	1	10
363.111	1	10
363.282	1	8
363.453	1	18
363.624	1	7
363.795	1	15
363.966	1	11
364.137	1	9
364.308	1	1
364.478	1	15
364.649	1	13
364.820	1	13
364.991	1	10
365.162	1	7
365.333	1	18
365.504	1	11
365.675	1	5
365.846	1	13
366.017	1	21
366.188	1	0
366.359	1	13
366.530	1	27
366.701	1	9
366.871	1	24
367.042	1	23
367.213	1	17
367.384	1	19
367.555	1	10
367.726	1	20
367.897	1	14
368.068	1	16
368.239	1	16
368.410	1	14
368.581	1	11
368.752	1	13
368.923	1	1
369.093	1	22
369.264	1	18
369.435	1	4
369.606	1	15
369.777	1	11
369.948	1	14
370.119	1	6
370.290	1	6
370.461	1	15
370.632	1	17
370.803	1	7
370.973	1	21
371.144	1	17
371.315	1	10
371.486	1	14
371.657	1	7
371.828	1	11
371.999	1	0
372.170	1	15
372.341	1	12
372.512	1	11
372.682	1	2
372.853	1	18
373.024	1	8
373.195	1	2
373.366	1	3
373.537	1	10
373.708	1	16
373.879	1	15
374.050	1	17
374.220	1	6
374.391	1	4
374.562	1	7
374.733	1	24
374.904	1	16
375.075	1	16
375.246	1	8
375.417	1	5
375.588	1	8
375.758	1	0
375.929	1	13
376.100	1	15
376.271	1	13
376.442	1	0
376.613	1	8
376.784	1	12
376.955	1	1
377.125	1	10
377.296	1	15
377.467	1	0
377.638	1	11
377.809	1	19
377.980	1	13
378.151	1	-2
378.321	1	19
378.492	1	14
378.663	1	8
378.834	1	3
379.005	1	13
379.176	1	8
379.347	1	8
379.518	1	-5
379.688	1	9
379.859	1	13
380.030	1	0
380.201	1	0
380.372	1	0
380.543	1	13
380.714	1	10
380.884	1	9
381.055	1	9
381.226	1	5
381.397	1	2
381.568	1	2
381.739	1	9
381.910	1	11
382.080	1	2
382.251	1	14
382.422	1	12
382.593	1	9
382.764	1	6
382.935	1	20
383.105	1	3
383.276	1	11
383.447	1	16
383.618	1	21
383.789	1	7
383.960	1	11
384.130	1	7
384.301	1	10
384.472	1	12
384.643	1	20
384.814	1	17
384.985	1	16
385.156	1	27
385.326	1	18
385.497	1	18
385.668	1	13
385.839	1	22
386.010	1	26
386.180	1	21
386.351	1	7
386.522	1	23
386.693	1	12
386.864	1	9
387.035	1	24
387.205	1	19
387.376	1	23
387.547	1	14
387.718	1	30
387.889	1	24
388.060	1	9
388.230	1	13
388.401	1	25
388.572	1	20
388.743	1	19
388.914	1	28
389.084	1	19
389.255	1	28
389.426	1	21
389.597	1	12
389.768	1	10
389.939	1	22
390.109	1	18
390.280	1	29
390.451	1	17
390.622	1	18
390.793	1	15
390.963	1	21
391.134	1	12
391.305	1	16
391.476	1	28
391.647	1	15
391.817	1	9
391.988	1	7
392.159	1	21
392.330	1	18
392.501	1	15
392.671	1	24
392.842	1	34
393.013	1	24
393.184	1	21
393.355	1	28
393.525	1	25
393.696	1	7
393.867	1	10
394.038	1	13
394.208	1	21
394.379	1	7
394.550	1	17
394.721	1	16
394.892	1	23
395.062	1	6
395.233	1	20
395.404	1	19
395.575	1	12
395.746	1	15
395.916	1	15
396.087	1	17
396.258	1	12
396.429	1	21
396.599	1	22
396.770	1	10
396.941	1	27
397.112	1	8
397.283	1	25
397.453	1	3
397.624	1	20
397.795	1	25
397.966	1	20
398.136	1	22
398.307	1	20
398.478	1	5
398.649	1	24
398.819	1	24
398.990	1	25
399.161	1	26
399.332	1	22
399.503	1	13
399.673	1	20
399.844	1	14
400.015	1	19
400.186	1	21
400.356	1	17
400.527	1	15
400.698	1	12
400.869	1	24
401.039	1	13
401.210	1	12
401.381	1	19
401.552	1	28
401.722	1	19
401.893	1	10
402.064	1	23
402.235	1	20
402.405	1	9
402.576	1	22
402.747	1	12
402.918	1	4
403.088	1	13
403.259	1	19
403.430	1	6
403.601	1	10
403.771	1	16
403.942	1	8
404.113	1	18
404.284	1	10
404.454	1	20
404.625	1	19
404.796	1	23
404.967	1	14
405.137	1	24
405.308	1	5
405.479	1	17
405.649	1	8
405.820	1	9
405.991	1	19
406.162	1	9
406.332	1	9
406.503	1	11
406.674	1	15
406.845	1	11
407.015	1	2
407.186	1	25
407.357	1	5
407.527	1	14
407.698	1	-3
407.869	1	16
408.040	1	4
408.210	1	11
408.381	1	18
408.552	1	16
408.722	1	11
408.893	1	14
409.064	1	13
409.235	1	9
409.405	1	10
409.576	1	13
409.747	1	7
409.917	1	20
410.088	1	15
410.259	1	12
410.430	1	15
410.600	1	12
410.771	1	15
410.942	1	19
411.112	1	14
411.283	1	0
411.454	1	25
411.625	1	0
411.795	1	18
411.966	1	20
412.137	1	19
412.307	1	12
412.478	1	13
412.649	1	10
412.819	1	6
412.990	1	13
413.161	1	14
413.332	1	15
413.502	1	8
413.673	1	17
413.844	1	17
414.014	1	1
414.185	1	16
414.356	1	4
414.526	1	10
414.697	1	14
414.868	1	16
415.038	1	4
415.209	1	3
415.380	1	8
415.550	1	6
415.721	1	14
415.892	1	21
416.063	1	21
416.233	1	13
416.404	1	5
416.575	1	15
416.745	1	10
416.916	1	8
417.087	1	3
417.257	1	8
417.428	1	8
417.599	1	16
417.769	1	5
417.940	1	9
418.111	1	11
418.281	1	16
418.452	1	6
418.623	1	5
418.793	1	11
418.964	1	9
419.135	1	9
419.305	1	11
419.476	1	18
419.647	1	10
419.817	1	12
419.988	1	3
420.159	1	2
420.329	1	23
420.500	1	15
420.671	1	5
420.841	1	23
421.012	1	20
421.183	1	12
421.353	1	16
421.524	1	17
421.695	1	9
421.865	1	8
422.036	1	-5
422.206	1	8
422.377	1	12
422.548	1	6
422.718	1	15
422.889	1	10
423.060	1	8
423.230	1	14
423.401	1	14
423.572	1	12
423.742	1	10
423.913	1	20
424.084	1	11
424.254	1	5
424.425	1	15
424.595	1	3
424.766	1	10
424.937	1	1
425.107	1	9
425.278	1	-4
425.449	1	12
425.619	1	3
425.790	1	11
425.961	1	15
426.131	1	12
426.302	1	6
426.472	1	10
426.643	1	9
426.814	1	18
426.984	1	10
427.155	1	-1
427.326	1	15
427.496	1	14
427.667	1	17
427.837	1	-5
428.008	1	9
428.179	1	3
428.349	1	-2
428.520	1	2
428.691	1	14
428.861	1	5
429.032	1	9
429.202	1	18
429.373	1	-3
429.544	1	6
429.714	1	14
429.885	1	2
430.055	1	8
430.226	1	3
430.397	1	2
430.567	1	11
430.738	1	8
430.909	1	10
431.079	1	16
431.250	1	-2
431.420	1	14
431.591	1	3
431.762	1	7
431.932	1	7
432.103	1	5
432.273	1	0
432.444	1	19
432.615	1	7
432.785	1	0
432.956	1	0
433.126	1	9
433.297	1	16
433.468	1	5
433.638	1	5
433.809	1	16
433.979	1	10
434.150	1	7
434.320	1	6
434.491	1	16
434.662	1	-3
434.832	1	-4
435.003	1	5
435.173	1	15
435.344	1	9
435.515	1	5
435.685	1	16
435.856	1	7
436.026	1	6
436.197	1	5
436.368	1	11
436.538	1	15
436.709	1	-2
436.879	1	4
437.050	1	12
437.220	1	9
437.391	1	10
437.562	1	15
437.732	1	14
437.903	1	4
438.073	1	14
438.244	1	-1
438.414	1	5
438.585	1	11
438.756	1	19
438.926	1	8
439.097	1	15
439.267	1	12
439.438	1	11
439.608	1	7
439.779	1	7
439.949	1	0
440.120	1	5
440.291	1	-7
440.461	1	0
440.632	1	17
440.802	1	8
440.973	1	14
441.143	1	10
441.314	1	6
441.485	1	1
441.655	1	27
441.826	1	5
441.996	1	5
442.167	1	4
442.337	1	1
442.508	1	12
442.678	1	-3
442.849	1	12
443.019	1	9
443.190	1	1
443.361	1	11
443.531	1	2
443.702	1	-1
443.872	1	3
444.043	1	6
444.213	1	-5
444.384	1	4
444.554	1	5
444.725	1	0
444.895	1	9
445.066	1	-4
445.237	1	-1
445.407	1	-6
445.578	1	22
445.748	1	4
445.919	1	9
446.089	1	18
446.260	1	11
446.430	1	-11
446.601	1	1
446.771	1	-6
446.942	1	7
447.112	1	12
447.283	1	3
447.453	1	10
447.624	1	13
447.794	1	-1
447.965	1	-5
448.135	1	8
448.306	1	10
448.477	1	2
448.647	1	20
448.818	1	15
448.988	1	-5
449.159	1	3
449.329	1	8
449.500	1	8
449.670	1	17
449.841	1	8
450.011	1	10
450.182	1	-3
450.352	1	18
450.523	1	9
450.693	1	5
450.864	1	7
451.034	1	2
451.205	1	14
451.375	1	12
451.546	1	4
451.716	1	18
451.887	1	4
452.057	1	17
452.228	1	4
452.398	1	6
452.569	1	7
452.739	1	-3
452.910	1	7
453.080	1	16
453.251	1	8
453.421	1	-1
453.592	1	3
453.762	1	1
453.933	1	13
454.103	1	11
454.274	1	1
454.444	1	19
454.615	1	7
454.785	1	-7
454.956	1	3
455.126	1	2
455.297	1	6
455.467	1	3
455.638	1	10
455.808	1	4
455.979	1	14
456.149	1	-3
456.320	1	6
456.490	1	9
456.661	1	-3
456.831	1	15
457.001	1	5
457.172	1	2
457.342	1	9
457.513	1	16
457.683	1	10
457.854	1	0
458.024	1	8
458.195	1	-2
458.365	1	9
458.536	1	10
458.706	1	17
458.877	1	2
459.047	1	-3
459.218	1	8
459.388	1	11
459.559	1	2
459.729	1	12
459.899	1	13
460.070	1	2
460.240	1	6
460.411	1	8
460.581	1	15
460.752	1	7
460.922	1	11
461.093	1	8
461.263	1	1
461.434	1	12
461.604	1	4
461.775	1	3
461.945	1	14
462.115	1	-8
462.286	1	4
462.456	1	-6
462.627	1	7
462.797	1	-2
462.968	1	-7
463.138	1	9
463.309	1	1
463.479	1	15
463.649	1	9
463.820	1	9
463.990	1	6
464.161	1	8
464.331	1	-1
464.502	1	1
464.672	1	5
464.843	1	11
465.013	1	0
465.183	1	-2
465.354	1	4
465.524	1	6
465.695	1	18
465.865	1	-4
466.036	1	12
466.206	1	2
466.376	1	-8
466.547	1	4
466.717	1	7
466.888	1	0
467.058	1	15
467.229	1	7
467.399	1	1
467.569	1	1
467.740	1	5
467.910	1	-6
468.081	1	-2
468.251	1	6
468.422	1	13
468.592	1	17
468.762	1	-5
468.933	1	17
469.103	1	2
469.274	1	10
469.444	1	3
469.614	1	-2
469.785	1	8
469.955	1	5
470.126	1	8
470.296	1	8
470.467	1	2
470.637	1	11
470.807	1	6
470.978	1	8
471.148	1	3
471.319	1	12
471.489	1	-6
471.659	1	3
471.830	1	21
472.000	1	2
472.171	1	4
472.341	1	-4
472.511	1	8
472.682	1	6
472.852	1	3
473.023	1	-1
473.193	1	-3
473.363	1	4
473.534	1	1
473.704	1	15
473.875	1	12
474.045	1	7
474.215	1	-4
474.386	1	13
474.556	1	-8
474.727	1	-3
474.897	1	5
475.067	1	3
475.238	1	2
475.408	1	4
475.578	1	0
475.749	1	-2
475.919	1	8
476.090	1	0
476.260	1	9
476.430	1	13
476.601	1	9
476.771	1	5
476.942	1	4
477.112	1	2
477.282	1	-8
477.453	1	1
477.623	1	5
477.793	1	16
477.964	1	11
478.134	1	4
478.305	1	12
478.475	1	6
478.645	1	-7
478.816	1	-3
478.986	1	-1
479.156	1	8
479.327	1	0
479.497	1	4
479.667	1	8
479.838	1	3
480.008	1	6
480.179	1	2
480.349	1	-1
480.519	1	1
480.690	1	1
480.860	1	-5
481.030	1	5
481.201	1	6
481.371	1	11
481.541	1	10
481.712	1	6
481.882	1	0
482.053	1	8
482.223	1	-2
482.393	1	-8
482.564	1	-5
482.734	1	2
482.904	1	6
483.075	1	17
483.245	1	5
483.415	1	1
483.586	1	0
483.756	1	13
483.926	1	7
484.097	1	-1
484.267	1	5
484.437	1	-4
484.608	1	0
484.778	1	12
484.948	1	4
485.119	1	9
485.289	1	7
485.459	1	8
485.630	1	4
485.800	1	0
485.970	1	13
486.141	1	-2
486.311	1	16
486.481	1	0
486.652	1	13
486.822	1	3
486.992	1	1
487.163	1	0
487.333	1	1
487.503	1	-3
487.674	1	6
487.844	1	5
488.014	1	7
488.185	1	-2
488.355	1	1
488.525	1	-2
488.696	1	-3
488.866	1	16
489.036	1	13
489.207	1	14
489.377	1	8
489.547	1	9
489.718	1	2
489.888	1	4
490.058	1	-3
490.228	1	1
490.399	1	20
490.569	1	8
490.739	1	2
490.910	1	6
491.080	1	4
491.250	1	-2
491.421	1	3
491.591	1	-8
491.761	1	9
491.932	1	9
492.102	1	3
492.272	1	15
492.442	1	10
492.613	1	8
492.783	1	-8
492.953	1	11
493.124	1	2
493.294	1	17
493.464	1	-7
493.635	1	1
493.805	1	15
493.975	1	3
494.145	1	10
494.316	1	15
494.486	1	15
494.656	1	6
494.827	1	2
494.997	1	10
495.167	1	4
495.337	1	10
495.508	1	1
495.678	1	17
495.848	1	13
496.019	1	2
496.189	1	1
496.359	1	7
496.529	1	1
496.700	1	7
496.870	1	0
497.040	1	-2
497.211	1	15
497.381	1	-9
497.551	1	15
497.721	1	0
497.892	1	13
498.062	1	-1
498.232	1	12
498.403	1	9
498.573	1	12
498.743	1	14
498.913	1	11
499.084	1	-8
499.254	1	12
499.424	1	12
499.594	1	12
499.765	1	7
499.935	1	0
500.105	1	10
500.275	1	8
500.446	1	10
500.616	1	9
500.786	1	11
500.956	1	6
501.127	1	14
501.297	1	6
501.467	1	9
501.638	1	13
501.808	1	-7
501.978	1	14
502.148	1	13
502.319	1	12
502.489	1	14
502.659	1	8
502.829	1	5
503.000	1	11
503.170	1	13
503.340	1	0
503.510	1	2
503.681	1	5
503.851	1	3
504.021	1	24
504.191	1	10
504.362	1	18
504.532	1	1
504.702	1	5
504.872	1	5
505.042	1	12
505.213	1	4
505.383	1	7
505.553	1	15
505.723	1	14
505.894	1	12
506.064	1	4
506.234	1	13
506.404	1	2
506.575	1	9
506.745	1	4
506.915	1	3
507.085	1	-1
507.256	1	6
507.426	1	13
507.596	1	22
507.766	1	7
507.936	1	13
508.107	1	13
508.277	1	-1
508.447	1	10
508.617	1	12
508.788	1	14
508.958	1	20
509.128	1	12
509.298	1	17
509.468	1	16
509.639	1	11
509.809	1	16
509.979	1	4
510.149	1	12
510.319	1	20
510.490	1	23
510.660	1	5
510.830	1	15
511.000	1	13
511.171	1	17
511.341	1	-1
511.511	1	6
511.681	1	13
511.851	1	8
512.022	1	7
512.192	1	15
512.362	1	7
512.532	1	9
512.702	1	7
512.873	1	21
513.043	1	9
513.213	1	-1
513.383	1	4
513.553	1	0
513.724	1	16
513.894	1	8
514.064	1	14
514.234	1	10
514.404	1	6
514.575	1	13
514.745	1	1
514.915	1	10
515.085	1	10
515.255	1	10
515.425	1	10
515.596	1	3
515.766	1	1
515.936	1	13
516.106	1	-1
516.276	1	15
516.447	1	8
516.617	1	11
516.787	1	-3
516.957	1	9
517.127	1	12
517.297	1	20
517.468	1	6
517.638	1	18
517.808	1	16
517.978	1	10
518.148	1	12
518.319	1	6
518.489	1	10
518.659	1	11
518.829	1	7
518.999	1	13
519.169	1	22
519.340	1	15
519.510	1	13
519.680	1	0
519.850	1	-1
520.020	1	7
520.190	1	15
520.361	1	1
520.531	1	7
520.701	1	15
520.871	1	6
521.041	1	13
521.211	1	11
521.382	1	7
521.552	1	15
521.722	1	14
521.892	1	3
522.062	1	3
522.232	1	-2
522.402	1	3
522.573	1	15
522.743	1	22
522.913	1	16
523.083	1	4
523.253	1	-4
523.423	1	2
523.593	1	10
523.764	1	16
523.934	1	20
524.104	1	0
524.274	1	1
524.444	1	10
524.614	1	26
524.784	1	14
524.955	1	11
525.125	1	20
525.295	1	6
525.465	1	9
525.635	1	18
525.805	1	14
525.975	1	1
526.146	1	16
526.316	1	15
526.486	1	13
526.656	1	24
526.826	1	22
526.996	1	27
527.166	1	13
527.337	1	13
527.507	1	5
527.677	1	20
527.847	1	13
528.017	1	7
528.187	1	11
528.357	1	21
528.527	1	9
528.698	1	7
528.868	1	6
529.038	1	21
529.208	1	12
529.378	1	17
529.548	1	18
529.718	1	14
529.888	1	17
530.058	1	12
530.229	1	17
530.399	1	21
530.569	1	22
530.739	1	13
530.909	1	18
531.079	1	21
531.249	1	7
531.419	1	27
531.589	1	11
531.760	1	14
531.930	1	18
532.100	1	10
532.270	1	22
532.440	1	8
532.610	1	15
532.780	1	10
532.950	1	23
533.120	1	13
533.290	1	9
533.461	1	16
533.631	1	6
533.801	1	13
533.971	1	18
534.141	1	19
534.311	1	24
534.481	1	16
534.651	1	18
534.821	1	16
534.991	1	9
535.162	1	11
535.332	1	11
535.502	1	13
535.672	1	6
535.842	1	15
536.012	1	22
536.182	1	11
536.352	1	21
536.522	1	14
536.692	1	15
536.862	1	18
537.032	1	14
537.203	1	22
537.373	1	-2
537.543	1	13
537.713	1	29
537.883	1	20
538.053	1	16
538.223	1	25
538.393	1	17
538.563	1	11
538.733	1	5
538.903	1	12
539.073	1	10
539.243	1	14
539.413	1	10
539.584	1	12
539.754	1	7
539.924	1	18
540.094	1	15
540.264	1	15
540.434	1	5
540.604	1	19
540.774	1	14
540.944	1	20
541.114	1	8
541.284	1	9
541.454	1	14
541.624	1	4
541.794	1	9
541.964	1	25
542.134	1	12
542.305	1	3
542.475	1	5
542.645	1	2
542.815	1	13
542.985	1	7
543.155	1	12
543.325	1	3
543.495	1	10
543.665	1	13
543.835	1	14
544.005	1	15
544.175	1	8
544.345	1	7
544.515	1	14
544.685	1	11
544.855	1	22
545.025	1	4
545.195	1	10
545.365	1	14
545.535	1	14
545.705	1	13
545.875	1	1
546.045	1	17
546.216	1	19
546.386	1	19
546.556	1	-1
546.726	1	8
546.896	1	15
547.066	1	8
547.236	1	-1
547.406	1	15
547.576	1	6
547.746	1	18
547.916	1	13
548.086	1	15
548.256	1	10
548.426	1	13
548.596	1	18
548.766	1	18
548.936	1	2
549.106	1	16
549.276	1	6
549.446	1	5
549.616	1	16
549.786	1	18
549.956	1	21
550.126	1	16
550.296	1	5
550.466	1	4
550.636	1	11
550.806	1	29
550.976	1	12
551.146	1	2
551.316	1	6
551.486	1	8
551.656	1	6
551.826	1	18
551.996	1	22
552.166	1	12
552.336	1	0
552.506	1	3
552.676	1	0
552.846	1	13
553.016	1	6
553.186	1	8
553.356	1	2
553.526	1	6
553.696	1	21
553.866	1	20
554.036	1	14
554.206	1	6
554.376	1	11
554.546	1	2
554.716	1	7
554.886	1	9
555.056	1	10
555.226	1	3
555.396	1	4
555.566	1	14
555.736	1	16
555.906	1	11
556.076	1	13
556.246	1	6
556.416	1	10
556.586	1	16
556.756	1	11
556.926	1	16
557.096	1	14
557.266	1	14
557.436	1	22
557.606	1	5
557.776	1	6
557.946	1	18
558.116	1	4
558.286	1	18
558.456	1	0
558.626	1	7
558.796	1	5
558.966	1	10
559.136	1	4
559.306	1	2
559.476	1	6
559.646	1	13
559.816	1	11
559.986	1	11
560.155	1	9
560.325	1	-9
560.495	1	9
560.665	1	16
560.835	1	8
561.005	1	17
561.175	1	5
561.345	1	7
561.515	1	5
561.685	1	7
561.855	1	18
562.025	1	6
562.195	1	13
562.365	1	12
562.535	1	10
562.705	1	6
562.875	1	10
563.045	1	11
563.215	1	4
563.385	1	7
563.555	1	19
563.725	1	5
563.895	1	0
564.064	1	12
564.234	1	15
564.404	1	4
564.574	1	9
564.744	1	12
564.914	1	-3
565.084	1	7
565.254	1	8
565.424	1	2
565.594	1	5
565.764	1	7
565.934	1	17
566.104	1	9
566.274	1	10
566.444	1	15
566.614	1	5
566.783	1	-1
566.953	1	21
567.123	1	23
567.293	1	7
567.463	1	2
567.633	1	3
567.803	1	-6
567.973	1	5
568.143	1	0
568.313	1	1
568.483	1	-7
568.653	1	1
568.823	1	15
568.993	1	1
569.162	1	11
569.332	1	-1
569.502	1	9
569.672	1	11
569.842	1	2
570.012	1	4
570.182	1	5
570.352	1	12
570.522	1	7
570.692	1	8
570.862	1	8
571.031	1	6
571.201	1	10
571.371	1	9
571.541	1	4
571.711	1	20
571.881	1	15
572.051	1	6
572.221	1	3
572.391	1	13
572.561	1	2
572.731	1	-3
572.900	1	26
573.070	1	4
573.240	1	-3
573.410	1	9
573.580	1	2
573.750	1	13
573.920	1	6
574.090	1	12
574.260	1	6
574.430	1	-5
574.599	1	8
574.769	1	6
574.939	1	6
575.109	1	13
575.279	1	3
575.449	1	12
575.619	1	6
575.789	1	17
575.959	1	3
576.128	1	10
576.298	1	0
576.468	1	-3
576.638	1	10
576.808	1	8
576.978	1	2
577.148	1	19
577.318	1	7
577.487	1	6
577.657	1	-7
577.827	1	6
577.997	1	-2
578.167	1	10
578.337	1	0
578.507	1	6
578.677	1	2
578.846	1	5
579.016	1	19
579.186	1	6
579.356	1	3
579.526	1	0
579.696	1	9
579.866	1	10
580.036	1	2
580.205	1	2
580.375	1	3
580.545	1	8
580.715	1	9
580.885	1	3
581.055	1	3
581.225	1	3
581.394	1	2
581.564	1	-6
581.734	1	11
581.904	1	2
582.074	1	5
582.244	1	4
582.414	1	7
582.583	1	5
582.753	1	5
582.923	1	10
583.093	1	-1
583.263	1	14
583.433	1	-6
583.603	1	11
583.772	1	7
583.942	1	8
584.112	1	6
584.282	1	12
584.452	1	2
584.622	1	14
584.791	1	8
584.961	1	9
585.131	1	-3
585.301	1	13
585.471	1	5
585.641	1	14
585.811	1	-2
585.980	1	-7
586.150	1	6
586.320	1	7
586.490	1	-3
586.660	1	4
586.830	1	0
586.999	1	6
587.169	1	-4
587.339	1	5
587.509	1	5
587.679	1	1
587.849	1	12
588.018	1	6
588.188	1	3
588.358	1	4
588.528	1	11
588.698	1	5
588.867	1	7
589.037	1	2
589.207	1	-8
589.377	1	11
589.547	1	0
589.717	1	7
589.886	1	-8
590.056	1	5
590.226	1	11
590.396	1	6
590.566	1	6
590.735	1	19
590.905	1	10
591.075	1	-4
591.245	1	5
591.415	1	1
591.585	1	7
591.754	1	7
591.924	1	5
592.094	1	2
592.264	1	10
592.434	1	8
592.603	1	-4
592.773	1	-3
592.943	1	4
593.113	1	-7
593.283	1	5
593.452	1	-4
593.622	1	1
593.792	1	9
593.962	1	10
594.132	1	-1
594.301	1	15
594.471	1	-2
594.641	1	6
594.811	1	1
594.981	1	1
595.150	1	2
595.320	1	18
595.490	1	2
595.660	1	-1
595.829	1	12
595.999	1	9
596.169	1	7
596.339	1	8
596.509	1	6
596.678	1	8
596.848	1	8
597.018	1	4
597.188	1	11
597.358	1	5
597.527	1	6
597.697	1	-4
597.867	1	5
598.037	1	2
598.206	1	-9
598.376	1	16
598.546	1	-1
598.716	1	0
598.885	1	-1
599.055	1	12
599.225	1	-2
599.395	1	7
599.565	1	18
599.734	1	-3
599.904	1	0
600.074	1	-4
600.244	1	9
600.413	1	-2
600.583	1	-2
600.753	1	5
600.923	1	15
601.092	1	1
601.262	1	0
601.432	1	7
601.602	1	11
601.771	1	4
601.941	1	3
602.111	1	0
602.281	1	10
602.451	1	-3
602.620	1	7
602.790	1	1
602.960	1	-8
603.130	1	15
603.299	1	5
603.469	1	0
603.639	1	13
603.809	1	19
603.978	1	8
604.148	1	12
604.318	1	8
604.487	1	5
604.657	1	8
604.827	1	-2
604.997	1	9
605.166	1	-6
605.336	1	1
605.506	1	9
605.676	1	4
605.845	1	4
606.015	1	9
606.185	1	7
606.355	1	11
606.524	1	-4
606.694	1	20
606.864	1	-1
607.034	1	2
607.203	1	17
607.373	1	0
607.543	1	-3
607.712	1	12
607.882	1	-2
608.052	1	12
608.222	1	6
608.391	1	0
608.561	1	13
608.731	1	-2
608.901	1	13
609.070	1	2
609.240	1	3
609.410	1	19
609.579	1	9
609.749	1	8
609.919	1	-1
610.089	1	4
610.258	1	20
610.428	1	3
610.598	1	7
610.767	1	0
610.937	1	5
611.107	1	13
611.277	1	12
611.446	1	5
611.616	1	-7
611.786	1	11
611.955	1	21
612.125	1	7
612.295	1	3
612.465	1	-2
612.634	1	-2
612.804	1	16
612.974	1	6
613.143	1	2
613.313	1	7
613.483	1	13
613.652	1	-7
613.822	1	4
613.992	1	5
614.162	1	-2
614.331	1	2
614.501	1	10
614.671	1	10
614.840	1	10
615.010	1	6
615.180	1	2
615.349	1	-4
615.519	1	12
615.689	1	5
615.858	1	14
616.028	1	15
616.198	1	11
616.368	1	4
616.537	1	-11
616.707	1	4
616.877	1	7
617.046	1	6
617.216	1	3
617.386	1	1
617.555	1	-6
617.725	1	16
617.895	1	-2
618.064	1	10
618.234	1	14
618.404	1	12
618.573	1	7
618.743	1	10
618.913	1	6
619.082	1	4
619.252	1	6
619.422	1	2
619.591	1	9
619.761	1	2
619.931	1	7
620.100	1	0
620.270	1	-2
620.440	1	10
620.609	1	3
620.779	1	10
620.949	1	7
621.118	1	7
621.288	1	12
621.458	1	3
621.627	1	-12
621.797	1	2
621.967	1	1
622.136	1	5
622.306	1	13
622.476	1	7
622.645	1	11
622.815	1	4
622.985	1	7
623.154	1	5
623.324	1	10
623.494	1	2
623.663	1	-4
623.833	1	2
624.002	1	0
624.172	1	14
624.342	1	-3
624.511	1	5
624.681	1	1
624.851	1	-4
625.020	1	3
625.190	1	7
625.360	1	-3
625.529	1	7
625.699	1	9
625.869	1	8
626.038	1	14
626.208	1	3
626.377	1	16
626.547	1	8
626.717	1	-2
626.886	1	3
627.056	1	2
627.226	1	7
627.395	1	2
627.565	1	7
627.735	1	9
627.904	1	-2
628.074	1	10
628.243	1	-1
628.413	1	4
628.583	1	5
628.752	1	11
628.922	1	7
629.091	1	10
629.261	1	17
629.431	1	-11
629.600	1	4
629.770	1	-1
629.940	1	2
630.109	1	9
630.279	1	-8
630.448	1	-5
630.618	1	-1
630.788	1	5
630.957	1	2
631.127	1	11
631.297	1	2
631.466	1	11
631.636	1	3
631.805	1	-5
631.975	1	4
632.145	1	-4
632.314	1	16
632.484	1	-5
632.653	1	-2
632.823	1	7
632.993	1	13
633.162	1	7
633.332	1	12
633.501	1	-2
633.671	1	-1
633.841	1	5
634.010	1	-4
634.180	1	7
634.349	1	6
634.519	1	4
634.689	1	2
634.858	1	13
635.028	1	3
635.197	1	-1
635.367	1	-2
635.537	1	12
635.706	1	2
635.876	1	1
636.045	1	6
636.215	1	8
636.384	1	16
636.554	1	5
636.724	1	2
636.893	1	8
637.063	1	14
637.232	1	13
637.402	1	6
637.572	1	1
637.741	1	13
637.911	1	-7
638.080	1	7
638.250	1	7
638.419	1	9
638.589	1	12
638.759	1	0
638.928	1	5
639.098	1	12
639.267	1	6
639.437	1	-6
639.606	1	12
639.776	1	-2
639.946	1	7
640.115	1	7
640.285	1	-1
640.454	1	17
640.624	1	12
640.793	1	8
640.963	1	-2
641.132	1	15
641.302	1	2
641.472	1	-3
641.641	1	-3
641.811	1	1
641.980	1	8
642.150	1	8
642.319	1	11
642.489	1	2
642.659	1	1
642.828	1	-4
642.998	1	0
643.167	1	12
643.337	1	5
643.506	1	5
643.676	1	2
643.845	1	1
644.015	1	11
644.184	1	12
644.354	1	3
644.524	1	-10
644.693	1	6
644.863	1	0
645.032	1	-5
645.202	1	4
645.371	1	1
645.541	1	-5
645.710	1	6
645.880	1	4
646.049	1	12
646.219	1	2
646.388	1	4
646.558	1	4
646.728	1	1
646.897	1	4
647.067	1	5
647.236	1	0
647.406	1	-3
647.575	1	0
647.745	1	7
647.914	1	-10
648.084	1	13
648.253	1	5
648.423	1	3
648.592	1	5
648.762	1	11
648.931	1	6
649.101	1	13
649.270	1	10
649.440	1	12
649.610	1	7
649.779	1	11
649.949	1	3
650.118	1	-9
650.288	1	6
650.457	1	-2
650.627	1	5
650.796	1	5
650.966	1	3
651.135	1	19
651.305	1	-4
651.474	1	5
651.644	1	9
651.813	1	11
651.983	1	10
652.152	1	-5
652.322	1	17
652.491	1	-2
652.661	1	10
652.830	1	4
653.000	1	-3
653.169	1	4
653.339	1	-6
653.508	1	0
653.678	1	-2
653.847	1	7
654.017	1	9
654.186	1	2
654.356	1	12
654.525	1	3
654.695	1	12
654.864	1	10
655.034	1	4
655.203	1	10
655.373	1	2
655.542	1	5
655.712	1	-5
655.881	1	7
656.051	1	11
656.220	1	8
656.390	1	3
656.559	1	-5
656.729	1	9
656.898	1	7
657.068	1	-3
657.237	1	5
657.406	1	0
657.576	1	0
657.745	1	8
657.915	1	8
658.084	1	8
658.254	1	6
658.423	1	2
658.593	1	-6
658.762	1	-7
658.932	1	0
659.101	1	-8
659.271	1	4
659.440	1	4
659.610	1	1
659.779	1	1
659.949	1	-8
660.118	1	5
660.288	1	2
660.457	1	0
660.626	1	-1
660.796	1	8
660.965	1	2
661.135	1	5
661.304	1	8
661.474	1	7
661.643	1	-6
661.813	1	3
661.982	1	-4
662.152	1	-1
662.321	1	6
662.491	1	3
662.660	1	0
662.829	1	0
662.999	1	4
663.168	1	3
663.338	1	1
663.507	1	-1
663.677	1	-8
663.846	1	12
664.016	1	3
664.185	1	4
664.354	1	12
664.524	1	-7
664.693	1	12
664.863	1	9
665.032	1	15
665.202	1	-5
665.371	1	13
665.541	1	2
665.710	1	2
665.879	1	3
666.049	1	1
666.218	1	-7
666.388	1	0
666.557	1	-3
666.727	1	-15
666.896	1	7
667.065	1	15
667.235	1	1
667.404	1	-5
667.574	1	-1
667.743	1	0
667.913	1	7
668.082	1	-1
668.251	1	4
668.421	1	-1
668.590	1	0
668.760	1	5
668.929	1	-1
669.099	1	-8
669.268	1	2
669.437	1	5
669.607	1	-7
669.776	1	5
669.946	1	12
670.115	1	-6
670.285	1	11
670.454	1	2
670.623	1	16
670.793	1	-2
670.962	1	5
671.132	1	7
671.301	1	-2
671.470	1	3
671.640	1	-9
671.809	1	-10
671.979	1	16
672.148	1	7
672.317	1	4
672.487	1	2
672.656	1	8
672.826	1	-5
672.995	1	7
673.164	1	11
673.334	1	5
673.503	1	5
673.673	1	21
673.842	1	0
674.011	1	3
674.181	1	-3
674.350	1	-2
674.520	1	8
674.689	1	-6
674.858	1	0
675.028	1	8
675.197	1	3
675.367	1	4
675.536	1	12
675.705	1	-10
675.875	1	2
676.044	1	-3
676.214	1	3
676.383	1	-3
676.552	1	-3
676.722	1	11
676.891	1	-11
677.060	1	3
677.230	1	5
677.399	1	5
677.569	1	-5
677.738	1	6
677.907	1	-5
678.077	1	4
678.246	1	-6
678.416	1	7
678.585	1	7
678.754	1	-11
678.924	1	-1
679.093	1	1
679.262	1	9
679.432	1	-2
679.601	1	-13
679.771	1	-2
679.940	1	7
680.109	1	7
680.279	1	-9
680.448	1	10
680.617	1	-11
680.787	1	10
680.956	1	2
681.125	1	14
681.295	1	10
681.464	1	9
681.634	1	10
681.803	1	-2
681.972	1	-5
682.142	1	8
682.311	1	8
682.480	1	5
682.650	1	0
682.819	1	4
682.988	1	2
683.158	1	-2
683.327	1	3
683.496	1	-8
683.666	1	2
683.835	1	-2
684.004	1	14
684.174	1	10
684.343	1	-5
684.512	1	3
684.682	1	13
684.851	1	1
685.021	1	7
685.190	1	3
685.359	1	1
685.529	1	10
685.698	1	6
685.867	1	2
686.037	1	3
686.206	1	9
686.375	1	9
686.545	1	13
686.714	1	-1
686.883	1	-5
687.053	1	6
687.222	1	-3
687.391	1	0
687.561	1	7
687.730	1	-5
687.899	1	12
688.069	1	3
688.238	1	3
688.407	1	8
688.577	1	-4
688.746	1	4
