340.368	1	3
340.539	1	5
340.710	1	1
340.881	1	7
341.052	1	4
341.223	1	19
341.394	1	4
341.565	1	-5
341.737	1	12
341.908	1	20
342.079	1	-2
342.250	1	11
342.421	1	5
342.592	1	-1
342.763	1	5
342.934	1	2
343.105	1	16
343.276	1	1
343.447	1	7
343.618	1	13
343.789	1	5
343.960	1	4
344.131	1	1
344.302	1	8
344.473	1	1
344.644	1	7
344.815	1	7
344.986	1	11
345.157	1	5
345.328	1	-6
345.499	1	13
345.670	1	18
345.841	1	11
346.012	1	8
346.183	1	14
346.354	1	-3
346.526	1	12
346.697	1	8
346.868	1	14
347.039	1	6
347.210	1	11
347.381	1	10
347.552	1	1
347.723	1	11
347.894	1	7
348.065	1	15
348.236	1	10
348.407	1	7
348.578	1	10
348.749	1	-2
348.920	1	18
349.091	1	8
349.262	1	6
349.433	1	0
349.604	1	20
349.775	1	14
349.946	1	14
350.117	1	15
350.288	1	9
350.459	1	8
350.630	1	10
350.801	1	16
350.972	1	11
351.143	1	-2
351.314	1	2
351.485	1	2
351.656	1	8
351.827	1	-1
351.998	1	7
352.169	1	23
352.340	1	11
352.511	1	6
352.682	1	14
352.853	1	2
353.024	1	5
353.195	1	5
353.366	1	17
353.537	1	7
353.708	1	20
353.879	1	14
354.050	1	20
354.221	1	20
354.392	1	16
354.563	1	17
354.734	1	19
354.905	1	19
355.076	1	20
355.247	1	7
355.418	1	17
355.589	1	10
355.760	1	20
355.931	1	18
356.102	1	14
356.273	1	14
356.444	1	25
356.615	1	21
356.785	1	38
356.956	1	19
357.127	1	25
357.298	1	19
357.469	1	17
357.640	1	31
357.811	1	33
357.982	1	13
358.153	1	29
358.324	1	30
358.495	1	43
358.666	1	31
358.837	1	22
359.008	1	43
359.179	1	36
359.350	1	40
359.521	1	36
359.692	1	65
359.863	1	39
360.034	1	44
360.205	1	48
360.376	1	53
360.547	1	59
360.718	1	62
360.889	1	67
361.060	1	77
361.231	1	77
361.401	1	89
361.572	1	72
361.743	1	87
361.914	1	94
362.085	1	90
362.256	1	109
362.427	1	118
362.598	1	127
362.769	1	137
362.940	1	146
363.111	1	162
363.282	1	168
363.453	1	179
363.624	1	194
363.795	1	211
363.966	1	217
364.137	1	221
364.308	1	224
364.478	1	267
364.649	1	289
364.820	1	297
364.991	1	320
365.162	1	350
365.333	1	353
365.504	1	354
365.675	1	387
365.846	1	388
366.017	1	412
366.188	1	418
366.359	1	425
366.530	1	455
366.701	1	440
366.871	1	474
367.042	1	465
367.213	1	468
367.384	1	458
367.555	1	461
367.726	1	434
367.897	1	435
368.068	1	410
368.239	1	415
368.410	1	398
368.581	1	368
368.752	1	371
368.923	1	346
369.093	1	344
369.264	1	333
369.435	1	324
369.606	1	301
369.777	1	291
369.948	1	286
370.119	1	277
370.290	1	258
370.461	1	243
370.632	1	245
370.803	1	232
370.973	1	228
371.144	1	231
371.315	1	212
371.486	1	208
371.657	1	193
371.828	1	207
371.999	1	205
372.170	1	207
372.341	1	191
372.512	1	168
372.682	1	158
372.853	1	162
373.024	1	162
373.195	1	170
373.366	1	158
373.537	1	154
373.708	1	163
373.879	1	168
374.050	1	157
374.220	1	144
374.391	1	154
374.562	1	132
374.733	1	136
374.904	1	134
375.075	1	127
375.246	1	123
375.417	1	128
375.588	1	122
375.758	1	116
375.929	1	117
376.100	1	128
376.271	1	111
376.442	1	116
376.613	1	101
376.784	1	114
376.955	1	92
377.125	1	99
377.296	1	99
377.467	1	103
377.638	1	98
377.809	1	114
377.980	1	97
378.151	1	98
378.321	1	97
378.492	1	98
378.663	1	94
378.834	1	105
379.005	1	111
379.176	1	103
379.347	1	95
379.518	1	92
379.688	1	104
379.859	1	95
380.030	1	109
380.201	1	109
380.372	1	120
380.543	1	134
380.714	1	132
380.884	1	131
381.055	1	155
381.226	1	143
381.397	1	155
381.568	1	157
381.739	1	175
381.910	1	184
382.080	1	196
382.251	1	201
382.422	1	222
382.593	1	241
382.764	1	251
382.935	1	288
383.105	1	282
383.276	1	301
383.447	1	321
383.618	1	339
383.789	1	354
383.960	1	381
384.130	1	431
384.301	1	423
384.472	1	473
384.643	1	476
384.814	1	515
384.985	1	534
385.156	1	553
385.326	1	584
385.497	1	620
385.668	1	646
385.839	1	644
386.010	1	651
386.180	1	691
386.351	1	708
386.522	1	729
386.693	1	715
386.864	1	731
387.035	1	713
387.205	1	724
387.376	1	745
387.547	1	723
387.718	1	751
387.889	1	740
388.060	1	741
388.230	1	728
388.401	1	731
388.572	1	680
388.743	1	748
388.914	1	704
389.084	1	716
389.255	1	716
389.426	1	709
389.597	1	694
389.768	1	685
389.939	1	701
390.109	1	694
390.280	1	675
390.451	1	678
390.622	1	653
390.793	1	674
390.963	1	667
391.134	1	651
391.305	1	645
391.476	1	642
391.647	1	649
391.817	1	626
391.988	1	634
392.159	1	618
392.330	1	626
392.501	1	600
392.671	1	617
392.842	1	591
393.013	1	586
393.184	1	580
393.355	1	571
393.525	1	585
393.696	1	566
393.867	1	551
394.038	1	565
394.208	1	551
394.379	1	543
394.550	1	546
394.721	1	566
394.892	1	543
395.062	1	565
395.233	1	588
395.404	1	580
395.575	1	579
395.746	1	581
395.916	1	598
396.087	1	594
396.258	1	604
396.429	1	625
396.599	1	609
396.770	1	644
396.941	1	642
397.112	1	644
397.283	1	642
397.453	1	631
397.624	1	659
397.795	1	670
397.966	1	646
398.136	1	674
398.307	1	663
398.478	1	683
398.649	1	670
398.819	1	646
398.990	1	657
399.161	1	641
399.332	1	633
399.503	1	629
399.673	1	613
399.844	1	606
400.015	1	640
400.186	1	615
400.356	1	605
400.527	1	596
400.698	1	574
400.869	1	571
401.039	1	536
401.210	1	558
401.381	1	521
401.552	1	522
401.722	1	523
401.893	1	499
402.064	1	497
402.235	1	505
402.405	1	488
402.576	1	484
402.747	1	454
402.918	1	458
403.088	1	439
403.259	1	452
403.430	1	443
403.601	1	418
403.771	1	453
403.942	1	441
404.113	1	452
404.284	1	449
404.454	1	448
404.625	1	426
404.796	1	428
404.967	1	420
405.137	1	423
405.308	1	402
405.479	1	429
405.649	1	422
405.820	1	420
405.991	1	425
406.162	1	401
406.332	1	399
406.503	1	409
406.674	1	401
406.845	1	409
407.015	1	390
407.186	1	408
407.357	1	391
407.527	1	382
407.698	1	386
407.869	1	386
408.040	1	381
408.210	1	388
408.381	1	387
408.552	1	377
408.722	1	373
408.893	1	372
409.064	1	368
409.235	1	372
409.405	1	364
409.576	1	366
409.747	1	365
409.917	1	367
410.088	1	363
410.259	1	377
410.430	1	356
410.600	1	356
410.771	1	353
410.942	1	348
411.112	1	338
411.283	1	338
411.454	1	344
411.625	1	330
411.795	1	324
411.966	1	316
412.137	1	330
412.307	1	327
412.478	1	304
412.649	1	312
412.819	1	295
412.990	1	308
413.161	1	299
413.332	1	278
413.502	1	279
413.673	1	277
413.844	1	270
414.014	1	268
414.185	1	286
414.356	1	259
414.526	1	259
414.697	1	267
414.868	1	275
415.038	1	246
415.209	1	254
415.380	1	247
415.550	1	246
415.721	1	233
415.892	1	232
416.063	1	247
416.233	1	238
416.404	1	237
416.575	1	234
416.745	1	234
416.916	1	231
417.087	1	228
417.257	1	224
417.428	1	209
417.599	1	223
417.769	1	236
417.940	1	215
418.111	1	229
418.281	1	219
418.452	1	221
418.623	1	231
418.793	1	228
418.964	1	217
419.135	1	221
419.305	1	212
419.476	1	208
419.647	1	217
419.817	1	212
419.988	1	211
420.159	1	196
420.329	1	204
420.500	1	211
420.671	1	205
420.841	1	233
421.012	1	198
421.183	1	197
421.353	1	203
421.524	1	205
421.695	1	198
421.865	1	196
422.036	1	171
422.206	1	176
422.377	1	189
422.548	1	160
422.718	1	178
422.889	1	173
423.060	1	156
423.230	1	172
423.401	1	168
423.572	1	158
423.742	1	156
423.913	1	159
424.084	1	166
424.254	1	149
424.425	1	149
424.595	1	147
424.766	1	154
424.937	1	139
425.107	1	152
425.278	1	140
425.449	1	149
425.619	1	138
425.790	1	133
425.961	1	142
426.131	1	136
426.302	1	131
426.472	1	133
426.643	1	142
426.814	1	142
426.984	1	143
427.155	1	123
427.326	1	145
427.496	1	143
427.667	1	138
427.837	1	122
428.008	1	136
428.179	1	123
428.349	1	123
428.520	1	121
428.691	1	129
428.861	1	120
429.032	1	123
429.202	1	142
429.373	1	114
429.544	1	128
429.714	1	125
429.885	1	122
430.055	1	117
430.226	1	121
430.397	1	118
430.567	1	131
430.738	1	108
430.909	1	106
431.079	1	119
431.250	1	103
431.420	1	113
431.591	1	114
431.762	1	111
431.932	1	112
432.103	1	96
432.273	1	103
432.444	1	109
432.615	1	96
432.785	1	95
432.956	1	86
433.126	1	97
433.297	1	118
433.468	1	99
433.638	1	94
433.809	1	105
433.979	1	88
434.150	1	85
434.320	1	94
434.491	1	92
434.662	1	86
434.832	1	81
435.003	1	90
435.173	1	88
435.344	1	92
435.515	1	90
435.685	1	86
435.856	1	99
436.026	1	92
436.197	1	75
436.368	1	80
436.538	1	91
436.709	1	82
436.879	1	75
437.050	1	87
437.220	1	89
437.391	1	75
437.562	1	83
437.732	1	77
437.903	1	82
438.073	1	78
438.244	1	67
438.414	1	71
438.585	1	77
438.756	1	87
438.926	1	74
439.097	1	81
439.267	1	76
439.438	1	86
439.608	1	76
439.779	1	73
439.949	1	70
440.120	1	75
440.291	1	64
440.461	1	76
440.632	1	78
440.802	1	75
440.973	1	83
441.143	1	75
441.314	1	74
441.485	1	61
441.655	1	83
441.826	1	56
441.996	1	63
442.167	1	67
442.337	1	67
442.508	1	68
442.678	1	60
442.849	1	73
443.019	1	63
443.190	1	60
443.361	1	71
443.531	1	62
443.702	1	63
443.872	1	65
444.043	1	66
444.213	1	55
444.384	1	64
444.554	1	46
444.725	1	60
444.895	1	55
445.066	1	61
445.237	1	45
445.407	1	63
445.578	1	59
445.748	1	58
445.919	1	54
446.089	1	71
446.260	1	52
446.430	1	44
446.601	1	57
446.771	1	53
446.942	1	58
447.112	1	52
447.283	1	60
447.453	1	52
447.624	1	52
447.794	1	46
447.965	1	50
448.135	1	53
448.306	1	44
448.477	1	33
448.647	1	67
448.818	1	66
448.988	1	34
449.159	1	41
449.329	1	46
449.500	1	66
449.670	1	54
449.841	1	51
450.011	1	51
450.182	1	51
450.352	1	51
450.523	1	43
450.693	1	54
450.864	1	39
451.034	1	55
451.205	1	54
451.375	1	55
451.546	1	53
451.716	1	44
451.887	1	43
452.057	1	54
452.228	1	39
452.398	1	45
452.569	1	47
452.739	1	49
452.910	1	52
453.080	1	59
453.251	1	55
453.421	1	47
453.592	1	40
453.762	1	48
453.933	1	48
454.103	1	52
454.274	1	41
454.444	1	55
454.615	1	59
454.785	1	38
454.956	1	46
455.126	1	54
455.297	1	41
455.467	1	44
455.638	1	50
455.808	1	47
455.979	1	46
456.149	1	34
456.320	1	49
456.490	1	47
456.661	1	41
456.831	1	51
457.001	1	37
457.172	1	42
457.342	1	50
457.513	1	52
457.683	1	44
457.854	1	43
458.024	1	43
458.195	1	46
458.365	1	42
458.536	1	51
458.706	1	44
458.877	1	38
459.047	1	32
459.218	1	41
459.388	1	43
459.559	1	39
459.729	1	45
459.899	1	51
460.070	1	44
460.240	1	47
460.411	1	44
460.581	1	48
460.752	1	30
460.922	1	33
461.093	1	42
461.263	1	39
461.434	1	46
461.604	1	34
461.775	1	44
461.945	1	49
462.115	1	40
462.286	1	47
462.456	1	35
462.627	1	27
462.797	1	39
462.968	1	34
463.138	1	34
463.309	1	40
463.479	1	46
463.649	1	33
463.820	1	36
463.990	1	38
464.161	1	32
464.331	1	42
464.502	1	39
464.672	1	32
464.843	1	32
465.013	1	33
465.183	1	38
465.354	1	38
465.524	1	44
465.695	1	46
465.865	1	35
466.036	1	44
466.206	1	27
466.376	1	28
466.547	1	48
466.717	1	25
466.888	1	27
467.058	1	38
467.229	1	37
467.399	1	32
467.569	1	29
467.740	1	30
467.910	1	29
468.081	1	29
468.251	1	27
468.422	1	31
468.592	1	39
468.762	1	27
468.933	1	37
469.103	1	27
469.274	1	42
469.444	1	34
469.614	1	23
469.785	1	42
469.955	1	48
470.126	1	32
470.296	1	36
470.467	1	27
470.637	1	34
470.807	1	43
470.978	1	21
471.148	1	34
471.319	1	45
471.489	1	26
471.659	1	50
471.830	1	47
472.000	1	32
472.171	1	37
472.341	1	31
472.511	1	42
472.682	1	32
472.852	1	22
473.023	1	18
473.193	1	15
473.363	1	28
473.534	1	19
473.704	1	38
473.875	1	44
474.045	1	26
474.215	1	24
474.386	1	39
474.556	1	21
474.727	1	37
474.897	1	23
475.067	1	32
475.238	1	31
475.408	1	33
475.578	1	25
475.749	1	29
475.919	1	35
476.090	1	30
476.260	1	35
476.430	1	32
476.601	1	43
476.771	1	36
476.942	1	30
477.112	1	42
477.282	1	28
477.453	1	23
477.623	1	42
477.793	1	46
477.964	1	36
478.134	1	40
478.305	1	42
478.475	1	32
478.645	1	27
478.816	1	33
478.986	1	44
479.156	1	26
479.327	1	33
479.497	1	25
479.667	1	35
479.838	1	42
480.008	1	37
480.179	1	46
480.349	1	26
480.519	1	25
480.690	1	41
480.860	1	31
481.030	1	36
481.201	1	36
481.371	1	41
481.541	1	32
481.712	1	36
481.882	1	29
482.053	1	38
482.223	1	20
482.393	1	23
482.564	1	26
482.734	1	35
482.904	1	32
483.075	1	41
483.245	1	28
483.415	1	35
483.586	1	34
483.756	1	42
483.926	1	38
484.097	1	36
484.267	1	31
484.437	1	17
484.608	1	31
484.778	1	25
484.948	1	34
485.119	1	35
485.289	1	39
485.459	1	42
485.630	1	27
485.800	1	34
485.970	1	41
486.141	1	29
486.311	1	43
486.481	1	33
486.652	1	42
486.822	1	42
486.992	1	26
487.163	1	27
487.333	1	53
487.503	1	30
487.674	1	35
487.844	1	40
488.014	1	45
488.185	1	36
488.355	1	38
488.525	1	42
488.696	1	36
488.866	1	56
489.036	1	49
489.207	1	45
489.377	1	54
489.547	1	44
489.718	1	46
489.888	1	45
490.058	1	40
490.228	1	37
490.399	1	49
490.569	1	61
490.739	1	45
490.910	1	42
491.080	1	49
491.250	1	54
491.421	1	53
491.591	1	48
491.761	1	50
491.932	1	56
492.102	1	46
492.272	1	55
492.442	1	62
492.613	1	54
492.783	1	45
492.953	1	51
493.124	1	51
493.294	1	57
493.464	1	47
493.635	1	62
493.805	1	71
493.975	1	56
494.145	1	57
494.316	1	73
494.486	1	59
494.656	1	61
494.827	1	53
494.997	1	63
495.167	1	64
495.337	1	56
495.508	1	63
495.678	1	71
495.848	1	71
496.019	1	55
496.189	1	67
496.359	1	63
496.529	1	71
496.700	1	62
496.870	1	63
497.040	1	53
497.211	1	67
497.381	1	59
497.551	1	80
497.721	1	62
497.892	1	81
498.062	1	70
498.232	1	65
498.403	1	80
498.573	1	60
498.743	1	72
498.913	1	77
499.084	1	65
499.254	1	74
499.424	1	77
499.594	1	78
499.765	1	73
499.935	1	69
500.105	1	76
500.275	1	79
500.446	1	83
500.616	1	86
500.786	1	78
500.956	1	78
501.127	1	82
501.297	1	95
501.467	1	95
501.638	1	84
501.808	1	80
501.978	1	79
502.148	1	87
502.319	1	86
502.489	1	97
502.659	1	83
502.829	1	86
503.000	1	97
503.170	1	106
503.340	1	83
503.510	1	93
503.681	1	103
503.851	1	86
504.021	1	113
504.191	1	92
504.362	1	100
504.532	1	91
504.702	1	110
504.872	1	91
505.042	1	105
505.213	1	102
505.383	1	101
505.553	1	111
505.723	1	113
505.894	1	110
506.064	1	122
506.234	1	120
506.404	1	102
506.575	1	114
506.745	1	126
506.915	1	111
507.085	1	104
507.256	1	113
507.426	1	112
507.596	1	117
507.766	1	125
507.936	1	122
508.107	1	122
508.277	1	117
508.447	1	130
508.617	1	150
508.788	1	123
508.958	1	141
509.128	1	120
509.298	1	131
509.468	1	129
509.639	1	135
509.809	1	131
509.979	1	129
510.149	1	139
510.319	1	121
510.490	1	140
510.660	1	138
510.830	1	130
511.000	1	140
511.171	1	148
511.341	1	127
511.511	1	118
511.681	1	132
511.851	1	137
512.022	1	133
512.192	1	145
512.362	1	130
512.532	1	139
512.702	1	128
512.873	1	149
513.043	1	142
513.213	1	135
513.383	1	142
513.553	1	135
513.724	1	153
513.894	1	130
514.064	1	140
514.234	1	155
514.404	1	146
514.575	1	154
514.745	1	153
514.915	1	151
515.085	1	152
515.255	1	138
515.425	1	153
515.596	1	153
515.766	1	160
515.936	1	164
516.106	1	149
516.276	1	172
516.447	1	144
516.617	1	173
516.787	1	159
516.957	1	161
517.127	1	164
517.297	1	164
517.468	1	175
517.638	1	175
517.808	1	174
517.978	1	162
518.148	1	176
518.319	1	178
518.489	1	186
518.659	1	177
518.829	1	179
518.999	1	173
519.169	1	190
519.340	1	184
519.510	1	175
519.680	1	170
519.850	1	179
520.020	1	181
520.190	1	183
520.361	1	183
520.531	1	193
520.701	1	185
520.871	1	175
521.041	1	184
521.211	1	186
521.382	1	198
521.552	1	191
521.722	1	182
521.892	1	181
522.062	1	188
522.232	1	190
522.402	1	185
522.573	1	184
522.743	1	201
522.913	1	198
523.083	1	194
523.253	1	181
523.423	1	188
523.593	1	176
523.764	1	197
523.934	1	195
524.104	1	191
524.274	1	176
524.444	1	198
524.614	1	189
524.784	1	204
524.955	1	189
525.125	1	191
525.295	1	191
525.465	1	196
525.635	1	198
525.805	1	200
525.975	1	188
526.146	1	192
526.316	1	186
526.486	1	202
526.656	1	206
526.826	1	202
526.996	1	210
527.166	1	212
527.337	1	204
527.507	1	205
527.677	1	225
527.847	1	205
528.017	1	203
528.187	1	202
528.357	1	201
528.527	1	214
528.698	1	193
528.868	1	197
529.038	1	207
529.208	1	200
529.378	1	221
529.548	1	216
529.718	1	218
529.888	1	209
530.058	1	204
530.229	1	213
530.399	1	214
530.569	1	234
530.739	1	218
530.909	1	217
531.079	1	225
531.249	1	210
531.419	1	218
531.589	1	205
531.760	1	216
531.930	1	222
532.100	1	217
532.270	1	225
532.440	1	212
532.610	1	213
532.780	1	219
532.950	1	214
533.120	1	213
533.290	1	215
533.461	1	220
533.631	1	212
533.801	1	216
533.971	1	212
534.141	1	216
534.311	1	209
534.481	1	215
534.651	1	215
534.821	1	207
534.991	1	208
535.162	1	219
535.332	1	216
535.502	1	213
535.672	1	204
535.842	1	208
536.012	1	223
536.182	1	206
536.352	1	216
536.522	1	213
536.692	1	212
536.862	1	200
537.032	1	199
537.203	1	209
537.373	1	209
537.543	1	215
537.713	1	208
537.883	1	202
538.053	1	212
538.223	1	209
538.393	1	211
538.563	1	212
538.733	1	185
538.903	1	197
539.073	1	190
539.243	1	194
539.413	1	183
539.584	1	195
539.754	1	202
539.924	1	199
540.094	1	196
540.264	1	183
540.434	1	185
540.604	1	194
540.774	1	186
540.944	1	200
541.114	1	186
541.284	1	180
541.454	1	205
541.624	1	191
541.794	1	192
541.964	1	196
542.134	1	205
542.305	1	184
542.475	1	187
542.645	1	192
542.815	1	188
542.985	1	186
543.155	1	188
543.325	1	186
543.495	1	188
543.665	1	194
543.835	1	187
544.005	1	187
544.175	1	200
544.345	1	176
544.515	1	190
544.685	1	186
544.855	1	188
545.025	1	177
545.195	1	187
545.365	1	186
545.535	1	191
545.705	1	188
545.875	1	172
546.045	1	175
546.216	1	192
546.386	1	186
546.556	1	180
546.726	1	179
546.896	1	183
547.066	1	174
547.236	1	184
547.406	1	202
547.576	1	170
547.746	1	169
547.916	1	182
548.086	1	187
548.256	1	183
548.426	1	161
548.596	1	185
548.766	1	181
548.936	1	178
549.106	1	189
549.276	1	183
549.446	1	174
549.616	1	196
549.786	1	194
549.956	1	183
550.126	1	168
550.296	1	176
550.466	1	183
550.636	1	170
550.806	1	174
550.976	1	176
551.146	1	170
551.316	1	179
551.486	1	168
551.656	1	165
551.826	1	172
551.996	1	191
552.166	1	172
552.336	1	171
552.506	1	143
552.676	1	173
552.846	1	167
553.016	1	172
553.186	1	178
553.356	1	156
553.526	1	182
553.696	1	170
553.866	1	164
554.036	1	163
554.206	1	171
554.376	1	169
554.546	1	157
554.716	1	165
554.886	1	160
555.056	1	157
555.226	1	150
555.396	1	154
555.566	1	179
555.736	1	141
555.906	1	157
556.076	1	148
556.246	1	147
556.416	1	148
556.586	1	156
556.756	1	157
556.926	1	150
557.096	1	155
557.266	1	150
557.436	1	147
557.606	1	125
557.776	1	141
557.946	1	151
558.116	1	151
558.286	1	135
558.456	1	138
558.626	1	146
558.796	1	145
558.966	1	140
559.136	1	138
559.306	1	136
559.476	1	137
559.646	1	130
559.816	1	136
559.986	1	120
560.155	1	145
560.325	1	127
560.495	1	130
560.665	1	128
560.835	1	135
561.005	1	139
561.175	1	131
561.345	1	138
561.515	1	134
561.685	1	142
561.855	1	135
562.025	1	116
562.195	1	120
562.365	1	138
562.535	1	111
562.705	1	135
562.875	1	114
563.045	1	128
563.215	1	126
563.385	1	123
563.555	1	134
563.725	1	126
563.895	1	110
564.064	1	130
564.234	1	127
564.404	1	125
564.574	1	119
564.744	1	129
564.914	1	112
565.084	1	114
565.254	1	120
565.424	1	119
565.594	1	115
565.764	1	128
565.934	1	118
566.104	1	111
566.274	1	125
566.444	1	125
566.614	1	128
566.783	1	123
566.953	1	118
567.123	1	123
567.293	1	112
567.463	1	126
567.633	1	100
567.803	1	104
567.973	1	101
568.143	1	109
568.313	1	115
568.483	1	115
568.653	1	112
568.823	1	129
568.993	1	114
569.162	1	113
569.332	1	111
569.502	1	106
569.672	1	111
569.842	1	100
570.012	1	114
570.182	1	98
570.352	1	111
570.522	1	114
570.692	1	109
570.862	1	108
571.031	1	101
571.201	1	109
571.371	1	100
571.541	1	92
571.711	1	108
571.881	1	100
572.051	1	104
572.221	1	101
572.391	1	102
572.561	1	90
572.731	1	95
572.900	1	117
573.070	1	98
573.240	1	92
573.410	1	95
573.580	1	95
573.750	1	105
573.920	1	86
574.090	1	97
574.260	1	95
574.430	1	87
574.599	1	94
574.769	1	98
574.939	1	90
575.109	1	93
575.279	1	99
575.449	1	91
575.619	1	90
575.789	1	94
575.959	1	78
576.128	1	95
576.298	1	83
576.468	1	90
576.638	1	87
576.808	1	85
576.978	1	83
577.148	1	104
577.318	1	86
577.487	1	95
577.657	1	78
577.827	1	93
577.997	1	76
578.167	1	96
578.337	1	76
578.507	1	79
578.677	1	83
578.846	1	85
579.016	1	99
579.186	1	83
579.356	1	82
579.526	1	71
579.696	1	92
579.866	1	88
580.036	1	86
580.205	1	88
580.375	1	81
580.545	1	86
580.715	1	85
580.885	1	77
581.055	1	73
581.225	1	80
581.394	1	76
581.564	1	82
581.734	1	80
581.904	1	72
582.074	1	81
582.244	1	87
582.414	1	78
582.583	1	79
582.753	1	86
582.923	1	73
583.093	1	66
583.263	1	78
583.433	1	76
583.603	1	77
583.772	1	75
583.942	1	87
584.112	1	91
584.282	1	69
584.452	1	80
584.622	1	82
584.791	1	75
584.961	1	72
585.131	1	73
585.301	1	84
585.471	1	78
585.641	1	79
585.811	1	54
585.980	1	63
586.150	1	69
586.320	1	64
586.490	1	62
586.660	1	74
586.830	1	74
586.999	1	67
587.169	1	65
587.339	1	85
587.509	1	77
587.679	1	73
587.849	1	74
588.018	1	79
588.188	1	69
588.358	1	65
588.528	1	73
588.698	1	63
588.867	1	79
589.037	1	75
589.207	1	54
589.377	1	83
589.547	1	50
589.717	1	61
589.886	1	67
590.056	1	63
590.226	1	71
590.396	1	66
590.566	1	48
590.735	1	85
590.905	1	69
591.075	1	60
591.245	1	46
591.415	1	54
591.585	1	58
591.754	1	66
591.924	1	62
592.094	1	57
592.264	1	60
592.434	1	62
592.603	1	55
592.773	1	64
592.943	1	55
593.113	1	50
593.283	1	69
593.452	1	41
593.622	1	58
593.792	1	59
593.962	1	74
594.132	1	52
594.301	1	57
594.471	1	62
594.641	1	54
594.811	1	49
594.981	1	52
595.150	1	48
595.320	1	58
595.490	1	47
595.660	1	58
595.829	1	51
595.999	1	58
596.169	1	57
596.339	1	62
596.509	1	51
596.678	1	51
596.848	1	58
597.018	1	51
597.188	1	64
597.358	1	55
597.527	1	48
597.697	1	46
597.867	1	47
598.037	1	61
598.206	1	46
598.376	1	46
598.546	1	44
598.716	1	53
598.885	1	49
599.055	1	47
599.225	1	60
599.395	1	59
599.565	1	56
599.734	1	41
599.904	1	48
600.074	1	45
600.244	1	59
600.413	1	50
600.583	1	47
600.753	1	57
600.923	1	58
601.092	1	39
601.262	1	58
601.432	1	48
601.602	1	53
601.771	1	50
601.941	1	46
602.111	1	35
602.281	1	42
602.451	1	44
602.620	1	49
602.790	1	51
602.960	1	53
603.130	1	51
603.299	1	46
603.469	1	44
603.639	1	54
603.809	1	53
603.978	1	52
604.148	1	44
604.318	1	57
604.487	1	51
604.657	1	54
604.827	1	36
604.997	1	51
605.166	1	41
605.336	1	40
605.506	1	50
605.676	1	45
605.845	1	53
606.015	1	45
606.185	1	49
606.355	1	53
606.524	1	49
606.694	1	57
606.864	1	43
607.034	1	38
607.203	1	52
607.373	1	43
607.543	1	36
607.712	1	59
607.882	1	37
608.052	1	45
608.222	1	53
608.391	1	45
608.561	1	52
608.731	1	35
608.901	1	53
609.070	1	47
609.240	1	56
609.410	1	46
609.579	1	45
609.749	1	41
609.919	1	31
610.089	1	39
610.258	1	52
610.428	1	42
610.598	1	47
610.767	1	46
610.937	1	45
611.107	1	54
611.277	1	55
611.446	1	51
611.616	1	36
611.786	1	48
611.955	1	48
612.125	1	42
612.295	1	40
612.465	1	30
612.634	1	35
612.804	1	47
612.974	1	51
613.143	1	27
613.313	1	47
613.483	1	50
613.652	1	24
613.822	1	34
613.992	1	41
614.162	1	30
614.331	1	35
614.501	1	42
614.671	1	47
614.840	1	33
615.010	1	42
615.180	1	41
615.349	1	32
615.519	1	38
615.689	1	45
615.858	1	41
616.028	1	31
616.198	1	46
616.368	1	33
616.537	1	22
616.707	1	29
616.877	1	38
617.046	1	32
617.216	1	31
617.386	1	36
617.555	1	35
617.725	1	46
617.895	1	40
618.064	1	41
618.234	1	34
618.404	1	41
618.573	1	25
618.743	1	41
618.913	1	42
619.082	1	36
619.252	1	42
619.422	1	40
619.591	1	40
619.761	1	25
619.931	1	43
620.100	1	35
620.270	1	35
620.440	1	39
620.609	1	29
620.779	1	36
620.949	1	39
621.118	1	28
621.288	1	46
621.458	1	34
621.627	1	22
621.797	1	38
621.967	1	30
622.136	1	32
622.306	1	42
622.476	1	35
622.645	1	33
622.815	1	34
622.985	1	25
623.154	1	40
623.324	1	37
623.494	1	23
623.663	1	36
623.833	1	27
624.002	1	27
624.172	1	50
624.342	1	25
624.511	1	25
624.681	1	29
624.851	1	17
625.020	1	29
625.190	1	32
625.360	1	18
625.529	1	29
625.699	1	36
625.869	1	29
626.038	1	30
626.208	1	28
626.377	1	27
626.547	1	33
626.717	1	30
626.886	1	20
627.056	1	25
627.226	1	38
627.395	1	33
627.565	1	32
627.735	1	42
627.904	1	31
628.074	1	26
628.243	1	21
628.413	1	25
628.583	1	31
628.752	1	32
628.922	1	33
629.091	1	32
629.261	1	32
629.431	1	13
629.600	1	31
629.770	1	30
629.940	1	22
630.109	1	27
630.279	1	17
630.448	1	25
630.618	1	30
630.788	1	38
630.957	1	25
631.127	1	29
631.297	1	19
631.466	1	33
631.636	1	17
631.805	1	27
631.975	1	30
632.145	1	24
632.314	1	32
632.484	1	22
632.653	1	28
632.823	1	34
632.993	1	30
633.162	1	32
633.332	1	30
633.501	1	22
633.671	1	27
633.841	1	29
634.010	1	22
634.180	1	25
634.349	1	30
634.519	1	25
634.689	1	25
634.858	1	33
635.028	1	34
635.197	1	19
635.367	1	22
635.537	1	20
635.706	1	21
635.876	1	19
636.045	1	23
636.215	1	16
636.384	1	35
636.554	1	34
636.724	1	19
636.893	1	22
637.063	1	33
637.232	1	23
637.402	1	30
637.572	1	21
637.741	1	33
637.911	1	19
638.080	1	25
638.250	1	26
638.419	1	33
638.589	1	37
638.759	1	27
638.928	1	24
639.098	1	9
639.267	1	28
639.437	1	9
639.606	1	45
639.776	1	27
639.946	1	29
640.115	1	25
640.285	1	28
640.454	1	30
640.624	1	30
640.793	1	25
640.963	1	10
641.132	1	35
641.302	1	20
641.472	1	10
641.641	1	19
641.811	1	26
641.980	1	18
642.150	1	20
642.319	1	16
642.489	1	14
642.659	1	20
642.828	1	19
642.998	1	14
643.167	1	31
643.337	1	24
643.506	1	23
643.676	1	16
643.845	1	24
644.015	1	21
644.184	1	22
644.354	1	25
644.524	1	6
644.693	1	19
644.863	1	18
645.032	1	20
645.202	1	23
645.371	1	15
645.541	1	12
645.710	1	20
645.880	1	22
646.049	1	30
646.219	1	26
646.388	1	20
646.558	1	21
646.728	1	22
646.897	1	16
647.067	1	24
647.236	1	25
647.406	1	19
647.575	1	24
647.745	1	22
647.914	1	21
648.084	1	23
648.253	1	21
648.423	1	18
648.592	1	21
648.762	1	16
648.931	1	24
649.101	1	26
649.270	1	28
649.440	1	22
649.610	1	36
649.779	1	14
649.949	1	19
650.118	1	10
650.288	1	8
650.457	1	20
650.627	1	22
650.796	1	24
650.966	1	23
651.135	1	22
651.305	1	18
651.474	1	17
651.644	1	10
651.813	1	28
651.983	1	24
652.152	1	16
652.322	1	23
652.491	1	19
652.661	1	26
652.830	1	23
653.000	1	21
653.169	1	19
653.339	1	19
653.508	1	7
653.678	1	14
653.847	1	21
654.017	1	12
654.186	1	15
654.356	1	21
654.525	1	16
654.695	1	17
654.864	1	19
655.034	1	26
655.203	1	18
655.373	1	16
655.542	1	21
655.712	1	15
655.881	1	22
656.051	1	18
656.220	1	25
656.390	1	18
656.559	1	8
656.729	1	16
656.898	1	22
657.068	1	21
657.237	1	22
657.406	1	27
657.576	1	13
657.745	1	10
657.915	1	30
658.084	1	28
658.254	1	22
658.423	1	5
658.593	1	-2
658.762	1	5
658.932	1	20
659.101	1	21
659.271	1	18
659.440	1	27
659.610	1	18
659.779	1	15
659.949	1	10
660.118	1	26
660.288	1	16
660.457	1	13
660.626	1	18
660.796	1	20
660.965	1	18
661.135	1	21
661.304	1	13
661.474	1	16
661.643	1	16
661.813	1	20
661.982	1	12
662.152	1	16
662.321	1	26
662.491	1	20
662.660	1	9
662.829	1	11
662.999	1	18
663.168	1	14
663.338	1	4
663.507	1	10
663.677	1	7
663.846	1	24
664.016	1	15
664.185	1	15
664.354	1	21
664.524	1	6
664.693	1	14
664.863	1	16
665.032	1	11
665.202	1	8
665.371	1	8
665.541	1	13
665.710	1	1
665.879	1	10
666.049	1	16
666.218	1	11
666.388	1	20
666.557	1	18
666.727	1	1
666.896	1	5
667.065	1	14
667.235	1	8
667.404	1	11
667.574	1	26
667.743	1	13
667.913	1	23
668.082	1	12
668.251	1	15
668.421	1	20
668.590	1	8
668.760	1	16
668.929	1	20
669.099	1	10
669.268	1	14
669.437	1	23
669.607	1	11
669.776	1	17
669.946	1	22
670.115	1	15
670.285	1	9
670.454	1	11
670.623	1	15
670.793	1	19
670.962	1	19
671.132	1	13
671.301	1	13
671.470	1	11
671.640	1	9
671.809	1	16
671.979	1	33
672.148	1	15
672.317	1	3
672.487	1	12
672.656	1	18
672.826	1	5
672.995	1	20
673.164	1	22
673.334	1	17
673.503	1	14
673.673	1	19
673.842	1	11
674.011	1	20
674.181	1	9
674.350	1	5
674.520	1	5
674.689	1	12
674.858	1	13
675.028	1	15
675.197	1	14
675.367	1	19
675.536	1	14
675.705	1	3
675.875	1	16
676.044	1	9
676.214	1	21
676.383	1	11
676.552	1	9
676.722	1	7
676.891	1	8
677.060	1	12
677.230	1	25
677.399	1	9
677.569	1	11
677.738	1	11
677.907	1	3
678.077	1	19
678.246	1	8
678.416	1	12
678.585	1	12
678.754	1	14
678.924	1	12
679.093	1	11
679.262	1	16
679.432	1	11
679.601	1	-1
679.771	1	8
679.940	1	13
680.109	1	13
680.279	1	13
680.448	1	13
680.617	1	11
680.787	1	13
680.956	1	17
681.125	1	17
681.295	1	14
681.464	1	12
681.634	1	15
681.803	1	-5
681.972	1	1
682.142	1	29
682.311	1	23
682.480	1	15
682.650	1	11
682.819	1	23
682.988	1	9
683.158	1	14
683.327	1	16
683.496	1	14
683.666	1	16
683.835	1	22
684.004	1	18
684.174	1	11
684.343	1	19
684.512	1	12
684.682	1	24
684.851	1	15
685.021	1	25
685.190	1	20
685.359	1	4
685.529	1	19
685.698	1	13
685.867	1	22
686.037	1	15
686.206	1	19
686.375	1	13
686.545	1	25
686.714	1	12
686.883	1	19
687.053	1	17
687.222	1	13
687.391	1	21
687.561	1	25
687.730	1	12
687.899	1	22
688.069	1	13
688.238	1	24
688.407	1	30
688.577	1	16
688.746	1	24
