340.368	1	-2
340.539	1	3
340.710	1	-4
340.881	1	10
341.052	1	5
341.223	1	8
341.394	1	3
341.565	1	-3
341.737	1	19
341.908	1	9
342.079	1	-1
342.250	1	4
342.421	1	-4
342.592	1	-4
342.763	1	-1
342.934	1	4
343.105	1	15
343.276	1	-4
343.447	1	6
343.618	1	4
343.789	1	2
343.960	1	-3
344.131	1	7
344.302	1	10
344.473	1	0
344.644	1	-8
344.815	1	-6
344.986	1	2
345.157	1	1
345.328	1	-1
345.499	1	8
345.670	1	15
345.841	1	5
346.012	1	8
346.183	1	6
346.354	1	0
346.526	1	5
346.697	1	4
346.868	1	7
347.039	1	10
347.210	1	8
347.381	1	0
347.552	1	6
347.723	1	4
347.894	1	4
348.065	1	5
348.236	1	14
348.407	1	3
348.578	1	3
348.749	1	3
348.920	1	15
349.091	1	12
349.262	1	-4
349.433	1	0
349.604	1	4
349.775	1	10
349.946	1	12
350.117	1	8
350.288	1	4
350.459	1	12
350.630	1	3
350.801	1	14
350.972	1	3
351.143	1	-8
351.314	1	8
351.485	1	-2
351.656	1	8
351.827	1	-4
351.998	1	4
352.169	1	16
352.340	1	0
352.511	1	4
352.682	1	-3
352.853	1	5
353.024	1	-6
353.195	1	-2
353.366	1	8
353.537	1	4
353.708	1	10
353.879	1	3
354.050	1	13
354.221	1	1
354.392	1	15
354.563	1	21
354.734	1	7
354.905	1	3
355.076	1	-2
355.247	1	-1
355.418	1	3
355.589	1	6
355.760	1	7
355.931	1	11
356.102	1	7
356.273	1	8
356.444	1	10
356.615	1	2
356.785	1	14
356.956	1	10
357.127	1	1
357.298	1	7
357.469	1	0
357.640	1	10
357.811	1	17
357.982	1	8
358.153	1	9
358.324	1	13
358.495	1	9
358.666	1	4
358.837	1	8
359.008	1	3
359.179	1	10
359.350	1	4
359.521	1	5
359.692	1	4
359.863	1	6
360.034	1	0
360.205	1	9
360.376	1	10
360.547	1	11
360.718	1	-1
360.889	1	15
361.060	1	12
361.231	1	6
361.401	1	9
361.572	1	17
361.743	1	13
361.914	1	5
362.085	1	0
362.256	1	12
362.427	1	11
362.598	1	6
362.769	1	11
362.940	1	8
363.111	1	21
363.282	1	12
363.453	1	12
363.624	1	12
363.795	1	16
363.966	1	20
364.137	1	11
364.308	1	4
364.478	1	29
364.649	1	15
364.820	1	17
364.991	1	21
365.162	1	7
365.333	1	32
365.504	1	15
365.675	1	23
365.846	1	19
366.017	1	17
366.188	1	14
366.359	1	15
366.530	1	21
366.701	1	14
366.871	1	32
367.042	1	44
367.213	1	31
367.384	1	28
367.555	1	31
367.726	1	29
367.897	1	14
368.068	1	18
368.239	1	33
368.410	1	24
368.581	1	24
368.752	1	16
368.923	1	8
369.093	1	16
369.264	1	17
369.435	1	21
369.606	1	12
369.777	1	16
369.948	1	20
370.119	1	19
370.290	1	17
370.461	1	20
370.632	1	15
370.803	1	13
370.973	1	26
371.144	1	15
371.315	1	7
371.486	1	12
371.657	1	21
371.828	1	22
371.999	1	12
372.170	1	19
372.341	1	16
372.512	1	7
372.682	1	6
372.853	1	15
373.024	1	8
373.195	1	2
373.366	1	19
373.537	1	14
373.708	1	13
373.879	1	24
374.050	1	21
374.220	1	8
374.391	1	15
374.562	1	9
374.733	1	25
374.904	1	17
375.075	1	11
375.246	1	10
375.417	1	11
375.588	1	12
375.758	1	8
375.929	1	17
376.100	1	18
376.271	1	4
376.442	1	4
376.613	1	7
376.784	1	19
376.955	1	6
377.125	1	10
377.296	1	8
377.467	1	3
377.638	1	9
377.809	1	17
377.980	1	9
378.151	1	3
378.321	1	10
378.492	1	16
378.663	1	5
378.834	1	19
379.005	1	20
379.176	1	14
379.347	1	5
379.518	1	-7
379.688	1	6
379.859	1	-1
380.030	1	-3
380.201	1	3
380.372	1	17
380.543	1	21
380.714	1	15
380.884	1	13
381.055	1	11
381.226	1	8
381.397	1	-4
381.568	1	11
381.739	1	17
381.910	1	8
382.080	1	-4
382.251	1	14
382.422	1	25
382.593	1	4
382.764	1	18
382.935	1	13
383.105	1	15
383.276	1	8
383.447	1	23
383.618	1	15
383.789	1	18
383.960	1	20
384.130	1	12
384.301	1	20
384.472	1	6
384.643	1	25
384.814	1	19
384.985	1	16
385.156	1	33
385.326	1	22
385.497	1	31
385.668	1	24
385.839	1	28
386.010	1	31
386.180	1	31
386.351	1	28
386.522	1	29
386.693	1	15
386.864	1	20
387.035	1	24
387.205	1	21
387.376	1	31
387.547	1	18
387.718	1	34
387.889	1	27
388.060	1	18
388.230	1	19
388.401	1	35
388.572	1	20
388.743	1	39
388.914	1	33
389.084	1	33
389.255	1	35
389.426	1	21
389.597	1	10
389.768	1	25
389.939	1	35
390.109	1	16
390.280	1	32
390.451	1	38
390.622	1	17
390.793	1	31
390.963	1	28
391.134	1	19
391.305	1	19
391.476	1	29
391.647	1	21
391.817	1	24
391.988	1	13
392.159	1	21
392.330	1	25
392.501	1	20
392.671	1	31
392.842	1	29
393.013	1	29
393.184	1	27
393.355	1	29
393.525	1	14
393.696	1	18
393.867	1	18
394.038	1	17
394.208	1	22
394.379	1	19
394.550	1	15
394.721	1	32
394.892	1	20
395.062	1	9
395.233	1	29
395.404	1	23
395.575	1	9
395.746	1	12
395.916	1	14
396.087	1	16
396.258	1	24
396.429	1	28
396.599	1	33
396.770	1	18
396.941	1	33
397.112	1	11
397.283	1	18
397.453	1	11
397.624	1	16
397.795	1	20
397.966	1	26
398.136	1	25
398.307	1	29
398.478	1	16
398.649	1	26
398.819	1	30
398.990	1	30
399.161	1	21
399.332	1	30
399.503	1	28
399.673	1	19
399.844	1	16
400.015	1	21
400.186	1	34
400.356	1	23
400.527	1	21
400.698	1	16
400.869	1	27
401.039	1	21
401.210	1	19
401.381	1	14
401.552	1	25
401.722	1	28
401.893	1	21
402.064	1	20
402.235	1	21
402.405	1	5
402.576	1	27
402.747	1	16
402.918	1	17
403.088	1	9
403.259	1	3
403.430	1	4
403.601	1	17
403.771	1	16
403.942	1	16
404.113	1	24
404.284	1	16
404.454	1	22
404.625	1	15
404.796	1	24
404.967	1	22
405.137	1	14
405.308	1	25
405.479	1	19
405.649	1	14
405.820	1	10
405.991	1	19
406.162	1	6
406.332	1	19
406.503	1	13
406.674	1	15
406.845	1	18
407.015	1	13
407.186	1	22
407.357	1	19
407.527	1	14
407.698	1	9
407.869	1	11
408.040	1	5
408.210	1	18
408.381	1	17
408.552	1	20
408.722	1	6
408.893	1	19
409.064	1	14
409.235	1	10
409.405	1	32
409.576	1	9
409.747	1	11
409.917	1	19
410.088	1	21
410.259	1	11
410.430	1	22
410.600	1	9
410.771	1	16
410.942	1	21
411.112	1	22
411.283	1	6
411.454	1	22
411.625	1	17
411.795	1	16
411.966	1	8
412.137	1	17
412.307	1	9
412.478	1	13
412.649	1	17
412.819	1	12
412.990	1	16
413.161	1	9
413.332	1	19
413.502	1	7
413.673	1	14
413.844	1	9
414.014	1	7
414.185	1	18
414.356	1	12
414.526	1	15
414.697	1	24
414.868	1	26
415.038	1	12
415.209	1	12
415.380	1	13
415.550	1	-2
415.721	1	8
415.892	1	10
416.063	1	25
416.233	1	11
416.404	1	17
416.575	1	8
416.745	1	9
416.916	1	5
417.087	1	9
417.257	1	11
417.428	1	7
417.599	1	8
417.769	1	13
417.940	1	3
418.111	1	11
418.281	1	17
418.452	1	10
418.623	1	14
418.793	1	15
418.964	1	22
419.135	1	8
419.305	1	4
419.476	1	17
419.647	1	15
419.817	1	12
419.988	1	2
420.159	1	6
420.329	1	18
420.500	1	16
420.671	1	13
420.841	1	18
421.012	1	21
421.183	1	7
421.353	1	20
421.524	1	10
421.695	1	20
421.865	1	1
422.036	1	11
422.206	1	5
422.377	1	11
422.548	1	4
422.718	1	4
422.889	1	13
423.060	1	15
423.230	1	23
423.401	1	12
423.572	1	5
423.742	1	20
423.913	1	17
424.084	1	11
424.254	1	6
424.425	1	8
424.595	1	6
424.766	1	14
424.937	1	7
425.107	1	8
425.278	1	6
425.449	1	6
425.619	1	9
425.790	1	8
425.961	1	11
426.131	1	12
426.302	1	5
426.472	1	1
426.643	1	6
426.814	1	12
426.984	1	14
427.155	1	4
427.326	1	25
427.496	1	20
427.667	1	12
427.837	1	7
428.008	1	6
428.179	1	6
428.349	1	5
428.520	1	11
428.691	1	9
428.861	1	10
429.032	1	4
429.202	1	16
429.373	1	-2
429.544	1	10
429.714	1	25
429.885	1	8
430.055	1	10
430.226	1	9
430.397	1	5
430.567	1	22
430.738	1	5
430.909	1	2
431.079	1	6
431.250	1	1
431.420	1	5
431.591	1	15
431.762	1	14
431.932	1	21
432.103	1	8
432.273	1	5
432.444	1	12
432.615	1	6
432.785	1	5
432.956	1	6
433.126	1	11
433.297	1	18
433.468	1	5
433.638	1	5
433.809	1	12
433.979	1	4
434.150	1	-2
434.320	1	5
434.491	1	13
434.662	1	-1
434.832	1	11
435.003	1	11
435.173	1	9
435.344	1	10
435.515	1	7
435.685	1	16
435.856	1	1
436.026	1	12
436.197	1	6
436.368	1	4
436.538	1	22
436.709	1	0
436.879	1	5
437.050	1	15
437.220	1	5
437.391	1	3
437.562	1	15
437.732	1	9
437.903	1	8
438.073	1	8
438.244	1	1
438.414	1	16
438.585	1	12
438.756	1	5
438.926	1	1
439.097	1	15
439.267	1	6
439.438	1	13
439.608	1	14
439.779	1	6
439.949	1	8
440.120	1	10
440.291	1	2
440.461	1	-4
440.632	1	13
440.802	1	0
440.973	1	13
441.143	1	23
441.314	1	3
441.485	1	-1
441.655	1	23
441.826	1	-3
441.996	1	8
442.167	1	1
442.337	1	1
442.508	1	-1
442.678	1	7
442.849	1	14
443.019	1	10
443.190	1	-10
443.361	1	16
443.531	1	12
443.702	1	6
443.872	1	11
444.043	1	5
444.213	1	10
444.384	1	2
444.554	1	0
444.725	1	4
444.895	1	10
445.066	1	-1
445.237	1	-4
445.407	1	3
445.578	1	18
445.748	1	3
445.919	1	14
446.089	1	19
446.260	1	8
446.430	1	1
446.601	1	4
446.771	1	2
446.942	1	11
447.112	1	10
447.283	1	2
447.453	1	-3
447.624	1	16
447.794	1	3
447.965	1	-6
448.135	1	2
448.306	1	4
448.477	1	4
448.647	1	9
448.818	1	19
448.988	1	-6
449.159	1	-4
449.329	1	9
449.500	1	18
449.670	1	17
449.841	1	5
450.011	1	12
450.182	1	-2
450.352	1	14
450.523	1	-6
450.693	1	10
450.864	1	9
451.034	1	16
451.205	1	4
451.375	1	7
451.546	1	11
451.716	1	14
451.887	1	-4
452.057	1	10
452.228	1	-1
452.398	1	11
452.569	1	-1
452.739	1	4
452.910	1	0
453.080	1	22
453.251	1	9
453.421	1	13
453.592	1	-3
453.762	1	8
453.933	1	8
454.103	1	11
454.274	1	9
454.444	1	18
454.615	1	15
454.785	1	1
454.956	1	1
455.126	1	12
455.297	1	4
455.467	1	12
455.638	1	8
455.808	1	6
455.979	1	7
456.149	1	1
456.320	1	-1
456.490	1	10
456.661	1	-1
456.831	1	6
457.001	1	6
457.172	1	8
457.342	1	11
457.513	1	16
457.683	1	12
457.854	1	5
458.024	1	7
458.195	1	5
458.365	1	8
458.536	1	10
458.706	1	12
458.877	1	7
459.047	1	4
459.218	1	7
459.388	1	10
459.559	1	8
459.729	1	12
459.899	1	19
460.070	1	14
460.240	1	3
460.411	1	10
460.581	1	12
460.752	1	16
460.922	1	9
461.093	1	11
461.263	1	13
461.434	1	12
461.604	1	9
461.775	1	10
461.945	1	16
462.115	1	-1
462.286	1	16
462.456	1	2
462.627	1	8
462.797	1	-2
462.968	1	-6
463.138	1	20
463.309	1	0
463.479	1	8
463.649	1	3
463.820	1	8
463.990	1	2
464.161	1	8
464.331	1	4
464.502	1	1
464.672	1	4
464.843	1	4
465.013	1	-8
465.183	1	4
465.354	1	6
465.524	1	10
465.695	1	12
465.865	1	6
466.036	1	7
466.206	1	4
466.376	1	-1
466.547	1	11
466.717	1	5
466.888	1	5
467.058	1	15
467.229	1	3
467.399	1	2
467.569	1	5
467.740	1	4
467.910	1	-1
468.081	1	10
468.251	1	3
468.422	1	10
468.592	1	12
468.762	1	6
468.933	1	5
469.103	1	0
469.274	1	3
469.444	1	-4
469.614	1	-2
469.785	1	9
469.955	1	1
470.126	1	3
470.296	1	10
470.467	1	6
470.637	1	21
470.807	1	3
470.978	1	-2
471.148	1	2
471.319	1	11
471.489	1	3
471.659	1	8
471.830	1	13
472.000	1	10
472.171	1	2
472.341	1	6
472.511	1	11
472.682	1	10
472.852	1	-2
473.023	1	-6
473.193	1	0
473.363	1	5
473.534	1	8
473.704	1	11
473.875	1	7
474.045	1	4
474.215	1	5
474.386	1	12
474.556	1	-6
474.727	1	2
474.897	1	11
475.067	1	11
475.238	1	-5
475.408	1	1
475.578	1	5
475.749	1	-1
475.919	1	-8
476.090	1	14
476.260	1	2
476.430	1	9
476.601	1	6
476.771	1	3
476.942	1	0
477.112	1	4
477.282	1	-13
477.453	1	3
477.623	1	12
477.793	1	8
477.964	1	10
478.134	1	15
478.305	1	8
478.475	1	-2
478.645	1	-2
478.816	1	2
478.986	1	7
479.156	1	14
479.327	1	5
479.497	1	4
479.667	1	1
479.838	1	7
480.008	1	18
480.179	1	7
480.349	1	3
480.519	1	5
480.690	1	3
480.860	1	3
481.030	1	-1
481.201	1	2
481.371	1	15
481.541	1	3
481.712	1	9
481.882	1	0
482.053	1	10
482.223	1	1
482.393	1	-9
482.564	1	-8
482.734	1	4
482.904	1	10
483.075	1	6
483.245	1	5
483.415	1	17
483.586	1	-8
483.756	1	24
483.926	1	5
484.097	1	2
484.267	1	-5
484.437	1	-11
484.608	1	-2
484.778	1	1
484.948	1	-3
485.119	1	7
485.289	1	12
485.459	1	13
485.630	1	7
485.800	1	2
485.970	1	6
486.141	1	-1
486.311	1	-1
486.481	1	3
486.652	1	11
486.822	1	4
486.992	1	7
487.163	1	5
487.333	1	8
487.503	1	-2
487.674	1	3
487.844	1	5
488.014	1	8
488.185	1	3
488.355	1	2
488.525	1	12
488.696	1	-1
488.866	1	8
489.036	1	8
489.207	1	18
489.377	1	7
489.547	1	1
489.718	1	-4
489.888	1	1
490.058	1	0
490.228	1	-2
490.399	1	19
490.569	1	19
490.739	1	12
490.910	1	4
491.080	1	2
491.250	1	2
491.421	1	3
491.591	1	-1
491.761	1	9
491.932	1	7
492.102	1	-3
492.272	1	13
492.442	1	9
492.613	1	1
492.783	1	-4
492.953	1	8
493.124	1	2
493.294	1	11
493.464	1	6
493.635	1	11
493.805	1	12
493.975	1	5
494.145	1	2
494.316	1	13
494.486	1	13
494.656	1	10
494.827	1	4
494.997	1	11
495.167	1	12
495.337	1	5
495.508	1	4
495.678	1	20
495.848	1	16
496.019	1	-1
496.189	1	10
496.359	1	9
496.529	1	-1
496.700	1	5
496.870	1	7
497.040	1	3
497.211	1	9
497.381	1	-14
497.551	1	22
497.721	1	-5
497.892	1	8
498.062	1	9
498.232	1	5
498.403	1	8
498.573	1	2
498.743	1	4
498.913	1	10
499.084	1	-2
499.254	1	12
499.424	1	22
499.594	1	9
499.765	1	9
499.935	1	-1
500.105	1	10
500.275	1	13
500.446	1	19
500.616	1	13
500.786	1	9
500.956	1	11
501.127	1	20
501.297	1	11
501.467	1	14
501.638	1	16
501.808	1	1
501.978	1	12
502.148	1	11
502.319	1	14
502.489	1	9
502.659	1	10
502.829	1	14
503.000	1	20
503.170	1	13
503.340	1	0
503.510	1	13
503.681	1	4
503.851	1	-4
504.021	1	24
504.191	1	16
504.362	1	15
504.532	1	1
504.702	1	15
504.872	1	9
505.042	1	14
505.213	1	9
505.383	1	6
505.553	1	12
505.723	1	16
505.894	1	10
506.064	1	17
506.234	1	13
506.404	1	5
506.575	1	16
506.745	1	8
506.915	1	5
507.085	1	10
507.256	1	12
507.426	1	21
507.596	1	14
507.766	1	9
507.936	1	13
508.107	1	17
508.277	1	3
508.447	1	13
508.617	1	11
508.788	1	11
508.958	1	23
509.128	1	11
509.298	1	21
509.468	1	14
509.639	1	17
509.809	1	16
509.979	1	19
510.149	1	11
510.319	1	3
510.490	1	25
510.660	1	21
510.830	1	6
511.000	1	22
511.171	1	17
511.341	1	11
511.511	1	10
511.681	1	14
511.851	1	8
512.022	1	8
512.192	1	14
512.362	1	7
512.532	1	12
512.702	1	3
512.873	1	22
513.043	1	0
513.213	1	11
513.383	1	7
513.553	1	3
513.724	1	25
513.894	1	9
514.064	1	13
514.234	1	20
514.404	1	6
514.575	1	14
514.745	1	10
514.915	1	16
515.085	1	7
515.255	1	11
515.425	1	14
515.596	1	-8
515.766	1	5
515.936	1	19
516.106	1	9
516.276	1	14
516.447	1	17
516.617	1	21
516.787	1	11
516.957	1	8
517.127	1	17
517.297	1	19
517.468	1	11
517.638	1	17
517.808	1	21
517.978	1	11
518.148	1	14
518.319	1	12
518.489	1	17
518.659	1	11
518.829	1	2
518.999	1	9
519.169	1	23
519.340	1	20
519.510	1	21
519.680	1	5
519.850	1	10
520.020	1	10
520.190	1	12
520.361	1	0
520.531	1	18
520.701	1	15
520.871	1	14
521.041	1	10
521.211	1	9
521.382	1	22
521.552	1	17
521.722	1	10
521.892	1	6
522.062	1	15
522.232	1	8
522.402	1	10
522.573	1	24
522.743	1	21
522.913	1	10
523.083	1	7
523.253	1	18
523.423	1	5
523.593	1	0
523.764	1	20
523.934	1	16
524.104	1	16
524.274	1	11
524.444	1	16
524.614	1	19
524.784	1	22
524.955	1	6
525.125	1	22
525.295	1	1
525.465	1	10
525.635	1	30
525.805	1	10
525.975	1	7
526.146	1	12
526.316	1	12
526.486	1	18
526.656	1	27
526.826	1	23
526.996	1	16
527.166	1	18
527.337	1	16
527.507	1	8
527.677	1	36
527.847	1	16
528.017	1	21
528.187	1	19
528.357	1	15
528.527	1	15
528.698	1	10
528.868	1	8
529.038	1	20
529.208	1	18
529.378	1	15
529.548	1	12
529.718	1	20
529.888	1	19
530.058	1	14
530.229	1	16
530.399	1	25
530.569	1	23
530.739	1	17
530.909	1	24
531.079	1	25
531.249	1	20
531.419	1	30
531.589	1	5
531.760	1	19
531.930	1	9
532.100	1	22
532.270	1	23
532.440	1	12
532.610	1	15
532.780	1	6
532.950	1	16
533.120	1	12
533.290	1	20
533.461	1	29
533.631	1	22
533.801	1	21
533.971	1	15
534.141	1	23
534.311	1	21
534.481	1	20
534.651	1	20
534.821	1	16
534.991	1	19
535.162	1	12
535.332	1	15
535.502	1	22
535.672	1	7
535.842	1	25
536.012	1	28
536.182	1	20
536.352	1	16
536.522	1	20
536.692	1	15
536.862	1	23
537.032	1	11
537.203	1	14
537.373	1	13
537.543	1	27
537.713	1	33
537.883	1	26
538.053	1	26
538.223	1	26
538.393	1	21
538.563	1	11
538.733	1	11
538.903	1	10
539.073	1	11
539.243	1	9
539.413	1	17
539.584	1	19
539.754	1	9
539.924	1	21
540.094	1	14
540.264	1	9
540.434	1	7
540.604	1	17
540.774	1	8
540.944	1	12
541.114	1	4
541.284	1	16
541.454	1	15
541.624	1	26
541.794	1	13
541.964	1	12
542.134	1	22
542.305	1	1
542.475	1	11
542.645	1	13
542.815	1	20
542.985	1	9
543.155	1	18
543.325	1	15
543.495	1	9
543.665	1	18
543.835	1	18
544.005	1	16
544.175	1	11
544.345	1	16
544.515	1	19
544.685	1	10
544.855	1	22
545.025	1	14
545.195	1	14
545.365	1	16
545.535	1	20
545.705	1	19
545.875	1	5
546.045	1	19
546.216	1	23
546.386	1	14
546.556	1	6
546.726	1	12
546.896	1	15
547.066	1	4
547.236	1	-2
547.406	1	13
547.576	1	15
547.746	1	21
547.916	1	16
548.086	1	20
548.256	1	18
548.426	1	9
548.596	1	18
548.766	1	14
548.936	1	9
549.106	1	25
549.276	1	25
549.446	1	18
549.616	1	23
549.786	1	16
549.956	1	12
550.126	1	10
550.296	1	16
550.466	1	6
550.636	1	5
550.806	1	24
550.976	1	18
551.146	1	10
551.316	1	13
551.486	1	19
551.656	1	4
551.826	1	14
551.996	1	14
552.166	1	24
552.336	1	22
552.506	1	15
552.676	1	21
552.846	1	13
553.016	1	20
553.186	1	7
553.356	1	13
553.526	1	15
553.696	1	23
553.866	1	15
554.036	1	7
554.206	1	5
554.376	1	10
554.546	1	4
554.716	1	9
554.886	1	13
555.056	1	0
555.226	1	2
555.396	1	11
555.566	1	13
555.736	1	13
555.906	1	15
556.076	1	7
556.246	1	10
556.416	1	7
556.586	1	27
556.756	1	12
556.926	1	16
557.096	1	8
557.266	1	18
557.436	1	19
557.606	1	1
557.776	1	10
557.946	1	17
558.116	1	7
558.286	1	11
558.456	1	-2
558.626	1	18
558.796	1	7
558.966	1	11
559.136	1	14
559.306	1	8
559.476	1	6
559.646	1	6
559.816	1	18
559.986	1	13
560.155	1	20
560.325	1	-1
560.495	1	15
560.665	1	16
560.835	1	6
561.005	1	15
561.175	1	12
561.345	1	13
561.515	1	3
561.685	1	6
561.855	1	22
562.025	1	5
562.195	1	9
562.365	1	10
562.535	1	24
562.705	1	21
562.875	1	6
563.045	1	16
563.215	1	10
563.385	1	11
563.555	1	15
563.725	1	9
563.895	1	6
564.064	1	13
564.234	1	10
564.404	1	12
564.574	1	12
564.744	1	12
564.914	1	-8
565.084	1	8
565.254	1	15
565.424	1	13
565.594	1	0
565.764	1	19
565.934	1	17
566.104	1	9
566.274	1	13
566.444	1	14
566.614	1	2
566.783	1	9
566.953	1	6
567.123	1	18
567.293	1	1
567.463	1	8
567.633	1	9
567.803	1	7
567.973	1	5
568.143	1	9
568.313	1	6
568.483	1	-5
568.653	1	4
568.823	1	10
568.993	1	7
569.162	1	10
569.332	1	8
569.502	1	8
569.672	1	9
569.842	1	16
570.012	1	18
570.182	1	0
570.352	1	8
570.522	1	11
570.692	1	13
570.862	1	15
571.031	1	4
571.201	1	9
571.371	1	-2
571.541	1	2
571.711	1	18
571.881	1	6
572.051	1	2
572.221	1	20
572.391	1	15
572.561	1	6
572.731	1	14
572.900	1	16
573.070	1	14
573.240	1	1
573.410	1	-4
573.580	1	2
573.750	1	20
573.920	1	6
574.090	1	16
574.260	1	6
574.430	1	4
574.599	1	10
574.769	1	6
574.939	1	4
575.109	1	7
575.279	1	4
575.449	1	5
575.619	1	10
575.789	1	20
575.959	1	7
576.128	1	18
576.298	1	-1
576.468	1	4
576.638	1	12
576.808	1	-3
576.978	1	7
577.148	1	10
577.318	1	9
577.487	1	10
577.657	1	-1
577.827	1	19
577.997	1	-3
578.167	1	17
578.337	1	7
578.507	1	5
578.677	1	1
578.846	1	10
579.016	1	21
579.186	1	7
579.356	1	-2
579.526	1	7
579.696	1	1
579.866	1	10
580.036	1	11
580.205	1	11
580.375	1	11
580.545	1	4
580.715	1	13
580.885	1	-1
581.055	1	3
581.225	1	-4
581.394	1	-6
581.564	1	5
581.734	1	13
581.904	1	-1
582.074	1	8
582.244	1	11
582.414	1	17
582.583	1	-1
582.753	1	12
582.923	1	2
583.093	1	2
583.263	1	3
583.433	1	-4
583.603	1	10
583.772	1	9
583.942	1	11
584.112	1	7
584.282	1	12
584.452	1	10
584.622	1	10
584.791	1	7
584.961	1	12
585.131	1	0
585.301	1	16
585.471	1	7
585.641	1	15
585.811	1	0
585.980	1	-7
586.150	1	10
586.320	1	1
586.490	1	-2
586.660	1	8
586.830	1	1
586.999	1	10
587.169	1	8
587.339	1	8
587.509	1	13
587.679	1	-2
587.849	1	16
588.018	1	9
588.188	1	3
588.358	1	5
588.528	1	14
588.698	1	-2
588.867	1	23
589.037	1	1
589.207	1	7
589.377	1	9
589.547	1	-10
589.717	1	1
589.886	1	3
590.056	1	4
590.226	1	15
590.396	1	6
590.566	1	0
590.735	1	13
590.905	1	2
591.075	1	0
591.245	1	2
591.415	1	0
591.585	1	8
591.754	1	10
591.924	1	6
592.094	1	6
592.264	1	8
592.434	1	5
592.603	1	0
592.773	1	8
592.943	1	5
593.113	1	1
593.283	1	9
593.452	1	-4
593.622	1	7
593.792	1	6
593.962	1	11
594.132	1	-11
594.301	1	18
594.471	1	5
594.641	1	-1
594.811	1	5
594.981	1	8
595.150	1	0
595.320	1	22
595.490	1	4
595.660	1	0
595.829	1	5
595.999	1	8
596.169	1	4
596.339	1	6
596.509	1	9
596.678	1	4
596.848	1	14
597.018	1	2
597.188	1	4
597.358	1	1
597.527	1	-6
597.697	1	5
597.867	1	8
598.037	1	-1
598.206	1	2
598.376	1	5
598.546	1	2
598.716	1	2
598.885	1	-3
599.055	1	5
599.225	1	3
599.395	1	7
599.565	1	14
599.734	1	9
599.904	1	5
600.074	1	-8
600.244	1	16
600.413	1	12
600.583	1	-3
600.753	1	1
600.923	1	15
601.092	1	5
601.262	1	8
601.432	1	8
601.602	1	11
601.771	1	17
601.941	1	2
602.111	1	-7
602.281	1	-5
602.451	1	2
602.620	1	0
602.790	1	2
602.960	1	6
603.130	1	5
603.299	1	16
603.469	1	4
603.639	1	13
603.809	1	13
603.978	1	0
604.148	1	9
604.318	1	12
604.487	1	4
604.657	1	7
604.827	1	-5
604.997	1	4
605.166	1	-3
605.336	1	3
605.506	1	7
605.676	1	13
605.845	1	1
606.015	1	12
606.185	1	7
606.355	1	15
606.524	1	1
606.694	1	10
606.864	1	2
607.034	1	0
607.203	1	17
607.373	1	2
607.543	1	1
607.712	1	9
607.882	1	1
608.052	1	1
608.222	1	7
608.391	1	5
608.561	1	-2
608.731	1	-5
608.901	1	3
609.070	1	7
609.240	1	13
609.410	1	5
609.579	1	13
609.749	1	2
609.919	1	4
610.089	1	-7
610.258	1	10
610.428	1	-11
610.598	1	4
610.767	1	-1
610.937	1	0
611.107	1	14
611.277	1	6
611.446	1	3
611.616	1	-6
611.786	1	25
611.955	1	12
612.125	1	3
612.295	1	1
612.465	1	4
612.634	1	10
612.804	1	8
612.974	1	11
613.143	1	4
613.313	1	1
613.483	1	7
613.652	1	2
613.822	1	1
613.992	1	5
614.162	1	4
614.331	1	0
614.501	1	11
614.671	1	13
614.840	1	10
615.010	1	8
615.180	1	2
615.349	1	-1
615.519	1	12
615.689	1	2
615.858	1	8
616.028	1	8
616.198	1	10
616.368	1	8
616.537	1	3
616.707	1	9
616.877	1	8
617.046	1	5
617.216	1	0
617.386	1	4
617.555	1	1
617.725	1	7
617.895	1	3
618.064	1	0
618.234	1	5
618.404	1	14
618.573	1	9
618.743	1	3
618.913	1	6
619.082	1	7
619.252	1	12
619.422	1	4
619.591	1	0
619.761	1	1
619.931	1	8
620.100	1	3
620.270	1	0
620.440	1	5
620.609	1	6
620.779	1	0
620.949	1	2
621.118	1	6
621.288	1	10
621.458	1	6
621.627	1	-7
621.797	1	9
621.967	1	6
622.136	1	10
622.306	1	9
622.476	1	9
622.645	1	19
622.815	1	2
622.985	1	2
623.154	1	13
623.324	1	5
623.494	1	1
623.663	1	4
623.833	1	1
624.002	1	1
624.172	1	16
624.342	1	-2
624.511	1	-2
624.681	1	-5
624.851	1	-4
625.020	1	5
625.190	1	7
625.360	1	-7
625.529	1	12
625.699	1	5
625.869	1	-2
626.038	1	13
626.208	1	6
626.377	1	15
626.547	1	3
626.717	1	-2
626.886	1	-1
627.056	1	-2
627.226	1	3
627.395	1	9
627.565	1	11
627.735	1	12
627.904	1	7
628.074	1	11
628.243	1	-2
628.413	1	1
628.583	1	6
628.752	1	13
628.922	1	2
629.091	1	2
629.261	1	7
629.431	1	-6
629.600	1	5
629.770	1	4
629.940	1	12
630.109	1	4
630.279	1	7
630.448	1	-5
630.618	1	-5
630.788	1	5
630.957	1	-9
631.127	1	8
631.297	1	5
631.466	1	10
631.636	1	-1
631.805	1	13
631.975	1	13
632.145	1	-9
632.314	1	14
632.484	1	1
632.653	1	1
632.823	1	15
632.993	1	7
633.162	1	7
633.332	1	5
633.501	1	3
633.671	1	1
633.841	1	3
634.010	1	2
634.180	1	-9
634.349	1	11
634.519	1	-2
634.689	1	19
634.858	1	15
635.028	1	1
635.197	1	1
635.367	1	6
635.537	1	-2
635.706	1	-2
635.876	1	-6
636.045	1	4
636.215	1	9
636.384	1	4
636.554	1	16
636.724	1	6
636.893	1	11
637.063	1	9
637.232	1	0
637.402	1	0
637.572	1	-6
637.741	1	9
637.911	1	4
638.080	1	4
638.250	1	14
638.419	1	13
638.589	1	14
638.759	1	5
638.928	1	1
639.098	1	3
639.267	1	5
639.437	1	-14
639.606	1	19
639.776	1	-3
639.946	1	-3
640.115	1	3
640.285	1	1
640.454	1	19
640.624	1	12
640.793	1	14
640.963	1	-6
641.132	1	10
641.302	1	7
641.472	1	-5
641.641	1	5
641.811	1	-3
641.980	1	2
642.150	1	10
642.319	1	-3
642.489	1	-5
642.659	1	0
642.828	1	0
642.998	1	-4
643.167	1	11
643.337	1	10
643.506	1	-2
643.676	1	5
643.845	1	1
644.015	1	2
644.184	1	14
644.354	1	-7
644.524	1	1
644.693	1	2
644.863	1	0
645.032	1	4
645.202	1	5
645.371	1	2
645.541	1	1
645.710	1	-1
645.880	1	1
646.049	1	14
646.219	1	2
646.388	1	2
646.558	1	3
646.728	1	5
646.897	1	4
647.067	1	5
647.236	1	6
647.406	1	-6
647.575	1	9
647.745	1	5
647.914	1	1
648.084	1	7
648.253	1	14
648.423	1	7
648.592	1	4
648.762	1	5
648.931	1	6
649.101	1	1
649.270	1	8
649.440	1	12
649.610	1	14
649.779	1	-1
649.949	1	7
650.118	1	1
650.288	1	1
650.457	1	2
650.627	1	1
650.796	1	-2
650.966	1	4
651.135	1	14
651.305	1	-11
651.474	1	7
651.644	1	-3
651.813	1	7
651.983	1	3
652.152	1	-6
652.322	1	4
652.491	1	0
652.661	1	6
652.830	1	1
653.000	1	2
653.169	1	8
653.339	1	8
653.508	1	3
653.678	1	5
653.847	1	6
654.017	1	6
654.186	1	4
654.356	1	9
654.525	1	6
654.695	1	7
654.864	1	7
655.034	1	6
655.203	1	10
655.373	1	3
655.542	1	10
655.712	1	7
655.881	1	5
656.051	1	19
656.220	1	10
656.390	1	-1
656.559	1	-5
656.729	1	12
656.898	1	6
657.068	1	6
657.237	1	6
657.406	1	11
657.576	1	1
657.745	1	3
657.915	1	11
658.084	1	7
658.254	1	5
658.423	1	0
658.593	1	5
658.762	1	-4
658.932	1	4
659.101	1	3
659.271	1	13
659.440	1	20
659.610	1	4
659.779	1	-2
659.949	1	0
660.118	1	7
660.288	1	3
660.457	1	5
660.626	1	0
660.796	1	5
660.965	1	0
661.135	1	15
661.304	1	1
661.474	1	3
661.643	1	3
661.813	1	5
661.982	1	7
662.152	1	10
662.321	1	10
662.491	1	0
662.660	1	6
662.829	1	0
662.999	1	11
663.168	1	0
663.338	1	2
663.507	1	10
663.677	1	-7
663.846	1	12
664.016	1	2
664.185	1	3
664.354	1	1
664.524	1	-7
664.693	1	6
664.863	1	-2
665.032	1	19
665.202	1	-2
665.371	1	11
665.541	1	-7
665.710	1	-5
665.879	1	-4
666.049	1	5
666.218	1	-10
666.388	1	-7
666.557	1	0
666.727	1	-13
666.896	1	5
667.065	1	5
667.235	1	10
667.404	1	-3
667.574	1	1
667.743	1	3
667.913	1	10
668.082	1	2
668.251	1	7
668.421	1	-3
668.590	1	-3
668.760	1	-1
668.929	1	-3
669.099	1	-4
669.268	1	6
669.437	1	13
669.607	1	-5
669.776	1	9
669.946	1	15
670.115	1	6
670.285	1	1
670.454	1	6
670.623	1	2
670.793	1	2
670.962	1	7
671.132	1	6
671.301	1	0
671.470	1	10
671.640	1	-3
671.809	1	5
671.979	1	20
672.148	1	12
672.317	1	-1
672.487	1	1
672.656	1	4
672.826	1	-6
672.995	1	1
673.164	1	6
673.334	1	9
673.503	1	0
673.673	1	19
673.842	1	2
674.011	1	4
674.181	1	2
674.350	1	-6
674.520	1	-7
674.689	1	2
674.858	1	-1
675.028	1	9
675.197	1	6
675.367	1	9
675.536	1	16
675.705	1	-11
675.875	1	9
676.044	1	-3
676.214	1	-3
676.383	1	0
676.552	1	-7
676.722	1	10
676.891	1	-7
677.060	1	4
677.230	1	20
677.399	1	8
677.569	1	0
677.738	1	0
677.907	1	-2
678.077	1	2
678.246	1	-7
678.416	1	0
678.585	1	9
678.754	1	-1
678.924	1	1
679.093	1	15
679.262	1	-2
679.432	1	-4
679.601	1	-5
679.771	1	3
679.940	1	-3
680.109	1	9
680.279	1	-6
680.448	1	3
680.617	1	0
680.787	1	0
680.956	1	10
681.125	1	4
681.295	1	10
681.464	1	5
681.634	1	6
681.803	1	-14
681.972	1	-4
682.142	1	18
682.311	1	8
682.480	1	-1
682.650	1	5
682.819	1	1
682.988	1	-8
683.158	1	3
683.327	1	2
683.496	1	0
683.666	1	20
683.835	1	5
684.004	1	-2
684.174	1	7
684.343	1	-4
684.512	1	-3
684.682	1	17
684.851	1	-2
685.021	1	10
685.190	1	16
685.359	1	-11
685.529	1	2
685.698	1	3
685.867	1	3
686.037	1	3
686.206	1	7
686.375	1	9
686.545	1	12
686.714	1	1
686.883	1	-7
687.053	1	5
687.222	1	1
687.391	1	1
687.561	1	7
687.730	1	0
687.899	1	-4
688.069	1	6
688.238	1	8
688.407	1	4
688.577	1	-7
688.746	1	6
