340.368	1	3
340.539	1	-1
340.710	1	-4
340.881	1	1
341.052	1	-4
341.223	1	5
341.394	1	-3
341.565	1	-6
341.737	1	1
341.908	1	0
342.079	1	-9
342.250	1	3
342.421	1	-3
342.592	1	-2
342.763	1	-2
342.934	1	2
343.105	1	10
343.276	1	-4
343.447	1	4
343.618	1	-9
343.789	1	-5
343.960	1	-3
344.131	1	0
344.302	1	0
344.473	1	5
344.644	1	-11
344.815	1	6
344.986	1	-5
345.157	1	1
345.328	1	-9
345.499	1	5
345.670	1	5
345.841	1	-7
346.012	1	14
346.183	1	0
346.354	1	-2
346.526	1	5
346.697	1	1
346.868	1	6
347.039	1	-10
347.210	1	-7
347.381	1	-4
347.552	1	-9
347.723	1	-6
347.894	1	-4
348.065	1	4
348.236	1	1
348.407	1	1
348.578	1	13
348.749	1	-2
348.920	1	14
349.091	1	0
349.262	1	-3
349.433	1	-1
349.604	1	2
349.775	1	3
349.946	1	16
350.117	1	8
350.288	1	1
350.459	1	4
350.630	1	-9
350.801	1	0
350.972	1	-3
351.143	1	-8
351.314	1	-5
351.485	1	-2
351.656	1	1
351.827	1	3
351.998	1	-8
352.169	1	7
352.340	1	1
352.511	1	-1
352.682	1	1
352.853	1	-6
353.024	1	-2
353.195	1	-10
353.366	1	3
353.537	1	-6
353.708	1	5
353.879	1	11
354.050	1	-7
354.221	1	-1
354.392	1	7
354.563	1	12
354.734	1	-6
354.905	1	6
355.076	1	-1
355.247	1	-11
355.418	1	3
355.589	1	0
355.760	1	0
355.931	1	-4
356.102	1	-3
356.273	1	2
356.444	1	1
356.615	1	-3
356.785	1	8
356.956	1	-3
357.127	1	6
357.298	1	1
357.469	1	-10
357.640	1	10
357.811	1	11
357.982	1	-16
358.153	1	6
358.324	1	-8
358.495	1	17
358.666	1	0
358.837	1	-5
359.008	1	-8
359.179	1	5
359.350	1	-3
359.521	1	-4
359.692	1	6
359.863	1	-15
360.034	1	-4
360.205	1	2
360.376	1	1
360.547	1	7
360.718	1	-7
360.889	1	-1
361.060	1	-6
361.231	1	-1
361.401	1	12
361.572	1	-3
361.743	1	-12
361.914	1	-3
362.085	1	-17
362.256	1	9
362.427	1	-8
362.598	1	1
362.769	1	2
362.940	1	-1
363.111	1	3
363.282	1	-1
363.453	1	1
363.624	1	3
363.795	1	-1
363.966	1	6
364.137	1	-7
364.308	1	-16
364.478	1	0
364.649	1	-9
364.820	1	5
364.991	1	1
365.162	1	-15
365.333	1	4
365.504	1	-8
365.675	1	-2
365.846	1	-13
366.017	1	1
366.188	1	-6
366.359	1	-3
366.530	1	-2
366.701	1	-7
366.871	1	5
367.042	1	0
367.213	1	1
367.384	1	-1
367.555	1	-1
367.726	1	4
367.897	1	-3
368.068	1	-3
368.239	1	7
368.410	1	-1
368.581	1	4
368.752	1	-13
368.923	1	-17
369.093	1	3
369.264	1	1
369.435	1	-4
369.606	1	0
369.777	1	-2
369.948	1	3
370.119	1	-4
370.290	1	-2
370.461	1	-5
370.632	1	-4
370.803	1	4
370.973	1	10
371.144	1	4
371.315	1	1
371.486	1	8
371.657	1	-1
371.828	1	7
371.999	1	1
372.170	1	0
372.341	1	3
372.512	1	-9
372.682	1	-1
372.853	1	1
373.024	1	-8
373.195	1	-6
373.366	1	-13
373.537	1	1
373.708	1	3
373.879	1	12
374.050	1	-3
374.220	1	-3
374.391	1	4
374.562	1	-8
374.733	1	3
374.904	1	3
375.075	1	-5
375.246	1	3
375.417	1	-3
375.588	1	5
375.758	1	2
375.929	1	0
376.100	1	4
376.271	1	-7
376.442	1	0
376.613	1	-6
376.784	1	-5
376.955	1	-2
377.125	1	8
377.296	1	6
377.467	1	-2
377.638	1	-3
377.809	1	11
377.980	1	3
378.151	1	-13
378.321	1	4
378.492	1	0
378.663	1	-10
378.834	1	3
379.005	1	7
379.176	1	-6
379.347	1	5
379.518	1	-15
379.688	1	-5
379.859	1	0
380.030	1	-9
380.201	1	-8
380.372	1	0
380.543	1	3
380.714	1	2
380.884	1	-6
381.055	1	0
381.226	1	-2
381.397	1	-5
381.568	1	-8
381.739	1	6
381.910	1	-4
382.080	1	-16
382.251	1	-1
382.422	1	10
382.593	1	-14
382.764	1	0
382.935	1	0
383.105	1	0
383.276	1	-5
383.447	1	10
383.618	1	-4
383.789	1	-5
383.960	1	-4
384.130	1	-9
384.301	1	-5
384.472	1	-13
384.643	1	11
384.814	1	-1
384.985	1	-1
385.156	1	12
385.326	1	5
385.497	1	0
385.668	1	-5
385.839	1	5
386.010	1	4
386.180	1	-2
386.351	1	-7
386.522	1	-4
386.693	1	0
386.864	1	-15
387.035	1	-11
387.205	1	-8
387.376	1	-3
387.547	1	-6
387.718	1	8
387.889	1	6
388.060	1	-17
388.230	1	0
388.401	1	8
388.572	1	-2
388.743	1	-4
388.914	1	4
389.084	1	-7
389.255	1	5
389.426	1	-2
389.597	1	-6
389.768	1	6
389.939	1	1
390.109	1	-5
390.280	1	4
390.451	1	7
390.622	1	-11
390.793	1	-4
390.963	1	-3
391.134	1	-4
391.305	1	9
391.476	1	-2
391.647	1	5
391.817	1	2
391.988	1	-4
392.159	1	-3
392.330	1	6
392.501	1	8
392.671	1	-1
392.842	1	8
393.013	1	7
393.184	1	6
393.355	1	9
393.525	1	9
393.696	1	-6
393.867	1	-10
394.038	1	-5
394.208	1	-4
394.379	1	-1
394.550	1	9
394.721	1	-4
394.892	1	7
395.062	1	-4
395.233	1	5
395.404	1	8
395.575	1	-5
395.746	1	-9
395.916	1	-2
396.087	1	-3
396.258	1	-6
396.429	1	-4
396.599	1	-1
396.770	1	3
396.941	1	16
397.112	1	0
397.283	1	4
397.453	1	-7
397.624	1	-4
397.795	1	1
397.966	1	11
398.136	1	-1
398.307	1	-4
398.478	1	-8
398.649	1	-2
398.819	1	-2
398.990	1	-1
399.161	1	-5
399.332	1	7
399.503	1	0
399.673	1	-2
399.844	1	-4
400.015	1	9
400.186	1	7
400.356	1	-13
400.527	1	-1
400.698	1	-6
400.869	1	5
401.039	1	1
401.210	1	-8
401.381	1	1
401.552	1	19
401.722	1	10
401.893	1	1
402.064	1	-4
402.235	1	6
402.405	1	-9
402.576	1	10
402.747	1	-6
402.918	1	-4
403.088	1	-3
403.259	1	-14
403.430	1	-4
403.601	1	-14
403.771	1	-7
403.942	1	-1
404.113	1	4
404.284	1	4
404.454	1	4
404.625	1	1
404.796	1	-4
404.967	1	-7
405.137	1	4
405.308	1	-6
405.479	1	4
405.649	1	-5
405.820	1	-2
405.991	1	-1
406.162	1	-9
406.332	1	-1
406.503	1	-13
406.674	1	4
406.845	1	2
407.015	1	-11
407.186	1	7
407.357	1	0
407.527	1	0
407.698	1	-9
407.869	1	-8
408.040	1	-8
408.210	1	-8
408.381	1	-4
408.552	1	1
408.722	1	-1
408.893	1	-3
409.064	1	-3
409.235	1	2
409.405	1	-1
409.576	1	-10
409.747	1	-10
409.917	1	-1
410.088	1	-2
410.259	1	-4
410.430	1	0
410.600	1	-3
410.771	1	1
410.942	1	1
411.112	1	1
411.283	1	-9
411.454	1	1
411.625	1	-5
411.795	1	-4
411.966	1	7
412.137	1	0
412.307	1	4
412.478	1	8
412.649	1	-4
412.819	1	-2
412.990	1	-1
413.161	1	-8
413.332	1	-8
413.502	1	-13
413.673	1	3
413.844	1	-5
414.014	1	-8
414.185	1	1
414.356	1	-7
414.526	1	3
414.697	1	3
414.868	1	3
415.038	1	-1
415.209	1	-8
415.380	1	-6
415.550	1	-15
415.721	1	-6
415.892	1	1
416.063	1	14
416.233	1	-8
416.404	1	-2
416.575	1	0
416.745	1	-3
416.916	1	-10
417.087	1	2
417.257	1	2
417.428	1	-5
417.599	1	-1
417.769	1	-2
417.940	1	1
418.111	1	-9
418.281	1	1
418.452	1	-5
418.623	1	-10
418.793	1	14
418.964	1	4
419.135	1	1
419.305	1	-5
419.476	1	5
419.647	1	1
419.817	1	-3
419.988	1	-4
420.159	1	-15
420.329	1	7
420.500	1	5
420.671	1	7
420.841	1	1
421.012	1	0
421.183	1	7
421.353	1	-3
421.524	1	1
421.695	1	-2
421.865	1	0
422.036	1	-11
422.206	1	-4
422.377	1	5
422.548	1	-1
422.718	1	-8
422.889	1	3
423.060	1	-3
423.230	1	10
423.401	1	-5
423.572	1	-12
423.742	1	-1
423.913	1	7
424.084	1	-3
424.254	1	-3
424.425	1	-6
424.595	1	-12
424.766	1	2
424.937	1	-12
425.107	1	0
425.278	1	-17
425.449	1	5
425.619	1	-4
425.790	1	-7
425.961	1	5
426.131	1	-4
426.302	1	-2
426.472	1	-6
426.643	1	1
426.814	1	6
426.984	1	1
427.155	1	-10
427.326	1	-3
427.496	1	10
427.667	1	4
427.837	1	4
428.008	1	2
428.179	1	-16
428.349	1	-2
428.520	1	-9
428.691	1	-3
428.861	1	1
429.032	1	-7
429.202	1	3
429.373	1	-3
429.544	1	-2
429.714	1	8
429.885	1	-7
430.055	1	2
430.226	1	-1
430.397	1	-6
430.567	1	13
430.738	1	-4
430.909	1	-7
431.079	1	7
431.250	1	-6
431.420	1	3
431.591	1	2
431.762	1	3
431.932	1	0
432.103	1	-7
432.273	1	0
432.444	1	-2
432.615	1	8
432.785	1	-2
432.956	1	-1
433.126	1	0
433.297	1	5
433.468	1	5
433.638	1	1
433.809	1	-8
433.979	1	3
434.150	1	-5
434.320	1	-7
434.491	1	-1
434.662	1	-1
434.832	1	-2
435.003	1	4
435.173	1	-5
435.344	1	7
435.515	1	-2
435.685	1	3
435.856	1	-6
436.026	1	-1
436.197	1	-9
436.368	1	-7
436.538	1	4
436.709	1	-3
436.879	1	0
437.050	1	-2
437.220	1	9
437.391	1	0
437.562	1	4
437.732	1	1
437.903	1	-5
438.073	1	3
438.244	1	-18
438.414	1	0
438.585	1	0
438.756	1	8
438.926	1	-5
439.097	1	-1
439.267	1	8
439.438	1	6
439.608	1	6
439.779	1	3
439.949	1	4
440.120	1	4
440.291	1	-7
440.461	1	-11
440.632	1	3
440.802	1	5
440.973	1	-4
441.143	1	3
441.314	1	12
441.485	1	-1
441.655	1	8
441.826	1	-5
441.996	1	0
442.167	1	-4
442.337	1	-4
442.508	1	-6
442.678	1	-9
442.849	1	0
443.019	1	3
443.190	1	-9
443.361	1	10
443.531	1	-5
443.702	1	-10
443.872	1	-4
444.043	1	-4
444.213	1	-9
444.384	1	3
444.554	1	-3
444.725	1	-1
444.895	1	-8
445.066	1	-5
445.237	1	-1
445.407	1	-6
445.578	1	9
445.748	1	-7
445.919	1	-1
446.089	1	9
446.260	1	-3
446.430	1	-6
446.601	1	-9
446.771	1	2
446.942	1	8
447.112	1	0
447.283	1	-5
447.453	1	0
447.624	1	5
447.794	1	0
447.965	1	-8
448.135	1	-6
448.306	1	-7
448.477	1	-10
448.647	1	4
448.818	1	9
448.988	1	-8
449.159	1	-4
449.329	1	-4
449.500	1	4
449.670	1	7
449.841	1	3
450.011	1	4
450.182	1	-7
450.352	1	5
450.523	1	-9
450.693	1	-2
450.864	1	4
451.034	1	11
451.205	1	1
451.375	1	10
451.546	1	-1
451.716	1	8
451.887	1	-1
452.057	1	4
452.228	1	1
452.398	1	3
452.569	1	-6
452.739	1	-2
452.910	1	-15
453.080	1	2
453.251	1	-8
453.421	1	-4
453.592	1	-1
453.762	1	7
453.933	1	3
454.103	1	-1
454.274	1	-3
454.444	1	-3
454.615	1	3
454.785	1	-4
454.956	1	-4
455.126	1	-7
455.297	1	8
455.467	1	1
455.638	1	-7
455.808	1	0
455.979	1	3
456.149	1	-9
456.320	1	-3
456.490	1	2
456.661	1	-9
456.831	1	10
457.001	1	0
457.172	1	-4
457.342	1	0
457.513	1	10
457.683	1	1
457.854	1	1
458.024	1	2
458.195	1	-14
458.365	1	9
458.536	1	7
458.706	1	4
458.877	1	-3
459.047	1	-2
459.218	1	-3
459.388	1	2
459.559	1	3
459.729	1	8
459.899	1	3
460.070	1	3
460.240	1	7
460.411	1	4
460.581	1	4
460.752	1	6
460.922	1	8
461.093	1	-6
461.263	1	7
461.434	1	2
461.604	1	-18
461.775	1	-1
461.945	1	4
462.115	1	-12
462.286	1	8
462.456	1	-3
462.627	1	-4
462.797	1	-9
462.968	1	-5
463.138	1	-2
463.309	1	2
463.479	1	3
463.649	1	-3
463.820	1	6
463.990	1	-6
464.161	1	4
464.331	1	1
464.502	1	6
464.672	1	-3
464.843	1	0
465.013	1	-4
465.183	1	2
465.354	1	-3
465.524	1	7
465.695	1	-1
465.865	1	-1
466.036	1	-6
466.206	1	1
466.376	1	3
466.547	1	-1
466.717	1	-4
466.888	1	4
467.058	1	7
467.229	1	3
467.399	1	-3
467.569	1	2
467.740	1	-4
467.910	1	-7
468.081	1	-2
468.251	1	-8
468.422	1	6
468.592	1	3
468.762	1	-5
468.933	1	16
469.103	1	-11
469.274	1	-7
469.444	1	-7
469.614	1	-14
469.785	1	0
469.955	1	-4
470.126	1	6
470.296	1	6
470.467	1	-6
470.637	1	9
470.807	1	-3
470.978	1	-5
471.148	1	-4
471.319	1	2
471.489	1	-4
471.659	1	4
471.830	1	8
472.000	1	4
472.171	1	-3
472.341	1	-5
472.511	1	7
472.682	1	7
472.852	1	-6
473.023	1	0
473.193	1	-15
473.363	1	-8
473.534	1	-8
473.704	1	7
473.875	1	-2
474.045	1	-5
474.215	1	-12
474.386	1	0
474.556	1	-11
474.727	1	-4
474.897	1	-2
475.067	1	3
475.238	1	-2
475.408	1	11
475.578	1	-6
475.749	1	-7
475.919	1	4
476.090	1	-8
476.260	1	3
476.430	1	2
476.601	1	-5
476.771	1	9
476.942	1	-1
477.112	1	-1
477.282	1	-10
477.453	1	3
477.623	1	3
477.793	1	6
477.964	1	11
478.134	1	2
478.305	1	-4
478.475	1	-2
478.645	1	-4
478.816	1	-6
478.986	1	1
479.156	1	-4
479.327	1	-5
479.497	1	-3
479.667	1	1
479.838	1	0
480.008	1	6
480.179	1	1
480.349	1	2
480.519	1	-9
480.690	1	-2
480.860	1	2
481.030	1	-3
481.201	1	-3
481.371	1	-5
481.541	1	-1
481.712	1	11
481.882	1	-5
482.053	1	-1
482.223	1	-10
482.393	1	-13
482.564	1	-16
482.734	1	0
482.904	1	6
483.075	1	1
483.245	1	-4
483.415	1	7
483.586	1	1
483.756	1	2
483.926	1	8
484.097	1	-6
484.267	1	-3
484.437	1	-10
484.608	1	-5
484.778	1	-10
484.948	1	-8
485.119	1	-2
485.289	1	7
485.459	1	1
485.630	1	-4
485.800	1	2
485.970	1	2
486.141	1	-5
486.311	1	-3
486.481	1	3
486.652	1	2
486.822	1	-3
486.992	1	5
487.163	1	-7
487.333	1	-6
487.503	1	-9
487.674	1	2
487.844	1	0
488.014	1	2
488.185	1	-7
488.355	1	-11
488.525	1	-6
488.696	1	-12
488.866	1	9
489.036	1	-1
489.207	1	7
489.377	1	-1
489.547	1	-3
489.718	1	-11
489.888	1	-9
490.058	1	0
490.228	1	-6
490.399	1	4
490.569	1	11
490.739	1	3
490.910	1	-1
491.080	1	-3
491.250	1	1
491.421	1	1
491.591	1	-11
491.761	1	-2
491.932	1	-4
492.102	1	2
492.272	1	-3
492.442	1	3
492.613	1	2
492.783	1	-9
492.953	1	-1
493.124	1	-12
493.294	1	11
493.464	1	-9
493.635	1	-8
493.805	1	13
493.975	1	-5
494.145	1	3
494.316	1	0
494.486	1	5
494.656	1	-8
494.827	1	0
494.997	1	0
495.167	1	7
495.337	1	2
495.508	1	-3
495.678	1	0
495.848	1	12
496.019	1	4
496.189	1	0
496.359	1	5
496.529	1	0
496.700	1	-9
496.870	1	-3
497.040	1	-1
497.211	1	1
497.381	1	-28
497.551	1	2
497.721	1	-14
497.892	1	4
498.062	1	2
498.232	1	1
498.403	1	4
498.573	1	-5
498.743	1	-1
498.913	1	-7
499.084	1	-13
499.254	1	-5
499.424	1	11
499.594	1	-5
499.765	1	-1
499.935	1	-11
500.105	1	6
500.275	1	6
500.446	1	5
500.616	1	0
500.786	1	1
500.956	1	-3
501.127	1	4
501.297	1	3
501.467	1	4
501.638	1	-1
501.808	1	3
501.978	1	-1
502.148	1	-2
502.319	1	4
502.489	1	4
502.659	1	-3
502.829	1	-1
503.000	1	3
503.170	1	1
503.340	1	-8
503.510	1	-2
503.681	1	2
503.851	1	-13
504.021	1	1
504.191	1	5
504.362	1	-1
504.532	1	-10
504.702	1	5
504.872	1	-2
505.042	1	5
505.213	1	-11
505.383	1	-2
505.553	1	1
505.723	1	-1
505.894	1	-3
506.064	1	4
506.234	1	9
506.404	1	-5
506.575	1	-7
506.745	1	-2
506.915	1	-2
507.085	1	-5
507.256	1	0
507.426	1	-7
507.596	1	6
507.766	1	3
507.936	1	7
508.107	1	-1
508.277	1	-3
508.447	1	1
508.617	1	9
508.788	1	-3
508.958	1	-1
509.128	1	2
509.298	1	8
509.468	1	2
509.639	1	7
509.809	1	8
509.979	1	-3
510.149	1	4
510.319	1	4
510.490	1	-4
510.660	1	-2
510.830	1	-1
511.000	1	-2
511.171	1	10
511.341	1	-8
511.511	1	-5
511.681	1	-9
511.851	1	-3
512.022	1	-13
512.192	1	5
512.362	1	-5
512.532	1	-5
512.702	1	-14
512.873	1	11
513.043	1	-3
513.213	1	4
513.383	1	-11
513.553	1	-12
513.724	1	1
513.894	1	-1
514.064	1	0
514.234	1	7
514.404	1	-1
514.575	1	2
514.745	1	-10
514.915	1	2
515.085	1	4
515.255	1	-12
515.425	1	-13
515.596	1	-1
515.766	1	6
515.936	1	4
516.106	1	-3
516.276	1	5
516.447	1	8
516.617	1	2
516.787	1	-5
516.957	1	-3
517.127	1	5
517.297	1	-10
517.468	1	-5
517.638	1	3
517.808	1	3
517.978	1	-9
518.148	1	2
518.319	1	-5
518.489	1	-7
518.659	1	1
518.829	1	-6
518.999	1	-1
519.169	1	-9
519.340	1	1
519.510	1	-6
519.680	1	-5
519.850	1	-9
520.020	1	-5
520.190	1	2
520.361	1	-7
520.531	1	4
520.701	1	7
520.871	1	-10
521.041	1	2
521.211	1	2
521.382	1	-5
521.552	1	7
521.722	1	1
521.892	1	-10
522.062	1	0
522.232	1	-13
522.402	1	-18
522.573	1	-2
522.743	1	10
522.913	1	5
523.083	1	-8
523.253	1	0
523.423	1	-11
523.593	1	-16
523.764	1	4
523.934	1	7
524.104	1	-10
524.274	1	-1
524.444	1	-1
524.614	1	-6
524.784	1	1
524.955	1	-6
525.125	1	5
525.295	1	-11
525.465	1	-5
525.635	1	4
525.805	1	0
525.975	1	-13
526.146	1	1
526.316	1	-2
526.486	1	2
526.656	1	12
526.826	1	0
526.996	1	4
527.166	1	-9
527.337	1	0
527.507	1	-12
527.677	1	11
527.847	1	2
528.017	1	-1
528.187	1	-5
528.357	1	7
528.527	1	-6
528.698	1	-3
528.868	1	-3
529.038	1	0
529.208	1	-6
529.378	1	7
529.548	1	-3
529.718	1	9
529.888	1	7
530.058	1	-6
530.229	1	1
530.399	1	2
530.569	1	3
530.739	1	-6
530.909	1	2
531.079	1	2
531.249	1	-7
531.419	1	10
531.589	1	-9
531.760	1	2
531.930	1	-4
532.100	1	5
532.270	1	-4
532.440	1	-4
532.610	1	4
532.780	1	-6
532.950	1	7
533.120	1	0
533.290	1	-5
533.461	1	13
533.631	1	-2
533.801	1	-4
533.971	1	11
534.141	1	3
534.311	1	0
534.481	1	-3
534.651	1	-2
534.821	1	-2
534.991	1	-1
535.162	1	2
535.332	1	-11
535.502	1	1
535.672	1	-14
535.842	1	0
536.012	1	3
536.182	1	-8
536.352	1	-1
536.522	1	0
536.692	1	1
536.862	1	-2
537.032	1	4
537.203	1	3
537.373	1	-4
537.543	1	0
537.713	1	9
537.883	1	7
538.053	1	1
538.223	1	3
538.393	1	1
538.563	1	-4
538.733	1	-7
538.903	1	-4
539.073	1	3
539.243	1	-4
539.413	1	-8
539.584	1	2
539.754	1	-11
539.924	1	-1
540.094	1	5
540.264	1	3
540.434	1	-4
540.604	1	9
540.774	1	-3
540.944	1	-12
541.114	1	-13
541.284	1	-1
541.454	1	3
541.624	1	-8
541.794	1	2
541.964	1	-4
542.134	1	-2
542.305	1	-6
542.475	1	-8
542.645	1	-4
542.815	1	10
542.985	1	-4
543.155	1	0
543.325	1	-7
543.495	1	-6
543.665	1	2
543.835	1	0
544.005	1	-4
544.175	1	1
544.345	1	0
544.515	1	-6
544.685	1	-5
544.855	1	2
545.025	1	-6
545.195	1	-3
545.365	1	4
545.535	1	0
545.705	1	-4
545.875	1	-4
546.045	1	2
546.216	1	-2
546.386	1	-7
546.556	1	-6
546.726	1	-7
546.896	1	0
547.066	1	-13
547.236	1	-10
547.406	1	2
547.576	1	7
547.746	1	0
547.916	1	1
548.086	1	5
548.256	1	-8
548.426	1	0
548.596	1	7
548.766	1	3
548.936	1	-7
549.106	1	7
549.276	1	5
549.446	1	-3
549.616	1	11
549.786	1	3
549.956	1	4
550.126	1	-5
550.296	1	7
550.466	1	-6
550.636	1	-2
550.806	1	6
550.976	1	-5
551.146	1	-5
551.316	1	-4
551.486	1	6
551.656	1	-8
551.826	1	2
551.996	1	5
552.166	1	-3
552.336	1	-3
552.506	1	-15
552.676	1	-5
552.846	1	12
553.016	1	-7
553.186	1	-1
553.356	1	0
553.526	1	-1
553.696	1	8
553.866	1	7
554.036	1	-6
554.206	1	1
554.376	1	-4
554.546	1	-15
554.716	1	-5
554.886	1	-6
555.056	1	-4
555.226	1	-10
555.396	1	-5
555.566	1	6
555.736	1	-2
555.906	1	0
556.076	1	3
556.246	1	3
556.416	1	3
556.586	1	9
556.756	1	2
556.926	1	-5
557.096	1	-5
557.266	1	4
557.436	1	7
557.606	1	-19
557.776	1	-1
557.946	1	2
558.116	1	6
558.286	1	-3
558.456	1	-13
558.626	1	-2
558.796	1	-4
558.966	1	-4
559.136	1	5
559.306	1	-9
559.476	1	-6
559.646	1	-6
559.816	1	1
559.986	1	-5
560.155	1	-4
560.325	1	-20
560.495	1	1
560.665	1	1
560.835	1	1
561.005	1	-7
561.175	1	-5
561.345	1	-6
561.515	1	-6
561.685	1	-6
561.855	1	8
562.025	1	-7
562.195	1	-9
562.365	1	-6
562.535	1	3
562.705	1	5
562.875	1	0
563.045	1	0
563.215	1	-5
563.385	1	1
563.555	1	0
563.725	1	-4
563.895	1	-6
564.064	1	1
564.234	1	-1
564.404	1	-10
564.574	1	0
564.744	1	-4
564.914	1	-12
565.084	1	-3
565.254	1	-4
565.424	1	-10
565.594	1	-2
565.764	1	16
565.934	1	-1
566.104	1	-7
566.274	1	-9
566.444	1	-3
566.614	1	-3
566.783	1	3
566.953	1	-2
567.123	1	12
567.293	1	2
567.463	1	2
567.633	1	-3
567.803	1	-1
567.973	1	-1
568.143	1	-16
568.313	1	-3
568.483	1	-9
568.653	1	-3
568.823	1	11
568.993	1	-7
569.162	1	8
569.332	1	-7
569.502	1	1
569.672	1	2
569.842	1	-7
570.012	1	6
570.182	1	2
570.352	1	2
570.522	1	-4
570.692	1	5
570.862	1	2
571.031	1	0
571.201	1	2
571.371	1	-1
571.541	1	-4
571.711	1	10
571.881	1	4
572.051	1	4
572.221	1	-4
572.391	1	-3
572.561	1	-17
572.731	1	-3
572.900	1	10
573.070	1	6
573.240	1	-16
573.410	1	0
573.580	1	5
573.750	1	7
573.920	1	-8
574.090	1	-1
574.260	1	-7
574.430	1	-9
574.599	1	-8
574.769	1	-6
574.939	1	-9
575.109	1	-2
575.279	1	5
575.449	1	2
575.619	1	7
575.789	1	13
575.959	1	-13
576.128	1	-2
576.298	1	-9
576.468	1	-3
576.638	1	9
576.808	1	-9
576.978	1	1
577.148	1	-3
577.318	1	9
577.487	1	-6
577.657	1	-16
577.827	1	5
577.997	1	-9
578.167	1	4
578.337	1	2
578.507	1	2
578.677	1	-12
578.846	1	-3
579.016	1	10
579.186	1	1
579.356	1	-14
579.526	1	-4
579.696	1	0
579.866	1	-1
580.036	1	-1
580.205	1	-3
580.375	1	-6
580.545	1	-6
580.715	1	7
580.885	1	-3
581.055	1	4
581.225	1	-12
581.394	1	-11
581.564	1	-2
581.734	1	3
581.904	1	-2
582.074	1	-3
582.244	1	-5
582.414	1	-10
582.583	1	-12
582.753	1	-7
582.923	1	-10
583.093	1	1
583.263	1	2
583.433	1	-12
583.603	1	0
583.772	1	-4
583.942	1	5
584.112	1	-6
584.282	1	0
584.452	1	4
584.622	1	-1
584.791	1	-10
584.961	1	0
585.131	1	2
585.301	1	5
585.471	1	-1
585.641	1	2
585.811	1	-5
585.980	1	-14
586.150	1	-4
586.320	1	-5
586.490	1	-5
586.660	1	-3
586.830	1	-9
586.999	1	-1
587.169	1	3
587.339	1	-2
587.509	1	-4
587.679	1	12
587.849	1	8
588.018	1	-4
588.188	1	5
588.358	1	2
588.528	1	-2
588.698	1	-2
588.867	1	12
589.037	1	2
589.207	1	-3
589.377	1	7
589.547	1	-8
589.717	1	7
589.886	1	-8
590.056	1	-1
590.226	1	11
590.396	1	-6
590.566	1	-2
590.735	1	12
590.905	1	0
591.075	1	-10
591.245	1	-11
591.415	1	-1
591.585	1	-2
591.754	1	9
591.924	1	-9
592.094	1	3
592.264	1	-10
592.434	1	3
592.603	1	4
592.773	1	-6
592.943	1	-11
593.113	1	-4
593.283	1	-5
593.452	1	-16
593.622	1	-4
593.792	1	0
593.962	1	3
594.132	1	-3
594.301	1	8
594.471	1	5
594.641	1	0
594.811	1	-4
594.981	1	-4
595.150	1	-15
595.320	1	3
595.490	1	-13
595.660	1	-1
595.829	1	2
595.999	1	-4
596.169	1	-5
596.339	1	3
596.509	1	6
596.678	1	-4
596.848	1	3
597.018	1	5
597.188	1	6
597.358	1	5
597.527	1	-1
597.697	1	-6
597.867	1	4
598.037	1	-7
598.206	1	-6
598.376	1	9
598.546	1	-7
598.716	1	-9
598.885	1	-4
599.055	1	-4
599.225	1	-2
599.395	1	-2
599.565	1	5
599.734	1	2
599.904	1	-5
600.074	1	1
600.244	1	3
600.413	1	-3
600.583	1	-1
600.753	1	2
600.923	1	10
601.092	1	-4
601.262	1	-2
601.432	1	-7
601.602	1	9
601.771	1	2
601.941	1	-1
602.111	1	-5
602.281	1	-1
602.451	1	1
602.620	1	3
602.790	1	8
602.960	1	-9
603.130	1	0
603.299	1	3
603.469	1	-5
603.639	1	2
603.809	1	4
603.978	1	-2
604.148	1	-5
604.318	1	-4
604.487	1	4
604.657	1	-4
604.827	1	-12
604.997	1	-3
605.166	1	-13
605.336	1	0
605.506	1	4
605.676	1	-7
605.845	1	0
606.015	1	6
606.185	1	-4
606.355	1	2
606.524	1	-2
606.694	1	2
606.864	1	-5
607.034	1	-6
607.203	1	15
607.373	1	8
607.543	1	-5
607.712	1	4
607.882	1	-9
608.052	1	3
608.222	1	7
608.391	1	1
608.561	1	-2
608.731	1	-8
608.901	1	3
609.070	1	2
609.240	1	-2
609.410	1	-3
609.579	1	4
609.749	1	-8
609.919	1	-12
610.089	1	-10
610.258	1	13
610.428	1	-7
610.598	1	-9
610.767	1	-2
610.937	1	-4
611.107	1	4
611.277	1	-1
611.446	1	2
611.616	1	-8
611.786	1	3
611.955	1	5
612.125	1	2
612.295	1	-7
612.465	1	-6
612.634	1	-9
612.804	1	2
612.974	1	0
613.143	1	-10
613.313	1	0
613.483	1	5
613.652	1	-5
613.822	1	6
613.992	1	4
614.162	1	4
614.331	1	4
614.501	1	1
614.671	1	2
614.840	1	8
615.010	1	-4
615.180	1	-2
615.349	1	-4
615.519	1	6
615.689	1	-6
615.858	1	-2
616.028	1	0
616.198	1	5
616.368	1	-9
616.537	1	-2
616.707	1	-7
616.877	1	3
617.046	1	-1
617.216	1	-2
617.386	1	0
617.555	1	-5
617.725	1	-2
617.895	1	-8
618.064	1	-8
618.234	1	-1
618.404	1	5
618.573	1	-2
618.743	1	-5
618.913	1	-3
619.082	1	4
619.252	1	3
619.422	1	-4
619.591	1	2
619.761	1	3
619.931	1	0
620.100	1	1
620.270	1	-2
620.440	1	1
620.609	1	-4
620.779	1	-1
620.949	1	-2
621.118	1	-2
621.288	1	-1
621.458	1	2
621.627	1	-9
621.797	1	-1
621.967	1	-5
622.136	1	-2
622.306	1	8
622.476	1	4
622.645	1	6
622.815	1	-2
622.985	1	-2
623.154	1	-5
623.324	1	2
623.494	1	-9
623.663	1	-5
623.833	1	-6
624.002	1	-2
624.172	1	3
624.342	1	-9
624.511	1	1
624.681	1	-9
624.851	1	-15
625.020	1	-2
625.190	1	-4
625.360	1	-6
625.529	1	2
625.699	1	-2
625.869	1	1
626.038	1	7
626.208	1	-6
626.377	1	17
626.547	1	1
626.717	1	-8
626.886	1	-2
627.056	1	3
627.226	1	2
627.395	1	4
627.565	1	9
627.735	1	4
627.904	1	-8
628.074	1	7
628.243	1	-16
628.413	1	-4
628.583	1	-6
628.752	1	3
628.922	1	2
629.091	1	9
629.261	1	11
629.431	1	-14
629.600	1	6
629.770	1	2
629.940	1	-8
630.109	1	4
630.279	1	-8
630.448	1	-9
630.618	1	-3
630.788	1	-3
630.957	1	1
631.127	1	12
631.297	1	-4
631.466	1	-2
631.636	1	-2
631.805	1	-4
631.975	1	2
632.145	1	-9
632.314	1	9
632.484	1	-9
632.653	1	-1
632.823	1	-2
632.993	1	0
633.162	1	-2
633.332	1	0
633.501	1	-2
633.671	1	-5
633.841	1	2
634.010	1	-1
634.180	1	3
634.349	1	0
634.519	1	3
634.689	1	0
634.858	1	3
635.028	1	6
635.197	1	-5
635.367	1	-5
635.537	1	-4
635.706	1	-8
635.876	1	-5
636.045	1	0
636.215	1	2
636.384	1	5
636.554	1	-1
636.724	1	4
636.893	1	-1
637.063	1	5
637.232	1	-8
637.402	1	-3
637.572	1	-7
637.741	1	1
637.911	1	-5
638.080	1	-3
638.250	1	7
638.419	1	4
638.589	1	3
638.759	1	11
638.928	1	-10
639.098	1	-3
639.267	1	6
639.437	1	-15
639.606	1	8
639.776	1	5
639.946	1	-2
640.115	1	-3
640.285	1	4
640.454	1	7
640.624	1	1
640.793	1	10
640.963	1	-10
641.132	1	5
641.302	1	-1
641.472	1	3
641.641	1	-7
641.811	1	-8
641.980	1	-2
642.150	1	-8
642.319	1	-7
642.489	1	-5
642.659	1	-5
642.828	1	-4
642.998	1	-11
643.167	1	7
643.337	1	10
643.506	1	-6
643.676	1	1
643.845	1	-2
644.015	1	-10
644.184	1	8
644.354	1	-8
644.524	1	-6
644.693	1	4
644.863	1	-12
645.032	1	-3
645.202	1	0
645.371	1	-11
645.541	1	-9
645.710	1	-9
645.880	1	3
646.049	1	5
646.219	1	4
646.388	1	-1
646.558	1	-8
646.728	1	5
646.897	1	-8
647.067	1	-1
647.236	1	-1
647.406	1	-1
647.575	1	3
647.745	1	3
647.914	1	-6
648.084	1	-5
648.253	1	-9
648.423	1	-3
648.592	1	-10
648.762	1	-5
648.931	1	2
649.101	1	3
649.270	1	6
649.440	1	3
649.610	1	8
649.779	1	-3
649.949	1	3
650.118	1	-20
650.288	1	-10
650.457	1	1
650.627	1	-1
650.796	1	4
650.966	1	-13
651.135	1	1
651.305	1	-4
651.474	1	-4
651.644	1	3
651.813	1	7
651.983	1	-1
652.152	1	-8
652.322	1	-3
652.491	1	12
652.661	1	0
652.830	1	9
653.000	1	0
653.169	1	1
653.339	1	-1
653.508	1	-2
653.678	1	3
653.847	1	4
654.017	1	-2
654.186	1	1
654.356	1	4
654.525	1	-2
654.695	1	2
654.864	1	-2
655.034	1	-1
655.203	1	-4
655.373	1	2
655.542	1	-5
655.712	1	-9
655.881	1	9
656.051	1	6
656.220	1	10
656.390	1	4
656.559	1	-9
656.729	1	7
656.898	1	-1
657.068	1	-4
657.237	1	2
657.406	1	2
657.576	1	-4
657.745	1	-6
657.915	1	2
658.084	1	3
658.254	1	-2
658.423	1	-7
658.593	1	-10
658.762	1	-5
658.932	1	-8
659.101	1	-2
659.271	1	-2
659.440	1	4
659.610	1	-8
659.779	1	-6
659.949	1	-5
660.118	1	2
660.288	1	-2
660.457	1	0
660.626	1	-7
660.796	1	-2
660.965	1	-3
661.135	1	0
661.304	1	-2
661.474	1	6
661.643	1	2
661.813	1	-3
661.982	1	1
662.152	1	-7
662.321	1	4
662.491	1	10
662.660	1	-4
662.829	1	-8
662.999	1	-1
663.168	1	-7
663.338	1	-11
663.507	1	-5
663.677	1	-6
663.846	1	8
664.016	1	-4
664.185	1	-1
664.354	1	0
664.524	1	-12
664.693	1	-4
664.863	1	-6
665.032	1	-2
665.202	1	-1
665.371	1	2
665.541	1	-1
665.710	1	3
665.879	1	0
666.049	1	0
666.218	1	-8
666.388	1	-5
666.557	1	-3
666.727	1	-18
666.896	1	-9
667.065	1	14
667.235	1	-1
667.404	1	0
667.574	1	-6
667.743	1	-2
667.913	1	-3
668.082	1	-11
668.251	1	-9
668.421	1	-8
668.590	1	-5
668.760	1	-6
668.929	1	5
669.099	1	-6
669.268	1	-2
669.437	1	-3
669.607	1	-15
669.776	1	-2
669.946	1	8
670.115	1	-5
670.285	1	2
670.454	1	-8
670.623	1	7
670.793	1	-2
670.962	1	10
671.132	1	18
671.301	1	-18
671.470	1	-3
671.640	1	-8
671.809	1	-7
671.979	1	8
672.148	1	8
672.317	1	-4
672.487	1	-1
672.656	1	4
672.826	1	-17
672.995	1	4
673.164	1	5
673.334	1	6
673.503	1	3
673.673	1	13
673.842	1	-5
674.011	1	8
674.181	1	-8
674.350	1	-14
674.520	1	-8
674.689	1	-2
674.858	1	-4
675.028	1	-9
675.197	1	-13
675.367	1	1
675.536	1	8
675.705	1	-12
675.875	1	-3
676.044	1	-7
676.214	1	2
676.383	1	-5
676.552	1	-13
676.722	1	7
676.891	1	-24
677.060	1	-1
677.230	1	6
677.399	1	1
677.569	1	-10
677.738	1	-2
677.907	1	-6
678.077	1	6
678.246	1	-6
678.416	1	1
678.585	1	2
678.754	1	3
678.924	1	-10
679.093	1	6
679.262	1	-1
679.432	1	-8
679.601	1	-10
679.771	1	-4
679.940	1	0
680.109	1	3
680.279	1	-14
680.448	1	-2
680.617	1	-4
680.787	1	-3
680.956	1	-2
681.125	1	-1
681.295	1	2
681.464	1	-12
681.634	1	5
681.803	1	-15
681.972	1	-5
682.142	1	2
682.311	1	0
682.480	1	0
682.650	1	-9
682.819	1	-5
682.988	1	5
683.158	1	-1
683.327	1	6
683.496	1	-2
683.666	1	-2
683.835	1	-1
684.004	1	-7
684.174	1	-7
684.343	1	-6
684.512	1	-2
684.682	1	0
684.851	1	1
685.021	1	5
685.190	1	6
685.359	1	-8
685.529	1	0
685.698	1	-5
685.867	1	-1
686.037	1	0
686.206	1	2
686.375	1	-1
686.545	1	5
686.714	1	4
686.883	1	-9
687.053	1	-5
687.222	1	1
687.391	1	-2
687.561	1	-2
687.730	1	-11
687.899	1	3
688.069	1	1
688.238	1	-7
688.407	1	10
688.577	1	-3
688.746	1	-5
