340.368	1	2
340.539	1	1
340.710	1	-10
340.881	1	0
341.052	1	4
341.223	1	12
341.394	1	-6
341.565	1	-9
341.737	1	5
341.908	1	3
342.079	1	-2
342.250	1	-3
342.421	1	-4
342.592	1	-4
342.763	1	0
342.934	1	-1
343.105	1	6
343.276	1	-9
343.447	1	3
343.618	1	3
343.789	1	2
343.960	1	3
344.131	1	-8
344.302	1	1
344.473	1	2
344.644	1	-10
344.815	1	3
344.986	1	-1
345.157	1	3
345.328	1	-6
345.499	1	5
345.670	1	1
345.841	1	4
346.012	1	5
346.183	1	4
346.354	1	-1
346.526	1	7
346.697	1	-6
346.868	1	-1
347.039	1	-3
347.210	1	-5
347.381	1	-3
347.552	1	3
347.723	1	-1
347.894	1	-1
348.065	1	0
348.236	1	-6
348.407	1	-1
348.578	1	-1
348.749	1	5
348.920	1	9
349.091	1	-3
349.262	1	-8
349.433	1	-9
349.604	1	16
349.775	1	8
349.946	1	2
350.117	1	1
350.288	1	5
350.459	1	4
350.630	1	-8
350.801	1	1
350.972	1	0
351.143	1	-10
351.314	1	-10
351.485	1	-7
351.656	1	-7
351.827	1	-3
351.998	1	-8
352.169	1	15
352.340	1	-13
352.511	1	-7
352.682	1	2
352.853	1	-6
353.024	1	-2
353.195	1	-5
353.366	1	5
353.537	1	-2
353.708	1	3
353.879	1	7
354.050	1	9
354.221	1	-12
354.392	1	9
354.563	1	8
354.734	1	-5
354.905	1	2
355.076	1	-1
355.247	1	-2
355.418	1	-4
355.589	1	-8
355.760	1	-4
355.931	1	-3
356.102	1	3
356.273	1	4
356.444	1	4
356.615	1	9
356.785	1	6
356.956	1	-8
357.127	1	-1
357.298	1	-3
357.469	1	-1
357.640	1	6
357.811	1	10
357.982	1	-2
358.153	1	-6
358.324	1	-3
358.495	1	17
358.666	1	7
358.837	1	-9
359.008	1	-4
359.179	1	-1
359.350	1	0
359.521	1	-4
359.692	1	-4
359.863	1	-8
360.034	1	-2
360.205	1	1
360.376	1	2
360.547	1	1
360.718	1	-2
360.889	1	4
361.060	1	2
361.231	1	5
361.401	1	5
361.572	1	-6
361.743	1	2
361.914	1	-11
362.085	1	-7
362.256	1	9
362.427	1	4
362.598	1	-3
362.769	1	8
362.940	1	-8
363.111	1	5
363.282	1	4
363.453	1	-4
363.624	1	-8
363.795	1	6
363.966	1	1
364.137	1	-10
364.308	1	3
364.478	1	1
364.649	1	-1
364.820	1	4
364.991	1	10
365.162	1	-9
365.333	1	2
365.504	1	-5
365.675	1	-1
365.846	1	-11
366.017	1	9
366.188	1	-7
366.359	1	-2
366.530	1	7
366.701	1	-13
366.871	1	12
367.042	1	8
367.213	1	2
367.384	1	8
367.555	1	-2
367.726	1	4
367.897	1	2
368.068	1	-3
368.239	1	3
368.410	1	3
368.581	1	5
368.752	1	-13
368.923	1	-2
369.093	1	-3
369.264	1	0
369.435	1	1
369.606	1	0
369.777	1	-1
369.948	1	0
370.119	1	-3
370.290	1	-7
370.461	1	8
370.632	1	-3
370.803	1	-2
370.973	1	8
371.144	1	1
371.315	1	-2
371.486	1	10
371.657	1	2
371.828	1	-4
371.999	1	-5
372.170	1	6
372.341	1	4
372.512	1	-10
372.682	1	-5
372.853	1	9
373.024	1	1
373.195	1	-8
373.366	1	1
373.537	1	8
373.708	1	-4
373.879	1	6
374.050	1	8
374.220	1	0
374.391	1	-13
374.562	1	-2
374.733	1	14
374.904	1	4
375.075	1	4
375.246	1	2
375.417	1	5
375.588	1	3
375.758	1	-2
375.929	1	4
376.100	1	12
376.271	1	-14
376.442	1	2
376.613	1	2
376.784	1	0
376.955	1	-3
377.125	1	1
377.296	1	6
377.467	1	-5
377.638	1	-4
377.809	1	13
377.980	1	0
378.151	1	-2
378.321	1	5
378.492	1	-4
378.663	1	-10
378.834	1	9
379.005	1	8
379.176	1	0
379.347	1	10
379.518	1	-4
379.688	1	-2
379.859	1	0
380.030	1	-4
380.201	1	-9
380.372	1	-1
380.543	1	2
380.714	1	1
380.884	1	-13
381.055	1	0
381.226	1	-1
381.397	1	-8
381.568	1	-4
381.739	1	4
381.910	1	2
382.080	1	-8
382.251	1	1
382.422	1	12
382.593	1	2
382.764	1	-3
382.935	1	8
383.105	1	-10
383.276	1	-1
383.447	1	0
383.618	1	7
383.789	1	7
383.960	1	-5
384.130	1	-1
384.301	1	-2
384.472	1	-4
384.643	1	12
384.814	1	-2
384.985	1	5
385.156	1	13
385.326	1	2
385.497	1	10
385.668	1	4
385.839	1	4
386.010	1	2
386.180	1	0
386.351	1	-7
386.522	1	2
386.693	1	-4
386.864	1	0
387.035	1	-9
387.205	1	-2
387.376	1	4
387.547	1	-4
387.718	1	12
387.889	1	7
388.060	1	0
388.230	1	0
388.401	1	7
388.572	1	-10
388.743	1	7
388.914	1	6
389.084	1	10
389.255	1	11
389.426	1	6
389.597	1	-4
389.768	1	6
389.939	1	9
390.109	1	2
390.280	1	14
390.451	1	15
390.622	1	-6
390.793	1	5
390.963	1	3
391.134	1	6
391.305	1	7
391.476	1	6
391.647	1	5
391.817	1	-13
391.988	1	-6
392.159	1	7
392.330	1	10
392.501	1	5
392.671	1	14
392.842	1	7
393.013	1	9
393.184	1	9
393.355	1	17
393.525	1	8
393.696	1	2
393.867	1	3
394.038	1	-2
394.208	1	4
394.379	1	-2
394.550	1	3
394.721	1	1
394.892	1	0
395.062	1	-9
395.233	1	2
395.404	1	8
395.575	1	-3
395.746	1	-8
395.916	1	8
396.087	1	2
396.258	1	3
396.429	1	5
396.599	1	5
396.770	1	4
396.941	1	20
397.112	1	-3
397.283	1	8
397.453	1	-9
397.624	1	2
397.795	1	8
397.966	1	-1
398.136	1	5
398.307	1	6
398.478	1	-7
398.649	1	6
398.819	1	16
398.990	1	-4
399.161	1	12
399.332	1	6
399.503	1	3
399.673	1	0
399.844	1	-6
400.015	1	14
400.186	1	-3
400.356	1	1
400.527	1	-3
400.698	1	-6
400.869	1	3
401.039	1	-12
401.210	1	-4
401.381	1	4
401.552	1	9
401.722	1	9
401.893	1	4
402.064	1	3
402.235	1	11
402.405	1	-9
402.576	1	6
402.747	1	0
402.918	1	-8
403.088	1	-7
403.259	1	-1
403.430	1	-7
403.601	1	-8
403.771	1	9
403.942	1	1
404.113	1	9
404.284	1	-3
404.454	1	4
404.625	1	4
404.796	1	-6
404.967	1	2
405.137	1	8
405.308	1	4
405.479	1	-4
405.649	1	1
405.820	1	7
405.991	1	4
406.162	1	-3
406.332	1	-5
406.503	1	8
406.674	1	13
406.845	1	0
407.015	1	-11
407.186	1	15
407.357	1	4
407.527	1	-9
407.698	1	-5
407.869	1	-3
408.040	1	-6
408.210	1	3
408.381	1	6
408.552	1	0
408.722	1	-3
408.893	1	-2
409.064	1	0
409.235	1	-12
409.405	1	-1
409.576	1	-2
409.747	1	0
409.917	1	0
410.088	1	5
410.259	1	2
410.430	1	6
410.600	1	14
410.771	1	8
410.942	1	0
411.112	1	5
411.283	1	-4
411.454	1	12
411.625	1	-7
411.795	1	11
411.966	1	9
412.137	1	15
412.307	1	2
412.478	1	8
412.649	1	3
412.819	1	-3
412.990	1	9
413.161	1	-3
413.332	1	0
413.502	1	-8
413.673	1	11
413.844	1	1
414.014	1	-2
414.185	1	-7
414.356	1	-5
414.526	1	-1
414.697	1	5
414.868	1	9
415.038	1	-2
415.209	1	-11
415.380	1	0
415.550	1	-8
415.721	1	-3
415.892	1	2
416.063	1	5
416.233	1	-3
416.404	1	0
416.575	1	-2
416.745	1	-3
416.916	1	-5
417.087	1	-4
417.257	1	6
417.428	1	-10
417.599	1	0
417.769	1	8
417.940	1	-1
418.111	1	-1
418.281	1	5
418.452	1	-2
418.623	1	-4
418.793	1	6
418.964	1	-4
419.135	1	6
419.305	1	5
419.476	1	-4
419.647	1	6
419.817	1	-6
419.988	1	-7
420.159	1	-3
420.329	1	0
420.500	1	-4
420.671	1	-8
420.841	1	2
421.012	1	8
421.183	1	0
421.353	1	3
421.524	1	1
421.695	1	-3
421.865	1	-3
422.036	1	-9
422.206	1	-6
422.377	1	2
422.548	1	-1
422.718	1	-1
422.889	1	-1
423.060	1	1
423.230	1	7
423.401	1	3
423.572	1	8
423.742	1	1
423.913	1	7
424.084	1	0
424.254	1	3
424.425	1	2
424.595	1	-8
424.766	1	8
424.937	1	-10
425.107	1	-7
425.278	1	-5
425.449	1	1
425.619	1	-7
425.790	1	2
425.961	1	6
426.131	1	-6
426.302	1	-5
426.472	1	-4
426.643	1	7
426.814	1	5
426.984	1	4
427.155	1	1
427.326	1	-4
427.496	1	10
427.667	1	7
427.837	1	-6
428.008	1	9
428.179	1	-4
428.349	1	-1
428.520	1	-8
428.691	1	3
428.861	1	-1
429.032	1	-2
429.202	1	6
429.373	1	-16
429.544	1	5
429.714	1	-5
429.885	1	-4
430.055	1	-2
430.226	1	-11
430.397	1	3
430.567	1	0
430.738	1	-1
430.909	1	-6
431.079	1	1
431.250	1	-7
431.420	1	2
431.591	1	-6
431.762	1	1
431.932	1	-2
432.103	1	0
432.273	1	-11
432.444	1	4
432.615	1	1
432.785	1	-6
432.956	1	-11
433.126	1	7
433.297	1	8
433.468	1	-3
433.638	1	6
433.809	1	3
433.979	1	3
434.150	1	-8
434.320	1	-3
434.491	1	11
434.662	1	-12
434.832	1	-5
435.003	1	2
435.173	1	-1
435.344	1	-2
435.515	1	-7
435.685	1	0
435.856	1	-4
436.026	1	0
436.197	1	6
436.368	1	-5
436.538	1	1
436.709	1	-8
436.879	1	-7
437.050	1	6
437.220	1	0
437.391	1	1
437.562	1	1
437.732	1	11
437.903	1	-4
438.073	1	0
438.244	1	-6
438.414	1	3
438.585	1	-1
438.756	1	6
438.926	1	1
439.097	1	2
439.267	1	12
439.438	1	6
439.608	1	-7
439.779	1	2
439.949	1	-3
440.120	1	-5
440.291	1	-10
440.461	1	-6
440.632	1	3
440.802	1	2
440.973	1	5
441.143	1	5
441.314	1	-1
441.485	1	-6
441.655	1	15
441.826	1	-13
441.996	1	-5
442.167	1	3
442.337	1	-1
442.508	1	-1
442.678	1	-5
442.849	1	-3
443.019	1	9
443.190	1	-13
443.361	1	4
443.531	1	-4
443.702	1	3
443.872	1	-5
444.043	1	9
444.213	1	-4
444.384	1	7
444.554	1	-4
444.725	1	-6
444.895	1	5
445.066	1	-5
445.237	1	-16
445.407	1	-1
445.578	1	9
445.748	1	-1
445.919	1	0
446.089	1	14
446.260	1	2
446.430	1	0
446.601	1	0
446.771	1	-6
446.942	1	5
447.112	1	-8
447.283	1	-7
447.453	1	-4
447.624	1	6
447.794	1	-5
447.965	1	2
448.135	1	0
448.306	1	2
448.477	1	-1
448.647	1	8
448.818	1	6
448.988	1	-19
449.159	1	-5
449.329	1	-3
449.500	1	15
449.670	1	8
449.841	1	3
450.011	1	-3
450.182	1	-3
450.352	1	10
450.523	1	-11
450.693	1	2
450.864	1	1
451.034	1	8
451.205	1	9
451.375	1	-1
451.546	1	5
451.716	1	4
451.887	1	-6
452.057	1	11
452.228	1	-13
452.398	1	1
452.569	1	-3
452.739	1	0
452.910	1	-2
453.080	1	11
453.251	1	-7
453.421	1	2
453.592	1	-6
453.762	1	4
453.933	1	6
454.103	1	0
454.274	1	-3
454.444	1	-1
454.615	1	5
454.785	1	-9
454.956	1	2
455.126	1	0
455.297	1	5
455.467	1	2
455.638	1	-8
455.808	1	2
455.979	1	2
456.149	1	-8
456.320	1	2
456.490	1	4
456.661	1	-9
456.831	1	6
457.001	1	2
457.172	1	-7
457.342	1	1
457.513	1	9
457.683	1	10
457.854	1	-2
458.024	1	0
458.195	1	-3
458.365	1	-1
458.536	1	-2
458.706	1	1
458.877	1	-5
459.047	1	1
459.218	1	0
459.388	1	-5
459.559	1	6
459.729	1	5
459.899	1	9
460.070	1	6
460.240	1	-2
460.411	1	-5
460.581	1	0
460.752	1	11
460.922	1	-4
461.093	1	8
461.263	1	2
461.434	1	12
461.604	1	-6
461.775	1	6
461.945	1	-2
462.115	1	-13
462.286	1	5
462.456	1	-8
462.627	1	-3
462.797	1	-2
462.968	1	-7
463.138	1	6
463.309	1	-1
463.479	1	6
463.649	1	-2
463.820	1	2
463.990	1	-5
464.161	1	6
464.331	1	5
464.502	1	6
464.672	1	4
464.843	1	11
465.013	1	-9
465.183	1	-8
465.354	1	10
465.524	1	0
465.695	1	8
465.865	1	-3
466.036	1	-2
466.206	1	4
466.376	1	-6
466.547	1	0
466.717	1	-13
466.888	1	-2
467.058	1	11
467.229	1	11
467.399	1	5
467.569	1	10
467.740	1	-7
467.910	1	-3
468.081	1	-1
468.251	1	-5
468.422	1	-3
468.592	1	8
468.762	1	-10
468.933	1	4
469.103	1	8
469.274	1	7
469.444	1	-9
469.614	1	-5
469.785	1	6
469.955	1	-2
470.126	1	2
470.296	1	8
470.467	1	3
470.637	1	6
470.807	1	0
470.978	1	0
471.148	1	-6
471.319	1	1
471.489	1	-4
471.659	1	-2
471.830	1	15
472.000	1	10
472.171	1	-4
472.341	1	3
472.511	1	14
472.682	1	-3
472.852	1	-5
473.023	1	-9
473.193	1	-6
473.363	1	4
473.534	1	-3
473.704	1	0
473.875	1	-1
474.045	1	-13
474.215	1	4
474.386	1	8
474.556	1	-18
474.727	1	-2
474.897	1	-1
475.067	1	7
475.238	1	-4
475.408	1	3
475.578	1	3
475.749	1	-4
475.919	1	4
476.090	1	-1
476.260	1	2
476.430	1	-1
476.601	1	1
476.771	1	2
476.942	1	-3
477.112	1	3
477.282	1	-8
477.453	1	9
477.623	1	7
477.793	1	14
477.964	1	2
478.134	1	3
478.305	1	-6
478.475	1	-4
478.645	1	-2
478.816	1	-2
478.986	1	-3
479.156	1	2
479.327	1	-5
479.497	1	4
479.667	1	0
479.838	1	-5
480.008	1	12
480.179	1	-2
480.349	1	0
480.519	1	-9
480.690	1	1
480.860	1	-5
481.030	1	-2
481.201	1	8
481.371	1	-2
481.541	1	3
481.712	1	3
481.882	1	-6
482.053	1	6
482.223	1	-6
482.393	1	-5
482.564	1	-5
482.734	1	-1
482.904	1	6
483.075	1	9
483.245	1	-2
483.415	1	4
483.586	1	0
483.756	1	3
483.926	1	3
484.097	1	-4
484.267	1	-7
484.437	1	-8
484.608	1	14
484.778	1	5
484.948	1	-4
485.119	1	1
485.289	1	10
485.459	1	1
485.630	1	-15
485.800	1	-2
485.970	1	2
486.141	1	-4
486.311	1	4
486.481	1	-3
486.652	1	0
486.822	1	6
486.992	1	2
487.163	1	-5
487.333	1	-1
487.503	1	-10
487.674	1	3
487.844	1	6
488.014	1	1
488.185	1	-8
488.355	1	-7
488.525	1	-3
488.696	1	-5
488.866	1	2
489.036	1	-7
489.207	1	7
489.377	1	-1
489.547	1	-10
489.718	1	-2
489.888	1	-1
490.058	1	1
490.228	1	-9
490.399	1	7
490.569	1	12
490.739	1	7
490.910	1	-10
491.080	1	1
491.250	1	4
491.421	1	0
491.591	1	-2
491.761	1	-1
491.932	1	-1
492.102	1	-6
492.272	1	7
492.442	1	2
492.613	1	5
492.783	1	-14
492.953	1	-1
493.124	1	-2
493.294	1	13
493.464	1	-5
493.635	1	-5
493.805	1	12
493.975	1	-2
494.145	1	-2
494.316	1	4
494.486	1	-2
494.656	1	-9
494.827	1	-10
494.997	1	-4
495.167	1	1
495.337	1	5
495.508	1	-8
495.678	1	8
495.848	1	13
496.019	1	-10
496.189	1	-6
496.359	1	5
496.529	1	-2
496.700	1	3
496.870	1	1
497.040	1	6
497.211	1	10
497.381	1	-22
497.551	1	18
497.721	1	2
497.892	1	9
498.062	1	-8
498.232	1	1
498.403	1	2
498.573	1	-11
498.743	1	-2
498.913	1	3
499.084	1	-9
499.254	1	-4
499.424	1	11
499.594	1	-5
499.765	1	3
499.935	1	-11
500.105	1	2
500.275	1	6
500.446	1	10
500.616	1	-1
500.786	1	5
500.956	1	4
501.127	1	8
501.297	1	2
501.467	1	-5
501.638	1	-2
501.808	1	-18
501.978	1	9
502.148	1	7
502.319	1	-3
502.489	1	6
502.659	1	-3
502.829	1	-10
503.000	1	6
503.170	1	-2
503.340	1	-2
503.510	1	-1
503.681	1	-6
503.851	1	-6
504.021	1	14
504.191	1	4
504.362	1	8
504.532	1	-6
504.702	1	5
504.872	1	-5
505.042	1	10
505.213	1	-6
505.383	1	-1
505.553	1	9
505.723	1	6
505.894	1	-1
506.064	1	9
506.234	1	11
506.404	1	-8
506.575	1	-1
506.745	1	-9
506.915	1	-3
507.085	1	-3
507.256	1	-5
507.426	1	7
507.596	1	9
507.766	1	-1
507.936	1	11
508.107	1	3
508.277	1	-3
508.447	1	-3
508.617	1	3
508.788	1	3
508.958	1	4
509.128	1	3
509.298	1	14
509.468	1	-1
509.639	1	11
509.809	1	6
509.979	1	-1
510.149	1	3
510.319	1	-8
510.490	1	16
510.660	1	6
510.830	1	-3
511.000	1	4
511.171	1	13
511.341	1	-9
511.511	1	-9
511.681	1	11
511.851	1	-6
512.022	1	-3
512.192	1	-4
512.362	1	-1
512.532	1	-4
512.702	1	-9
512.873	1	15
513.043	1	-2
513.213	1	-4
513.383	1	-1
513.553	1	-9
513.724	1	5
513.894	1	-2
514.064	1	-7
514.234	1	11
514.404	1	5
514.575	1	-1
514.745	1	-12
514.915	1	17
515.085	1	1
515.255	1	-4
515.425	1	-2
515.596	1	-1
515.766	1	6
515.936	1	-2
516.106	1	-10
516.276	1	7
516.447	1	-1
516.617	1	5
516.787	1	0
516.957	1	-8
517.127	1	2
517.297	1	1
517.468	1	5
517.638	1	3
517.808	1	-3
517.978	1	0
518.148	1	-6
518.319	1	-9
518.489	1	-3
518.659	1	-2
518.829	1	-1
518.999	1	-7
519.169	1	7
519.340	1	-2
519.510	1	-1
519.680	1	-5
519.850	1	-7
520.020	1	-17
520.190	1	-2
520.361	1	-14
520.531	1	1
520.701	1	5
520.871	1	-10
521.041	1	-2
521.211	1	2
521.382	1	-1
521.552	1	-3
521.722	1	-4
521.892	1	-7
522.062	1	3
522.232	1	-12
522.402	1	-10
522.573	1	0
522.743	1	5
522.913	1	0
523.083	1	-6
523.253	1	-5
523.423	1	-9
523.593	1	-14
523.764	1	-3
523.934	1	2
524.104	1	-10
524.274	1	-14
524.444	1	-5
524.614	1	-2
524.784	1	7
524.955	1	-3
525.125	1	5
525.295	1	1
525.465	1	-7
525.635	1	9
525.805	1	-7
525.975	1	-13
526.146	1	5
526.316	1	-1
526.486	1	7
526.656	1	26
526.826	1	5
526.996	1	9
527.166	1	6
527.337	1	-1
527.507	1	-15
527.677	1	10
527.847	1	-8
528.017	1	-7
528.187	1	-1
528.357	1	5
528.527	1	-2
528.698	1	-5
528.868	1	0
529.038	1	5
529.208	1	-3
529.378	1	0
529.548	1	2
529.718	1	-6
529.888	1	0
530.058	1	-8
530.229	1	6
530.399	1	8
530.569	1	1
530.739	1	-8
530.909	1	3
531.079	1	2
531.249	1	0
531.419	1	10
531.589	1	-2
531.760	1	5
531.930	1	-1
532.100	1	2
532.270	1	2
532.440	1	-9
532.610	1	0
532.780	1	6
532.950	1	0
533.120	1	-2
533.290	1	-7
533.461	1	5
533.631	1	4
533.801	1	2
533.971	1	9
534.141	1	1
534.311	1	9
534.481	1	1
534.651	1	4
534.821	1	3
534.991	1	11
535.162	1	8
535.332	1	2
535.502	1	5
535.672	1	-8
535.842	1	1
536.012	1	4
536.182	1	-9
536.352	1	-5
536.522	1	5
536.692	1	1
536.862	1	5
537.032	1	-1
537.203	1	5
537.373	1	-1
537.543	1	5
537.713	1	3
537.883	1	5
538.053	1	5
538.223	1	-2
538.393	1	2
538.563	1	-2
538.733	1	-3
538.903	1	-8
539.073	1	-5
539.243	1	2
539.413	1	-5
539.584	1	0
539.754	1	-4
539.924	1	-2
540.094	1	0
540.264	1	-2
540.434	1	-9
540.604	1	3
540.774	1	2
540.944	1	-7
541.114	1	-10
541.284	1	-4
541.454	1	7
541.624	1	0
541.794	1	-11
541.964	1	7
542.134	1	4
542.305	1	-4
542.475	1	-3
542.645	1	-10
542.815	1	6
542.985	1	-4
543.155	1	2
543.325	1	-5
543.495	1	4
543.665	1	12
543.835	1	0
544.005	1	2
544.175	1	4
544.345	1	-8
544.515	1	-6
544.685	1	-6
544.855	1	3
545.025	1	-9
545.195	1	-1
545.365	1	7
545.535	1	-3
545.705	1	11
545.875	1	-5
546.045	1	2
546.216	1	6
546.386	1	-5
546.556	1	-10
546.726	1	-5
546.896	1	-1
547.066	1	-12
547.236	1	-5
547.406	1	3
547.576	1	3
547.746	1	6
547.916	1	-12
548.086	1	5
548.256	1	7
548.426	1	-8
548.596	1	8
548.766	1	-1
548.936	1	-4
549.106	1	0
549.276	1	4
549.446	1	6
549.616	1	2
549.786	1	0
549.956	1	10
550.126	1	0
550.296	1	0
550.466	1	-1
550.636	1	2
550.806	1	-1
550.976	1	1
551.146	1	-8
551.316	1	-4
551.486	1	0
551.656	1	-4
551.826	1	-2
551.996	1	2
552.166	1	5
552.336	1	3
552.506	1	-8
552.676	1	1
552.846	1	2
553.016	1	1
553.186	1	-1
553.356	1	-10
553.526	1	0
553.696	1	2
553.866	1	7
554.036	1	3
554.206	1	-2
554.376	1	-1
554.546	1	-5
554.716	1	-3
554.886	1	4
555.056	1	-4
555.226	1	-13
555.396	1	2
555.566	1	2
555.736	1	10
555.906	1	3
556.076	1	0
556.246	1	-5
556.416	1	-2
556.586	1	10
556.756	1	-6
556.926	1	-2
557.096	1	-7
557.266	1	4
557.436	1	12
557.606	1	-10
557.776	1	-2
557.946	1	10
558.116	1	2
558.286	1	5
558.456	1	-12
558.626	1	4
558.796	1	5
558.966	1	5
559.136	1	2
559.306	1	-9
559.476	1	0
559.646	1	-3
559.816	1	4
559.986	1	-6
560.155	1	-3
560.325	1	-8
560.495	1	-1
560.665	1	7
560.835	1	9
561.005	1	-3
561.175	1	8
561.345	1	0
561.515	1	-9
561.685	1	1
561.855	1	-8
562.025	1	-5
562.195	1	-2
562.365	1	-3
562.535	1	3
562.705	1	5
562.875	1	-9
563.045	1	-3
563.215	1	-1
563.385	1	-5
563.555	1	8
563.725	1	0
563.895	1	4
564.064	1	5
564.234	1	1
564.404	1	-1
564.574	1	0
564.744	1	-1
564.914	1	-7
565.084	1	-7
565.254	1	-4
565.424	1	-6
565.594	1	-12
565.764	1	0
565.934	1	8
566.104	1	-4
566.274	1	-2
566.444	1	5
566.614	1	-5
566.783	1	0
566.953	1	2
567.123	1	14
567.293	1	-11
567.463	1	-8
567.633	1	-2
567.803	1	-3
567.973	1	-2
568.143	1	-17
568.313	1	-5
568.483	1	-5
568.653	1	-10
568.823	1	6
568.993	1	1
569.162	1	0
569.332	1	-2
569.502	1	1
569.672	1	6
569.842	1	3
570.012	1	0
570.182	1	-2
570.352	1	6
570.522	1	0
570.692	1	4
570.862	1	5
571.031	1	-11
571.201	1	9
571.371	1	9
571.541	1	-4
571.711	1	8
571.881	1	1
572.051	1	4
572.221	1	9
572.391	1	0
572.561	1	-8
572.731	1	-4
572.900	1	5
573.070	1	13
573.240	1	1
573.410	1	2
573.580	1	3
573.750	1	8
573.920	1	0
574.090	1	-2
574.260	1	-3
574.430	1	-7
574.599	1	-6
574.769	1	-5
574.939	1	-6
575.109	1	-3
575.279	1	6
575.449	1	5
575.619	1	-1
575.789	1	7
575.959	1	-3
576.128	1	-8
576.298	1	-13
576.468	1	-7
576.638	1	-5
576.808	1	1
576.978	1	-3
577.148	1	0
577.318	1	2
577.487	1	-2
577.657	1	-15
577.827	1	3
577.997	1	-8
578.167	1	-3
578.337	1	-2
578.507	1	-4
578.677	1	-1
578.846	1	0
579.016	1	5
579.186	1	7
579.356	1	-4
579.526	1	7
579.696	1	2
579.866	1	-7
580.036	1	-3
580.205	1	-4
580.375	1	-7
580.545	1	-2
580.715	1	11
580.885	1	3
581.055	1	3
581.225	1	-12
581.394	1	-1
581.564	1	-2
581.734	1	6
581.904	1	0
582.074	1	-15
582.244	1	6
582.414	1	8
582.583	1	-5
582.753	1	1
582.923	1	3
583.093	1	0
583.263	1	4
583.433	1	-11
583.603	1	2
583.772	1	-1
583.942	1	3
584.112	1	2
584.282	1	10
584.452	1	0
584.622	1	4
584.791	1	8
584.961	1	-4
585.131	1	0
585.301	1	4
585.471	1	0
585.641	1	4
585.811	1	-7
585.980	1	-5
586.150	1	-2
586.320	1	-8
586.490	1	-7
586.660	1	-2
586.830	1	-12
586.999	1	-5
587.169	1	-5
587.339	1	-4
587.509	1	-3
587.679	1	-3
587.849	1	6
588.018	1	6
588.188	1	0
588.358	1	-1
588.528	1	6
588.698	1	-5
588.867	1	0
589.037	1	4
589.207	1	-11
589.377	1	4
589.547	1	-3
589.717	1	2
589.886	1	-9
590.056	1	6
590.226	1	-2
590.396	1	8
590.566	1	-6
590.735	1	6
590.905	1	9
591.075	1	-9
591.245	1	-2
591.415	1	-6
591.585	1	-8
591.754	1	-12
591.924	1	-1
592.094	1	1
592.264	1	-11
592.434	1	8
592.603	1	-3
592.773	1	-6
592.943	1	7
593.113	1	-17
593.283	1	1
593.452	1	-17
593.622	1	0
593.792	1	-5
593.962	1	6
594.132	1	-2
594.301	1	5
594.471	1	-7
594.641	1	2
594.811	1	-3
594.981	1	3
595.150	1	3
595.320	1	0
595.490	1	-2
595.660	1	3
595.829	1	-7
595.999	1	2
596.169	1	-3
596.339	1	5
596.509	1	7
596.678	1	-4
596.848	1	8
597.018	1	6
597.188	1	3
597.358	1	2
597.527	1	-3
597.697	1	-8
597.867	1	4
598.037	1	7
598.206	1	-5
598.376	1	6
598.546	1	-2
598.716	1	-12
598.885	1	3
599.055	1	-7
599.225	1	4
599.395	1	1
599.565	1	-7
599.734	1	-4
599.904	1	-3
600.074	1	0
600.244	1	-4
600.413	1	-8
600.583	1	-6
600.753	1	0
600.923	1	7
601.092	1	-14
601.262	1	4
601.432	1	-1
601.602	1	2
601.771	1	5
601.941	1	-1
602.111	1	-11
602.281	1	-9
602.451	1	-4
602.620	1	4
602.790	1	1
602.960	1	-4
603.130	1	3
603.299	1	5
603.469	1	1
603.639	1	4
603.809	1	5
603.978	1	-3
604.148	1	6
604.318	1	0
604.487	1	6
604.657	1	1
604.827	1	-12
604.997	1	1
605.166	1	-6
605.336	1	-3
605.506	1	0
605.676	1	-9
605.845	1	-4
606.015	1	6
606.185	1	-4
606.355	1	7
606.524	1	-2
606.694	1	2
606.864	1	-8
607.034	1	-12
607.203	1	16
607.373	1	4
607.543	1	-9
607.712	1	14
607.882	1	-3
608.052	1	10
608.222	1	2
608.391	1	0
608.561	1	-2
608.731	1	-8
608.901	1	6
609.070	1	8
609.240	1	4
609.410	1	13
609.579	1	7
609.749	1	1
609.919	1	-7
610.089	1	-7
610.258	1	3
610.428	1	-3
610.598	1	3
610.767	1	-1
610.937	1	-4
611.107	1	5
611.277	1	-5
611.446	1	-1
611.616	1	-14
611.786	1	7
611.955	1	9
612.125	1	0
612.295	1	2
612.465	1	-10
612.634	1	-8
612.804	1	16
612.974	1	5
613.143	1	-1
613.313	1	2
613.483	1	-5
613.652	1	-17
613.822	1	-7
613.992	1	6
614.162	1	8
614.331	1	-2
614.501	1	-2
614.671	1	1
614.840	1	-7
615.010	1	-1
615.180	1	0
615.349	1	1
615.519	1	4
615.689	1	4
615.858	1	-3
616.028	1	0
616.198	1	6
616.368	1	-1
616.537	1	1
616.707	1	-5
616.877	1	4
617.046	1	13
617.216	1	-5
617.386	1	1
617.555	1	-4
617.725	1	10
617.895	1	-10
618.064	1	8
618.234	1	-1
618.404	1	9
618.573	1	8
618.743	1	-5
618.913	1	1
619.082	1	1
619.252	1	3
619.422	1	0
619.591	1	1
619.761	1	3
619.931	1	4
620.100	1	-5
620.270	1	0
620.440	1	3
620.609	1	-3
620.779	1	-4
620.949	1	7
621.118	1	2
621.288	1	-1
621.458	1	8
621.627	1	-2
621.797	1	-5
621.967	1	-1
622.136	1	11
622.306	1	10
622.476	1	11
622.645	1	1
622.815	1	4
622.985	1	-2
623.154	1	-3
623.324	1	4
623.494	1	1
623.663	1	-2
623.833	1	-5
624.002	1	-4
624.172	1	9
624.342	1	-9
624.511	1	-5
624.681	1	-13
624.851	1	-10
625.020	1	1
625.190	1	-8
625.360	1	-10
625.529	1	11
625.699	1	-4
625.869	1	0
626.038	1	6
626.208	1	-5
626.377	1	15
626.547	1	2
626.717	1	4
626.886	1	-3
627.056	1	-6
627.226	1	-1
627.395	1	9
627.565	1	7
627.735	1	4
627.904	1	5
628.074	1	7
628.243	1	-10
628.413	1	1
628.583	1	1
628.752	1	-2
628.922	1	-6
629.091	1	15
629.261	1	0
629.431	1	-11
629.600	1	13
629.770	1	9
629.940	1	-1
630.109	1	-4
630.279	1	-8
630.448	1	-3
630.618	1	-6
630.788	1	-5
630.957	1	-8
631.127	1	6
631.297	1	-6
631.466	1	-3
631.636	1	-3
631.805	1	1
631.975	1	-4
632.145	1	-4
632.314	1	7
632.484	1	-3
632.653	1	-5
632.823	1	11
632.993	1	0
633.162	1	2
633.332	1	2
633.501	1	-9
633.671	1	3
633.841	1	3
634.010	1	0
634.180	1	3
634.349	1	2
634.519	1	2
634.689	1	8
634.858	1	3
635.028	1	-1
635.197	1	-13
635.367	1	2
635.537	1	-4
635.706	1	-15
635.876	1	-1
636.045	1	-2
636.215	1	-1
636.384	1	11
636.554	1	15
636.724	1	3
636.893	1	-1
637.063	1	-1
637.232	1	2
637.402	1	7
637.572	1	-2
637.741	1	9
637.911	1	-2
638.080	1	1
638.250	1	2
638.419	1	5
638.589	1	15
638.759	1	-2
638.928	1	-10
639.098	1	-1
639.267	1	-9
639.437	1	-3
639.606	1	1
639.776	1	-1
639.946	1	6
640.115	1	-4
640.285	1	4
640.454	1	11
640.624	1	-6
640.793	1	4
640.963	1	-12
641.132	1	7
641.302	1	-6
641.472	1	-2
641.641	1	-3
641.811	1	7
641.980	1	3
642.150	1	2
642.319	1	-1
642.489	1	4
642.659	1	-6
642.828	1	-2
642.998	1	-3
643.167	1	6
643.337	1	6
643.506	1	0
643.676	1	-1
643.845	1	-1
644.015	1	-4
644.184	1	-1
644.354	1	-5
644.524	1	-18
644.693	1	0
644.863	1	-10
645.032	1	-6
645.202	1	2
645.371	1	-9
645.541	1	-12
645.710	1	4
645.880	1	0
646.049	1	7
646.219	1	5
646.388	1	-4
646.558	1	-3
646.728	1	11
646.897	1	-6
647.067	1	4
647.236	1	-3
647.406	1	-3
647.575	1	-2
647.745	1	5
647.914	1	-13
648.084	1	-7
648.253	1	-2
648.423	1	1
648.592	1	-5
648.762	1	4
648.931	1	6
649.101	1	5
649.270	1	10
649.440	1	5
649.610	1	9
649.779	1	7
649.949	1	-4
650.118	1	-8
650.288	1	-1
650.457	1	-5
650.627	1	1
650.796	1	-1
650.966	1	-8
651.135	1	11
651.305	1	-5
651.474	1	5
651.644	1	4
651.813	1	0
651.983	1	2
652.152	1	-1
652.322	1	3
652.491	1	-4
652.661	1	3
652.830	1	6
653.000	1	-3
653.169	1	10
653.339	1	8
653.508	1	-6
653.678	1	1
653.847	1	3
654.017	1	-10
654.186	1	3
654.356	1	11
654.525	1	3
654.695	1	2
654.864	1	4
655.034	1	-2
655.203	1	-2
655.373	1	0
655.542	1	6
655.712	1	0
655.881	1	2
656.051	1	5
656.220	1	5
656.390	1	-1
656.559	1	-7
656.729	1	0
656.898	1	8
657.068	1	-10
657.237	1	4
657.406	1	4
657.576	1	-5
657.745	1	0
657.915	1	11
658.084	1	6
658.254	1	3
658.423	1	-6
658.593	1	-11
658.762	1	-10
658.932	1	-2
659.101	1	-4
659.271	1	4
659.440	1	11
659.610	1	4
659.779	1	-5
659.949	1	-9
660.118	1	-3
660.288	1	-4
660.457	1	-6
660.626	1	-5
660.796	1	-8
660.965	1	6
661.135	1	-3
661.304	1	-2
661.474	1	2
661.643	1	-6
661.813	1	-4
661.982	1	-1
662.152	1	-7
662.321	1	2
662.491	1	-3
662.660	1	-1
662.829	1	-2
662.999	1	1
663.168	1	-5
663.338	1	2
663.507	1	-5
663.677	1	-12
663.846	1	3
664.016	1	-2
664.185	1	-5
664.354	1	4
664.524	1	-8
664.693	1	4
664.863	1	4
665.032	1	5
665.202	1	-5
665.371	1	1
665.541	1	-4
665.710	1	-9
665.879	1	-1
666.049	1	-5
666.218	1	-6
666.388	1	-14
666.557	1	2
666.727	1	-15
666.896	1	-1
667.065	1	8
667.235	1	-6
667.404	1	3
667.574	1	-8
667.743	1	-2
667.913	1	6
668.082	1	1
668.251	1	-2
668.421	1	-4
668.590	1	-10
668.760	1	-1
668.929	1	2
669.099	1	-2
669.268	1	-5
669.437	1	-2
669.607	1	-7
669.776	1	-3
669.946	1	7
670.115	1	0
670.285	1	-2
670.454	1	-5
670.623	1	3
670.793	1	0
670.962	1	1
671.132	1	4
671.301	1	2
671.470	1	-2
671.640	1	-16
671.809	1	-5
671.979	1	4
672.148	1	5
672.317	1	-7
672.487	1	3
672.656	1	0
672.826	1	-7
672.995	1	-4
673.164	1	3
673.334	1	8
673.503	1	-2
673.673	1	13
673.842	1	-1
674.011	1	4
674.181	1	-20
674.350	1	-3
674.520	1	-12
674.689	1	-8
674.858	1	-5
675.028	1	4
675.197	1	-4
675.367	1	2
675.536	1	8
675.705	1	-7
675.875	1	0
676.044	1	-9
676.214	1	-8
676.383	1	-2
676.552	1	-10
676.722	1	3
676.891	1	-7
677.060	1	6
677.230	1	21
677.399	1	1
677.569	1	-8
677.738	1	-11
677.907	1	-5
678.077	1	1
678.246	1	-9
678.416	1	-2
678.585	1	-5
678.754	1	-10
678.924	1	-12
679.093	1	-3
679.262	1	0
679.432	1	-3
679.601	1	-18
679.771	1	-6
679.940	1	2
680.109	1	11
680.279	1	-9
680.448	1	2
680.617	1	-2
680.787	1	0
680.956	1	-9
681.125	1	6
681.295	1	3
681.464	1	-1
681.634	1	11
681.803	1	-4
681.972	1	-15
682.142	1	8
682.311	1	2
682.480	1	-4
682.650	1	-9
682.819	1	0
682.988	1	-4
683.158	1	-2
683.327	1	-5
683.496	1	2
683.666	1	-2
683.835	1	0
684.004	1	4
684.174	1	1
684.343	1	-3
684.512	1	-5
684.682	1	7
684.851	1	-2
685.021	1	5
685.190	1	5
685.359	1	-7
685.529	1	5
685.698	1	9
685.867	1	-5
686.037	1	-4
686.206	1	3
686.375	1	-3
686.545	1	3
686.714	1	-6
686.883	1	-8
687.053	1	-5
687.222	1	-5
687.391	1	1
687.561	1	0
687.730	1	-8
687.899	1	3
688.069	1	-1
688.238	1	-2
688.407	1	5
688.577	1	-9
688.746	1	1
