340.368	1	3
340.539	1	4
340.710	1	-5
340.881	1	2
341.052	1	6
341.223	1	16
341.394	1	1
341.565	1	3
341.737	1	14
341.908	1	11
342.079	1	-4
342.250	1	6
342.421	1	-12
342.592	1	3
342.763	1	-10
342.934	1	8
343.105	1	12
343.276	1	-3
343.447	1	6
343.618	1	4
343.789	1	3
343.960	1	0
344.131	1	0
344.302	1	4
344.473	1	-7
344.644	1	-2
344.815	1	1
344.986	1	7
345.157	1	7
345.328	1	2
345.499	1	8
345.670	1	8
345.841	1	10
346.012	1	16
346.183	1	9
346.354	1	3
346.526	1	10
346.697	1	-4
346.868	1	6
347.039	1	-1
347.210	1	-8
347.381	1	5
347.552	1	1
347.723	1	6
347.894	1	6
348.065	1	4
348.236	1	4
348.407	1	5
348.578	1	5
348.749	1	12
348.920	1	8
349.091	1	13
349.262	1	0
349.433	1	-4
349.604	1	21
349.775	1	9
349.946	1	10
350.117	1	9
350.288	1	1
350.459	1	7
350.630	1	1
350.801	1	13
350.972	1	4
351.143	1	-1
351.314	1	-9
351.485	1	2
351.656	1	13
351.827	1	-9
351.998	1	-3
352.169	1	18
352.340	1	-1
352.511	1	7
352.682	1	2
352.853	1	-4
353.024	1	-2
353.195	1	9
353.366	1	5
353.537	1	7
353.708	1	6
353.879	1	5
354.050	1	10
354.221	1	-5
354.392	1	18
354.563	1	8
354.734	1	3
354.905	1	13
355.076	1	8
355.247	1	-3
355.418	1	11
355.589	1	4
355.760	1	6
355.931	1	10
356.102	1	6
356.273	1	8
356.444	1	22
356.615	1	9
356.785	1	4
356.956	1	5
357.127	1	12
357.298	1	7
357.469	1	0
357.640	1	14
357.811	1	23
357.982	1	2
358.153	1	7
358.324	1	2
358.495	1	20
358.666	1	10
358.837	1	7
359.008	1	12
359.179	1	10
359.350	1	6
359.521	1	11
359.692	1	13
359.863	1	4
360.034	1	9
360.205	1	14
360.376	1	18
360.547	1	9
360.718	1	3
360.889	1	21
361.060	1	14
361.231	1	13
361.401	1	20
361.572	1	16
361.743	1	12
361.914	1	14
362.085	1	13
362.256	1	14
362.427	1	16
362.598	1	19
362.769	1	34
362.940	1	12
363.111	1	35
363.282	1	21
363.453	1	15
363.624	1	27
363.795	1	24
363.966	1	19
364.137	1	19
364.308	1	20
364.478	1	25
364.649	1	17
364.820	1	24
364.991	1	35
365.162	1	22
365.333	1	39
365.504	1	25
365.675	1	29
365.846	1	44
366.017	1	29
366.188	1	32
366.359	1	46
366.530	1	43
366.701	1	40
366.871	1	51
367.042	1	42
367.213	1	44
367.384	1	31
367.555	1	35
367.726	1	42
367.897	1	36
368.068	1	41
368.239	1	51
368.410	1	35
368.581	1	46
368.752	1	27
368.923	1	32
369.093	1	35
369.264	1	38
369.435	1	38
369.606	1	42
369.777	1	27
369.948	1	40
370.119	1	32
370.290	1	26
370.461	1	35
370.632	1	33
370.803	1	25
370.973	1	41
371.144	1	30
371.315	1	26
371.486	1	31
371.657	1	26
371.828	1	23
371.999	1	18
372.170	1	33
372.341	1	32
372.512	1	15
372.682	1	13
372.853	1	22
373.024	1	21
373.195	1	5
373.366	1	27
373.537	1	23
373.708	1	25
373.879	1	28
374.050	1	18
374.220	1	22
374.391	1	13
374.562	1	20
374.733	1	30
374.904	1	12
375.075	1	22
375.246	1	23
375.417	1	20
375.588	1	16
375.758	1	16
375.929	1	17
376.100	1	29
376.271	1	13
376.442	1	11
376.613	1	16
376.784	1	13
376.955	1	9
377.125	1	14
377.296	1	18
377.467	1	11
377.638	1	20
377.809	1	17
377.980	1	15
378.151	1	6
378.321	1	8
378.492	1	13
378.663	1	19
378.834	1	15
379.005	1	15
379.176	1	13
379.347	1	15
379.518	1	0
379.688	1	7
379.859	1	7
380.030	1	17
380.201	1	6
380.372	1	21
380.543	1	21
380.714	1	22
380.884	1	14
381.055	1	19
381.226	1	21
381.397	1	14
381.568	1	21
381.739	1	17
381.910	1	21
382.080	1	15
382.251	1	22
382.422	1	29
382.593	1	22
382.764	1	23
382.935	1	26
383.105	1	24
383.276	1	24
383.447	1	40
383.618	1	22
383.789	1	32
383.960	1	17
384.130	1	19
384.301	1	35
384.472	1	26
384.643	1	47
384.814	1	42
384.985	1	38
385.156	1	47
385.326	1	41
385.497	1	47
385.668	1	40
385.839	1	52
386.010	1	53
386.180	1	45
386.351	1	47
386.522	1	59
386.693	1	37
386.864	1	46
387.035	1	50
387.205	1	39
387.376	1	48
387.547	1	48
387.718	1	55
387.889	1	56
388.060	1	41
388.230	1	46
388.401	1	50
388.572	1	39
388.743	1	47
388.914	1	50
389.084	1	48
389.255	1	44
389.426	1	51
389.597	1	50
389.768	1	46
389.939	1	53
390.109	1	42
390.280	1	51
390.451	1	51
390.622	1	36
390.793	1	47
390.963	1	54
391.134	1	46
391.305	1	48
391.476	1	50
391.647	1	43
391.817	1	28
391.988	1	38
392.159	1	44
392.330	1	40
392.501	1	53
392.671	1	47
392.842	1	55
393.013	1	57
393.184	1	44
393.355	1	38
393.525	1	39
393.696	1	44
393.867	1	29
394.038	1	38
394.208	1	31
394.379	1	23
394.550	1	39
394.721	1	41
394.892	1	50
395.062	1	29
395.233	1	36
395.404	1	49
395.575	1	34
395.746	1	29
395.916	1	45
396.087	1	43
396.258	1	42
396.429	1	39
396.599	1	48
396.770	1	44
396.941	1	63
397.112	1	42
397.283	1	46
397.453	1	37
397.624	1	41
397.795	1	50
397.966	1	57
398.136	1	40
398.307	1	41
398.478	1	44
398.649	1	41
398.819	1	55
398.990	1	43
399.161	1	43
399.332	1	50
399.503	1	41
399.673	1	42
399.844	1	40
400.015	1	38
400.186	1	57
400.356	1	35
400.527	1	40
400.698	1	32
400.869	1	46
401.039	1	30
401.210	1	31
401.381	1	33
401.552	1	51
401.722	1	35
401.893	1	33
402.064	1	43
402.235	1	44
402.405	1	23
402.576	1	39
402.747	1	35
402.918	1	27
403.088	1	24
403.259	1	29
403.430	1	26
403.601	1	27
403.771	1	30
403.942	1	28
404.113	1	44
404.284	1	15
404.454	1	33
404.625	1	32
404.796	1	25
404.967	1	38
405.137	1	34
405.308	1	29
405.479	1	40
405.649	1	27
405.820	1	28
405.991	1	33
406.162	1	25
406.332	1	27
406.503	1	22
406.674	1	27
406.845	1	20
407.015	1	23
407.186	1	40
407.357	1	30
407.527	1	21
407.698	1	22
407.869	1	23
408.040	1	19
408.210	1	16
408.381	1	27
408.552	1	26
408.722	1	14
408.893	1	30
409.064	1	21
409.235	1	12
409.405	1	22
409.576	1	29
409.747	1	20
409.917	1	31
410.088	1	24
410.259	1	30
410.430	1	25
410.600	1	19
410.771	1	30
410.942	1	21
411.112	1	28
411.283	1	15
411.454	1	34
411.625	1	22
411.795	1	24
411.966	1	30
412.137	1	36
412.307	1	27
412.478	1	18
412.649	1	25
412.819	1	20
412.990	1	23
413.161	1	12
413.332	1	24
413.502	1	11
413.673	1	23
413.844	1	15
414.014	1	14
414.185	1	28
414.356	1	18
414.526	1	24
414.697	1	23
414.868	1	34
415.038	1	9
415.209	1	15
415.380	1	17
415.550	1	17
415.721	1	15
415.892	1	12
416.063	1	33
416.233	1	25
416.404	1	22
416.575	1	18
416.745	1	14
416.916	1	12
417.087	1	18
417.257	1	15
417.428	1	7
417.599	1	22
417.769	1	24
417.940	1	19
418.111	1	18
418.281	1	21
418.452	1	11
418.623	1	19
418.793	1	25
418.964	1	27
419.135	1	21
419.305	1	21
419.476	1	15
419.647	1	19
419.817	1	17
419.988	1	16
420.159	1	9
420.329	1	12
420.500	1	20
420.671	1	15
420.841	1	24
421.012	1	27
421.183	1	26
421.353	1	28
421.524	1	19
421.695	1	18
421.865	1	20
422.036	1	13
422.206	1	17
422.377	1	19
422.548	1	14
422.718	1	15
422.889	1	12
423.060	1	15
423.230	1	23
423.401	1	22
423.572	1	22
423.742	1	15
423.913	1	22
424.084	1	24
424.254	1	17
424.425	1	9
424.595	1	4
424.766	1	21
424.937	1	9
425.107	1	14
425.278	1	10
425.449	1	14
425.619	1	11
425.790	1	13
425.961	1	16
426.131	1	12
426.302	1	15
426.472	1	16
426.643	1	19
426.814	1	27
426.984	1	20
427.155	1	19
427.326	1	11
427.496	1	18
427.667	1	18
427.837	1	17
428.008	1	16
428.179	1	-1
428.349	1	14
428.520	1	9
428.691	1	22
428.861	1	15
429.032	1	17
429.202	1	20
429.373	1	2
429.544	1	14
429.714	1	18
429.885	1	12
430.055	1	10
430.226	1	12
430.397	1	11
430.567	1	22
430.738	1	10
430.909	1	8
431.079	1	15
431.250	1	7
431.420	1	10
431.591	1	18
431.762	1	17
431.932	1	19
432.103	1	11
432.273	1	4
432.444	1	9
432.615	1	18
432.785	1	2
432.956	1	13
433.126	1	18
433.297	1	19
433.468	1	7
433.638	1	5
433.809	1	16
433.979	1	11
434.150	1	-1
434.320	1	5
434.491	1	15
434.662	1	5
434.832	1	0
435.003	1	20
435.173	1	22
435.344	1	7
435.515	1	-1
435.685	1	16
435.856	1	10
436.026	1	8
436.197	1	8
436.368	1	15
436.538	1	16
436.709	1	3
436.879	1	12
437.050	1	11
437.220	1	20
437.391	1	16
437.562	1	22
437.732	1	12
437.903	1	5
438.073	1	14
438.244	1	-4
438.414	1	18
438.585	1	8
438.756	1	20
438.926	1	7
439.097	1	19
439.267	1	15
439.438	1	13
439.608	1	13
439.779	1	4
439.949	1	11
440.120	1	12
440.291	1	9
440.461	1	2
440.632	1	14
440.802	1	13
440.973	1	17
441.143	1	13
441.314	1	8
441.485	1	3
441.655	1	23
441.826	1	3
441.996	1	7
442.167	1	8
442.337	1	-5
442.508	1	12
442.678	1	9
442.849	1	22
443.019	1	10
443.190	1	4
443.361	1	19
443.531	1	10
443.702	1	7
443.872	1	7
444.043	1	6
444.213	1	0
444.384	1	13
444.554	1	8
444.725	1	10
444.895	1	6
445.066	1	-3
445.237	1	3
445.407	1	3
445.578	1	22
445.748	1	3
445.919	1	9
446.089	1	14
446.260	1	10
446.430	1	-4
446.601	1	2
446.771	1	8
446.942	1	11
447.112	1	7
447.283	1	10
447.453	1	4
447.624	1	14
447.794	1	-6
447.965	1	5
448.135	1	4
448.306	1	7
448.477	1	0
448.647	1	20
448.818	1	16
448.988	1	-6
449.159	1	0
449.329	1	5
449.500	1	18
449.670	1	20
449.841	1	7
450.011	1	6
450.182	1	0
450.352	1	13
450.523	1	2
450.693	1	9
450.864	1	13
451.034	1	13
451.205	1	8
451.375	1	13
451.546	1	18
451.716	1	14
451.887	1	2
452.057	1	10
452.228	1	2
452.398	1	8
452.569	1	8
452.739	1	13
452.910	1	8
453.080	1	12
453.251	1	8
453.421	1	12
453.592	1	8
453.762	1	13
453.933	1	14
454.103	1	9
454.274	1	3
454.444	1	15
454.615	1	10
454.785	1	5
454.956	1	9
455.126	1	11
455.297	1	10
455.467	1	14
455.638	1	7
455.808	1	6
455.979	1	17
456.149	1	1
456.320	1	9
456.490	1	4
456.661	1	0
456.831	1	23
457.001	1	0
457.172	1	7
457.342	1	13
457.513	1	12
457.683	1	8
457.854	1	3
458.024	1	3
458.195	1	-1
458.365	1	7
458.536	1	6
458.706	1	18
458.877	1	4
459.047	1	11
459.218	1	8
459.388	1	7
459.559	1	5
459.729	1	8
459.899	1	9
460.070	1	14
460.240	1	5
460.411	1	7
460.581	1	14
460.752	1	6
460.922	1	5
461.093	1	7
461.263	1	21
461.434	1	17
461.604	1	-1
461.775	1	0
461.945	1	17
462.115	1	-4
462.286	1	18
462.456	1	13
462.627	1	13
462.797	1	-3
462.968	1	7
463.138	1	23
463.309	1	0
463.479	1	8
463.649	1	8
463.820	1	2
463.990	1	7
464.161	1	12
464.331	1	10
464.502	1	10
464.672	1	4
464.843	1	12
465.013	1	11
465.183	1	2
465.354	1	6
465.524	1	16
465.695	1	3
465.865	1	5
466.036	1	13
466.206	1	6
466.376	1	6
466.547	1	14
466.717	1	-3
466.888	1	-4
467.058	1	23
467.229	1	13
467.399	1	9
467.569	1	11
467.740	1	13
467.910	1	2
468.081	1	1
468.251	1	3
468.422	1	15
468.592	1	8
468.762	1	1
468.933	1	11
469.103	1	1
469.274	1	4
469.444	1	11
469.614	1	-1
469.785	1	3
469.955	1	3
470.126	1	14
470.296	1	3
470.467	1	1
470.637	1	19
470.807	1	2
470.978	1	10
471.148	1	4
471.319	1	18
471.489	1	4
471.659	1	8
471.830	1	18
472.000	1	14
472.171	1	6
472.341	1	14
472.511	1	15
472.682	1	15
472.852	1	-5
473.023	1	4
473.193	1	-6
473.363	1	-4
473.534	1	10
473.704	1	12
473.875	1	3
474.045	1	-9
474.215	1	7
474.386	1	4
474.556	1	-4
474.727	1	2
474.897	1	7
475.067	1	4
475.238	1	12
475.408	1	10
475.578	1	8
475.749	1	3
475.919	1	13
476.090	1	5
476.260	1	3
476.430	1	5
476.601	1	7
476.771	1	12
476.942	1	11
477.112	1	13
477.282	1	-7
477.453	1	7
477.623	1	10
477.793	1	16
477.964	1	6
478.134	1	7
478.305	1	10
478.475	1	5
478.645	1	7
478.816	1	3
478.986	1	-3
479.156	1	7
479.327	1	4
479.497	1	11
479.667	1	14
479.838	1	5
480.008	1	7
480.179	1	2
480.349	1	-1
480.519	1	4
480.690	1	-7
480.860	1	4
481.030	1	5
481.201	1	16
481.371	1	8
481.541	1	5
481.712	1	5
481.882	1	2
482.053	1	13
482.223	1	-4
482.393	1	-6
482.564	1	2
482.734	1	13
482.904	1	24
483.075	1	12
483.245	1	3
483.415	1	13
483.586	1	2
483.756	1	15
483.926	1	14
484.097	1	2
484.267	1	3
484.437	1	-3
484.608	1	12
484.778	1	11
484.948	1	-3
485.119	1	15
485.289	1	9
485.459	1	17
485.630	1	6
485.800	1	3
485.970	1	6
486.141	1	6
486.311	1	16
486.481	1	6
486.652	1	16
486.822	1	12
486.992	1	2
487.163	1	6
487.333	1	8
487.503	1	-6
487.674	1	16
487.844	1	11
488.014	1	5
488.185	1	-2
488.355	1	-1
488.525	1	14
488.696	1	0
488.866	1	12
489.036	1	7
489.207	1	17
489.377	1	7
489.547	1	7
489.718	1	0
489.888	1	6
490.058	1	4
490.228	1	7
490.399	1	8
490.569	1	25
490.739	1	17
490.910	1	11
491.080	1	3
491.250	1	7
491.421	1	7
491.591	1	-3
491.761	1	12
491.932	1	7
492.102	1	5
492.272	1	10
492.442	1	13
492.613	1	13
492.783	1	1
492.953	1	16
493.124	1	5
493.294	1	15
493.464	1	2
493.635	1	8
493.805	1	25
493.975	1	10
494.145	1	12
494.316	1	15
494.486	1	2
494.656	1	11
494.827	1	4
494.997	1	11
495.167	1	8
495.337	1	11
495.508	1	10
495.678	1	15
495.848	1	18
496.019	1	8
496.189	1	10
496.359	1	16
496.529	1	3
496.700	1	9
496.870	1	13
497.040	1	14
497.211	1	26
497.381	1	-13
497.551	1	15
497.721	1	12
497.892	1	18
498.062	1	10
498.232	1	12
498.403	1	15
498.573	1	7
498.743	1	6
498.913	1	13
499.084	1	2
499.254	1	14
499.424	1	21
499.594	1	18
499.765	1	14
499.935	1	1
500.105	1	20
500.275	1	19
500.446	1	17
500.616	1	14
500.786	1	26
500.956	1	19
501.127	1	22
501.297	1	10
501.467	1	13
501.638	1	13
501.808	1	0
501.978	1	12
502.148	1	16
502.319	1	10
502.489	1	17
502.659	1	16
502.829	1	17
503.000	1	17
503.170	1	25
503.340	1	-1
503.510	1	12
503.681	1	9
503.851	1	12
504.021	1	36
504.191	1	17
504.362	1	26
504.532	1	10
504.702	1	14
504.872	1	2
505.042	1	26
505.213	1	19
505.383	1	13
505.553	1	18
505.723	1	16
505.894	1	19
506.064	1	20
506.234	1	24
506.404	1	9
506.575	1	9
506.745	1	17
506.915	1	12
507.085	1	12
507.256	1	9
507.426	1	19
507.596	1	30
507.766	1	9
507.936	1	19
508.107	1	13
508.277	1	12
508.447	1	17
508.617	1	36
508.788	1	16
508.958	1	28
509.128	1	16
509.298	1	25
509.468	1	21
509.639	1	26
509.809	1	19
509.979	1	16
510.149	1	13
510.319	1	10
510.490	1	18
510.660	1	29
510.830	1	18
511.000	1	21
511.171	1	30
511.341	1	17
511.511	1	13
511.681	1	25
511.851	1	17
512.022	1	13
512.192	1	24
512.362	1	12
512.532	1	9
512.702	1	15
512.873	1	25
513.043	1	29
513.213	1	18
513.383	1	19
513.553	1	7
513.724	1	28
513.894	1	23
514.064	1	23
514.234	1	27
514.404	1	18
514.575	1	25
514.745	1	14
514.915	1	30
515.085	1	16
515.255	1	13
515.425	1	17
515.596	1	16
515.766	1	18
515.936	1	23
516.106	1	15
516.276	1	36
516.447	1	22
516.617	1	29
516.787	1	16
516.957	1	21
517.127	1	20
517.297	1	21
517.468	1	27
517.638	1	29
517.808	1	19
517.978	1	9
518.148	1	19
518.319	1	15
518.489	1	22
518.659	1	26
518.829	1	19
518.999	1	19
519.169	1	40
519.340	1	21
519.510	1	16
519.680	1	23
519.850	1	12
520.020	1	14
520.190	1	27
520.361	1	24
520.531	1	36
520.701	1	26
520.871	1	14
521.041	1	36
521.211	1	39
521.382	1	29
521.552	1	37
521.722	1	32
521.892	1	12
522.062	1	29
522.232	1	19
522.402	1	22
522.573	1	30
522.743	1	24
522.913	1	28
523.083	1	27
523.253	1	30
523.423	1	22
523.593	1	10
523.764	1	32
523.934	1	35
524.104	1	31
524.274	1	17
524.444	1	17
524.614	1	25
524.784	1	26
524.955	1	24
525.125	1	29
525.295	1	19
525.465	1	24
525.635	1	41
525.805	1	25
525.975	1	23
526.146	1	25
526.316	1	27
526.486	1	26
526.656	1	43
526.826	1	24
526.996	1	28
527.166	1	32
527.337	1	21
527.507	1	23
527.677	1	36
527.847	1	23
528.017	1	18
528.187	1	29
528.357	1	31
528.527	1	21
528.698	1	23
528.868	1	21
529.038	1	36
529.208	1	19
529.378	1	33
529.548	1	29
529.718	1	27
529.888	1	30
530.058	1	29
530.229	1	30
530.399	1	37
530.569	1	29
530.739	1	23
530.909	1	32
531.079	1	30
531.249	1	31
531.419	1	27
531.589	1	29
531.760	1	31
531.930	1	18
532.100	1	46
532.270	1	35
532.440	1	28
532.610	1	31
532.780	1	26
532.950	1	33
533.120	1	26
533.290	1	22
533.461	1	40
533.631	1	21
533.801	1	23
533.971	1	38
534.141	1	36
534.311	1	27
534.481	1	33
534.651	1	31
534.821	1	29
534.991	1	34
535.162	1	26
535.332	1	25
535.502	1	39
535.672	1	18
535.842	1	32
536.012	1	41
536.182	1	25
536.352	1	26
536.522	1	49
536.692	1	37
536.862	1	36
537.032	1	40
537.203	1	38
537.373	1	15
537.543	1	30
537.713	1	42
537.883	1	36
538.053	1	27
538.223	1	32
538.393	1	22
538.563	1	28
538.733	1	24
538.903	1	31
539.073	1	30
539.243	1	14
539.413	1	27
539.584	1	31
539.754	1	26
539.924	1	34
540.094	1	22
540.264	1	26
540.434	1	17
540.604	1	30
540.774	1	22
540.944	1	27
541.114	1	13
541.284	1	33
541.454	1	35
541.624	1	30
541.794	1	25
541.964	1	27
542.134	1	27
542.305	1	19
542.475	1	15
542.645	1	26
542.815	1	34
542.985	1	24
543.155	1	22
543.325	1	22
543.495	1	19
543.665	1	42
543.835	1	26
544.005	1	22
544.175	1	28
544.345	1	17
544.515	1	14
544.685	1	26
544.855	1	31
545.025	1	14
545.195	1	30
545.365	1	25
545.535	1	28
545.705	1	30
545.875	1	19
546.045	1	23
546.216	1	38
546.386	1	22
546.556	1	22
546.726	1	29
546.896	1	29
547.066	1	13
547.236	1	13
547.406	1	28
547.576	1	23
547.746	1	31
547.916	1	27
548.086	1	26
548.256	1	27
548.426	1	24
548.596	1	22
548.766	1	34
548.936	1	18
549.106	1	31
549.276	1	27
549.446	1	21
549.616	1	32
549.786	1	24
549.956	1	38
550.126	1	24
550.296	1	25
550.466	1	26
550.636	1	25
550.806	1	25
550.976	1	26
551.146	1	21
551.316	1	21
551.486	1	25
551.656	1	21
551.826	1	37
551.996	1	23
552.166	1	19
552.336	1	35
552.506	1	9
552.676	1	20
552.846	1	28
553.016	1	26
553.186	1	18
553.356	1	22
553.526	1	27
553.696	1	39
553.866	1	26
554.036	1	16
554.206	1	22
554.376	1	8
554.546	1	11
554.716	1	19
554.886	1	26
555.056	1	18
555.226	1	13
555.396	1	21
555.566	1	27
555.736	1	32
555.906	1	19
556.076	1	17
556.246	1	21
556.416	1	22
556.586	1	29
556.756	1	25
556.926	1	28
557.096	1	17
557.266	1	30
557.436	1	30
557.606	1	10
557.776	1	17
557.946	1	29
558.116	1	33
558.286	1	24
558.456	1	17
558.626	1	23
558.796	1	23
558.966	1	21
559.136	1	26
559.306	1	10
559.476	1	19
559.646	1	18
559.816	1	17
559.986	1	15
560.155	1	23
560.325	1	2
560.495	1	21
560.665	1	17
560.835	1	19
561.005	1	29
561.175	1	12
561.345	1	25
561.515	1	10
561.685	1	22
561.855	1	34
562.025	1	15
562.195	1	15
562.365	1	20
562.535	1	14
562.705	1	26
562.875	1	16
563.045	1	27
563.215	1	19
563.385	1	19
563.555	1	23
563.725	1	13
563.895	1	6
564.064	1	24
564.234	1	14
564.404	1	21
564.574	1	18
564.744	1	13
564.914	1	8
565.084	1	11
565.254	1	17
565.424	1	16
565.594	1	19
565.764	1	18
565.934	1	15
566.104	1	10
566.274	1	8
566.444	1	28
566.614	1	8
566.783	1	19
566.953	1	21
567.123	1	31
567.293	1	10
567.463	1	13
567.633	1	12
567.803	1	7
567.973	1	18
568.143	1	10
568.313	1	7
568.483	1	10
568.653	1	8
568.823	1	23
568.993	1	3
569.162	1	22
569.332	1	14
569.502	1	15
569.672	1	2
569.842	1	11
570.012	1	12
570.182	1	18
570.352	1	18
570.522	1	17
570.692	1	12
570.862	1	17
571.031	1	8
571.201	1	20
571.371	1	4
571.541	1	2
571.711	1	17
571.881	1	17
572.051	1	10
572.221	1	14
572.391	1	19
572.561	1	8
572.731	1	14
572.900	1	20
573.070	1	7
573.240	1	4
573.410	1	14
573.580	1	18
573.750	1	13
573.920	1	4
574.090	1	19
574.260	1	11
574.430	1	15
574.599	1	11
574.769	1	3
574.939	1	12
575.109	1	12
575.279	1	16
575.449	1	19
575.619	1	17
575.789	1	16
575.959	1	3
576.128	1	10
576.298	1	9
576.468	1	10
576.638	1	13
576.808	1	4
576.978	1	9
577.148	1	16
577.318	1	9
577.487	1	15
577.657	1	-2
577.827	1	19
577.997	1	0
578.167	1	20
578.337	1	3
578.507	1	13
578.677	1	12
578.846	1	21
579.016	1	17
579.186	1	8
579.356	1	9
579.526	1	10
579.696	1	15
579.866	1	15
580.036	1	8
580.205	1	10
580.375	1	7
580.545	1	10
580.715	1	9
580.885	1	6
581.055	1	20
581.225	1	1
581.394	1	10
581.564	1	10
581.734	1	9
581.904	1	14
582.074	1	8
582.244	1	12
582.414	1	11
582.583	1	2
582.753	1	19
582.923	1	5
583.093	1	3
583.263	1	7
583.433	1	1
583.603	1	18
583.772	1	11
583.942	1	8
584.112	1	14
584.282	1	17
584.452	1	4
584.622	1	12
584.791	1	4
584.961	1	8
585.131	1	-2
585.301	1	17
585.471	1	5
585.641	1	18
585.811	1	8
585.980	1	4
586.150	1	14
586.320	1	5
586.490	1	4
586.660	1	10
586.830	1	-1
586.999	1	12
587.169	1	10
587.339	1	7
587.509	1	6
587.679	1	11
587.849	1	17
588.018	1	8
588.188	1	13
588.358	1	11
588.528	1	16
588.698	1	5
588.867	1	13
589.037	1	13
589.207	1	-3
589.377	1	17
589.547	1	1
589.717	1	14
589.886	1	0
590.056	1	9
590.226	1	7
590.396	1	13
590.566	1	12
590.735	1	31
590.905	1	10
591.075	1	-5
591.245	1	9
591.415	1	12
591.585	1	-5
591.754	1	16
591.924	1	6
592.094	1	14
592.264	1	5
592.434	1	3
592.603	1	2
592.773	1	2
592.943	1	10
593.113	1	4
593.283	1	4
593.452	1	-2
593.622	1	9
593.792	1	7
593.962	1	15
594.132	1	3
594.301	1	14
594.471	1	11
594.641	1	5
594.811	1	2
594.981	1	10
595.150	1	10
595.320	1	18
595.490	1	1
595.660	1	2
595.829	1	10
595.999	1	11
596.169	1	11
596.339	1	11
596.509	1	13
596.678	1	3
596.848	1	21
597.018	1	9
597.188	1	17
597.358	1	10
597.527	1	2
597.697	1	8
597.867	1	13
598.037	1	8
598.206	1	7
598.376	1	9
598.546	1	4
598.716	1	4
598.885	1	5
599.055	1	6
599.225	1	11
599.395	1	4
599.565	1	7
599.734	1	4
599.904	1	9
600.074	1	11
600.244	1	5
600.413	1	13
600.583	1	5
600.753	1	5
600.923	1	22
601.092	1	-2
601.262	1	7
601.432	1	1
601.602	1	10
601.771	1	14
601.941	1	8
602.111	1	1
602.281	1	5
602.451	1	5
602.620	1	12
602.790	1	6
602.960	1	-2
603.130	1	14
603.299	1	13
603.469	1	7
603.639	1	19
603.809	1	11
603.978	1	5
604.148	1	8
604.318	1	10
604.487	1	11
604.657	1	14
604.827	1	-2
604.997	1	2
605.166	1	0
605.336	1	7
605.506	1	14
605.676	1	3
605.845	1	12
606.015	1	14
606.185	1	8
606.355	1	14
606.524	1	9
606.694	1	15
606.864	1	12
607.034	1	-9
607.203	1	17
607.373	1	1
607.543	1	-4
607.712	1	12
607.882	1	-7
608.052	1	14
608.222	1	6
608.391	1	-4
608.561	1	4
608.731	1	4
608.901	1	8
609.070	1	3
609.240	1	1
609.410	1	14
609.579	1	14
609.749	1	5
609.919	1	3
610.089	1	-1
610.258	1	10
610.428	1	1
610.598	1	11
610.767	1	6
610.937	1	8
611.107	1	8
611.277	1	12
611.446	1	12
611.616	1	2
611.786	1	4
611.955	1	6
612.125	1	7
612.295	1	11
612.465	1	0
612.634	1	15
612.804	1	15
612.974	1	12
613.143	1	1
613.313	1	12
613.483	1	11
613.652	1	-3
613.822	1	12
613.992	1	10
614.162	1	14
614.331	1	3
614.501	1	15
614.671	1	8
614.840	1	7
615.010	1	12
615.180	1	5
615.349	1	4
615.519	1	11
615.689	1	15
615.858	1	11
616.028	1	1
616.198	1	11
616.368	1	4
616.537	1	3
616.707	1	-3
616.877	1	5
617.046	1	6
617.216	1	1
617.386	1	11
617.555	1	4
617.725	1	17
617.895	1	13
618.064	1	14
618.234	1	5
618.404	1	7
618.573	1	3
618.743	1	5
618.913	1	3
619.082	1	13
619.252	1	8
619.422	1	2
619.591	1	-1
619.761	1	7
619.931	1	9
620.100	1	10
620.270	1	3
620.440	1	12
620.609	1	1
620.779	1	-1
620.949	1	8
621.118	1	4
621.288	1	15
621.458	1	8
621.627	1	1
621.797	1	5
621.967	1	3
622.136	1	14
622.306	1	12
622.476	1	5
622.645	1	8
622.815	1	3
622.985	1	12
623.154	1	10
623.324	1	12
623.494	1	10
623.663	1	10
623.833	1	-2
624.002	1	2
624.172	1	19
624.342	1	3
624.511	1	7
624.681	1	-1
624.851	1	-8
625.020	1	6
625.190	1	7
625.360	1	-9
625.529	1	20
625.699	1	0
625.869	1	9
626.038	1	1
626.208	1	-7
626.377	1	20
626.547	1	3
626.717	1	4
626.886	1	1
627.056	1	4
627.226	1	13
627.395	1	8
627.565	1	8
627.735	1	6
627.904	1	13
628.074	1	12
628.243	1	-3
628.413	1	5
628.583	1	-2
628.752	1	12
628.922	1	13
629.091	1	3
629.261	1	12
629.431	1	-2
629.600	1	13
629.770	1	6
629.940	1	6
630.109	1	-5
630.279	1	-1
630.448	1	-2
630.618	1	7
630.788	1	11
630.957	1	1
631.127	1	8
631.297	1	-4
631.466	1	8
631.636	1	3
631.805	1	-4
631.975	1	5
632.145	1	-2
632.314	1	7
632.484	1	3
632.653	1	-10
632.823	1	10
632.993	1	2
633.162	1	-4
633.332	1	13
633.501	1	0
633.671	1	9
633.841	1	14
634.010	1	3
634.180	1	7
634.349	1	5
634.519	1	10
634.689	1	14
634.858	1	7
635.028	1	-3
635.197	1	-1
635.367	1	0
635.537	1	5
635.706	1	6
635.876	1	7
636.045	1	0
636.215	1	1
636.384	1	14
636.554	1	12
636.724	1	6
636.893	1	7
637.063	1	16
637.232	1	6
637.402	1	15
637.572	1	6
637.741	1	13
637.911	1	7
638.080	1	10
638.250	1	13
638.419	1	14
638.589	1	14
638.759	1	9
638.928	1	-7
639.098	1	12
639.267	1	17
639.437	1	-1
639.606	1	17
639.776	1	5
639.946	1	2
640.115	1	0
640.285	1	14
640.454	1	13
640.624	1	15
640.793	1	11
640.963	1	0
641.132	1	15
641.302	1	2
641.472	1	6
641.641	1	-9
641.811	1	12
641.980	1	1
642.150	1	5
642.319	1	2
642.489	1	2
642.659	1	-2
642.828	1	7
642.998	1	6
643.167	1	12
643.337	1	7
643.506	1	5
643.676	1	6
643.845	1	8
644.015	1	-2
644.184	1	13
644.354	1	1
644.524	1	-3
644.693	1	5
644.863	1	-8
645.032	1	2
645.202	1	9
645.371	1	1
645.541	1	-1
645.710	1	0
645.880	1	16
646.049	1	14
646.219	1	7
646.388	1	3
646.558	1	5
646.728	1	14
646.897	1	2
647.067	1	7
647.236	1	9
647.406	1	0
647.575	1	-1
647.745	1	8
647.914	1	8
648.084	1	-2
648.253	1	9
648.423	1	-3
648.592	1	4
648.762	1	5
648.931	1	4
649.101	1	5
649.270	1	12
649.440	1	16
649.610	1	20
649.779	1	12
649.949	1	4
650.118	1	-4
650.288	1	1
650.457	1	0
650.627	1	8
650.796	1	2
650.966	1	-1
651.135	1	9
651.305	1	1
651.474	1	14
651.644	1	2
651.813	1	9
651.983	1	14
652.152	1	6
652.322	1	-1
652.491	1	0
652.661	1	14
652.830	1	12
653.000	1	-6
653.169	1	6
653.339	1	18
653.508	1	8
653.678	1	3
653.847	1	2
654.017	1	8
654.186	1	2
654.356	1	9
654.525	1	9
654.695	1	15
654.864	1	8
655.034	1	3
655.203	1	5
655.373	1	2
655.542	1	14
655.712	1	-1
655.881	1	12
656.051	1	15
656.220	1	19
656.390	1	3
656.559	1	5
656.729	1	7
656.898	1	4
657.068	1	2
657.237	1	15
657.406	1	13
657.576	1	6
657.745	1	1
657.915	1	19
658.084	1	4
658.254	1	9
658.423	1	-3
658.593	1	-2
658.762	1	-7
658.932	1	4
659.101	1	-1
659.271	1	3
659.440	1	18
659.610	1	7
659.779	1	-5
659.949	1	3
660.118	1	3
660.288	1	-3
660.457	1	3
660.626	1	1
660.796	1	5
660.965	1	8
661.135	1	5
661.304	1	1
661.474	1	8
661.643	1	10
661.813	1	7
661.982	1	6
662.152	1	5
662.321	1	6
662.491	1	2
662.660	1	6
662.829	1	-2
662.999	1	6
663.168	1	-4
663.338	1	5
663.507	1	3
663.677	1	-15
663.846	1	15
664.016	1	9
664.185	1	5
664.354	1	13
664.524	1	-9
664.693	1	10
664.863	1	10
665.032	1	16
665.202	1	0
665.371	1	7
665.541	1	2
665.710	1	5
665.879	1	9
666.049	1	8
666.218	1	-3
666.388	1	4
666.557	1	17
666.727	1	-1
666.896	1	-1
667.065	1	11
667.235	1	3
667.404	1	0
667.574	1	4
667.743	1	1
667.913	1	6
668.082	1	-7
668.251	1	1
668.421	1	7
668.590	1	2
668.760	1	0
668.929	1	10
669.099	1	0
669.268	1	6
669.437	1	8
669.607	1	-6
669.776	1	12
669.946	1	2
670.115	1	9
670.285	1	6
670.454	1	6
670.623	1	9
670.793	1	1
670.962	1	-1
671.132	1	15
671.301	1	5
671.470	1	-3
671.640	1	-11
671.809	1	-10
671.979	1	16
672.148	1	12
672.317	1	11
672.487	1	2
672.656	1	9
672.826	1	-8
672.995	1	2
673.164	1	5
673.334	1	8
673.503	1	4
673.673	1	21
673.842	1	0
674.011	1	14
674.181	1	-9
674.350	1	-2
674.520	1	6
674.689	1	1
674.858	1	-2
675.028	1	6
675.197	1	3
675.367	1	4
675.536	1	12
675.705	1	3
675.875	1	3
676.044	1	8
676.214	1	0
676.383	1	0
676.552	1	-2
676.722	1	3
676.891	1	-6
677.060	1	9
677.230	1	18
677.399	1	2
677.569	1	-3
677.738	1	2
677.907	1	-11
678.077	1	9
678.246	1	1
678.416	1	10
678.585	1	17
678.754	1	1
678.924	1	-1
679.093	1	7
679.262	1	3
679.432	1	1
679.601	1	-12
679.771	1	3
679.940	1	-3
680.109	1	7
680.279	1	-7
680.448	1	2
680.617	1	3
680.787	1	4
680.956	1	-1
681.125	1	6
681.295	1	15
681.464	1	0
681.634	1	9
681.803	1	1
681.972	1	-2
682.142	1	11
682.311	1	6
682.480	1	5
682.650	1	-7
682.819	1	10
682.988	1	-1
683.158	1	5
683.327	1	8
683.496	1	-3
683.666	1	6
683.835	1	7
684.004	1	11
684.174	1	1
684.343	1	7
684.512	1	-2
684.682	1	11
684.851	1	3
685.021	1	7
685.190	1	8
685.359	1	-4
685.529	1	3
685.698	1	7
685.867	1	5
686.037	1	7
686.206	1	2
686.375	1	-2
686.545	1	6
686.714	1	7
686.883	1	-4
687.053	1	7
687.222	1	3
687.391	1	2
687.561	1	11
687.730	1	-3
687.899	1	8
688.069	1	-2
688.238	1	3
688.407	1	6
688.577	1	-2
688.746	1	9
