340.368	1	6
340.539	1	-4
340.710	1	-11
340.881	1	5
341.052	1	1
341.223	1	5
341.394	1	-6
341.565	1	-6
341.737	1	9
341.908	1	-1
342.079	1	1
342.250	1	-5
342.421	1	-8
342.592	1	-7
342.763	1	10
342.934	1	2
343.105	1	10
343.276	1	-1
343.447	1	-7
343.618	1	6
343.789	1	2
343.960	1	-10
344.131	1	-1
344.302	1	1
344.473	1	-1
344.644	1	-7
344.815	1	8
344.986	1	-2
345.157	1	7
345.328	1	5
345.499	1	-3
345.670	1	5
345.841	1	6
346.012	1	10
346.183	1	-4
346.354	1	4
346.526	1	3
346.697	1	3
346.868	1	-6
347.039	1	6
347.210	1	-7
347.381	1	-6
347.552	1	8
347.723	1	0
347.894	1	-10
348.065	1	-2
348.236	1	5
348.407	1	0
348.578	1	8
348.749	1	2
348.920	1	4
349.091	1	-3
349.262	1	-2
349.433	1	-14
349.604	1	9
349.775	1	13
349.946	1	0
350.117	1	12
350.288	1	0
350.459	1	6
350.630	1	-10
350.801	1	-1
350.972	1	-6
351.143	1	-9
351.314	1	1
351.485	1	-3
351.656	1	-3
351.827	1	-1
351.998	1	-1
352.169	1	9
352.340	1	-1
352.511	1	-1
352.682	1	1
352.853	1	-2
353.024	1	-2
353.195	1	-2
353.366	1	7
353.537	1	2
353.708	1	-3
353.879	1	5
354.050	1	8
354.221	1	-7
354.392	1	6
354.563	1	8
354.734	1	5
354.905	1	8
355.076	1	2
355.247	1	-9
355.418	1	-2
355.589	1	-1
355.760	1	-2
355.931	1	2
356.102	1	-12
356.273	1	4
356.444	1	6
356.615	1	0
356.785	1	10
356.956	1	-13
357.127	1	7
357.298	1	-1
357.469	1	-6
357.640	1	3
357.811	1	16
357.982	1	-4
358.153	1	0
358.324	1	2
358.495	1	12
358.666	1	-1
358.837	1	-6
359.008	1	-8
359.179	1	1
359.350	1	5
359.521	1	-3
359.692	1	7
359.863	1	-9
360.034	1	-12
360.205	1	1
360.376	1	-3
360.547	1	1
360.718	1	-1
360.889	1	6
361.060	1	4
361.231	1	1
361.401	1	7
361.572	1	-8
361.743	1	-3
361.914	1	0
362.085	1	-5
362.256	1	0
362.427	1	-5
362.598	1	1
362.769	1	0
362.940	1	-6
363.111	1	5
363.282	1	5
363.453	1	-9
363.624	1	-7
363.795	1	2
363.966	1	-3
364.137	1	0
364.308	1	-4
364.478	1	3
364.649	1	0
364.820	1	-7
364.991	1	-4
365.162	1	1
365.333	1	4
365.504	1	-9
365.675	1	-5
365.846	1	-5
366.017	1	7
366.188	1	-5
366.359	1	0
366.530	1	2
366.701	1	-8
366.871	1	2
367.042	1	7
367.213	1	-3
367.384	1	3
367.555	1	-12
367.726	1	5
367.897	1	1
368.068	1	-3
368.239	1	3
368.410	1	5
368.581	1	5
368.752	1	-7
368.923	1	-9
369.093	1	6
369.264	1	5
369.435	1	-1
369.606	1	-1
369.777	1	-5
369.948	1	6
370.119	1	-1
370.290	1	-9
370.461	1	4
370.632	1	0
370.803	1	-2
370.973	1	2
371.144	1	-3
371.315	1	-2
371.486	1	8
371.657	1	6
371.828	1	-5
371.999	1	11
372.170	1	2
372.341	1	6
372.512	1	-9
372.682	1	-2
372.853	1	11
373.024	1	-8
373.195	1	-2
373.366	1	-4
373.537	1	1
373.708	1	7
373.879	1	8
374.050	1	-3
374.220	1	-7
374.391	1	4
374.562	1	2
374.733	1	8
374.904	1	-1
375.075	1	2
375.246	1	-4
375.417	1	0
375.588	1	4
375.758	1	-5
375.929	1	-1
376.100	1	2
376.271	1	-3
376.442	1	-3
376.613	1	5
376.784	1	1
376.955	1	0
377.125	1	-2
377.296	1	9
377.467	1	4
377.638	1	0
377.809	1	9
377.980	1	5
378.151	1	-11
378.321	1	-2
378.492	1	2
378.663	1	-7
378.834	1	6
379.005	1	7
379.176	1	2
379.347	1	9
379.518	1	-8
379.688	1	-3
379.859	1	-9
380.030	1	-7
380.201	1	-12
380.372	1	3
380.543	1	4
380.714	1	1
380.884	1	-3
381.055	1	-9
381.226	1	-2
381.397	1	-7
381.568	1	7
381.739	1	-3
381.910	1	0
382.080	1	-13
382.251	1	-3
382.422	1	8
382.593	1	0
382.764	1	2
382.935	1	-5
383.105	1	8
383.276	1	2
383.447	1	9
383.618	1	-5
383.789	1	10
383.960	1	-1
384.130	1	-2
384.301	1	-2
384.472	1	-14
384.643	1	0
384.814	1	7
384.985	1	4
385.156	1	3
385.326	1	1
385.497	1	6
385.668	1	3
385.839	1	1
386.010	1	2
386.180	1	2
386.351	1	-5
386.522	1	3
386.693	1	0
386.864	1	-10
387.035	1	-3
387.205	1	-3
387.376	1	8
387.547	1	-7
387.718	1	8
387.889	1	9
388.060	1	-7
388.230	1	-1
388.401	1	10
388.572	1	-2
388.743	1	19
388.914	1	14
389.084	1	2
389.255	1	8
389.426	1	-1
389.597	1	-11
389.768	1	7
389.939	1	5
390.109	1	-3
390.280	1	8
390.451	1	13
390.622	1	-4
390.793	1	6
390.963	1	1
391.134	1	-7
391.305	1	9
391.476	1	10
391.647	1	2
391.817	1	3
391.988	1	0
392.159	1	6
392.330	1	6
392.501	1	1
392.671	1	11
392.842	1	7
393.013	1	2
393.184	1	8
393.355	1	0
393.525	1	1
393.696	1	-4
393.867	1	0
394.038	1	1
394.208	1	6
394.379	1	-7
394.550	1	7
394.721	1	9
394.892	1	3
395.062	1	-4
395.233	1	9
395.404	1	-2
395.575	1	-6
395.746	1	-8
395.916	1	-4
396.087	1	-2
396.258	1	-1
396.429	1	3
396.599	1	-2
396.770	1	10
396.941	1	17
397.112	1	-2
397.283	1	6
397.453	1	-7
397.624	1	1
397.795	1	4
397.966	1	9
398.136	1	-2
398.307	1	3
398.478	1	-4
398.649	1	-4
398.819	1	7
398.990	1	5
399.161	1	-6
399.332	1	6
399.503	1	1
399.673	1	-3
399.844	1	-2
400.015	1	-1
400.186	1	5
400.356	1	-10
400.527	1	-2
400.698	1	0
400.869	1	7
401.039	1	1
401.210	1	2
401.381	1	-5
401.552	1	13
401.722	1	5
401.893	1	-4
402.064	1	8
402.235	1	10
402.405	1	-6
402.576	1	1
402.747	1	4
402.918	1	-1
403.088	1	-6
403.259	1	-1
403.430	1	0
403.601	1	-18
403.771	1	4
403.942	1	3
404.113	1	12
404.284	1	1
404.454	1	9
404.625	1	7
404.796	1	8
404.967	1	2
405.137	1	10
405.308	1	1
405.479	1	2
405.649	1	0
405.820	1	2
405.991	1	7
406.162	1	-2
406.332	1	-6
406.503	1	1
406.674	1	-3
406.845	1	2
407.015	1	-5
407.186	1	14
407.357	1	-1
407.527	1	3
407.698	1	-9
407.869	1	0
408.040	1	-5
408.210	1	-8
408.381	1	2
408.552	1	5
408.722	1	-7
408.893	1	5
409.064	1	0
409.235	1	0
409.405	1	-1
409.576	1	-5
409.747	1	-5
409.917	1	-1
410.088	1	10
410.259	1	3
410.430	1	1
410.600	1	-4
410.771	1	-2
410.942	1	-2
411.112	1	2
411.283	1	-2
411.454	1	5
411.625	1	-4
411.795	1	-1
411.966	1	-4
412.137	1	2
412.307	1	-9
412.478	1	6
412.649	1	0
412.819	1	-10
412.990	1	5
413.161	1	-6
413.332	1	-8
413.502	1	-1
413.673	1	2
413.844	1	-5
414.014	1	-2
414.185	1	0
414.356	1	-7
414.526	1	6
414.697	1	3
414.868	1	1
415.038	1	2
415.209	1	-2
415.380	1	-2
415.550	1	-7
415.721	1	-2
415.892	1	-4
416.063	1	14
416.233	1	12
416.404	1	0
416.575	1	-2
416.745	1	-12
416.916	1	-4
417.087	1	-1
417.257	1	5
417.428	1	-11
417.599	1	8
417.769	1	9
417.940	1	-5
418.111	1	-3
418.281	1	0
418.452	1	-8
418.623	1	1
418.793	1	2
418.964	1	4
419.135	1	8
419.305	1	-1
419.476	1	0
419.647	1	9
419.817	1	-1
419.988	1	-9
420.159	1	-15
420.329	1	3
420.500	1	9
420.671	1	2
420.841	1	3
421.012	1	12
421.183	1	-1
421.353	1	6
421.524	1	2
421.695	1	-1
421.865	1	2
422.036	1	-8
422.206	1	-1
422.377	1	5
422.548	1	-1
422.718	1	0
422.889	1	5
423.060	1	0
423.230	1	7
423.401	1	-1
423.572	1	0
423.742	1	8
423.913	1	5
424.084	1	-1
424.254	1	-1
424.425	1	0
424.595	1	-5
424.766	1	0
424.937	1	-1
425.107	1	4
425.278	1	-16
425.449	1	-1
425.619	1	-1
425.790	1	-3
425.961	1	1
426.131	1	-1
426.302	1	-9
426.472	1	-15
426.643	1	2
426.814	1	0
426.984	1	0
427.155	1	3
427.326	1	7
427.496	1	5
427.667	1	13
427.837	1	-3
428.008	1	3
428.179	1	-5
428.349	1	-6
428.520	1	-3
428.691	1	-4
428.861	1	-2
429.032	1	2
429.202	1	2
429.373	1	-17
429.544	1	3
429.714	1	6
429.885	1	0
430.055	1	-4
430.226	1	-11
430.397	1	4
430.567	1	10
430.738	1	-5
430.909	1	-5
431.079	1	11
431.250	1	-9
431.420	1	7
431.591	1	4
431.762	1	-4
431.932	1	-1
432.103	1	2
432.273	1	-3
432.444	1	10
432.615	1	5
432.785	1	-2
432.956	1	0
433.126	1	6
433.297	1	1
433.468	1	3
433.638	1	3
433.809	1	7
433.979	1	5
434.150	1	-5
434.320	1	-3
434.491	1	5
434.662	1	0
434.832	1	-11
435.003	1	5
435.173	1	2
435.344	1	2
435.515	1	0
435.685	1	9
435.856	1	-8
436.026	1	6
436.197	1	-4
436.368	1	-3
436.538	1	3
436.709	1	-13
436.879	1	-7
437.050	1	5
437.220	1	6
437.391	1	1
437.562	1	2
437.732	1	-2
437.903	1	-1
438.073	1	-1
438.244	1	-9
438.414	1	-2
438.585	1	8
438.756	1	3
438.926	1	-3
439.097	1	8
439.267	1	3
439.438	1	3
439.608	1	2
439.779	1	-9
439.949	1	-3
440.120	1	3
440.291	1	-6
440.461	1	-8
440.632	1	11
440.802	1	-4
440.973	1	5
441.143	1	-2
441.314	1	-11
441.485	1	-5
441.655	1	14
441.826	1	-8
441.996	1	-5
442.167	1	2
442.337	1	-2
442.508	1	1
442.678	1	-5
442.849	1	3
443.019	1	12
443.190	1	-10
443.361	1	8
443.531	1	3
443.702	1	-12
443.872	1	5
444.043	1	-1
444.213	1	-2
444.384	1	5
444.554	1	-5
444.725	1	-1
444.895	1	0
445.066	1	-12
445.237	1	2
445.407	1	-9
445.578	1	-3
445.748	1	0
445.919	1	-2
446.089	1	15
446.260	1	3
446.430	1	-12
446.601	1	-5
446.771	1	-12
446.942	1	-1
447.112	1	1
447.283	1	-3
447.453	1	-13
447.624	1	9
447.794	1	-3
447.965	1	-4
448.135	1	9
448.306	1	7
448.477	1	-2
448.647	1	7
448.818	1	11
448.988	1	-8
449.159	1	-4
449.329	1	-1
449.500	1	13
449.670	1	10
449.841	1	-1
450.011	1	-7
450.182	1	-8
450.352	1	6
450.523	1	-10
450.693	1	10
450.864	1	0
451.034	1	-3
451.205	1	7
451.375	1	6
451.546	1	-1
451.716	1	4
451.887	1	-5
452.057	1	10
452.228	1	-6
452.398	1	-9
452.569	1	-5
452.739	1	11
452.910	1	-6
453.080	1	10
453.251	1	0
453.421	1	1
453.592	1	-6
453.762	1	4
453.933	1	1
454.103	1	6
454.274	1	2
454.444	1	11
454.615	1	10
454.785	1	-5
454.956	1	-5
455.126	1	0
455.297	1	4
455.467	1	-1
455.638	1	-4
455.808	1	5
455.979	1	-2
456.149	1	-5
456.320	1	-2
456.490	1	-5
456.661	1	-8
456.831	1	7
457.001	1	0
457.172	1	-1
457.342	1	5
457.513	1	1
457.683	1	4
457.854	1	-6
458.024	1	0
458.195	1	-6
458.365	1	2
458.536	1	6
458.706	1	-1
458.877	1	-1
459.047	1	-7
459.218	1	1
459.388	1	-8
459.559	1	-3
459.729	1	-6
459.899	1	7
460.070	1	3
460.240	1	5
460.411	1	8
460.581	1	3
460.752	1	0
460.922	1	2
461.093	1	1
461.263	1	2
461.434	1	4
461.604	1	-6
461.775	1	5
461.945	1	1
462.115	1	-11
462.286	1	-1
462.456	1	-7
462.627	1	-6
462.797	1	-3
462.968	1	-3
463.138	1	16
463.309	1	2
463.479	1	10
463.649	1	-5
463.820	1	0
463.990	1	1
464.161	1	8
464.331	1	5
464.502	1	1
464.672	1	-5
464.843	1	8
465.013	1	-12
465.183	1	2
465.354	1	1
465.524	1	14
465.695	1	-1
465.865	1	0
466.036	1	1
466.206	1	-2
466.376	1	-4
466.547	1	4
466.717	1	-10
466.888	1	4
467.058	1	7
467.229	1	7
467.399	1	1
467.569	1	5
467.740	1	-5
467.910	1	-4
468.081	1	-1
468.251	1	-3
468.422	1	-5
468.592	1	8
468.762	1	-8
468.933	1	0
469.103	1	-2
469.274	1	-4
469.444	1	-1
469.614	1	8
469.785	1	-5
469.955	1	0
470.126	1	-3
470.296	1	8
470.467	1	-2
470.637	1	10
470.807	1	7
470.978	1	-2
471.148	1	-13
471.319	1	9
471.489	1	-17
471.659	1	2
471.830	1	19
472.000	1	-1
472.171	1	0
472.341	1	-3
472.511	1	12
472.682	1	9
472.852	1	-4
473.023	1	-3
473.193	1	-6
473.363	1	0
473.534	1	-1
473.704	1	2
473.875	1	3
474.045	1	-13
474.215	1	0
474.386	1	9
474.556	1	-4
474.727	1	0
474.897	1	5
475.067	1	2
475.238	1	-6
475.408	1	1
475.578	1	-1
475.749	1	-7
475.919	1	-6
476.090	1	-1
476.260	1	-6
476.430	1	4
476.601	1	5
476.771	1	0
476.942	1	3
477.112	1	4
477.282	1	-7
477.453	1	0
477.623	1	7
477.793	1	4
477.964	1	9
478.134	1	5
478.305	1	0
478.475	1	-3
478.645	1	-13
478.816	1	3
478.986	1	-6
479.156	1	1
479.327	1	-8
479.497	1	-2
479.667	1	-2
479.838	1	0
480.008	1	0
480.179	1	-2
480.349	1	9
480.519	1	-1
480.690	1	-7
480.860	1	3
481.030	1	-9
481.201	1	0
481.371	1	3
481.541	1	3
481.712	1	0
481.882	1	-5
482.053	1	0
482.223	1	-9
482.393	1	-7
482.564	1	-7
482.734	1	2
482.904	1	12
483.075	1	10
483.245	1	-5
483.415	1	0
483.586	1	-5
483.756	1	10
483.926	1	4
484.097	1	-8
484.267	1	5
484.437	1	-12
484.608	1	-1
484.778	1	1
484.948	1	-1
485.119	1	-2
485.289	1	2
485.459	1	4
485.630	1	-2
485.800	1	-7
485.970	1	-3
486.141	1	-5
486.311	1	-6
486.481	1	-2
486.652	1	6
486.822	1	10
486.992	1	-6
487.163	1	-11
487.333	1	5
487.503	1	-5
487.674	1	2
487.844	1	3
488.014	1	0
488.185	1	-4
488.355	1	2
488.525	1	-10
488.696	1	-14
488.866	1	11
489.036	1	6
489.207	1	10
489.377	1	3
489.547	1	4
489.718	1	3
489.888	1	-3
490.058	1	3
490.228	1	-4
490.399	1	4
490.569	1	11
490.739	1	-1
490.910	1	-3
491.080	1	-6
491.250	1	-2
491.421	1	0
491.591	1	-5
491.761	1	-3
491.932	1	1
492.102	1	-9
492.272	1	7
492.442	1	0
492.613	1	7
492.783	1	-11
492.953	1	-5
493.124	1	-1
493.294	1	9
493.464	1	-11
493.635	1	-4
493.805	1	14
493.975	1	-2
494.145	1	1
494.316	1	14
494.486	1	0
494.656	1	-4
494.827	1	-7
494.997	1	-13
495.167	1	7
495.337	1	5
495.508	1	-10
495.678	1	1
495.848	1	10
496.019	1	-7
496.189	1	0
496.359	1	6
496.529	1	-6
496.700	1	-1
496.870	1	2
497.040	1	4
497.211	1	8
497.381	1	-15
497.551	1	11
497.721	1	-6
497.892	1	5
498.062	1	-8
498.232	1	-1
498.403	1	-7
498.573	1	-3
498.743	1	-3
498.913	1	7
499.084	1	-16
499.254	1	3
499.424	1	15
499.594	1	6
499.765	1	3
499.935	1	-15
500.105	1	2
500.275	1	6
500.446	1	4
500.616	1	-2
500.786	1	3
500.956	1	0
501.127	1	11
501.297	1	-2
501.467	1	-6
501.638	1	12
501.808	1	-9
501.978	1	2
502.148	1	-2
502.319	1	10
502.489	1	1
502.659	1	0
502.829	1	2
503.000	1	8
503.170	1	5
503.340	1	3
503.510	1	-10
503.681	1	5
503.851	1	-14
504.021	1	10
504.191	1	6
504.362	1	9
504.532	1	-4
504.702	1	5
504.872	1	-9
505.042	1	0
505.213	1	-9
505.383	1	-5
505.553	1	2
505.723	1	-1
505.894	1	3
506.064	1	8
506.234	1	3
506.404	1	-10
506.575	1	-2
506.745	1	-6
506.915	1	4
507.085	1	-9
507.256	1	-3
507.426	1	2
507.596	1	5
507.766	1	6
507.936	1	-2
508.107	1	-1
508.277	1	-7
508.447	1	-3
508.617	1	-2
508.788	1	1
508.958	1	3
509.128	1	1
509.298	1	19
509.468	1	2
509.639	1	8
509.809	1	8
509.979	1	3
510.149	1	-2
510.319	1	-6
510.490	1	11
510.660	1	-2
510.830	1	-2
511.000	1	8
511.171	1	14
511.341	1	-4
511.511	1	0
511.681	1	-2
511.851	1	-3
512.022	1	-5
512.192	1	1
512.362	1	10
512.532	1	-8
512.702	1	-6
512.873	1	11
513.043	1	0
513.213	1	-6
513.383	1	-9
513.553	1	-12
513.724	1	10
513.894	1	-8
514.064	1	-1
514.234	1	5
514.404	1	-2
514.575	1	9
514.745	1	0
514.915	1	1
515.085	1	1
515.255	1	-1
515.425	1	-6
515.596	1	-1
515.766	1	-5
515.936	1	-2
516.106	1	1
516.276	1	3
516.447	1	3
516.617	1	7
516.787	1	1
516.957	1	0
517.127	1	-5
517.297	1	4
517.468	1	0
517.638	1	7
517.808	1	-3
517.978	1	0
518.148	1	-4
518.319	1	-2
518.489	1	-1
518.659	1	0
518.829	1	-13
518.999	1	-1
519.169	1	4
519.340	1	-1
519.510	1	-2
519.680	1	-13
519.850	1	-12
520.020	1	-10
520.190	1	4
520.361	1	-9
520.531	1	2
520.701	1	4
520.871	1	-6
521.041	1	0
521.211	1	8
521.382	1	1
521.552	1	4
521.722	1	2
521.892	1	-8
522.062	1	4
522.232	1	-9
522.402	1	-7
522.573	1	-8
522.743	1	2
522.913	1	2
523.083	1	-2
523.253	1	-7
523.423	1	-4
523.593	1	-20
523.764	1	9
523.934	1	1
524.104	1	-2
524.274	1	-1
524.444	1	3
524.614	1	7
524.784	1	0
524.955	1	4
525.125	1	3
525.295	1	-10
525.465	1	1
525.635	1	2
525.805	1	-3
525.975	1	5
526.146	1	-1
526.316	1	-4
526.486	1	5
526.656	1	10
526.826	1	0
526.996	1	9
527.166	1	12
527.337	1	-4
527.507	1	-14
527.677	1	18
527.847	1	-4
528.017	1	-8
528.187	1	-1
528.357	1	6
528.527	1	-1
528.698	1	-10
528.868	1	-3
529.038	1	4
529.208	1	-8
529.378	1	8
529.548	1	-1
529.718	1	0
529.888	1	1
530.058	1	-2
530.229	1	5
530.399	1	1
530.569	1	-1
530.739	1	0
530.909	1	2
531.079	1	1
531.249	1	-4
531.419	1	13
531.589	1	-16
531.760	1	4
531.930	1	-6
532.100	1	13
532.270	1	10
532.440	1	-5
532.610	1	5
532.780	1	-1
532.950	1	7
533.120	1	2
533.290	1	-5
533.461	1	7
533.631	1	1
533.801	1	4
533.971	1	-4
534.141	1	12
534.311	1	4
534.481	1	-2
534.651	1	-1
534.821	1	5
534.991	1	-13
535.162	1	7
535.332	1	3
535.502	1	3
535.672	1	-2
535.842	1	5
536.012	1	11
536.182	1	0
536.352	1	3
536.522	1	-1
536.692	1	6
536.862	1	7
537.032	1	1
537.203	1	4
537.373	1	2
537.543	1	-2
537.713	1	10
537.883	1	0
538.053	1	5
538.223	1	-1
538.393	1	14
538.563	1	-9
538.733	1	-3
538.903	1	2
539.073	1	2
539.243	1	0
539.413	1	-7
539.584	1	2
539.754	1	0
539.924	1	4
540.094	1	0
540.264	1	-2
540.434	1	2
540.604	1	1
540.774	1	3
540.944	1	1
541.114	1	-11
541.284	1	-2
541.454	1	7
541.624	1	1
541.794	1	-4
541.964	1	6
542.134	1	1
542.305	1	-2
542.475	1	-9
542.645	1	-5
542.815	1	13
542.985	1	-3
543.155	1	2
543.325	1	1
543.495	1	6
543.665	1	9
543.835	1	-2
544.005	1	2
544.175	1	9
544.345	1	-9
544.515	1	0
544.685	1	-2
544.855	1	1
545.025	1	-8
545.195	1	3
545.365	1	0
545.535	1	-3
545.705	1	9
545.875	1	-6
546.045	1	6
546.216	1	8
546.386	1	-4
546.556	1	-6
546.726	1	4
546.896	1	-10
547.066	1	-17
547.236	1	-5
547.406	1	2
547.576	1	13
547.746	1	0
547.916	1	-3
548.086	1	0
548.256	1	5
548.426	1	2
548.596	1	1
548.766	1	7
548.936	1	-3
549.106	1	0
549.276	1	3
549.446	1	3
549.616	1	10
549.786	1	-1
549.956	1	7
550.126	1	-2
550.296	1	-1
550.466	1	-2
550.636	1	-6
550.806	1	5
550.976	1	17
551.146	1	-9
551.316	1	3
551.486	1	5
551.656	1	1
551.826	1	6
551.996	1	5
552.166	1	-4
552.336	1	2
552.506	1	-13
552.676	1	-6
552.846	1	-4
553.016	1	-3
553.186	1	-1
553.356	1	-10
553.526	1	0
553.696	1	6
553.866	1	2
554.036	1	7
554.206	1	2
554.376	1	-3
554.546	1	-11
554.716	1	-6
554.886	1	0
555.056	1	-5
555.226	1	-12
555.396	1	-9
555.566	1	6
555.736	1	-4
555.906	1	5
556.076	1	-3
556.246	1	-7
556.416	1	9
556.586	1	6
556.756	1	1
556.926	1	12
557.096	1	-5
557.266	1	12
557.436	1	7
557.606	1	-15
557.776	1	10
557.946	1	-2
558.116	1	4
558.286	1	4
558.456	1	-7
558.626	1	2
558.796	1	-4
558.966	1	2
559.136	1	4
559.306	1	-6
559.476	1	-1
559.646	1	6
559.816	1	3
559.986	1	-3
560.155	1	5
560.325	1	-7
560.495	1	3
560.665	1	5
560.835	1	1
561.005	1	0
561.175	1	-2
561.345	1	-5
561.515	1	-5
561.685	1	-1
561.855	1	0
562.025	1	-5
562.195	1	4
562.365	1	9
562.535	1	2
562.705	1	14
562.875	1	6
563.045	1	-1
563.215	1	-5
563.385	1	6
563.555	1	7
563.725	1	2
563.895	1	-12
564.064	1	5
564.234	1	-1
564.404	1	-1
564.574	1	-8
564.744	1	3
564.914	1	-14
565.084	1	-11
565.254	1	0
565.424	1	0
565.594	1	-4
565.764	1	5
565.934	1	6
566.104	1	-3
566.274	1	7
566.444	1	8
566.614	1	2
566.783	1	-1
566.953	1	-2
567.123	1	11
567.293	1	4
567.463	1	12
567.633	1	-6
567.803	1	0
567.973	1	-6
568.143	1	-13
568.313	1	-6
568.483	1	-13
568.653	1	-3
568.823	1	10
568.993	1	5
569.162	1	-6
569.332	1	2
569.502	1	5
569.672	1	-4
569.842	1	-11
570.012	1	-2
570.182	1	-3
570.352	1	2
570.522	1	0
570.692	1	12
570.862	1	5
571.031	1	-6
571.201	1	4
571.371	1	8
571.541	1	-12
571.711	1	-5
571.881	1	3
572.051	1	1
572.221	1	5
572.391	1	12
572.561	1	-5
572.731	1	-3
572.900	1	0
573.070	1	9
573.240	1	-8
573.410	1	-4
573.580	1	5
573.750	1	-1
573.920	1	-14
574.090	1	-8
574.260	1	-5
574.430	1	-3
574.599	1	-6
574.769	1	-5
574.939	1	-6
575.109	1	-4
575.279	1	2
575.449	1	8
575.619	1	6
575.789	1	13
575.959	1	-8
576.128	1	-2
576.298	1	-5
576.468	1	-9
576.638	1	-2
576.808	1	3
576.978	1	0
577.148	1	4
577.318	1	8
577.487	1	1
577.657	1	-16
577.827	1	6
577.997	1	-7
578.167	1	1
578.337	1	-5
578.507	1	4
578.677	1	-3
578.846	1	-2
579.016	1	12
579.186	1	-5
579.356	1	-2
579.526	1	4
579.696	1	6
579.866	1	-2
580.036	1	-3
580.205	1	0
580.375	1	-3
580.545	1	-6
580.715	1	2
580.885	1	3
581.055	1	-3
581.225	1	-9
581.394	1	-6
581.564	1	0
581.734	1	6
581.904	1	-9
582.074	1	3
582.244	1	3
582.414	1	-3
582.583	1	-1
582.753	1	-6
582.923	1	0
583.093	1	-5
583.263	1	-6
583.433	1	1
583.603	1	-2
583.772	1	-2
583.942	1	6
584.112	1	3
584.282	1	13
584.452	1	-4
584.622	1	-6
584.791	1	5
584.961	1	-2
585.131	1	-5
585.301	1	7
585.471	1	-1
585.641	1	-4
585.811	1	-3
585.980	1	-20
586.150	1	-1
586.320	1	-11
586.490	1	0
586.660	1	12
586.830	1	-6
586.999	1	-1
587.169	1	-4
587.339	1	-2
587.509	1	4
587.679	1	5
587.849	1	3
588.018	1	10
588.188	1	0
588.358	1	3
588.528	1	-4
588.698	1	-4
588.867	1	4
589.037	1	4
589.207	1	-11
589.377	1	0
589.547	1	-3
589.717	1	-5
589.886	1	-2
590.056	1	0
590.226	1	-1
590.396	1	-1
590.566	1	-8
590.735	1	13
590.905	1	2
591.075	1	-7
591.245	1	-3
591.415	1	-2
591.585	1	0
591.754	1	6
591.924	1	-1
592.094	1	0
592.264	1	0
592.434	1	7
592.603	1	-8
592.773	1	-1
592.943	1	-7
593.113	1	-8
593.283	1	0
593.452	1	-17
593.622	1	3
593.792	1	11
593.962	1	3
594.132	1	-11
594.301	1	12
594.471	1	5
594.641	1	-7
594.811	1	-1
594.981	1	2
595.150	1	-4
595.320	1	-1
595.490	1	-7
595.660	1	-8
595.829	1	5
595.999	1	0
596.169	1	3
596.339	1	6
596.509	1	0
596.678	1	-1
596.848	1	6
597.018	1	-3
597.188	1	6
597.358	1	2
597.527	1	0
597.697	1	3
597.867	1	3
598.037	1	-1
598.206	1	-12
598.376	1	11
598.546	1	-1
598.716	1	-7
598.885	1	0
599.055	1	6
599.225	1	-8
599.395	1	6
599.565	1	0
599.734	1	4
599.904	1	-1
600.074	1	-6
600.244	1	6
600.413	1	4
600.583	1	-7
600.753	1	-3
600.923	1	9
601.092	1	-10
601.262	1	-3
601.432	1	-8
601.602	1	5
601.771	1	12
601.941	1	-2
602.111	1	-7
602.281	1	3
602.451	1	-1
602.620	1	1
602.790	1	7
602.960	1	-5
603.130	1	7
603.299	1	4
603.469	1	-1
603.639	1	7
603.809	1	0
603.978	1	-6
604.148	1	9
604.318	1	1
604.487	1	-1
604.657	1	1
604.827	1	-12
604.997	1	1
605.166	1	-4
605.336	1	-7
605.506	1	13
605.676	1	-7
605.845	1	7
606.015	1	7
606.185	1	6
606.355	1	8
606.524	1	3
606.694	1	2
606.864	1	2
607.034	1	1
607.203	1	14
607.373	1	13
607.543	1	-6
607.712	1	7
607.882	1	0
608.052	1	6
608.222	1	1
608.391	1	-2
608.561	1	20
608.731	1	-14
608.901	1	-1
609.070	1	-2
609.240	1	1
609.410	1	-3
609.579	1	1
609.749	1	1
609.919	1	-3
610.089	1	-8
610.258	1	1
610.428	1	-1
610.598	1	9
610.767	1	0
610.937	1	-4
611.107	1	7
611.277	1	-2
611.446	1	-7
611.616	1	-14
611.786	1	10
611.955	1	-1
612.125	1	2
612.295	1	2
612.465	1	6
612.634	1	-4
612.804	1	5
612.974	1	7
613.143	1	0
613.313	1	-4
613.483	1	0
613.652	1	-2
613.822	1	6
613.992	1	3
614.162	1	-4
614.331	1	-1
614.501	1	-3
614.671	1	-3
614.840	1	1
615.010	1	2
615.180	1	0
615.349	1	6
615.519	1	4
615.689	1	1
615.858	1	7
616.028	1	-6
616.198	1	1
616.368	1	-4
616.537	1	-7
616.707	1	7
616.877	1	-3
617.046	1	-1
617.216	1	5
617.386	1	-2
617.555	1	-12
617.725	1	6
617.895	1	-7
618.064	1	8
618.234	1	-1
618.404	1	1
618.573	1	5
618.743	1	-2
618.913	1	-12
619.082	1	8
619.252	1	-6
619.422	1	-2
619.591	1	1
619.761	1	-11
619.931	1	-2
620.100	1	3
620.270	1	1
620.440	1	9
620.609	1	-2
620.779	1	-5
620.949	1	1
621.118	1	3
621.288	1	-2
621.458	1	2
621.627	1	-7
621.797	1	3
621.967	1	-12
622.136	1	11
622.306	1	9
622.476	1	-7
622.645	1	6
622.815	1	2
622.985	1	0
623.154	1	-5
623.324	1	5
623.494	1	-2
623.663	1	-6
623.833	1	2
624.002	1	-2
624.172	1	10
624.342	1	3
624.511	1	4
624.681	1	-14
624.851	1	-10
625.020	1	-6
625.190	1	-8
625.360	1	-7
625.529	1	-1
625.699	1	-5
625.869	1	12
626.038	1	12
626.208	1	-6
626.377	1	14
626.547	1	2
626.717	1	-1
626.886	1	-1
627.056	1	-9
627.226	1	4
627.395	1	6
627.565	1	11
627.735	1	13
627.904	1	7
628.074	1	1
628.243	1	-6
628.413	1	4
628.583	1	-5
628.752	1	2
628.922	1	-5
629.091	1	5
629.261	1	7
629.431	1	-6
629.600	1	1
629.770	1	0
629.940	1	-2
630.109	1	-2
630.279	1	-9
630.448	1	-6
630.618	1	-1
630.788	1	4
630.957	1	-2
631.127	1	4
631.297	1	-8
631.466	1	4
631.636	1	-1
631.805	1	-3
631.975	1	6
632.145	1	-11
632.314	1	10
632.484	1	-3
632.653	1	-6
632.823	1	14
632.993	1	10
633.162	1	-6
633.332	1	6
633.501	1	4
633.671	1	0
633.841	1	3
634.010	1	-1
634.180	1	-9
634.349	1	1
634.519	1	1
634.689	1	10
634.858	1	7
635.028	1	-8
635.197	1	-2
635.367	1	4
635.537	1	1
635.706	1	-10
635.876	1	-10
636.045	1	-3
636.215	1	-2
636.384	1	5
636.554	1	9
636.724	1	7
636.893	1	0
637.063	1	5
637.232	1	5
637.402	1	4
637.572	1	-9
637.741	1	11
637.911	1	-1
638.080	1	2
638.250	1	-3
638.419	1	11
638.589	1	16
638.759	1	6
638.928	1	-2
639.098	1	-4
639.267	1	-3
639.437	1	-1
639.606	1	12
639.776	1	-6
639.946	1	5
640.115	1	-7
640.285	1	7
640.454	1	4
640.624	1	0
640.793	1	11
640.963	1	-2
641.132	1	7
641.302	1	0
641.472	1	-7
641.641	1	-6
641.811	1	-2
641.980	1	-6
642.150	1	3
642.319	1	-1
642.489	1	-6
642.659	1	-10
642.828	1	-12
642.998	1	-8
643.167	1	9
643.337	1	1
643.506	1	-14
643.676	1	2
643.845	1	-1
644.015	1	1
644.184	1	10
644.354	1	0
644.524	1	-13
644.693	1	-3
644.863	1	-4
645.032	1	7
645.202	1	-3
645.371	1	-10
645.541	1	-10
645.710	1	-1
645.880	1	8
646.049	1	4
646.219	1	1
646.388	1	1
646.558	1	1
646.728	1	1
646.897	1	-5
647.067	1	11
647.236	1	8
647.406	1	-8
647.575	1	1
647.745	1	-1
647.914	1	-11
648.084	1	-3
648.253	1	2
648.423	1	-8
648.592	1	-2
648.762	1	-5
648.931	1	8
649.101	1	0
649.270	1	5
649.440	1	6
649.610	1	9
649.779	1	-4
649.949	1	-3
650.118	1	-16
650.288	1	-7
650.457	1	-6
650.627	1	-4
650.796	1	1
650.966	1	-1
651.135	1	7
651.305	1	0
651.474	1	2
651.644	1	0
651.813	1	4
651.983	1	-3
652.152	1	-5
652.322	1	7
652.491	1	4
652.661	1	2
652.830	1	6
653.000	1	-2
653.169	1	-9
653.339	1	9
653.508	1	-5
653.678	1	1
653.847	1	5
654.017	1	1
654.186	1	1
654.356	1	13
654.525	1	2
654.695	1	3
654.864	1	0
655.034	1	0
655.203	1	0
655.373	1	-1
655.542	1	7
655.712	1	0
655.881	1	0
656.051	1	2
656.220	1	7
656.390	1	-7
656.559	1	-8
656.729	1	0
656.898	1	4
657.068	1	-4
657.237	1	-1
657.406	1	10
657.576	1	-2
657.745	1	-4
657.915	1	6
658.084	1	7
658.254	1	0
658.423	1	-10
658.593	1	-5
658.762	1	-9
658.932	1	-4
659.101	1	-1
659.271	1	-1
659.440	1	9
659.610	1	0
659.779	1	-3
659.949	1	-11
660.118	1	10
660.288	1	-4
660.457	1	-9
660.626	1	-6
660.796	1	-2
660.965	1	6
661.135	1	0
661.304	1	0
661.474	1	-2
661.643	1	-1
661.813	1	-4
661.982	1	7
662.152	1	-2
662.321	1	-2
662.491	1	0
662.660	1	4
662.829	1	-3
662.999	1	5
663.168	1	-2
663.338	1	-7
663.507	1	4
663.677	1	-10
663.846	1	3
664.016	1	-3
664.185	1	-8
664.354	1	6
664.524	1	-9
664.693	1	10
664.863	1	6
665.032	1	4
665.202	1	-6
665.371	1	0
665.541	1	4
665.710	1	-14
665.879	1	1
666.049	1	-3
666.218	1	-5
666.388	1	0
666.557	1	-2
666.727	1	-15
666.896	1	-1
667.065	1	10
667.235	1	5
667.404	1	-2
667.574	1	0
667.743	1	-5
667.913	1	3
668.082	1	4
668.251	1	-3
668.421	1	-1
668.590	1	-3
668.760	1	-4
668.929	1	8
669.099	1	-12
669.268	1	-1
669.437	1	2
669.607	1	-6
669.776	1	-4
669.946	1	0
670.115	1	-4
670.285	1	-3
670.454	1	-2
670.623	1	2
670.793	1	-5
670.962	1	1
671.132	1	7
671.301	1	-13
671.470	1	-6
671.640	1	-15
671.809	1	-6
671.979	1	10
672.148	1	11
672.317	1	-4
672.487	1	-11
672.656	1	6
672.826	1	-12
672.995	1	-3
673.164	1	4
673.334	1	0
673.503	1	0
673.673	1	11
673.842	1	0
674.011	1	9
674.181	1	-4
674.350	1	-4
674.520	1	-6
674.689	1	-3
674.858	1	-2
675.028	1	6
675.197	1	-6
675.367	1	-2
675.536	1	9
675.705	1	-9
675.875	1	-6
676.044	1	-8
676.214	1	-2
676.383	1	-2
676.552	1	-6
676.722	1	-3
676.891	1	-13
677.060	1	1
677.230	1	13
677.399	1	2
677.569	1	-6
677.738	1	-6
677.907	1	-11
678.077	1	7
678.246	1	-9
678.416	1	-6
678.585	1	7
678.754	1	-3
678.924	1	0
679.093	1	-7
679.262	1	-1
679.432	1	2
679.601	1	-12
679.771	1	-8
679.940	1	-5
680.109	1	5
680.279	1	-9
680.448	1	2
680.617	1	-12
680.787	1	4
680.956	1	-12
681.125	1	7
681.295	1	6
681.464	1	4
681.634	1	6
681.803	1	-14
681.972	1	-1
682.142	1	17
682.311	1	4
682.480	1	-3
682.650	1	-2
682.819	1	2
682.988	1	-9
683.158	1	5
683.327	1	-8
683.496	1	-3
683.666	1	-5
683.835	1	5
684.004	1	3
684.174	1	-6
684.343	1	-5
684.512	1	-7
684.682	1	11
684.851	1	-2
685.021	1	8
685.190	1	5
685.359	1	-12
685.529	1	-1
685.698	1	3
685.867	1	1
686.037	1	-5
686.206	1	14
686.375	1	3
686.545	1	8
686.714	1	-1
686.883	1	-10
687.053	1	-1
687.222	1	-10
687.391	1	-6
687.561	1	-2
687.730	1	-5
687.899	1	-3
688.069	1	-4
688.238	1	-3
688.407	1	10
688.577	1	-3
688.746	1	-1
