325.333	1	8
325.504	1	-1
325.675	1	13
325.846	1	2
326.017	1	7
326.188	1	5
326.359	1	10
326.531	1	0
326.702	1	2
326.873	1	10
327.044	1	10
327.215	1	-6
327.386	1	0
327.557	1	2
327.728	1	-1
327.899	1	5
328.070	1	6
328.241	1	-4
328.412	1	9
328.583	1	2
328.754	1	8
328.926	1	10
329.097	1	1
329.268	1	7
329.439	1	15
329.610	1	1
329.781	1	4
329.952	1	6
330.123	1	4
330.294	1	6
330.465	1	1
330.636	1	14
330.807	1	9
330.978	1	0
331.149	1	-2
331.320	1	-5
331.492	1	-1
331.663	1	13
331.834	1	5
332.005	1	15
332.176	1	2
332.347	1	2
332.518	1	8
332.689	1	16
332.860	1	3
333.031	1	5
333.202	1	7
333.373	1	17
333.544	1	4
333.715	1	7
333.886	1	2
334.057	1	-5
334.228	1	4
334.399	1	15
334.570	1	6
334.741	1	2
334.912	1	7
335.084	1	5
335.255	1	8
335.426	1	14
335.597	1	1
335.768	1	8
335.939	1	13
336.110	1	1
336.281	1	8
336.452	1	13
336.623	1	-2
336.794	1	4
336.965	1	5
337.136	1	20
337.307	1	13
337.478	1	19
337.649	1	10
337.820	1	1
337.991	1	8
338.162	1	2
338.333	1	9
338.504	1	10
338.675	1	6
338.846	1	-2
339.017	1	13
339.188	1	15
339.359	1	12
339.530	1	-5
339.701	1	7
339.872	1	16
340.043	1	14
340.214	1	11
340.385	1	0
340.556	1	22
340.727	1	15
340.898	1	11
341.069	1	9
341.240	1	8
341.411	1	8
341.582	1	3
341.753	1	11
341.924	1	15
342.095	1	8
342.266	1	21
342.437	1	23
342.608	1	13
342.779	1	6
342.950	1	19
343.121	1	14
343.292	1	9
343.463	1	31
343.634	1	12
343.805	1	22
343.976	1	17
344.147	1	16
344.318	1	6
344.489	1	12
344.660	1	12
344.831	1	15
345.002	1	12
345.173	1	14
345.344	1	3
345.515	1	11
345.686	1	13
345.857	1	17
346.028	1	10
346.199	1	20
346.370	1	6
346.541	1	14
346.712	1	19
346.883	1	7
347.054	1	11
347.225	1	7
347.396	1	9
347.567	1	-3
347.738	1	10
347.909	1	9
348.080	1	8
348.251	1	10
348.422	1	17
348.593	1	13
348.764	1	20
348.935	1	20
349.106	1	2
349.277	1	13
349.448	1	13
349.619	1	8
349.790	1	17
349.961	1	5
350.132	1	15
350.303	1	14
350.474	1	14
350.645	1	13
350.816	1	3
350.987	1	18
351.157	1	11
351.328	1	0
351.499	1	13
351.670	1	11
351.841	1	12
352.012	1	19
352.183	1	19
352.354	1	16
352.525	1	22
352.696	1	2
352.867	1	18
353.038	1	22
353.209	1	4
353.380	1	15
353.551	1	9
353.722	1	14
353.893	1	24
354.064	1	15
354.235	1	14
354.406	1	12
354.576	1	8
354.747	1	19
354.918	1	8
355.089	1	14
355.260	1	19
355.431	1	17
355.602	1	18
355.773	1	11
355.944	1	15
356.115	1	18
356.286	1	26
356.457	1	7
356.628	1	19
356.799	1	14
356.970	1	20
357.141	1	14
357.311	1	27
357.482	1	13
357.653	1	13
357.824	1	17
357.995	1	15
358.166	1	15
358.337	1	14
358.508	1	32
358.679	1	15
358.850	1	25
359.021	1	20
359.192	1	21
359.363	1	14
359.533	1	13
359.704	1	4
359.875	1	12
360.046	1	21
360.217	1	25
360.388	1	31
360.559	1	23
360.730	1	9
360.901	1	27
361.072	1	16
361.243	1	11
361.414	1	34
361.584	1	9
361.755	1	16
361.926	1	25
362.097	1	15
362.268	1	25
362.439	1	13
362.610	1	22
362.781	1	13
362.952	1	16
363.123	1	14
363.293	1	20
363.464	1	21
363.635	1	31
363.806	1	12
363.977	1	26
364.148	1	13
364.319	1	13
364.490	1	30
364.661	1	17
364.832	1	14
365.002	1	29
365.173	1	19
365.344	1	13
365.515	1	29
365.686	1	20
365.857	1	30
366.028	1	26
366.199	1	24
366.370	1	23
366.540	1	28
366.711	1	13
366.882	1	18
367.053	1	26
367.224	1	24
367.395	1	15
367.566	1	27
367.737	1	12
367.908	1	18
368.078	1	11
368.249	1	30
368.420	1	27
368.591	1	19
368.762	1	27
368.933	1	16
369.104	1	23
369.274	1	34
369.445	1	29
369.616	1	15
369.787	1	23
369.958	1	27
370.129	1	11
370.300	1	26
370.471	1	32
370.641	1	20
370.812	1	21
370.983	1	16
371.154	1	6
371.325	1	19
371.496	1	21
371.667	1	29
371.837	1	16
372.008	1	6
372.179	1	11
372.350	1	27
372.521	1	31
372.692	1	29
372.863	1	28
373.033	1	19
373.204	1	14
373.375	1	17
373.546	1	20
373.717	1	21
373.888	1	23
374.059	1	11
374.229	1	30
374.400	1	26
374.571	1	14
374.742	1	23
374.913	1	22
375.084	1	16
375.254	1	6
375.425	1	30
375.596	1	19
375.767	1	28
375.938	1	16
376.109	1	17
376.279	1	23
376.450	1	20
376.621	1	28
376.792	1	35
376.963	1	16
377.134	1	17
377.304	1	40
377.475	1	21
377.646	1	11
377.817	1	30
377.988	1	28
378.159	1	20
378.329	1	29
378.500	1	23
378.671	1	18
378.842	1	33
379.013	1	22
379.184	1	20
379.354	1	29
379.525	1	27
379.696	1	28
379.867	1	27
380.038	1	11
380.209	1	40
380.379	1	28
380.550	1	16
380.721	1	24
380.892	1	20
381.063	1	32
381.233	1	20
381.404	1	28
381.575	1	20
381.746	1	34
381.917	1	19
382.087	1	28
382.258	1	27
382.429	1	19
382.600	1	34
382.771	1	26
382.941	1	33
383.112	1	23
383.283	1	28
383.454	1	23
383.625	1	31
383.795	1	28
383.966	1	42
384.137	1	31
384.308	1	30
384.479	1	23
384.649	1	27
384.820	1	31
384.991	1	30
385.162	1	31
385.333	1	31
385.503	1	24
385.674	1	29
385.845	1	26
386.016	1	31
386.187	1	18
386.357	1	36
386.528	1	22
386.699	1	22
386.870	1	27
387.041	1	42
387.211	1	23
387.382	1	31
387.553	1	36
387.724	1	38
387.894	1	20
388.065	1	22
388.236	1	25
388.407	1	41
388.578	1	29
388.748	1	27
388.919	1	34
389.090	1	36
389.261	1	33
389.431	1	28
389.602	1	28
389.773	1	29
389.944	1	34
390.114	1	33
390.285	1	30
390.456	1	23
390.627	1	20
390.798	1	31
390.968	1	38
391.139	1	39
391.310	1	32
391.481	1	32
391.651	1	36
391.822	1	40
391.993	1	29
392.164	1	28
392.334	1	25
392.505	1	35
392.676	1	30
392.847	1	33
393.017	1	30
393.188	1	34
393.359	1	42
393.530	1	44
393.700	1	30
393.871	1	42
394.042	1	27
394.213	1	25
394.383	1	33
394.554	1	32
394.725	1	24
394.896	1	44
395.066	1	25
395.237	1	32
395.408	1	31
395.579	1	32
395.749	1	40
395.920	1	34
396.091	1	36
396.262	1	36
396.432	1	35
396.603	1	31
396.774	1	37
396.945	1	46
397.115	1	40
397.286	1	40
397.457	1	33
397.627	1	27
397.798	1	28
397.969	1	29
398.140	1	34
398.310	1	33
398.481	1	28
398.652	1	32
398.823	1	36
398.993	1	20
399.164	1	36
399.335	1	31
399.505	1	31
399.676	1	33
399.847	1	30
400.018	1	29
400.188	1	40
400.359	1	40
400.530	1	38
400.700	1	34
400.871	1	32
401.042	1	32
401.213	1	34
401.383	1	33
401.554	1	33
401.725	1	35
401.895	1	25
402.066	1	34
402.237	1	28
402.408	1	32
402.578	1	37
402.749	1	33
402.920	1	42
403.090	1	34
403.261	1	30
403.432	1	36
403.603	1	38
403.773	1	45
403.944	1	41
404.115	1	28
404.285	1	33
404.456	1	43
404.627	1	37
404.797	1	33
404.968	1	36
405.139	1	38
405.310	1	32
405.480	1	31
405.651	1	31
405.822	1	29
405.992	1	34
406.163	1	30
406.334	1	29
406.504	1	36
406.675	1	29
406.846	1	38
407.016	1	40
407.187	1	38
407.358	1	31
407.528	1	40
407.699	1	34
407.870	1	33
408.041	1	34
408.211	1	48
408.382	1	40
408.553	1	34
408.723	1	38
408.894	1	33
409.065	1	39
409.235	1	43
409.406	1	33
409.577	1	34
409.747	1	37
409.918	1	41
410.089	1	41
410.259	1	28
410.430	1	33
410.601	1	42
410.771	1	46
410.942	1	33
411.113	1	40
411.283	1	35
411.454	1	36
411.625	1	47
411.795	1	39
411.966	1	38
412.137	1	37
412.307	1	47
412.478	1	47
412.649	1	27
412.819	1	39
412.990	1	39
413.161	1	35
413.331	1	40
413.502	1	24
413.672	1	30
413.843	1	36
414.014	1	35
414.184	1	42
414.355	1	44
414.526	1	38
414.696	1	28
414.867	1	33
415.038	1	30
415.208	1	34
415.379	1	35
415.550	1	32
415.720	1	27
415.891	1	32
416.062	1	39
416.232	1	34
416.403	1	41
416.573	1	34
416.744	1	41
416.915	1	32
417.085	1	32
417.256	1	31
417.427	1	29
417.597	1	27
417.768	1	37
417.939	1	33
418.109	1	26
418.280	1	33
418.450	1	44
418.621	1	35
418.792	1	36
418.962	1	35
419.133	1	42
419.304	1	26
419.474	1	32
419.645	1	32
419.815	1	42
419.986	1	38
420.157	1	30
420.327	1	27
420.498	1	28
420.669	1	41
420.839	1	36
421.010	1	37
421.180	1	27
421.351	1	37
421.522	1	41
421.692	1	41
421.863	1	26
422.033	1	35
422.204	1	30
422.375	1	38
422.545	1	41
422.716	1	28
422.886	1	42
423.057	1	37
423.228	1	26
423.398	1	39
423.569	1	28
423.740	1	29
423.910	1	36
424.081	1	36
424.251	1	27
424.422	1	37
424.593	1	35
424.763	1	42
424.934	1	43
425.104	1	46
425.275	1	22
425.445	1	29
425.616	1	32
425.787	1	35
425.957	1	38
426.128	1	40
426.298	1	32
426.469	1	24
426.640	1	40
426.810	1	27
426.981	1	37
427.151	1	26
427.322	1	23
427.493	1	35
427.663	1	34
427.834	1	36
428.004	1	29
428.175	1	29
428.345	1	29
428.516	1	20
428.687	1	42
428.857	1	39
429.028	1	26
429.198	1	26
429.369	1	28
429.540	1	36
429.710	1	34
429.881	1	29
430.051	1	26
430.222	1	32
430.392	1	29
430.563	1	28
430.734	1	22
430.904	1	28
431.075	1	34
431.245	1	19
431.416	1	40
431.586	1	24
431.757	1	42
431.927	1	39
432.098	1	31
432.269	1	28
432.439	1	24
432.610	1	37
432.780	1	34
432.951	1	35
433.121	1	31
433.292	1	44
433.462	1	33
433.633	1	27
433.804	1	39
433.974	1	23
434.145	1	22
434.315	1	27
434.486	1	12
434.656	1	35
434.827	1	27
434.997	1	31
435.168	1	34
435.339	1	45
435.509	1	36
435.680	1	36
435.850	1	18
436.021	1	23
436.191	1	32
436.362	1	32
436.532	1	33
436.703	1	28
436.873	1	25
437.044	1	22
437.214	1	27
437.385	1	34
437.556	1	29
437.726	1	29
437.897	1	32
438.067	1	41
438.238	1	34
438.408	1	33
438.579	1	25
438.749	1	28
438.920	1	42
439.090	1	11
439.261	1	27
439.431	1	27
439.602	1	13
439.772	1	27
439.943	1	25
440.113	1	30
440.284	1	37
440.455	1	37
440.625	1	33
440.796	1	17
440.966	1	39
441.137	1	32
441.307	1	27
441.478	1	18
441.648	1	30
441.819	1	26
441.989	1	40
442.160	1	29
442.330	1	36
442.501	1	34
442.671	1	29
442.842	1	34
443.012	1	27
443.183	1	23
443.353	1	22
443.524	1	27
443.694	1	24
443.865	1	33
444.035	1	30
444.206	1	29
444.376	1	26
444.547	1	19
444.717	1	28
444.888	1	9
445.058	1	22
445.229	1	25
445.399	1	30
445.570	1	33
445.740	1	34
445.911	1	32
446.081	1	20
446.252	1	33
446.422	1	28
446.593	1	28
446.763	1	33
446.934	1	26
447.104	1	25
447.275	1	28
447.445	1	27
447.616	1	31
447.786	1	35
447.957	1	37
448.127	1	30
448.298	1	18
448.468	1	29
448.639	1	23
448.809	1	17
448.979	1	34
449.150	1	21
449.320	1	25
449.491	1	25
449.661	1	27
449.832	1	17
450.002	1	22
450.173	1	32
450.343	1	24
450.514	1	33
450.684	1	32
450.855	1	33
451.025	1	27
451.196	1	27
451.366	1	31
451.537	1	28
451.707	1	35
451.878	1	21
452.048	1	18
452.218	1	35
452.389	1	32
452.559	1	41
452.730	1	27
452.900	1	29
453.071	1	34
453.241	1	29
453.412	1	31
453.582	1	35
453.753	1	22
453.923	1	16
454.093	1	32
454.264	1	28
454.434	1	17
454.605	1	23
454.775	1	26
454.946	1	13
455.116	1	29
455.287	1	10
455.457	1	21
455.628	1	22
455.798	1	26
455.968	1	21
456.139	1	28
456.309	1	17
456.480	1	19
456.650	1	25
456.821	1	26
456.991	1	24
457.161	1	27
457.332	1	21
457.502	1	9
457.673	1	25
457.843	1	21
458.014	1	20
458.184	1	29
458.355	1	14
458.525	1	17
458.695	1	18
458.866	1	3
459.036	1	23
459.207	1	18
459.377	1	27
459.548	1	27
459.718	1	12
459.888	1	21
460.059	1	27
460.229	1	11
460.400	1	26
460.570	1	26
460.740	1	29
460.911	1	25
461.081	1	21
461.252	1	15
461.422	1	25
461.593	1	17
461.763	1	24
461.933	1	23
462.104	1	-2
462.274	1	6
462.445	1	23
462.615	1	30
462.785	1	30
462.956	1	20
463.126	1	26
463.297	1	21
463.467	1	26
463.638	1	33
463.808	1	12
463.978	1	12
464.149	1	27
464.319	1	29
464.490	1	11
464.660	1	14
464.830	1	16
465.001	1	13
465.171	1	11
465.342	1	12
465.512	1	21
465.682	1	10
465.853	1	14
466.023	1	20
466.194	1	23
466.364	1	36
466.534	1	8
466.705	1	30
466.875	1	10
467.045	1	9
467.216	1	15
467.386	1	23
467.557	1	29
467.727	1	16
467.897	1	24
468.068	1	10
468.238	1	17
468.409	1	27
468.579	1	16
468.749	1	18
468.920	1	12
469.090	1	17
469.260	1	20
469.431	1	15
469.601	1	20
469.772	1	28
469.942	1	17
470.112	1	9
470.283	1	21
470.453	1	17
470.623	1	19
470.794	1	18
470.964	1	3
471.135	1	28
471.305	1	16
471.475	1	17
471.646	1	21
471.816	1	15
471.986	1	11
472.157	1	19
472.327	1	17
472.497	1	10
472.668	1	21
472.838	1	17
473.009	1	12
473.179	1	8
473.349	1	9
473.520	1	18
473.690	1	13
473.860	1	12
474.031	1	-3
474.201	1	14
474.371	1	15
474.542	1	9
474.712	1	19
474.882	1	22
475.053	1	18
475.223	1	12
475.394	1	8
475.564	1	17
475.734	1	5
475.905	1	17
476.075	1	27
476.245	1	17
476.416	1	12
476.586	1	12
476.756	1	14
476.927	1	12
477.097	1	11
477.267	1	16
477.438	1	21
477.608	1	24
477.778	1	13
477.949	1	12
478.119	1	26
478.289	1	4
478.460	1	15
478.630	1	12
478.800	1	17
478.971	1	12
479.141	1	19
479.311	1	15
479.482	1	14
479.652	1	16
479.822	1	13
479.993	1	16
480.163	1	7
480.333	1	23
480.504	1	8
480.674	1	11
480.844	1	5
481.015	1	26
481.185	1	29
481.355	1	18
481.525	1	4
481.696	1	8
481.866	1	13
482.036	1	13
482.207	1	21
482.377	1	8
482.547	1	9
482.718	1	15
482.888	1	21
483.058	1	22
483.229	1	14
483.399	1	20
483.569	1	7
483.740	1	14
483.910	1	5
484.080	1	17
484.250	1	2
484.421	1	7
484.591	1	11
484.761	1	13
484.932	1	8
485.102	1	19
485.272	1	12
485.443	1	12
485.613	1	0
485.783	1	7
485.953	1	10
486.124	1	10
486.294	1	14
486.464	1	16
486.635	1	3
486.805	1	11
486.975	1	12
487.146	1	0
487.316	1	19
487.486	1	17
487.656	1	20
487.827	1	8
487.997	1	2
488.167	1	10
488.338	1	11
488.508	1	10
488.678	1	12
488.848	1	9
489.019	1	6
489.189	1	13
489.359	1	5
489.529	1	16
489.700	1	3
489.870	1	11
490.040	1	15
490.211	1	10
490.381	1	9
490.551	1	13
490.721	1	10
490.892	1	6
491.062	1	3
491.232	1	11
491.402	1	7
491.573	1	15
491.743	1	14
491.913	1	14
492.084	1	13
492.254	1	4
492.424	1	7
492.594	1	10
492.765	1	23
492.935	1	21
493.105	1	8
493.275	1	10
493.446	1	8
493.616	1	4
493.786	1	12
493.956	1	13
494.127	1	5
494.297	1	2
494.467	1	9
494.637	1	15
494.808	1	16
494.978	1	10
495.148	1	8
495.318	1	8
495.489	1	10
495.659	1	20
495.829	1	6
495.999	1	11
496.170	1	9
496.340	1	8
496.510	1	12
496.680	1	20
496.851	1	14
497.021	1	4
497.191	1	11
497.361	1	-2
497.532	1	15
497.702	1	20
497.872	1	7
498.042	1	3
498.213	1	7
498.383	1	1
498.553	1	18
498.723	1	3
498.894	1	14
499.064	1	13
499.234	1	11
499.404	1	14
499.574	1	15
499.745	1	4
499.915	1	12
500.085	1	4
500.255	1	-1
500.426	1	7
500.596	1	-3
500.766	1	-3
500.936	1	6
501.106	1	-2
501.277	1	3
501.447	1	10
501.617	1	6
501.787	1	7
501.958	1	13
502.128	1	16
502.298	1	15
502.468	1	15
502.638	1	7
502.809	1	1
502.979	1	3
503.149	1	7
503.319	1	13
503.489	1	-7
503.660	1	11
503.830	1	10
504.000	1	6
504.170	1	8
504.340	1	4
504.511	1	6
504.681	1	10
504.851	1	9
505.021	1	9
505.192	1	7
505.362	1	5
505.532	1	8
505.702	1	14
505.872	1	10
506.043	1	18
506.213	1	10
506.383	1	1
506.553	1	10
506.723	1	-6
506.893	1	9
507.064	1	8
507.234	1	-2
507.404	1	4
507.574	1	9
507.744	1	2
507.915	1	3
508.085	1	11
508.255	1	3
508.425	1	4
508.595	1	4
508.766	1	4
508.936	1	14
509.106	1	3
509.276	1	16
509.446	1	5
509.616	1	8
509.787	1	6
509.957	1	8
510.127	1	5
510.297	1	0
510.467	1	11
510.638	1	16
510.808	1	11
510.978	1	7
511.148	1	7
511.318	1	9
511.488	1	12
511.659	1	0
511.829	1	4
511.999	1	15
512.169	1	12
512.339	1	10
512.509	1	-4
512.680	1	-2
512.850	1	7
513.020	1	12
513.190	1	-1
513.360	1	10
513.530	1	7
513.700	1	18
513.871	1	1
514.041	1	10
514.211	1	7
514.381	1	12
514.551	1	6
514.721	1	5
514.892	1	-1
515.062	1	11
515.232	1	1
515.402	1	1
515.572	1	6
515.742	1	-2
515.912	1	1
516.083	1	19
516.253	1	7
516.423	1	-3
516.593	1	6
516.763	1	8
516.933	1	8
517.104	1	8
517.274	1	2
517.444	1	10
517.614	1	2
517.784	1	11
517.954	1	2
518.124	1	6
518.294	1	8
518.465	1	4
518.635	1	6
518.805	1	4
518.975	1	4
519.145	1	5
519.315	1	4
519.485	1	-3
519.656	1	4
519.826	1	-1
519.996	1	18
520.166	1	3
520.336	1	0
520.506	1	1
520.676	1	-3
520.846	1	7
521.017	1	7
521.187	1	12
521.357	1	9
521.527	1	10
521.697	1	6
521.867	1	9
522.037	1	9
522.207	1	6
522.377	1	4
522.548	1	1
522.718	1	3
522.888	1	8
523.058	1	11
523.228	1	-3
523.398	1	4
523.568	1	-1
523.738	1	13
523.909	1	10
524.079	1	0
524.249	1	2
524.419	1	5
524.589	1	7
524.759	1	14
524.929	1	1
525.099	1	-6
525.269	1	3
525.439	1	10
525.610	1	16
525.780	1	14
525.950	1	11
526.120	1	1
526.290	1	-6
526.460	1	2
526.630	1	1
526.800	1	13
526.970	1	15
527.140	1	8
527.311	1	4
527.481	1	11
527.651	1	17
527.821	1	2
527.991	1	3
528.161	1	7
528.331	1	-7
528.501	1	-3
528.671	1	12
528.841	1	-1
529.011	1	4
529.181	1	4
529.352	1	2
529.522	1	12
529.692	1	12
529.862	1	-2
530.032	1	-11
530.202	1	-6
530.372	1	9
530.542	1	4
530.712	1	2
530.882	1	15
531.052	1	5
531.222	1	11
531.392	1	-6
531.563	1	13
531.733	1	3
531.903	1	7
532.073	1	5
532.243	1	9
532.413	1	23
532.583	1	0
532.753	1	-7
532.923	1	4
533.093	1	-7
533.263	1	12
533.433	1	-4
533.603	1	5
533.773	1	0
533.943	1	6
534.113	1	7
534.284	1	16
534.454	1	-1
534.624	1	5
534.794	1	-2
534.964	1	7
535.134	1	-2
535.304	1	5
535.474	1	10
535.644	1	15
535.814	1	4
535.984	1	8
536.154	1	10
536.324	1	1
536.494	1	9
536.664	1	2
536.834	1	2
537.004	1	6
537.174	1	1
537.344	1	3
537.514	1	-2
537.685	1	11
537.855	1	5
538.025	1	16
538.195	1	1
538.365	1	9
538.535	1	-9
538.705	1	6
538.875	1	6
539.045	1	1
539.215	1	-16
539.385	1	1
539.555	1	-9
539.725	1	8
539.895	1	7
540.065	1	15
540.235	1	8
540.405	1	-1
540.575	1	5
540.745	1	6
540.915	1	-1
541.085	1	-4
541.255	1	1
541.425	1	1
541.595	1	0
541.765	1	0
541.935	1	2
542.105	1	0
542.275	1	5
542.445	1	10
542.615	1	4
542.785	1	2
542.955	1	18
543.125	1	4
543.295	1	8
543.465	1	12
543.635	1	-6
543.805	1	8
543.975	1	-1
544.145	1	5
544.315	1	-5
544.485	1	-5
544.655	1	5
544.825	1	5
544.995	1	-2
545.165	1	1
545.335	1	0
545.505	1	6
545.675	1	9
545.845	1	10
546.015	1	0
546.185	1	0
546.355	1	3
546.525	1	15
546.695	1	11
546.865	1	7
547.035	1	6
547.205	1	5
547.375	1	7
547.545	1	2
547.715	1	5
547.885	1	-3
548.055	1	-4
548.225	1	13
548.395	1	4
548.565	1	5
548.735	1	-8
548.905	1	5
549.075	1	2
549.245	1	12
549.415	1	8
549.585	1	-4
549.755	1	6
549.925	1	5
550.095	1	-4
550.265	1	6
550.435	1	4
550.605	1	1
550.775	1	-7
550.945	1	0
551.115	1	11
551.285	1	1
551.455	1	-1
551.625	1	-6
551.795	1	0
551.965	1	-3
552.135	1	5
552.305	1	8
552.475	1	5
552.645	1	-8
552.815	1	1
552.985	1	6
553.155	1	-1
553.325	1	4
553.495	1	5
553.665	1	10
553.835	1	4
554.004	1	5
554.174	1	4
554.344	1	4
554.514	1	-4
554.684	1	4
554.854	1	7
555.024	1	12
555.194	1	8
555.364	1	6
555.534	1	-13
555.704	1	-9
555.874	1	-6
556.044	1	-5
556.214	1	-2
556.384	1	11
556.554	1	6
556.724	1	-2
556.894	1	-7
557.064	1	10
557.234	1	10
557.404	1	2
557.573	1	4
557.743	1	-14
557.913	1	-9
558.083	1	8
558.253	1	2
558.423	1	-2
558.593	1	4
558.763	1	1
558.933	1	1
559.103	1	-3
559.273	1	4
559.443	1	8
559.613	1	4
559.783	1	3
559.953	1	-3
560.122	1	3
560.292	1	-8
560.462	1	-7
560.632	1	5
560.802	1	14
560.972	1	-6
561.142	1	4
561.312	1	-2
561.482	1	9
561.652	1	5
561.822	1	-2
561.992	1	6
562.162	1	2
562.331	1	-8
562.501	1	1
562.671	1	-1
562.841	1	-7
563.011	1	10
563.181	1	-8
563.351	1	-4
563.521	1	-5
563.691	1	7
563.861	1	2
564.031	1	3
564.201	1	2
564.370	1	12
564.540	1	-5
564.710	1	3
564.880	1	6
565.050	1	1
565.220	1	7
565.390	1	3
565.560	1	2
565.730	1	6
565.900	1	2
566.069	1	11
566.239	1	5
566.409	1	7
566.579	1	10
566.749	1	-7
566.919	1	-7
567.089	1	-11
567.259	1	0
567.429	1	2
567.599	1	14
567.768	1	-1
567.938	1	5
568.108	1	2
568.278	1	10
568.448	1	-2
568.618	1	3
568.788	1	-4
568.958	1	1
569.128	1	-2
569.297	1	-2
569.467	1	14
569.637	1	4
569.807	1	-1
569.977	1	-1
570.147	1	2
570.317	1	-6
570.487	1	-2
570.656	1	8
570.826	1	1
570.996	1	4
571.166	1	-4
571.336	1	1
571.506	1	-2
571.676	1	7
571.846	1	5
572.015	1	-3
572.185	1	3
572.355	1	0
572.525	1	-2
572.695	1	2
572.865	1	8
573.035	1	9
573.205	1	5
573.374	1	-15
573.544	1	3
573.714	1	-8
573.884	1	-7
574.054	1	-2
574.224	1	6
574.394	1	3
574.563	1	-8
574.733	1	-1
574.903	1	7
575.073	1	7
575.243	1	-4
575.413	1	-2
575.583	1	-5
575.752	1	-4
575.922	1	4
576.092	1	1
576.262	1	-1
576.432	1	-1
576.602	1	-2
576.772	1	-3
576.941	1	-3
577.111	1	3
577.281	1	6
577.451	1	-3
577.621	1	3
577.791	1	5
577.960	1	5
578.130	1	2
578.300	1	-6
578.470	1	-3
578.640	1	2
578.810	1	-4
578.979	1	6
579.149	1	1
579.319	1	-3
579.489	1	3
579.659	1	-5
579.829	1	-1
579.998	1	-6
580.168	1	6
580.338	1	-2
580.508	1	4
580.678	1	1
580.848	1	4
581.017	1	-1
581.187	1	-1
581.357	1	4
581.527	1	6
581.697	1	6
581.867	1	6
582.036	1	0
582.206	1	-1
582.376	1	-6
582.546	1	4
582.716	1	-1
582.885	1	-9
583.055	1	-14
583.225	1	6
583.395	1	1
583.565	1	8
583.735	1	5
583.904	1	-1
584.074	1	9
584.244	1	-4
584.414	1	4
584.584	1	6
584.753	1	1
584.923	1	-1
585.093	1	9
585.263	1	11
585.433	1	0
585.602	1	-1
585.772	1	11
585.942	1	-5
586.112	1	-3
586.282	1	-3
586.451	1	16
586.621	1	0
586.791	1	-7
586.961	1	0
587.131	1	3
587.300	1	12
587.470	1	0
587.640	1	6
587.810	1	-12
587.980	1	1
588.149	1	5
588.319	1	2
588.489	1	6
588.659	1	-3
588.829	1	10
588.998	1	-10
589.168	1	1
589.338	1	0
589.508	1	1
589.677	1	7
589.847	1	7
590.017	1	4
590.187	1	5
590.357	1	-5
590.526	1	-7
590.696	1	5
590.866	1	-6
591.036	1	10
591.205	1	7
591.375	1	7
591.545	1	1
591.715	1	-1
591.885	1	8
592.054	1	2
592.224	1	-1
592.394	1	-7
592.564	1	-8
592.733	1	3
592.903	1	-1
593.073	1	-1
593.243	1	11
593.412	1	1
593.582	1	4
593.752	1	-12
593.922	1	-1
594.091	1	-1
594.261	1	-5
594.431	1	6
594.601	1	-8
594.771	1	-4
594.940	1	-1
595.110	1	7
595.280	1	3
595.450	1	-4
595.619	1	-6
595.789	1	3
595.959	1	1
596.129	1	2
596.298	1	8
596.468	1	2
596.638	1	2
596.808	1	-1
596.977	1	3
597.147	1	4
597.317	1	-1
597.487	1	6
597.656	1	10
597.826	1	13
597.996	1	-5
598.166	1	5
598.335	1	-6
598.505	1	6
598.675	1	-2
598.844	1	13
599.014	1	-12
599.184	1	2
599.354	1	17
599.523	1	-2
599.693	1	9
599.863	1	6
600.033	1	-1
600.202	1	-4
600.372	1	-4
600.542	1	-2
600.712	1	-8
600.881	1	4
601.051	1	13
601.221	1	5
601.390	1	6
601.560	1	12
601.730	1	-4
601.900	1	1
602.069	1	3
602.239	1	10
602.409	1	5
602.578	1	7
602.748	1	12
602.918	1	-5
603.088	1	8
603.257	1	-2
603.427	1	2
603.597	1	-2
603.767	1	-3
603.936	1	2
604.106	1	-2
604.276	1	9
604.445	1	0
604.615	1	0
604.785	1	3
604.954	1	3
605.124	1	5
605.294	1	-1
605.464	1	-4
605.633	1	8
605.803	1	5
605.973	1	9
606.142	1	4
606.312	1	12
606.482	1	-6
606.652	1	7
606.821	1	3
606.991	1	12
607.161	1	-2
607.330	1	-2
607.500	1	2
607.670	1	-5
607.839	1	-9
608.009	1	-1
608.179	1	7
608.348	1	8
608.518	1	8
608.688	1	-2
608.858	1	-7
609.027	1	5
609.197	1	6
609.367	1	-9
609.536	1	-11
609.706	1	5
609.876	1	9
610.045	1	11
610.215	1	-2
610.385	1	3
610.554	1	-3
610.724	1	-4
610.894	1	3
611.063	1	4
611.233	1	9
611.403	1	4
611.572	1	5
611.742	1	-1
611.912	1	4
612.081	1	13
612.251	1	8
612.421	1	0
612.590	1	4
612.760	1	9
612.930	1	12
613.099	1	6
613.269	1	5
613.439	1	-2
613.608	1	-4
613.778	1	3
613.948	1	17
614.117	1	5
614.287	1	-2
614.457	1	8
614.626	1	-1
614.796	1	-3
614.966	1	2
615.135	1	12
615.305	1	12
615.475	1	5
615.644	1	13
615.814	1	1
615.984	1	-4
616.153	1	3
616.323	1	5
616.493	1	2
616.662	1	-3
616.832	1	4
617.002	1	3
617.171	1	17
617.341	1	9
617.511	1	-15
617.680	1	-7
617.850	1	8
618.019	1	-4
618.189	1	13
618.359	1	-1
618.528	1	3
618.698	1	9
618.868	1	3
619.037	1	10
619.207	1	-4
619.377	1	2
619.546	1	12
619.716	1	7
619.885	1	4
620.055	1	-2
620.225	1	9
620.394	1	6
620.564	1	10
620.734	1	5
620.903	1	-6
621.073	1	5
621.242	1	3
621.412	1	3
621.582	1	12
621.751	1	-3
621.921	1	0
622.091	1	-6
622.260	1	5
622.430	1	1
622.599	1	-1
622.769	1	-6
622.939	1	-4
623.108	1	-2
623.278	1	-6
623.448	1	0
623.617	1	13
623.787	1	5
623.956	1	4
624.126	1	5
624.296	1	8
624.465	1	13
624.635	1	3
624.804	1	-4
624.974	1	-2
625.144	1	-7
625.313	1	14
625.483	1	14
625.652	1	-5
625.822	1	4
625.992	1	8
626.161	1	6
626.331	1	6
626.501	1	7
626.670	1	-5
626.840	1	-4
627.009	1	-4
627.179	1	8
627.348	1	-2
627.518	1	17
627.688	1	1
627.857	1	15
628.027	1	7
628.196	1	7
628.366	1	5
628.536	1	5
628.705	1	4
628.875	1	-1
629.044	1	0
629.214	1	5
629.384	1	1
629.553	1	-2
629.723	1	12
629.892	1	2
630.062	1	6
630.232	1	14
630.401	1	14
630.571	1	-2
630.740	1	-5
630.910	1	8
631.079	1	2
631.249	1	1
631.419	1	1
631.588	1	5
631.758	1	-3
631.927	1	10
632.097	1	-2
632.266	1	7
632.436	1	-6
632.606	1	1
632.775	1	8
632.945	1	-1
633.114	1	-8
633.284	1	0
633.453	1	9
633.623	1	14
633.793	1	0
633.962	1	4
634.132	1	6
634.301	1	-2
634.471	1	6
634.640	1	-1
634.810	1	0
634.979	1	-5
635.149	1	-3
635.319	1	-1
635.488	1	8
635.658	1	4
635.827	1	-3
635.997	1	6
636.166	1	0
636.336	1	0
636.505	1	10
636.675	1	9
636.845	1	4
637.014	1	-5
637.184	1	12
637.353	1	3
637.523	1	0
637.692	1	7
637.862	1	-3
638.031	1	2
638.201	1	6
638.370	1	5
638.540	1	-7
638.710	1	-3
638.879	1	-8
639.049	1	5
639.218	1	7
639.388	1	4
639.557	1	13
639.727	1	7
639.896	1	-1
640.066	1	-8
640.235	1	3
640.405	1	9
640.574	1	4
640.744	1	-1
640.914	1	0
641.083	1	3
641.253	1	-2
641.422	1	-1
641.592	1	14
641.761	1	6
641.931	1	11
642.100	1	5
642.270	1	3
642.439	1	3
642.609	1	10
642.778	1	3
642.948	1	15
643.117	1	12
643.287	1	6
643.456	1	-11
643.626	1	6
643.795	1	-3
643.965	1	9
644.134	1	1
644.304	1	-5
644.473	1	-7
644.643	1	-3
644.812	1	-5
644.982	1	7
645.151	1	0
645.321	1	14
645.490	1	13
645.660	1	1
645.829	1	5
645.999	1	0
646.168	1	18
646.338	1	-6
646.507	1	-1
646.677	1	0
646.846	1	3
647.016	1	13
647.185	1	9
647.355	1	16
647.524	1	2
647.694	1	-6
647.863	1	3
648.033	1	-3
648.202	1	14
648.372	1	-6
648.541	1	7
648.711	1	4
648.880	1	7
649.050	1	2
649.219	1	14
649.389	1	2
649.558	1	13
649.728	1	2
649.897	1	8
650.067	1	5
650.236	1	-3
650.406	1	-2
650.575	1	10
650.745	1	15
650.914	1	10
651.084	1	5
651.253	1	-3
651.423	1	-9
651.592	1	-2
651.762	1	-5
651.931	1	2
652.101	1	-2
652.270	1	-6
652.440	1	2
652.609	1	13
652.778	1	12
652.948	1	-1
653.117	1	1
653.287	1	-3
653.456	1	3
653.626	1	-6
653.795	1	0
653.965	1	-3
654.134	1	2
654.304	1	1
654.473	1	4
654.643	1	-1
654.812	1	17
654.982	1	2
655.151	1	19
655.320	1	-9
655.490	1	-11
655.659	1	2
655.829	1	8
655.998	1	2
656.168	1	-2
656.337	1	9
656.507	1	7
656.676	1	1
656.846	1	5
657.015	1	16
657.184	1	1
657.354	1	6
657.523	1	1
657.693	1	14
657.862	1	-7
658.032	1	-2
658.201	1	-3
658.371	1	4
658.540	1	-8
658.709	1	8
658.879	1	12
659.048	1	11
659.218	1	8
659.387	1	5
659.557	1	1
659.726	1	7
659.895	1	3
660.065	1	-12
660.234	1	5
660.404	1	-6
660.573	1	11
660.743	1	-2
660.912	1	6
661.081	1	-1
661.251	1	-1
661.420	1	14
661.590	1	0
661.759	1	7
661.929	1	4
662.098	1	5
662.267	1	-3
662.437	1	12
662.606	1	-8
662.776	1	9
662.945	1	11
663.115	1	7
663.284	1	14
663.453	1	-2
663.623	1	1
663.792	1	1
663.962	1	14
664.131	1	-2
664.300	1	2
664.470	1	7
664.639	1	2
664.809	1	1
664.978	1	21
665.148	1	8
665.317	1	4
665.486	1	14
665.656	1	5
665.825	1	11
665.995	1	-4
666.164	1	2
666.333	1	1
666.503	1	1
666.672	1	5
666.842	1	2
667.011	1	2
667.180	1	1
667.350	1	6
667.519	1	5
667.689	1	-3
667.858	1	10
668.027	1	-4
668.197	1	-4
668.366	1	0
668.536	1	0
668.705	1	4
668.874	1	15
669.044	1	14
669.213	1	1
669.382	1	8
669.552	1	6
669.721	1	-3
669.891	1	-4
670.060	1	3
670.229	1	10
670.399	1	14
670.568	1	-3
670.738	1	9
670.907	1	2
671.076	1	3
671.246	1	9
671.415	1	10
671.584	1	9
671.754	1	-11
671.923	1	5
672.093	1	11
672.262	1	2
672.431	1	-1
672.601	1	7
672.770	1	0
672.939	1	1
673.109	1	10
673.278	1	9
673.448	1	4
673.617	1	2
673.786	1	-14
