325.333	1	5
325.504	1	-7
325.675	1	8
325.846	1	3
326.017	1	6
326.188	1	3
326.359	1	5
326.531	1	-2
326.702	1	9
326.873	1	11
327.044	1	6
327.215	1	0
327.386	1	1
327.557	1	-5
327.728	1	0
327.899	1	8
328.070	1	11
328.241	1	11
328.412	1	10
328.583	1	1
328.754	1	13
328.926	1	10
329.097	1	-1
329.268	1	13
329.439	1	19
329.610	1	9
329.781	1	9
329.952	1	11
330.123	1	-1
330.294	1	3
330.465	1	4
330.636	1	7
330.807	1	7
330.978	1	3
331.149	1	7
331.320	1	10
331.492	1	8
331.663	1	5
331.834	1	15
332.005	1	12
332.176	1	8
332.347	1	0
332.518	1	15
332.689	1	10
332.860	1	5
333.031	1	9
333.202	1	13
333.373	1	8
333.544	1	12
333.715	1	8
333.886	1	7
334.057	1	-2
334.228	1	12
334.399	1	18
334.570	1	12
334.741	1	7
334.912	1	11
335.084	1	8
335.255	1	12
335.426	1	12
335.597	1	4
335.768	1	5
335.939	1	6
336.110	1	14
336.281	1	4
336.452	1	9
336.623	1	8
336.794	1	17
336.965	1	6
337.136	1	20
337.307	1	7
337.478	1	12
337.649	1	9
337.820	1	5
337.991	1	10
338.162	1	12
338.333	1	14
338.504	1	6
338.675	1	13
338.846	1	3
339.017	1	10
339.188	1	10
339.359	1	11
339.530	1	8
339.701	1	11
339.872	1	20
340.043	1	3
340.214	1	22
340.385	1	10
340.556	1	17
340.727	1	4
340.898	1	14
341.069	1	4
341.240	1	4
341.411	1	11
341.582	1	4
341.753	1	16
341.924	1	24
342.095	1	13
342.266	1	20
342.437	1	10
342.608	1	15
342.779	1	0
342.950	1	4
343.121	1	12
343.292	1	22
343.463	1	25
343.634	1	19
343.805	1	9
343.976	1	20
344.147	1	23
344.318	1	10
344.489	1	4
344.660	1	10
344.831	1	19
345.002	1	5
345.173	1	14
345.344	1	13
345.515	1	8
345.686	1	16
345.857	1	21
346.028	1	15
346.199	1	25
346.370	1	21
346.541	1	16
346.712	1	1
346.883	1	-3
347.054	1	17
347.225	1	4
347.396	1	8
347.567	1	-1
347.738	1	12
347.909	1	12
348.080	1	13
348.251	1	11
348.422	1	18
348.593	1	12
348.764	1	9
348.935	1	16
349.106	1	9
349.277	1	10
349.448	1	4
349.619	1	3
349.790	1	23
349.961	1	0
350.132	1	17
350.303	1	14
350.474	1	20
350.645	1	18
350.816	1	19
350.987	1	31
351.157	1	12
351.328	1	8
351.499	1	11
351.670	1	14
351.841	1	24
352.012	1	18
352.183	1	25
352.354	1	16
352.525	1	24
352.696	1	11
352.867	1	23
353.038	1	18
353.209	1	15
353.380	1	19
353.551	1	18
353.722	1	18
353.893	1	27
354.064	1	14
354.235	1	12
354.406	1	8
354.576	1	23
354.747	1	23
354.918	1	12
355.089	1	28
355.260	1	7
355.431	1	11
355.602	1	18
355.773	1	18
355.944	1	14
356.115	1	27
356.286	1	23
356.457	1	33
356.628	1	12
356.799	1	21
356.970	1	30
357.141	1	20
357.311	1	36
357.482	1	20
357.653	1	17
357.824	1	28
357.995	1	29
358.166	1	9
358.337	1	22
358.508	1	39
358.679	1	7
358.850	1	35
359.021	1	22
359.192	1	20
359.363	1	29
359.533	1	22
359.704	1	19
359.875	1	20
360.046	1	28
360.217	1	32
360.388	1	34
360.559	1	22
360.730	1	14
360.901	1	26
361.072	1	18
361.243	1	14
361.414	1	29
361.584	1	16
361.755	1	17
361.926	1	30
362.097	1	18
362.268	1	26
362.439	1	21
362.610	1	21
362.781	1	20
362.952	1	27
363.123	1	14
363.293	1	15
363.464	1	21
363.635	1	37
363.806	1	21
363.977	1	23
364.148	1	20
364.319	1	9
364.490	1	20
364.661	1	24
364.832	1	20
365.002	1	17
365.173	1	19
365.344	1	21
365.515	1	27
365.686	1	29
365.857	1	36
366.028	1	31
366.199	1	30
366.370	1	30
366.540	1	25
366.711	1	30
366.882	1	25
367.053	1	23
367.224	1	35
367.395	1	28
367.566	1	30
367.737	1	25
367.908	1	20
368.078	1	12
368.249	1	35
368.420	1	34
368.591	1	24
368.762	1	31
368.933	1	18
369.104	1	22
369.274	1	28
369.445	1	31
369.616	1	16
369.787	1	20
369.958	1	28
370.129	1	16
370.300	1	16
370.471	1	29
370.641	1	19
370.812	1	24
370.983	1	23
371.154	1	29
371.325	1	18
371.496	1	30
371.667	1	31
371.837	1	27
372.008	1	19
372.179	1	16
372.350	1	30
372.521	1	29
372.692	1	38
372.863	1	27
373.033	1	31
373.204	1	23
373.375	1	14
373.546	1	31
373.717	1	27
373.888	1	29
374.059	1	26
374.229	1	25
374.400	1	11
374.571	1	24
374.742	1	16
374.913	1	9
375.084	1	25
375.254	1	22
375.425	1	22
375.596	1	25
375.767	1	32
375.938	1	17
376.109	1	25
376.279	1	21
376.450	1	33
376.621	1	32
376.792	1	26
376.963	1	23
377.134	1	42
377.304	1	21
377.475	1	17
377.646	1	27
377.817	1	25
377.988	1	29
378.159	1	27
378.329	1	23
378.500	1	36
378.671	1	21
378.842	1	29
379.013	1	34
379.184	1	22
379.354	1	31
379.525	1	34
379.696	1	46
379.867	1	24
380.038	1	27
380.209	1	34
380.379	1	21
380.550	1	20
380.721	1	37
380.892	1	22
381.063	1	23
381.233	1	36
381.404	1	28
381.575	1	17
381.746	1	39
381.917	1	38
382.087	1	24
382.258	1	32
382.429	1	33
382.600	1	33
382.771	1	31
382.941	1	29
383.112	1	27
383.283	1	30
383.454	1	19
383.625	1	39
383.795	1	37
383.966	1	35
384.137	1	36
384.308	1	23
384.479	1	29
384.649	1	24
384.820	1	34
384.991	1	31
385.162	1	38
385.333	1	28
385.503	1	34
385.674	1	33
385.845	1	32
386.016	1	46
386.187	1	26
386.357	1	39
386.528	1	26
386.699	1	36
386.870	1	26
387.041	1	40
387.211	1	28
387.382	1	40
387.553	1	38
387.724	1	27
387.894	1	22
388.065	1	34
388.236	1	28
388.407	1	34
388.578	1	37
388.748	1	41
388.919	1	25
389.090	1	38
389.261	1	41
389.431	1	30
389.602	1	31
389.773	1	39
389.944	1	45
390.114	1	42
390.285	1	35
390.456	1	35
390.627	1	35
390.798	1	35
390.968	1	40
391.139	1	45
391.310	1	31
391.481	1	29
391.651	1	30
391.822	1	46
391.993	1	38
392.164	1	29
392.334	1	24
392.505	1	44
392.676	1	34
392.847	1	27
393.017	1	40
393.188	1	40
393.359	1	40
393.530	1	47
393.700	1	31
393.871	1	43
394.042	1	32
394.213	1	44
394.383	1	36
394.554	1	27
394.725	1	24
394.896	1	37
395.066	1	43
395.237	1	39
395.408	1	34
395.579	1	37
395.749	1	38
395.920	1	42
396.091	1	32
396.262	1	34
396.432	1	29
396.603	1	39
396.774	1	36
396.945	1	39
397.115	1	39
397.286	1	39
397.457	1	43
397.627	1	30
397.798	1	37
397.969	1	44
398.140	1	37
398.310	1	38
398.481	1	41
398.652	1	49
398.823	1	39
398.993	1	31
399.164	1	41
399.335	1	32
399.505	1	29
399.676	1	35
399.847	1	39
400.018	1	34
400.188	1	44
400.359	1	44
400.530	1	36
400.700	1	46
400.871	1	37
401.042	1	35
401.213	1	36
401.383	1	43
401.554	1	36
401.725	1	38
401.895	1	33
402.066	1	44
402.237	1	40
402.408	1	36
402.578	1	47
402.749	1	40
402.920	1	40
403.090	1	41
403.261	1	30
403.432	1	34
403.603	1	41
403.773	1	44
403.944	1	35
404.115	1	33
404.285	1	46
404.456	1	52
404.627	1	42
404.797	1	41
404.968	1	35
405.139	1	30
405.310	1	41
405.480	1	30
405.651	1	40
405.822	1	45
405.992	1	57
406.163	1	30
406.334	1	43
406.504	1	39
406.675	1	38
406.846	1	38
407.016	1	49
407.187	1	52
407.358	1	39
407.528	1	36
407.699	1	49
407.870	1	49
408.041	1	45
408.211	1	39
408.382	1	38
408.553	1	46
408.723	1	47
408.894	1	40
409.065	1	42
409.235	1	45
409.406	1	46
409.577	1	31
409.747	1	46
409.918	1	44
410.089	1	50
410.259	1	36
410.430	1	46
410.601	1	46
410.771	1	37
410.942	1	46
411.113	1	42
411.283	1	47
411.454	1	56
411.625	1	49
411.795	1	48
411.966	1	36
412.137	1	40
412.307	1	42
412.478	1	40
412.649	1	36
412.819	1	52
412.990	1	53
413.161	1	41
413.331	1	52
413.502	1	35
413.672	1	39
413.843	1	30
414.014	1	38
414.184	1	48
414.355	1	41
414.526	1	40
414.696	1	45
414.867	1	31
415.038	1	45
415.208	1	31
415.379	1	38
415.550	1	47
415.720	1	26
415.891	1	38
416.062	1	34
416.232	1	46
416.403	1	35
416.573	1	38
416.744	1	47
416.915	1	36
417.085	1	43
417.256	1	45
417.427	1	25
417.597	1	43
417.768	1	37
417.939	1	44
418.109	1	41
418.280	1	40
418.450	1	47
418.621	1	41
418.792	1	35
418.962	1	32
419.133	1	39
419.304	1	36
419.474	1	38
419.645	1	39
419.815	1	53
419.986	1	49
420.157	1	44
420.327	1	37
420.498	1	41
420.669	1	47
420.839	1	42
421.010	1	48
421.180	1	44
421.351	1	33
421.522	1	38
421.692	1	46
421.863	1	49
422.033	1	43
422.204	1	44
422.375	1	49
422.545	1	59
422.716	1	35
422.886	1	36
423.057	1	37
423.228	1	42
423.398	1	45
423.569	1	33
423.740	1	35
423.910	1	44
424.081	1	45
424.251	1	35
424.422	1	46
424.593	1	41
424.763	1	32
424.934	1	31
425.104	1	54
425.275	1	30
425.445	1	35
425.616	1	44
425.787	1	40
425.957	1	42
426.128	1	37
426.298	1	43
426.469	1	31
426.640	1	36
426.810	1	26
426.981	1	42
427.151	1	29
427.322	1	37
427.493	1	45
427.663	1	43
427.834	1	33
428.004	1	46
428.175	1	43
428.345	1	25
428.516	1	49
428.687	1	49
428.857	1	46
429.028	1	27
429.198	1	40
429.369	1	44
429.540	1	25
429.710	1	37
429.881	1	38
430.051	1	24
430.222	1	37
430.392	1	40
430.563	1	25
430.734	1	34
430.904	1	44
431.075	1	44
431.245	1	32
431.416	1	42
431.586	1	34
431.757	1	45
431.927	1	38
432.098	1	36
432.269	1	37
432.439	1	38
432.610	1	43
432.780	1	44
432.951	1	31
433.121	1	23
433.292	1	38
433.462	1	39
433.633	1	34
433.804	1	38
433.974	1	43
434.145	1	37
434.315	1	38
434.486	1	27
434.656	1	37
434.827	1	42
434.997	1	35
435.168	1	38
435.339	1	34
435.509	1	40
435.680	1	37
435.850	1	35
436.021	1	43
436.191	1	29
436.362	1	43
436.532	1	42
436.703	1	31
436.873	1	37
437.044	1	27
437.214	1	23
437.385	1	33
437.556	1	48
437.726	1	37
437.897	1	31
438.067	1	34
438.238	1	31
438.408	1	44
438.579	1	26
438.749	1	32
438.920	1	48
439.090	1	33
439.261	1	33
439.431	1	23
439.602	1	38
439.772	1	32
439.943	1	32
440.113	1	27
440.284	1	40
440.455	1	25
440.625	1	40
440.796	1	33
440.966	1	41
441.137	1	42
441.307	1	37
441.478	1	26
441.648	1	30
441.819	1	25
441.989	1	33
442.160	1	29
442.330	1	34
442.501	1	39
442.671	1	34
442.842	1	37
443.012	1	41
443.183	1	34
443.353	1	41
443.524	1	35
443.694	1	38
443.865	1	33
444.035	1	30
444.206	1	36
444.376	1	41
444.547	1	29
444.717	1	29
444.888	1	38
445.058	1	40
445.229	1	28
445.399	1	36
445.570	1	31
445.740	1	26
445.911	1	30
446.081	1	32
446.252	1	34
446.422	1	35
446.593	1	33
446.763	1	30
446.934	1	29
447.104	1	22
447.275	1	35
447.445	1	29
447.616	1	31
447.786	1	33
447.957	1	26
448.127	1	34
448.298	1	31
448.468	1	32
448.639	1	24
448.809	1	36
448.979	1	42
449.150	1	35
449.320	1	38
449.491	1	31
449.661	1	18
449.832	1	25
450.002	1	25
450.173	1	32
450.343	1	24
450.514	1	34
450.684	1	32
450.855	1	44
451.025	1	33
451.196	1	28
451.366	1	44
451.537	1	34
451.707	1	46
451.878	1	27
452.048	1	26
452.218	1	29
452.389	1	33
452.559	1	42
452.730	1	42
452.900	1	25
453.071	1	46
453.241	1	31
453.412	1	28
453.582	1	34
453.753	1	26
453.923	1	19
454.093	1	22
454.264	1	26
454.434	1	41
454.605	1	29
454.775	1	35
454.946	1	31
455.116	1	37
455.287	1	22
455.457	1	32
455.628	1	22
455.798	1	38
455.968	1	31
456.139	1	22
456.309	1	33
456.480	1	29
456.650	1	37
456.821	1	26
456.991	1	40
457.161	1	30
457.332	1	32
457.502	1	28
457.673	1	25
457.843	1	21
458.014	1	26
458.184	1	30
458.355	1	30
458.525	1	27
458.695	1	19
458.866	1	15
459.036	1	35
459.207	1	25
459.377	1	24
459.548	1	34
459.718	1	14
459.888	1	15
460.059	1	31
460.229	1	18
460.400	1	16
460.570	1	22
460.740	1	31
460.911	1	5
461.081	1	38
461.252	1	35
461.422	1	20
461.593	1	27
461.763	1	38
461.933	1	17
462.104	1	26
462.274	1	25
462.445	1	21
462.615	1	34
462.785	1	29
462.956	1	26
463.126	1	28
463.297	1	33
463.467	1	35
463.638	1	34
463.808	1	30
463.978	1	18
464.149	1	24
464.319	1	26
464.490	1	21
464.660	1	17
464.830	1	30
465.001	1	27
465.171	1	20
465.342	1	17
465.512	1	22
465.682	1	18
465.853	1	31
466.023	1	31
466.194	1	37
466.364	1	33
466.534	1	20
466.705	1	34
466.875	1	16
467.045	1	17
467.216	1	28
467.386	1	23
467.557	1	35
467.727	1	25
467.897	1	23
468.068	1	10
468.238	1	23
468.409	1	25
468.579	1	23
468.749	1	29
468.920	1	13
469.090	1	33
469.260	1	24
469.431	1	13
469.601	1	28
469.772	1	32
469.942	1	21
470.112	1	17
470.283	1	11
470.453	1	19
470.623	1	23
470.794	1	18
470.964	1	12
471.135	1	14
471.305	1	16
471.475	1	23
471.646	1	30
471.816	1	14
471.986	1	19
472.157	1	20
472.327	1	22
472.497	1	18
472.668	1	18
472.838	1	10
473.009	1	20
473.179	1	16
473.349	1	16
473.520	1	29
473.690	1	20
473.860	1	9
474.031	1	5
474.201	1	13
474.371	1	37
474.542	1	8
474.712	1	14
474.882	1	21
475.053	1	21
475.223	1	14
475.394	1	18
475.564	1	15
475.734	1	9
475.905	1	27
476.075	1	25
476.245	1	18
476.416	1	4
476.586	1	15
476.756	1	20
476.927	1	18
477.097	1	13
477.267	1	22
477.438	1	22
477.608	1	29
477.778	1	18
477.949	1	13
478.119	1	20
478.289	1	20
478.460	1	5
478.630	1	11
478.800	1	34
478.971	1	26
479.141	1	23
479.311	1	16
479.482	1	17
479.652	1	18
479.822	1	17
479.993	1	7
480.163	1	20
480.333	1	16
480.504	1	17
480.674	1	14
480.844	1	21
481.015	1	25
481.185	1	29
481.355	1	12
481.525	1	11
481.696	1	10
481.866	1	10
482.036	1	22
482.207	1	17
482.377	1	14
482.547	1	15
482.718	1	16
482.888	1	25
483.058	1	25
483.229	1	13
483.399	1	21
483.569	1	3
483.740	1	19
483.910	1	10
484.080	1	20
484.250	1	12
484.421	1	12
484.591	1	5
484.761	1	26
484.932	1	7
485.102	1	30
485.272	1	18
485.443	1	16
485.613	1	11
485.783	1	8
485.953	1	14
486.124	1	9
486.294	1	22
486.464	1	19
486.635	1	10
486.805	1	15
486.975	1	5
487.146	1	19
487.316	1	20
487.486	1	24
487.656	1	22
487.827	1	17
487.997	1	2
488.167	1	22
488.338	1	10
488.508	1	16
488.678	1	15
488.848	1	26
489.019	1	10
489.189	1	19
489.359	1	16
489.529	1	16
489.700	1	19
489.870	1	22
490.040	1	8
490.211	1	8
490.381	1	7
490.551	1	30
490.721	1	20
490.892	1	9
491.062	1	17
491.232	1	7
491.402	1	7
491.573	1	27
491.743	1	9
491.913	1	13
492.084	1	10
492.254	1	9
492.424	1	11
492.594	1	20
492.765	1	17
492.935	1	27
493.105	1	4
493.275	1	7
493.446	1	10
493.616	1	0
493.786	1	18
493.956	1	6
494.127	1	14
494.297	1	-4
494.467	1	-4
494.637	1	10
494.808	1	10
494.978	1	15
495.148	1	7
495.318	1	13
495.489	1	18
495.659	1	20
495.829	1	16
495.999	1	11
496.170	1	15
496.340	1	11
496.510	1	13
496.680	1	7
496.851	1	21
497.021	1	13
497.191	1	12
497.361	1	0
497.532	1	11
497.702	1	17
497.872	1	7
498.042	1	4
498.213	1	4
498.383	1	2
498.553	1	21
498.723	1	23
498.894	1	14
499.064	1	7
499.234	1	20
499.404	1	13
499.574	1	11
499.745	1	6
499.915	1	8
500.085	1	6
500.255	1	1
500.426	1	10
500.596	1	9
500.766	1	3
500.936	1	19
501.106	1	10
501.277	1	12
501.447	1	19
501.617	1	10
501.787	1	3
501.958	1	16
502.128	1	8
502.298	1	5
502.468	1	8
502.638	1	13
502.809	1	0
502.979	1	10
503.149	1	7
503.319	1	20
503.489	1	-1
503.660	1	1
503.830	1	15
504.000	1	4
504.170	1	8
504.340	1	1
504.511	1	3
504.681	1	10
504.851	1	12
505.021	1	6
505.192	1	1
505.362	1	9
505.532	1	6
505.702	1	17
505.872	1	9
506.043	1	13
506.213	1	14
506.383	1	10
506.553	1	11
506.723	1	-6
506.893	1	14
507.064	1	15
507.234	1	4
507.404	1	4
507.574	1	1
507.744	1	8
507.915	1	12
508.085	1	5
508.255	1	8
508.425	1	6
508.595	1	-3
508.766	1	3
508.936	1	15
509.106	1	12
509.276	1	11
509.446	1	1
509.616	1	19
509.787	1	15
509.957	1	11
510.127	1	2
510.297	1	-4
510.467	1	10
510.638	1	16
510.808	1	20
510.978	1	0
511.148	1	10
511.318	1	11
511.488	1	2
511.659	1	9
511.829	1	0
511.999	1	15
512.169	1	9
512.339	1	18
512.509	1	-2
512.680	1	5
512.850	1	17
513.020	1	8
513.190	1	-6
513.360	1	14
513.530	1	-1
513.700	1	0
513.871	1	6
514.041	1	4
514.211	1	9
514.381	1	10
514.551	1	-1
514.721	1	-3
514.892	1	5
515.062	1	8
515.232	1	0
515.402	1	15
515.572	1	6
515.742	1	16
515.912	1	10
516.083	1	11
516.253	1	16
516.423	1	8
516.593	1	3
516.763	1	6
516.933	1	5
517.104	1	12
517.274	1	8
517.444	1	3
517.614	1	10
517.784	1	9
517.954	1	4
518.124	1	4
518.294	1	14
518.465	1	5
518.635	1	11
518.805	1	9
518.975	1	11
519.145	1	2
519.315	1	5
519.485	1	10
519.656	1	3
519.826	1	-9
519.996	1	7
520.166	1	10
520.336	1	7
520.506	1	7
520.676	1	11
520.846	1	-1
521.017	1	2
521.187	1	10
521.357	1	5
521.527	1	8
521.697	1	-5
521.867	1	13
522.037	1	1
522.207	1	7
522.377	1	9
522.548	1	-7
522.718	1	-2
522.888	1	8
523.058	1	8
523.228	1	4
523.398	1	9
523.568	1	-4
523.738	1	4
523.909	1	3
524.079	1	4
524.249	1	7
524.419	1	6
524.589	1	7
524.759	1	9
524.929	1	9
525.099	1	0
525.269	1	12
525.439	1	0
525.610	1	25
525.780	1	7
525.950	1	3
526.120	1	4
526.290	1	-10
526.460	1	0
526.630	1	11
526.800	1	0
526.970	1	6
527.140	1	7
527.311	1	6
527.481	1	7
527.651	1	12
527.821	1	2
527.991	1	12
528.161	1	7
528.331	1	1
528.501	1	6
528.671	1	15
528.841	1	9
529.011	1	3
529.181	1	12
529.352	1	-1
529.522	1	10
529.692	1	7
529.862	1	3
530.032	1	1
530.202	1	-4
530.372	1	2
530.542	1	0
530.712	1	14
530.882	1	4
531.052	1	9
531.222	1	6
531.392	1	-4
531.563	1	6
531.733	1	5
531.903	1	6
532.073	1	-3
532.243	1	5
532.413	1	15
532.583	1	3
532.753	1	-9
532.923	1	6
533.093	1	1
533.263	1	10
533.433	1	-4
533.603	1	9
533.773	1	0
533.943	1	8
534.113	1	2
534.284	1	7
534.454	1	-4
534.624	1	-1
534.794	1	-4
534.964	1	5
535.134	1	-3
535.304	1	12
535.474	1	8
535.644	1	10
535.814	1	6
535.984	1	3
536.154	1	-2
536.324	1	2
536.494	1	16
536.664	1	8
536.834	1	7
537.004	1	3
537.174	1	22
537.344	1	5
537.514	1	9
537.685	1	9
537.855	1	4
538.025	1	9
538.195	1	-4
538.365	1	-1
538.535	1	9
538.705	1	4
538.875	1	-2
539.045	1	13
539.215	1	-4
539.385	1	9
539.555	1	3
539.725	1	7
539.895	1	13
540.065	1	-7
540.235	1	0
540.405	1	7
540.575	1	10
540.745	1	14
540.915	1	-2
541.085	1	-3
541.255	1	0
541.425	1	7
541.595	1	5
541.765	1	1
541.935	1	7
542.105	1	4
542.275	1	8
542.445	1	9
542.615	1	7
542.785	1	3
542.955	1	12
543.125	1	3
543.295	1	4
543.465	1	10
543.635	1	-4
543.805	1	2
543.975	1	5
544.145	1	9
544.315	1	1
544.485	1	-3
544.655	1	12
544.825	1	13
544.995	1	-2
545.165	1	6
545.335	1	9
545.505	1	6
545.675	1	8
545.845	1	6
546.015	1	1
546.185	1	0
546.355	1	6
546.525	1	9
546.695	1	1
546.865	1	8
547.035	1	2
547.205	1	16
547.375	1	-7
547.545	1	12
547.715	1	6
547.885	1	0
548.055	1	-1
548.225	1	5
548.395	1	3
548.565	1	3
548.735	1	-9
548.905	1	11
549.075	1	8
549.245	1	9
549.415	1	1
549.585	1	-6
549.755	1	2
549.925	1	1
550.095	1	-11
550.265	1	2
550.435	1	1
550.605	1	5
550.775	1	-5
550.945	1	-5
551.115	1	8
551.285	1	13
551.455	1	6
551.625	1	-3
551.795	1	0
551.965	1	1
552.135	1	-1
552.305	1	3
552.475	1	6
552.645	1	-2
552.815	1	3
552.985	1	13
553.155	1	0
553.325	1	-1
553.495	1	-6
553.665	1	-1
553.835	1	6
554.004	1	8
554.174	1	-1
554.344	1	8
554.514	1	5
554.684	1	5
554.854	1	-3
555.024	1	12
555.194	1	5
555.364	1	1
555.534	1	-12
555.704	1	-3
555.874	1	-5
556.044	1	6
556.214	1	6
556.384	1	11
556.554	1	11
556.724	1	-4
556.894	1	-13
557.064	1	4
557.234	1	-2
557.404	1	-10
557.573	1	3
557.743	1	-7
557.913	1	0
558.083	1	4
558.253	1	7
558.423	1	2
558.593	1	-3
558.763	1	-6
558.933	1	4
559.103	1	4
559.273	1	12
559.443	1	3
559.613	1	4
559.783	1	3
559.953	1	-7
560.122	1	7
560.292	1	-5
560.462	1	-4
560.632	1	-3
560.802	1	10
560.972	1	-5
561.142	1	5
561.312	1	-2
561.482	1	8
561.652	1	10
561.822	1	1
561.992	1	12
562.162	1	10
562.331	1	-7
562.501	1	1
562.671	1	-6
562.841	1	-6
563.011	1	12
563.181	1	7
563.351	1	4
563.521	1	5
563.691	1	7
563.861	1	3
564.031	1	4
564.201	1	7
564.370	1	5
564.540	1	3
564.710	1	1
564.880	1	1
565.050	1	10
565.220	1	12
565.390	1	6
565.560	1	1
565.730	1	4
565.900	1	9
566.069	1	2
566.239	1	6
566.409	1	5
566.579	1	10
566.749	1	-3
566.919	1	2
567.089	1	-11
567.259	1	2
567.429	1	2
567.599	1	15
567.768	1	1
567.938	1	0
568.108	1	6
568.278	1	6
568.448	1	3
568.618	1	5
568.788	1	9
568.958	1	1
569.128	1	8
569.297	1	2
569.467	1	15
569.637	1	0
569.807	1	-10
569.977	1	-2
570.147	1	9
570.317	1	7
570.487	1	11
570.656	1	4
570.826	1	-1
570.996	1	11
571.166	1	4
571.336	1	6
571.506	1	-6
571.676	1	9
571.846	1	2
572.015	1	3
572.185	1	7
572.355	1	-2
572.525	1	-11
572.695	1	-3
572.865	1	11
573.035	1	13
573.205	1	2
573.374	1	-1
573.544	1	5
573.714	1	-1
573.884	1	-5
574.054	1	1
574.224	1	8
574.394	1	-6
574.563	1	-3
574.733	1	1
574.903	1	4
575.073	1	3
575.243	1	-3
575.413	1	4
575.583	1	-3
575.752	1	-1
575.922	1	6
576.092	1	-4
576.262	1	2
576.432	1	3
576.602	1	4
576.772	1	3
576.941	1	5
577.111	1	5
577.281	1	3
577.451	1	1
577.621	1	3
577.791	1	-2
577.960	1	0
578.130	1	-2
578.300	1	0
578.470	1	10
578.640	1	2
578.810	1	-4
578.979	1	15
579.149	1	2
579.319	1	2
579.489	1	11
579.659	1	4
579.829	1	-4
579.998	1	-11
580.168	1	-5
580.338	1	8
580.508	1	0
580.678	1	3
580.848	1	-4
581.017	1	12
581.187	1	5
581.357	1	5
581.527	1	8
581.697	1	4
581.867	1	0
582.036	1	-3
582.206	1	6
582.376	1	7
582.546	1	-7
582.716	1	4
582.885	1	4
583.055	1	-8
583.225	1	2
583.395	1	-4
583.565	1	0
583.735	1	5
583.904	1	2
584.074	1	0
584.244	1	-5
584.414	1	3
584.584	1	5
584.753	1	-1
584.923	1	-4
585.093	1	10
585.263	1	-8
585.433	1	1
585.602	1	5
585.772	1	20
585.942	1	3
586.112	1	14
586.282	1	11
586.451	1	4
586.621	1	-8
586.791	1	-4
586.961	1	-8
587.131	1	0
587.300	1	1
587.470	1	2
587.640	1	-2
587.810	1	-8
587.980	1	4
588.149	1	4
588.319	1	9
588.489	1	2
588.659	1	-7
588.829	1	3
588.998	1	3
589.168	1	9
589.338	1	-3
589.508	1	2
589.677	1	-1
589.847	1	2
590.017	1	4
590.187	1	2
590.357	1	-2
590.526	1	-4
590.696	1	3
590.866	1	0
591.036	1	8
591.205	1	10
591.375	1	4
591.545	1	-3
591.715	1	1
591.885	1	3
592.054	1	0
592.224	1	1
592.394	1	-2
592.564	1	3
592.733	1	4
592.903	1	5
593.073	1	-7
593.243	1	12
593.412	1	1
593.582	1	2
593.752	1	-5
593.922	1	4
594.091	1	3
594.261	1	-6
594.431	1	4
594.601	1	-8
594.771	1	2
594.940	1	2
595.110	1	1
595.280	1	9
595.450	1	8
595.619	1	-1
595.789	1	-6
595.959	1	-3
596.129	1	-2
596.298	1	2
596.468	1	-4
596.638	1	0
596.808	1	-8
596.977	1	3
597.147	1	1
597.317	1	1
597.487	1	7
597.656	1	11
597.826	1	14
597.996	1	-4
598.166	1	4
598.335	1	-9
598.505	1	9
598.675	1	0
598.844	1	11
599.014	1	-6
599.184	1	2
599.354	1	13
599.523	1	-1
599.693	1	1
599.863	1	13
600.033	1	4
600.202	1	-2
600.372	1	0
600.542	1	5
600.712	1	4
600.881	1	5
601.051	1	15
601.221	1	11
601.390	1	1
601.560	1	9
601.730	1	1
601.900	1	6
602.069	1	1
602.239	1	9
602.409	1	-1
602.578	1	11
602.748	1	14
602.918	1	-9
603.088	1	5
603.257	1	-1
603.427	1	6
603.597	1	-10
603.767	1	5
603.936	1	8
604.106	1	8
604.276	1	5
604.445	1	3
604.615	1	8
604.785	1	6
604.954	1	2
605.124	1	-2
605.294	1	5
605.464	1	-6
605.633	1	6
605.803	1	7
605.973	1	1
606.142	1	8
606.312	1	9
606.482	1	-1
606.652	1	13
606.821	1	-2
606.991	1	14
607.161	1	1
607.330	1	-3
607.500	1	-4
607.670	1	2
607.839	1	8
608.009	1	6
608.179	1	6
608.348	1	-1
608.518	1	7
608.688	1	-6
608.858	1	-4
609.027	1	10
609.197	1	5
609.367	1	-4
609.536	1	-1
609.706	1	10
609.876	1	3
610.045	1	10
610.215	1	-2
610.385	1	1
610.554	1	3
610.724	1	-3
610.894	1	8
611.063	1	5
611.233	1	13
611.403	1	12
611.572	1	5
611.742	1	4
611.912	1	4
612.081	1	5
612.251	1	7
612.421	1	6
612.590	1	3
612.760	1	4
612.930	1	10
613.099	1	4
613.269	1	-1
613.439	1	-8
613.608	1	3
613.778	1	4
613.948	1	8
614.117	1	-1
614.287	1	2
614.457	1	-1
614.626	1	1
614.796	1	2
614.966	1	3
615.135	1	17
615.305	1	4
615.475	1	4
615.644	1	13
615.814	1	8
615.984	1	-6
616.153	1	1
616.323	1	8
616.493	1	-6
616.662	1	5
616.832	1	3
617.002	1	6
617.171	1	6
617.341	1	11
617.511	1	-3
617.680	1	-3
617.850	1	-3
618.019	1	-5
618.189	1	11
618.359	1	5
618.528	1	5
618.698	1	14
618.868	1	-2
619.037	1	1
619.207	1	-5
619.377	1	0
619.546	1	14
619.716	1	5
619.885	1	1
620.055	1	-5
620.225	1	-3
620.394	1	3
620.564	1	12
620.734	1	4
620.903	1	-8
621.073	1	7
621.242	1	4
621.412	1	5
621.582	1	13
621.751	1	1
621.921	1	5
622.091	1	2
622.260	1	8
622.430	1	0
622.599	1	-5
622.769	1	1
622.939	1	0
623.108	1	3
623.278	1	6
623.448	1	10
623.617	1	3
623.787	1	6
623.956	1	8
624.126	1	11
624.296	1	8
624.465	1	15
624.635	1	2
624.804	1	-6
624.974	1	-1
625.144	1	-1
625.313	1	16
625.483	1	4
625.652	1	9
625.822	1	10
625.992	1	8
626.161	1	4
626.331	1	7
626.501	1	3
626.670	1	-8
626.840	1	0
627.009	1	-4
627.179	1	2
627.348	1	1
627.518	1	14
627.688	1	7
627.857	1	4
628.027	1	7
628.196	1	7
628.366	1	-5
628.536	1	3
628.705	1	4
628.875	1	1
629.044	1	1
629.214	1	3
629.384	1	22
629.553	1	-1
629.723	1	20
629.892	1	1
630.062	1	10
630.232	1	14
630.401	1	5
630.571	1	5
630.740	1	3
630.910	1	8
631.079	1	6
631.249	1	7
631.419	1	4
631.588	1	5
631.758	1	-3
631.927	1	17
632.097	1	8
632.266	1	11
632.436	1	2
632.606	1	1
632.775	1	7
632.945	1	1
633.114	1	-4
633.284	1	8
633.453	1	4
633.623	1	12
633.793	1	-3
633.962	1	9
634.132	1	5
634.301	1	10
634.471	1	5
634.640	1	0
634.810	1	4
634.979	1	-1
635.149	1	2
635.319	1	0
635.488	1	0
635.658	1	1
635.827	1	-5
635.997	1	2
636.166	1	9
636.336	1	0
636.505	1	14
636.675	1	-1
636.845	1	0
637.014	1	-4
637.184	1	11
637.353	1	-2
637.523	1	1
637.692	1	9
637.862	1	0
638.031	1	1
638.201	1	11
638.370	1	-5
638.540	1	-7
638.710	1	-1
638.879	1	2
639.049	1	-1
639.218	1	9
639.388	1	-3
639.557	1	4
639.727	1	7
639.896	1	0
640.066	1	8
640.235	1	7
640.405	1	8
640.574	1	10
640.744	1	0
640.914	1	-6
641.083	1	5
641.253	1	1
641.422	1	2
641.592	1	16
641.761	1	-4
641.931	1	17
642.100	1	1
642.270	1	12
642.439	1	7
642.609	1	13
642.778	1	10
642.948	1	8
643.117	1	9
643.287	1	3
643.456	1	6
643.626	1	3
643.795	1	7
643.965	1	7
644.134	1	4
644.304	1	-5
644.473	1	8
644.643	1	-9
644.812	1	-4
644.982	1	7
645.151	1	9
645.321	1	9
645.490	1	11
645.660	1	6
645.829	1	1
645.999	1	0
646.168	1	18
646.338	1	-6
646.507	1	-1
646.677	1	-1
646.846	1	10
647.016	1	13
647.185	1	11
647.355	1	10
647.524	1	4
647.694	1	-3
647.863	1	-2
648.033	1	7
648.202	1	8
648.372	1	-3
648.541	1	2
648.711	1	6
648.880	1	3
649.050	1	6
649.219	1	8
649.389	1	3
649.558	1	13
649.728	1	2
649.897	1	8
650.067	1	11
650.236	1	-1
650.406	1	2
650.575	1	11
650.745	1	13
650.914	1	8
651.084	1	12
651.253	1	9
651.423	1	-4
651.592	1	0
651.762	1	-2
651.931	1	12
652.101	1	-3
652.270	1	8
652.440	1	12
652.609	1	7
652.778	1	8
652.948	1	3
653.117	1	-1
653.287	1	-2
653.456	1	4
653.626	1	3
653.795	1	8
653.965	1	9
654.134	1	2
654.304	1	14
654.473	1	4
654.643	1	-4
654.812	1	12
654.982	1	15
655.151	1	9
655.320	1	-1
655.490	1	1
655.659	1	10
655.829	1	9
655.998	1	-2
656.168	1	-2
656.337	1	8
656.507	1	-3
656.676	1	4
656.846	1	3
657.015	1	8
657.184	1	4
657.354	1	4
657.523	1	10
657.693	1	16
657.862	1	1
658.032	1	4
658.201	1	1
658.371	1	7
658.540	1	-1
658.709	1	10
658.879	1	13
659.048	1	12
659.218	1	2
659.387	1	5
659.557	1	5
659.726	1	10
659.895	1	-2
660.065	1	-1
660.234	1	1
660.404	1	-5
660.573	1	2
660.743	1	8
660.912	1	14
661.081	1	-1
661.251	1	6
661.420	1	12
661.590	1	7
661.759	1	14
661.929	1	2
662.098	1	11
662.267	1	-8
662.437	1	3
662.606	1	-4
662.776	1	6
662.945	1	13
663.115	1	18
663.284	1	2
663.453	1	8
663.623	1	2
663.792	1	11
663.962	1	14
664.131	1	5
664.300	1	5
664.470	1	5
664.639	1	3
664.809	1	7
664.978	1	17
665.148	1	13
665.317	1	8
665.486	1	6
665.656	1	9
665.825	1	5
665.995	1	-4
666.164	1	8
666.333	1	3
666.503	1	-2
666.672	1	8
666.842	1	6
667.011	1	1
667.180	1	5
667.350	1	8
667.519	1	11
667.689	1	-1
667.858	1	3
668.027	1	8
668.197	1	-4
668.366	1	15
668.536	1	0
668.705	1	-3
668.874	1	7
669.044	1	7
669.213	1	13
669.382	1	13
669.552	1	10
669.721	1	-1
669.891	1	-1
670.060	1	10
670.229	1	13
670.399	1	3
670.568	1	9
670.738	1	-5
670.907	1	6
671.076	1	6
671.246	1	13
671.415	1	10
671.584	1	10
671.754	1	-7
671.923	1	4
672.093	1	8
672.262	1	7
672.431	1	4
672.601	1	7
672.770	1	3
672.939	1	8
673.109	1	10
673.278	1	5
673.448	1	-2
673.617	1	8
673.786	1	-8
