325.333	1	8
325.504	1	-2
325.675	1	12
325.846	1	8
326.017	1	11
326.188	1	11
326.359	1	13
326.531	1	15
326.702	1	12
326.873	1	4
327.044	1	17
327.215	1	15
327.386	1	2
327.557	1	-1
327.728	1	15
327.899	1	7
328.070	1	9
328.241	1	5
328.412	1	6
328.583	1	12
328.754	1	19
328.926	1	8
329.097	1	6
329.268	1	16
329.439	1	15
329.610	1	14
329.781	1	19
329.952	1	15
330.123	1	15
330.294	1	8
330.465	1	0
330.636	1	4
330.807	1	19
330.978	1	-2
331.149	1	12
331.320	1	11
331.492	1	13
331.663	1	5
331.834	1	11
332.005	1	15
332.176	1	11
332.347	1	9
332.518	1	19
332.689	1	15
332.860	1	16
333.031	1	17
333.202	1	11
333.373	1	20
333.544	1	9
333.715	1	18
333.886	1	4
334.057	1	9
334.228	1	14
334.399	1	25
334.570	1	16
334.741	1	7
334.912	1	7
335.084	1	22
335.255	1	26
335.426	1	16
335.597	1	1
335.768	1	20
335.939	1	13
336.110	1	14
336.281	1	15
336.452	1	23
336.623	1	13
336.794	1	18
336.965	1	20
337.136	1	21
337.307	1	9
337.478	1	15
337.649	1	10
337.820	1	6
337.991	1	12
338.162	1	11
338.333	1	13
338.504	1	19
338.675	1	14
338.846	1	5
339.017	1	11
339.188	1	10
339.359	1	22
339.530	1	10
339.701	1	19
339.872	1	29
340.043	1	18
340.214	1	17
340.385	1	3
340.556	1	24
340.727	1	18
340.898	1	16
341.069	1	16
341.240	1	18
341.411	1	11
341.582	1	9
341.753	1	14
341.924	1	22
342.095	1	13
342.266	1	27
342.437	1	15
342.608	1	18
342.779	1	8
342.950	1	12
343.121	1	15
343.292	1	24
343.463	1	33
343.634	1	24
343.805	1	20
343.976	1	37
344.147	1	25
344.318	1	15
344.489	1	23
344.660	1	17
344.831	1	20
345.002	1	29
345.173	1	17
345.344	1	15
345.515	1	24
345.686	1	20
345.857	1	31
346.028	1	23
346.199	1	20
346.370	1	23
346.541	1	14
346.712	1	20
346.883	1	25
347.054	1	31
347.225	1	19
347.396	1	26
347.567	1	22
347.738	1	18
347.909	1	27
348.080	1	22
348.251	1	20
348.422	1	28
348.593	1	20
348.764	1	16
348.935	1	32
349.106	1	12
349.277	1	32
349.448	1	26
349.619	1	22
349.790	1	37
349.961	1	26
350.132	1	38
350.303	1	25
350.474	1	33
350.645	1	26
350.816	1	25
350.987	1	37
351.157	1	23
351.328	1	22
351.499	1	23
351.670	1	26
351.841	1	38
352.012	1	29
352.183	1	37
352.354	1	26
352.525	1	29
352.696	1	23
352.867	1	31
353.038	1	31
353.209	1	32
353.380	1	36
353.551	1	26
353.722	1	29
353.893	1	35
354.064	1	24
354.235	1	18
354.406	1	19
354.576	1	32
354.747	1	27
354.918	1	26
355.089	1	33
355.260	1	18
355.431	1	28
355.602	1	32
355.773	1	22
355.944	1	31
356.115	1	35
356.286	1	37
356.457	1	28
356.628	1	33
356.799	1	31
356.970	1	43
357.141	1	33
357.311	1	42
357.482	1	20
357.653	1	27
357.824	1	39
357.995	1	39
358.166	1	36
358.337	1	32
358.508	1	28
358.679	1	24
358.850	1	30
359.021	1	34
359.192	1	45
359.363	1	31
359.533	1	39
359.704	1	27
359.875	1	27
360.046	1	39
360.217	1	43
360.388	1	39
360.559	1	39
360.730	1	31
360.901	1	39
361.072	1	37
361.243	1	33
361.414	1	44
361.584	1	31
361.755	1	29
361.926	1	45
362.097	1	32
362.268	1	42
362.439	1	37
362.610	1	45
362.781	1	17
362.952	1	36
363.123	1	30
363.293	1	38
363.464	1	30
363.635	1	37
363.806	1	36
363.977	1	41
364.148	1	31
364.319	1	36
364.490	1	45
364.661	1	37
364.832	1	33
365.002	1	47
365.173	1	38
365.344	1	37
365.515	1	36
365.686	1	35
365.857	1	33
366.028	1	33
366.199	1	40
366.370	1	40
366.540	1	39
366.711	1	40
366.882	1	42
367.053	1	42
367.224	1	32
367.395	1	36
367.566	1	41
367.737	1	35
367.908	1	40
368.078	1	26
368.249	1	45
368.420	1	36
368.591	1	36
368.762	1	41
368.933	1	33
369.104	1	38
369.274	1	47
369.445	1	38
369.616	1	34
369.787	1	37
369.958	1	34
370.129	1	36
370.300	1	37
370.471	1	53
370.641	1	36
370.812	1	41
370.983	1	34
371.154	1	40
371.325	1	36
371.496	1	33
371.667	1	47
371.837	1	29
372.008	1	23
372.179	1	40
372.350	1	35
372.521	1	40
372.692	1	42
372.863	1	31
373.033	1	35
373.204	1	31
373.375	1	35
373.546	1	51
373.717	1	38
373.888	1	35
374.059	1	41
374.229	1	48
374.400	1	36
374.571	1	31
374.742	1	36
374.913	1	19
375.084	1	40
375.254	1	34
375.425	1	35
375.596	1	43
375.767	1	50
375.938	1	34
376.109	1	44
376.279	1	35
376.450	1	49
376.621	1	54
376.792	1	43
376.963	1	29
377.134	1	34
377.304	1	42
377.475	1	33
377.646	1	35
377.817	1	47
377.988	1	54
378.159	1	43
378.329	1	49
378.500	1	42
378.671	1	38
378.842	1	47
379.013	1	41
379.184	1	47
379.354	1	46
379.525	1	56
379.696	1	48
379.867	1	46
380.038	1	40
380.209	1	48
380.379	1	47
380.550	1	34
380.721	1	33
380.892	1	44
381.063	1	44
381.233	1	48
381.404	1	42
381.575	1	47
381.746	1	46
381.917	1	44
382.087	1	46
382.258	1	44
382.429	1	49
382.600	1	52
382.771	1	44
382.941	1	50
383.112	1	39
383.283	1	47
383.454	1	39
383.625	1	51
383.795	1	49
383.966	1	51
384.137	1	51
384.308	1	40
384.479	1	52
384.649	1	36
384.820	1	49
384.991	1	45
385.162	1	54
385.333	1	45
385.503	1	50
385.674	1	43
385.845	1	57
386.016	1	42
386.187	1	39
386.357	1	60
386.528	1	46
386.699	1	41
386.870	1	42
387.041	1	60
387.211	1	48
387.382	1	53
387.553	1	58
387.724	1	43
387.894	1	36
388.065	1	47
388.236	1	45
388.407	1	54
388.578	1	45
388.748	1	54
388.919	1	48
389.090	1	62
389.261	1	55
389.431	1	33
389.602	1	53
389.773	1	43
389.944	1	47
390.114	1	55
390.285	1	49
390.456	1	49
390.627	1	34
390.798	1	37
390.968	1	42
391.139	1	54
391.310	1	46
391.481	1	53
391.651	1	50
391.822	1	62
391.993	1	46
392.164	1	54
392.334	1	49
392.505	1	58
392.676	1	41
392.847	1	47
393.017	1	50
393.188	1	52
393.359	1	63
393.530	1	70
393.700	1	53
393.871	1	41
394.042	1	47
394.213	1	55
394.383	1	50
394.554	1	41
394.725	1	50
394.896	1	52
395.066	1	58
395.237	1	57
395.408	1	46
395.579	1	57
395.749	1	61
395.920	1	62
396.091	1	46
396.262	1	43
396.432	1	65
396.603	1	56
396.774	1	53
396.945	1	53
397.115	1	62
397.286	1	63
397.457	1	51
397.627	1	48
397.798	1	57
397.969	1	54
398.140	1	39
398.310	1	63
398.481	1	54
398.652	1	51
398.823	1	48
398.993	1	70
399.164	1	61
399.335	1	53
399.505	1	43
399.676	1	53
399.847	1	40
400.018	1	34
400.188	1	45
400.359	1	62
400.530	1	52
400.700	1	62
400.871	1	58
401.042	1	66
401.213	1	54
401.383	1	60
401.554	1	56
401.725	1	48
401.895	1	42
402.066	1	55
402.237	1	59
402.408	1	59
402.578	1	65
402.749	1	51
402.920	1	63
403.090	1	55
403.261	1	50
403.432	1	63
403.603	1	56
403.773	1	62
403.944	1	58
404.115	1	56
404.285	1	51
404.456	1	65
404.627	1	55
404.797	1	52
404.968	1	50
405.139	1	61
405.310	1	55
405.480	1	64
405.651	1	55
405.822	1	53
405.992	1	61
406.163	1	51
406.334	1	66
406.504	1	63
406.675	1	53
406.846	1	58
407.016	1	63
407.187	1	62
407.358	1	52
407.528	1	70
407.699	1	63
407.870	1	61
408.041	1	56
408.211	1	63
408.382	1	74
408.553	1	63
408.723	1	59
408.894	1	64
409.065	1	62
409.235	1	65
409.406	1	57
409.577	1	61
409.747	1	52
409.918	1	69
410.089	1	63
410.259	1	60
410.430	1	59
410.601	1	60
410.771	1	58
410.942	1	56
411.113	1	62
411.283	1	54
411.454	1	73
411.625	1	72
411.795	1	62
411.966	1	66
412.137	1	58
412.307	1	62
412.478	1	52
412.649	1	54
412.819	1	61
412.990	1	61
413.161	1	63
413.331	1	65
413.502	1	55
413.672	1	61
413.843	1	50
414.014	1	64
414.184	1	83
414.355	1	52
414.526	1	56
414.696	1	48
414.867	1	43
415.038	1	56
415.208	1	58
415.379	1	57
415.550	1	58
415.720	1	47
415.891	1	59
416.062	1	67
416.232	1	61
416.403	1	62
416.573	1	55
416.744	1	60
416.915	1	53
417.085	1	69
417.256	1	55
417.427	1	50
417.597	1	48
417.768	1	59
417.939	1	45
418.109	1	63
418.280	1	58
418.450	1	64
418.621	1	56
418.792	1	54
418.962	1	61
419.133	1	62
419.304	1	62
419.474	1	55
419.645	1	55
419.815	1	57
419.986	1	69
420.157	1	48
420.327	1	53
420.498	1	52
420.669	1	59
420.839	1	69
421.010	1	68
421.180	1	60
421.351	1	47
421.522	1	54
421.692	1	61
421.863	1	70
422.033	1	59
422.204	1	63
422.375	1	58
422.545	1	70
422.716	1	45
422.886	1	66
423.057	1	60
423.228	1	47
423.398	1	53
423.569	1	55
423.740	1	57
423.910	1	58
424.081	1	58
424.251	1	54
424.422	1	62
424.593	1	46
424.763	1	63
424.934	1	49
425.104	1	61
425.275	1	56
425.445	1	56
425.616	1	52
425.787	1	52
425.957	1	52
426.128	1	58
426.298	1	59
426.469	1	40
426.640	1	50
426.810	1	40
426.981	1	57
427.151	1	44
427.322	1	53
427.493	1	55
427.663	1	50
427.834	1	52
428.004	1	58
428.175	1	57
428.345	1	55
428.516	1	57
428.687	1	49
428.857	1	67
429.028	1	55
429.198	1	46
429.369	1	54
429.540	1	61
429.710	1	55
429.881	1	46
430.051	1	48
430.222	1	59
430.392	1	53
430.563	1	48
430.734	1	59
430.904	1	59
431.075	1	50
431.245	1	50
431.416	1	48
431.586	1	41
431.757	1	56
431.927	1	70
432.098	1	55
432.269	1	51
432.439	1	47
432.610	1	64
432.780	1	59
432.951	1	52
433.121	1	54
433.292	1	60
433.462	1	51
433.633	1	45
433.804	1	64
433.974	1	61
434.145	1	52
434.315	1	47
434.486	1	40
434.656	1	60
434.827	1	56
434.997	1	62
435.168	1	59
435.339	1	51
435.509	1	52
435.680	1	57
435.850	1	44
436.021	1	39
436.191	1	46
436.362	1	49
436.532	1	52
436.703	1	54
436.873	1	45
437.044	1	57
437.214	1	53
437.385	1	34
437.556	1	56
437.726	1	46
437.897	1	56
438.067	1	45
438.238	1	50
438.408	1	54
438.579	1	38
438.749	1	58
438.920	1	53
439.090	1	44
439.261	1	41
439.431	1	34
439.602	1	41
439.772	1	45
439.943	1	40
440.113	1	53
440.284	1	56
440.455	1	39
440.625	1	59
440.796	1	42
440.966	1	56
441.137	1	55
441.307	1	47
441.478	1	38
441.648	1	45
441.819	1	53
441.989	1	62
442.160	1	54
442.330	1	43
442.501	1	44
442.671	1	46
442.842	1	39
443.012	1	43
443.183	1	50
443.353	1	44
443.524	1	41
443.694	1	49
443.865	1	48
444.035	1	45
444.206	1	40
444.376	1	56
444.547	1	47
444.717	1	44
444.888	1	36
445.058	1	58
445.229	1	44
445.399	1	48
445.570	1	42
445.740	1	47
445.911	1	49
446.081	1	52
446.252	1	38
446.422	1	36
446.593	1	39
446.763	1	51
446.934	1	40
447.104	1	50
447.275	1	48
447.445	1	55
447.616	1	44
447.786	1	45
447.957	1	45
448.127	1	42
448.298	1	56
448.468	1	47
448.639	1	44
448.809	1	43
448.979	1	54
449.150	1	43
449.320	1	49
449.491	1	30
449.661	1	40
449.832	1	38
450.002	1	43
450.173	1	49
450.343	1	42
450.514	1	42
450.684	1	50
450.855	1	54
451.025	1	39
451.196	1	37
451.366	1	58
451.537	1	53
451.707	1	57
451.878	1	37
452.048	1	35
452.218	1	43
452.389	1	50
452.559	1	49
452.730	1	40
452.900	1	46
453.071	1	53
453.241	1	51
453.412	1	39
453.582	1	50
453.753	1	47
453.923	1	33
454.093	1	36
454.264	1	52
454.434	1	34
454.605	1	37
454.775	1	51
454.946	1	45
455.116	1	39
455.287	1	26
455.457	1	47
455.628	1	37
455.798	1	44
455.968	1	35
456.139	1	43
456.309	1	37
456.480	1	40
456.650	1	39
456.821	1	28
456.991	1	44
457.161	1	47
457.332	1	38
457.502	1	33
457.673	1	40
457.843	1	41
458.014	1	36
458.184	1	47
458.355	1	44
458.525	1	45
458.695	1	36
458.866	1	28
459.036	1	34
459.207	1	45
459.377	1	39
459.548	1	46
459.718	1	33
459.888	1	37
460.059	1	30
460.229	1	35
460.400	1	40
460.570	1	24
460.740	1	41
460.911	1	28
461.081	1	35
461.252	1	39
461.422	1	37
461.593	1	36
461.763	1	47
461.933	1	34
462.104	1	25
462.274	1	23
462.445	1	28
462.615	1	47
462.785	1	51
462.956	1	27
463.126	1	36
463.297	1	40
463.467	1	43
463.638	1	49
463.808	1	38
463.978	1	32
464.149	1	31
464.319	1	41
464.490	1	34
464.660	1	29
464.830	1	30
465.001	1	39
465.171	1	28
465.342	1	29
465.512	1	39
465.682	1	26
465.853	1	35
466.023	1	40
466.194	1	39
466.364	1	40
466.534	1	25
466.705	1	45
466.875	1	22
467.045	1	21
467.216	1	35
467.386	1	34
467.557	1	51
467.727	1	30
467.897	1	28
468.068	1	24
468.238	1	28
468.409	1	35
468.579	1	33
468.749	1	31
468.920	1	23
469.090	1	31
469.260	1	25
469.431	1	24
469.601	1	37
469.772	1	46
469.942	1	36
470.112	1	19
470.283	1	33
470.453	1	34
470.623	1	40
470.794	1	22
470.964	1	28
471.135	1	43
471.305	1	27
471.475	1	27
471.646	1	33
471.816	1	30
471.986	1	31
472.157	1	33
472.327	1	47
472.497	1	32
472.668	1	42
472.838	1	19
473.009	1	39
473.179	1	24
473.349	1	16
473.520	1	37
473.690	1	33
473.860	1	15
474.031	1	25
474.201	1	28
474.371	1	34
474.542	1	24
474.712	1	27
474.882	1	31
475.053	1	39
475.223	1	19
475.394	1	27
475.564	1	32
475.734	1	19
475.905	1	25
476.075	1	47
476.245	1	35
476.416	1	20
476.586	1	20
476.756	1	36
476.927	1	41
477.097	1	14
477.267	1	31
477.438	1	33
477.608	1	27
477.778	1	31
477.949	1	27
478.119	1	25
478.289	1	24
478.460	1	30
478.630	1	21
478.800	1	21
478.971	1	22
479.141	1	35
479.311	1	25
479.482	1	7
479.652	1	36
479.822	1	22
479.993	1	20
480.163	1	25
480.333	1	33
480.504	1	18
480.674	1	36
480.844	1	25
481.015	1	34
481.185	1	33
481.355	1	29
481.525	1	9
481.696	1	28
481.866	1	27
482.036	1	18
482.207	1	26
482.377	1	21
482.547	1	26
482.718	1	27
482.888	1	38
483.058	1	25
483.229	1	30
483.399	1	32
483.569	1	14
483.740	1	22
483.910	1	28
484.080	1	16
484.250	1	18
484.421	1	23
484.591	1	14
484.761	1	33
484.932	1	25
485.102	1	26
485.272	1	17
485.443	1	30
485.613	1	18
485.783	1	29
485.953	1	24
486.124	1	14
486.294	1	33
486.464	1	27
486.635	1	12
486.805	1	24
486.975	1	20
487.146	1	17
487.316	1	22
487.486	1	33
487.656	1	24
487.827	1	9
487.997	1	26
488.167	1	20
488.338	1	21
488.508	1	32
488.678	1	17
488.848	1	11
489.019	1	26
489.189	1	24
489.359	1	18
489.529	1	29
489.700	1	18
489.870	1	24
490.040	1	10
490.211	1	11
490.381	1	19
490.551	1	24
490.721	1	14
490.892	1	6
491.062	1	21
491.232	1	24
491.402	1	17
491.573	1	33
491.743	1	17
491.913	1	19
492.084	1	26
492.254	1	24
492.424	1	13
492.594	1	24
492.765	1	29
492.935	1	25
493.105	1	26
493.275	1	16
493.446	1	15
493.616	1	20
493.786	1	27
493.956	1	7
494.127	1	23
494.297	1	-2
494.467	1	18
494.637	1	28
494.808	1	26
494.978	1	16
495.148	1	21
495.318	1	16
495.489	1	7
495.659	1	18
495.829	1	12
495.999	1	20
496.170	1	18
496.340	1	21
496.510	1	26
496.680	1	23
496.851	1	26
497.021	1	10
497.191	1	17
497.361	1	5
497.532	1	18
497.702	1	15
497.872	1	15
498.042	1	14
498.213	1	9
498.383	1	15
498.553	1	21
498.723	1	13
498.894	1	16
499.064	1	17
499.234	1	12
499.404	1	16
499.574	1	15
499.745	1	17
499.915	1	17
500.085	1	13
500.255	1	7
500.426	1	14
500.596	1	11
500.766	1	6
500.936	1	17
501.106	1	14
501.277	1	3
501.447	1	11
501.617	1	15
501.787	1	10
501.958	1	16
502.128	1	15
502.298	1	16
502.468	1	12
502.638	1	19
502.809	1	1
502.979	1	14
503.149	1	18
503.319	1	18
503.489	1	-1
503.660	1	6
503.830	1	13
504.000	1	17
504.170	1	16
504.340	1	12
504.511	1	7
504.681	1	13
504.851	1	13
505.021	1	17
505.192	1	0
505.362	1	6
505.532	1	1
505.702	1	23
505.872	1	5
506.043	1	20
506.213	1	18
506.383	1	9
506.553	1	11
506.723	1	9
506.893	1	18
507.064	1	17
507.234	1	9
507.404	1	14
507.574	1	2
507.744	1	12
507.915	1	13
508.085	1	7
508.255	1	15
508.425	1	13
508.595	1	9
508.766	1	10
508.936	1	15
509.106	1	14
509.276	1	9
509.446	1	6
509.616	1	11
509.787	1	16
509.957	1	19
510.127	1	2
510.297	1	9
510.467	1	17
510.638	1	15
510.808	1	18
510.978	1	2
511.148	1	12
511.318	1	20
511.488	1	13
511.659	1	18
511.829	1	13
511.999	1	17
512.169	1	11
512.339	1	18
512.509	1	4
512.680	1	14
512.850	1	10
513.020	1	15
513.190	1	0
513.360	1	19
513.530	1	10
513.700	1	12
513.871	1	10
514.041	1	15
514.211	1	14
514.381	1	16
514.551	1	9
514.721	1	12
514.892	1	0
515.062	1	15
515.232	1	9
515.402	1	15
515.572	1	14
515.742	1	22
515.912	1	13
516.083	1	10
516.253	1	16
516.423	1	10
516.593	1	1
516.763	1	14
516.933	1	13
517.104	1	22
517.274	1	3
517.444	1	7
517.614	1	11
517.784	1	15
517.954	1	-8
518.124	1	19
518.294	1	16
518.465	1	8
518.635	1	12
518.805	1	6
518.975	1	14
519.145	1	12
519.315	1	15
519.485	1	-1
519.656	1	4
519.826	1	0
519.996	1	11
520.166	1	4
520.336	1	13
520.506	1	16
520.676	1	3
520.846	1	10
521.017	1	11
521.187	1	18
521.357	1	2
521.527	1	3
521.697	1	3
521.867	1	12
522.037	1	4
522.207	1	12
522.377	1	18
522.548	1	6
522.718	1	5
522.888	1	13
523.058	1	9
523.228	1	2
523.398	1	3
523.568	1	2
523.738	1	12
523.909	1	3
524.079	1	8
524.249	1	1
524.419	1	13
524.589	1	11
524.759	1	10
524.929	1	14
525.099	1	5
525.269	1	14
525.439	1	6
525.610	1	21
525.780	1	9
525.950	1	15
526.120	1	-2
526.290	1	2
526.460	1	5
526.630	1	5
526.800	1	8
526.970	1	17
527.140	1	7
527.311	1	10
527.481	1	13
527.651	1	17
527.821	1	8
527.991	1	6
528.161	1	3
528.331	1	8
528.501	1	7
528.671	1	6
528.841	1	11
529.011	1	18
529.181	1	2
529.352	1	12
529.522	1	6
529.692	1	7
529.862	1	6
530.032	1	-5
530.202	1	2
530.372	1	14
530.542	1	-4
530.712	1	11
530.882	1	13
531.052	1	11
531.222	1	13
531.392	1	6
531.563	1	17
531.733	1	2
531.903	1	11
532.073	1	5
532.243	1	12
532.413	1	12
532.583	1	10
532.753	1	-6
532.923	1	6
533.093	1	9
533.263	1	5
533.433	1	-1
533.603	1	5
533.773	1	12
533.943	1	8
534.113	1	11
534.284	1	11
534.454	1	14
534.624	1	5
534.794	1	1
534.964	1	4
535.134	1	3
535.304	1	-1
535.474	1	16
535.644	1	12
535.814	1	6
535.984	1	6
536.154	1	7
536.324	1	13
536.494	1	6
536.664	1	6
536.834	1	3
537.004	1	9
537.174	1	12
537.344	1	6
537.514	1	7
537.685	1	18
537.855	1	12
538.025	1	17
538.195	1	1
538.365	1	1
538.535	1	1
538.705	1	0
538.875	1	13
539.045	1	-3
539.215	1	-2
539.385	1	4
539.555	1	7
539.725	1	7
539.895	1	12
540.065	1	8
540.235	1	6
540.405	1	10
540.575	1	1
540.745	1	9
540.915	1	2
541.085	1	0
541.255	1	2
541.425	1	4
541.595	1	6
541.765	1	8
541.935	1	1
542.105	1	3
542.275	1	9
542.445	1	9
542.615	1	10
542.785	1	8
542.955	1	18
543.125	1	3
543.295	1	17
543.465	1	16
543.635	1	-4
543.805	1	4
543.975	1	4
544.145	1	4
544.315	1	0
544.485	1	2
544.655	1	10
544.825	1	4
544.995	1	7
545.165	1	11
545.335	1	16
545.505	1	9
545.675	1	14
545.845	1	14
546.015	1	1
546.185	1	6
546.355	1	5
546.525	1	10
546.695	1	8
546.865	1	3
547.035	1	5
547.205	1	14
547.375	1	8
547.545	1	2
547.715	1	2
547.885	1	2
548.055	1	-3
548.225	1	18
548.395	1	1
548.565	1	14
548.735	1	0
548.905	1	16
549.075	1	7
549.245	1	6
549.415	1	16
549.585	1	-1
549.755	1	10
549.925	1	2
550.095	1	5
550.265	1	0
550.435	1	6
550.605	1	12
550.775	1	5
550.945	1	16
551.115	1	15
551.285	1	6
551.455	1	5
551.625	1	-6
551.795	1	2
551.965	1	-4
552.135	1	0
552.305	1	10
552.475	1	18
552.645	1	-3
552.815	1	4
552.985	1	0
553.155	1	1
553.325	1	-6
553.495	1	2
553.665	1	4
553.835	1	5
554.004	1	8
554.174	1	3
554.344	1	10
554.514	1	5
554.684	1	20
554.854	1	-9
555.024	1	12
555.194	1	-1
555.364	1	-6
555.534	1	-1
555.704	1	11
555.874	1	1
556.044	1	5
556.214	1	5
556.384	1	8
556.554	1	7
556.724	1	5
556.894	1	2
557.064	1	-3
557.234	1	8
557.404	1	2
557.573	1	10
557.743	1	3
557.913	1	-3
558.083	1	3
558.253	1	8
558.423	1	5
558.593	1	9
558.763	1	-1
558.933	1	-1
559.103	1	-3
559.273	1	6
559.443	1	10
559.613	1	3
559.783	1	11
559.953	1	-10
560.122	1	10
560.292	1	-5
560.462	1	-9
560.632	1	1
560.802	1	0
560.972	1	-2
561.142	1	9
561.312	1	4
561.482	1	11
561.652	1	10
561.822	1	3
561.992	1	7
562.162	1	3
562.331	1	-8
562.501	1	5
562.671	1	0
562.841	1	-14
563.011	1	8
563.181	1	3
563.351	1	4
563.521	1	-1
563.691	1	7
563.861	1	15
564.031	1	1
564.201	1	11
564.370	1	11
564.540	1	3
564.710	1	3
564.880	1	-3
565.050	1	7
565.220	1	5
565.390	1	5
565.560	1	1
565.730	1	10
565.900	1	12
566.069	1	19
566.239	1	12
566.409	1	9
566.579	1	6
566.749	1	8
566.919	1	-10
567.089	1	0
567.259	1	5
567.429	1	2
567.599	1	13
567.768	1	4
567.938	1	13
568.108	1	8
568.278	1	6
568.448	1	3
568.618	1	2
568.788	1	7
568.958	1	1
569.128	1	-8
569.297	1	-4
569.467	1	13
569.637	1	1
569.807	1	8
569.977	1	-3
570.147	1	0
570.317	1	-2
570.487	1	-2
570.656	1	11
570.826	1	2
570.996	1	20
571.166	1	3
571.336	1	-1
571.506	1	0
571.676	1	9
571.846	1	2
572.015	1	6
572.185	1	-4
572.355	1	-3
572.525	1	2
572.695	1	7
572.865	1	14
573.035	1	11
573.205	1	0
573.374	1	5
573.544	1	-1
573.714	1	0
573.884	1	-1
574.054	1	6
574.224	1	8
574.394	1	-1
574.563	1	-1
574.733	1	6
574.903	1	10
575.073	1	9
575.243	1	-5
575.413	1	1
575.583	1	-3
575.752	1	0
575.922	1	3
576.092	1	-6
576.262	1	6
576.432	1	5
576.602	1	14
576.772	1	7
576.941	1	-3
577.111	1	1
577.281	1	-1
577.451	1	16
577.621	1	7
577.791	1	7
577.960	1	-5
578.130	1	10
578.300	1	2
578.470	1	2
578.640	1	0
578.810	1	3
578.979	1	9
579.149	1	-5
579.319	1	-1
579.489	1	7
579.659	1	7
579.829	1	2
579.998	1	-10
580.168	1	7
580.338	1	9
580.508	1	7
580.678	1	10
580.848	1	5
581.017	1	-1
581.187	1	7
581.357	1	8
581.527	1	3
581.697	1	2
581.867	1	-7
582.036	1	-9
582.206	1	2
582.376	1	-1
582.546	1	2
582.716	1	12
582.885	1	1
583.055	1	-2
583.225	1	4
583.395	1	2
583.565	1	16
583.735	1	7
583.904	1	1
584.074	1	11
584.244	1	-2
584.414	1	2
584.584	1	11
584.753	1	6
584.923	1	-2
585.093	1	18
585.263	1	7
585.433	1	-6
585.602	1	4
585.772	1	18
585.942	1	0
586.112	1	0
586.282	1	6
586.451	1	12
586.621	1	1
586.791	1	-4
586.961	1	5
587.131	1	-8
587.300	1	11
587.470	1	3
587.640	1	4
587.810	1	-11
587.980	1	6
588.149	1	4
588.319	1	14
588.489	1	13
588.659	1	1
588.829	1	2
588.998	1	5
589.168	1	6
589.338	1	-1
589.508	1	3
589.677	1	4
589.847	1	10
590.017	1	-4
590.187	1	6
590.357	1	-2
590.526	1	-6
590.696	1	4
590.866	1	-2
591.036	1	13
591.205	1	4
591.375	1	5
591.545	1	-5
591.715	1	4
591.885	1	16
592.054	1	5
592.224	1	3
592.394	1	-8
592.564	1	8
592.733	1	4
592.903	1	6
593.073	1	2
593.243	1	13
593.412	1	-1
593.582	1	7
593.752	1	-1
593.922	1	9
594.091	1	8
594.261	1	-2
594.431	1	12
594.601	1	-1
594.771	1	-5
594.940	1	0
595.110	1	7
595.280	1	1
595.450	1	8
595.619	1	1
595.789	1	2
595.959	1	-4
596.129	1	4
596.298	1	14
596.468	1	2
596.638	1	1
596.808	1	-11
596.977	1	-2
597.147	1	-1
597.317	1	0
597.487	1	12
597.656	1	5
597.826	1	6
597.996	1	5
598.166	1	10
598.335	1	-3
598.505	1	14
598.675	1	6
598.844	1	11
599.014	1	-12
599.184	1	4
599.354	1	16
599.523	1	0
599.693	1	8
599.863	1	6
600.033	1	3
600.202	1	8
600.372	1	-9
600.542	1	7
600.712	1	5
600.881	1	2
601.051	1	8
601.221	1	5
601.390	1	3
601.560	1	5
601.730	1	1
601.900	1	12
602.069	1	4
602.239	1	7
602.409	1	-3
602.578	1	16
602.748	1	11
602.918	1	-1
603.088	1	1
603.257	1	-10
603.427	1	4
603.597	1	2
603.767	1	6
603.936	1	13
604.106	1	10
604.276	1	1
604.445	1	6
604.615	1	0
604.785	1	7
604.954	1	1
605.124	1	10
605.294	1	5
605.464	1	-6
605.633	1	10
605.803	1	9
605.973	1	-2
606.142	1	13
606.312	1	5
606.482	1	-2
606.652	1	1
606.821	1	2
606.991	1	11
607.161	1	8
607.330	1	2
607.500	1	6
607.670	1	5
607.839	1	1
608.009	1	-3
608.179	1	14
608.348	1	14
608.518	1	11
608.688	1	0
608.858	1	2
609.027	1	8
609.197	1	11
609.367	1	1
609.536	1	0
609.706	1	11
609.876	1	9
610.045	1	1
610.215	1	0
610.385	1	5
610.554	1	2
610.724	1	4
610.894	1	6
611.063	1	5
611.233	1	3
611.403	1	6
611.572	1	3
611.742	1	0
611.912	1	7
612.081	1	8
612.251	1	11
612.421	1	-1
612.590	1	11
612.760	1	4
612.930	1	6
613.099	1	7
613.269	1	1
613.439	1	2
613.608	1	12
613.778	1	18
613.948	1	22
614.117	1	0
614.287	1	3
614.457	1	6
614.626	1	-9
614.796	1	-2
614.966	1	5
615.135	1	14
615.305	1	3
615.475	1	4
615.644	1	14
615.814	1	22
615.984	1	-1
616.153	1	-4
616.323	1	13
616.493	1	3
616.662	1	3
616.832	1	4
617.002	1	-2
617.171	1	5
617.341	1	18
617.511	1	-3
617.680	1	-3
617.850	1	0
618.019	1	-5
618.189	1	11
618.359	1	1
618.528	1	4
618.698	1	15
618.868	1	-3
619.037	1	4
619.207	1	11
619.377	1	14
619.546	1	16
619.716	1	-3
619.885	1	0
620.055	1	-1
620.225	1	10
620.394	1	17
620.564	1	2
620.734	1	6
620.903	1	-6
621.073	1	18
621.242	1	5
621.412	1	-1
621.582	1	9
621.751	1	2
621.921	1	13
622.091	1	9
622.260	1	8
622.430	1	7
622.599	1	4
622.769	1	-1
622.939	1	0
623.108	1	0
623.278	1	5
623.448	1	10
623.617	1	7
623.787	1	9
623.956	1	-1
624.126	1	6
624.296	1	18
624.465	1	13
624.635	1	7
624.804	1	1
624.974	1	0
625.144	1	0
625.313	1	26
625.483	1	6
625.652	1	10
625.822	1	10
625.992	1	1
626.161	1	3
626.331	1	10
626.501	1	7
626.670	1	5
626.840	1	8
627.009	1	-4
627.179	1	14
627.348	1	7
627.518	1	21
627.688	1	2
627.857	1	13
628.027	1	10
628.196	1	9
628.366	1	-1
628.536	1	0
628.705	1	0
628.875	1	0
629.044	1	-8
629.214	1	8
629.384	1	15
629.553	1	7
629.723	1	5
629.892	1	3
630.062	1	8
630.232	1	15
630.401	1	12
630.571	1	-3
630.740	1	2
630.910	1	11
631.079	1	12
631.249	1	1
631.419	1	1
631.588	1	12
631.758	1	3
631.927	1	19
632.097	1	7
632.266	1	6
632.436	1	0
632.606	1	2
632.775	1	10
632.945	1	16
633.114	1	-8
633.284	1	5
633.453	1	3
633.623	1	21
633.793	1	3
633.962	1	13
634.132	1	6
634.301	1	11
634.471	1	14
634.640	1	8
634.810	1	8
634.979	1	3
635.149	1	0
635.319	1	8
635.488	1	0
635.658	1	9
635.827	1	3
635.997	1	4
636.166	1	9
636.336	1	5
636.505	1	16
636.675	1	9
636.845	1	-1
637.014	1	-2
637.184	1	3
637.353	1	6
637.523	1	-5
637.692	1	6
637.862	1	1
638.031	1	2
638.201	1	14
638.370	1	7
638.540	1	-4
638.710	1	-2
638.879	1	-2
639.049	1	3
639.218	1	9
639.388	1	5
639.557	1	15
639.727	1	12
639.896	1	4
640.066	1	11
640.235	1	1
640.405	1	4
640.574	1	11
640.744	1	-3
640.914	1	2
641.083	1	8
641.253	1	4
641.422	1	0
641.592	1	11
641.761	1	8
641.931	1	17
642.100	1	8
642.270	1	-3
642.439	1	11
642.609	1	18
642.778	1	5
642.948	1	14
643.117	1	5
643.287	1	4
643.456	1	4
643.626	1	4
643.795	1	-1
643.965	1	7
644.134	1	8
644.304	1	4
644.473	1	0
644.643	1	10
644.812	1	-4
644.982	1	9
645.151	1	3
645.321	1	10
645.490	1	18
645.660	1	-4
645.829	1	3
645.999	1	1
646.168	1	26
646.338	1	0
646.507	1	4
646.677	1	7
646.846	1	2
647.016	1	8
647.185	1	12
647.355	1	19
647.524	1	0
647.694	1	3
647.863	1	2
648.033	1	9
648.202	1	12
648.372	1	-12
648.541	1	19
648.711	1	12
648.880	1	8
649.050	1	15
649.219	1	6
649.389	1	-4
649.558	1	13
649.728	1	6
649.897	1	24
650.067	1	16
650.236	1	-4
650.406	1	-3
650.575	1	8
650.745	1	12
650.914	1	9
651.084	1	5
651.253	1	3
651.423	1	-1
651.592	1	8
651.762	1	4
651.931	1	12
652.101	1	8
652.270	1	6
652.440	1	14
652.609	1	19
652.778	1	17
652.948	1	4
653.117	1	5
653.287	1	-1
653.456	1	6
653.626	1	8
653.795	1	16
653.965	1	9
654.134	1	7
654.304	1	11
654.473	1	1
654.643	1	10
654.812	1	16
654.982	1	4
655.151	1	13
655.320	1	7
655.490	1	-1
655.659	1	12
655.829	1	10
655.998	1	16
656.168	1	9
656.337	1	11
656.507	1	2
656.676	1	6
656.846	1	7
657.015	1	16
657.184	1	6
657.354	1	2
657.523	1	11
657.693	1	16
657.862	1	8
658.032	1	1
658.201	1	6
658.371	1	7
658.540	1	-4
658.709	1	13
658.879	1	16
659.048	1	8
659.218	1	4
659.387	1	11
659.557	1	9
659.726	1	14
659.895	1	7
660.065	1	7
660.234	1	10
660.404	1	5
660.573	1	-1
660.743	1	6
660.912	1	10
661.081	1	2
661.251	1	6
661.420	1	14
661.590	1	10
661.759	1	17
661.929	1	4
662.098	1	14
662.267	1	4
662.437	1	6
662.606	1	4
662.776	1	17
662.945	1	21
663.115	1	19
663.284	1	19
663.453	1	16
663.623	1	1
663.792	1	12
663.962	1	16
664.131	1	1
664.300	1	1
664.470	1	6
664.639	1	10
664.809	1	14
664.978	1	21
665.148	1	14
665.317	1	7
665.486	1	5
665.656	1	10
665.825	1	7
665.995	1	-4
666.164	1	10
666.333	1	8
666.503	1	-3
666.672	1	12
666.842	1	10
667.011	1	12
667.180	1	10
667.350	1	8
667.519	1	16
667.689	1	4
667.858	1	13
668.027	1	9
668.197	1	-3
668.366	1	13
668.536	1	7
668.705	1	-6
668.874	1	20
669.044	1	2
669.213	1	13
669.382	1	13
669.552	1	13
669.721	1	4
669.891	1	3
670.060	1	12
670.229	1	11
670.399	1	12
670.568	1	13
670.738	1	6
670.907	1	20
671.076	1	3
671.246	1	18
671.415	1	15
671.584	1	12
671.754	1	-3
671.923	1	-1
672.093	1	15
672.262	1	-4
672.431	1	18
672.601	1	18
672.770	1	14
672.939	1	18
673.109	1	-1
673.278	1	3
673.448	1	5
673.617	1	9
673.786	1	2
