325.333	1	10
325.504	1	-4
325.675	1	11
325.846	1	3
326.017	1	7
326.188	1	8
326.359	1	5
326.531	1	1
326.702	1	5
326.873	1	14
327.044	1	11
327.215	1	4
327.386	1	7
327.557	1	-3
327.728	1	-6
327.899	1	5
328.070	1	12
328.241	1	0
328.412	1	2
328.583	1	10
328.754	1	2
328.926	1	9
329.097	1	6
329.268	1	12
329.439	1	13
329.610	1	10
329.781	1	5
329.952	1	8
330.123	1	5
330.294	1	0
330.465	1	-1
330.636	1	14
330.807	1	-1
330.978	1	5
331.149	1	5
331.320	1	5
331.492	1	8
331.663	1	7
331.834	1	8
332.005	1	1
332.176	1	2
332.347	1	-1
332.518	1	9
332.689	1	10
332.860	1	5
333.031	1	1
333.202	1	6
333.373	1	12
333.544	1	7
333.715	1	16
333.886	1	-1
334.057	1	-3
334.228	1	7
334.399	1	12
334.570	1	5
334.741	1	12
334.912	1	1
335.084	1	7
335.255	1	11
335.426	1	6
335.597	1	4
335.768	1	8
335.939	1	0
336.110	1	10
336.281	1	11
336.452	1	18
336.623	1	7
336.794	1	5
336.965	1	4
337.136	1	14
337.307	1	3
337.478	1	6
337.649	1	4
337.820	1	10
337.991	1	13
338.162	1	3
338.333	1	5
338.504	1	13
338.675	1	3
338.846	1	-2
339.017	1	4
339.188	1	0
339.359	1	6
339.530	1	8
339.701	1	7
339.872	1	10
340.043	1	18
340.214	1	19
340.385	1	-5
340.556	1	14
340.727	1	3
340.898	1	7
341.069	1	4
341.240	1	4
341.411	1	14
341.582	1	-2
341.753	1	3
341.924	1	15
342.095	1	4
342.266	1	3
342.437	1	7
342.608	1	10
342.779	1	2
342.950	1	7
343.121	1	18
343.292	1	6
343.463	1	19
343.634	1	12
343.805	1	2
343.976	1	24
344.147	1	4
344.318	1	4
344.489	1	-4
344.660	1	8
344.831	1	14
345.002	1	11
345.173	1	2
345.344	1	3
345.515	1	6
345.686	1	9
345.857	1	16
346.028	1	1
346.199	1	10
346.370	1	4
346.541	1	8
346.712	1	7
346.883	1	2
347.054	1	15
347.225	1	6
347.396	1	3
347.567	1	1
347.738	1	10
347.909	1	12
348.080	1	7
348.251	1	10
348.422	1	13
348.593	1	15
348.764	1	4
348.935	1	18
349.106	1	3
349.277	1	9
349.448	1	7
349.619	1	11
349.790	1	27
349.961	1	6
350.132	1	18
350.303	1	22
350.474	1	8
350.645	1	12
350.816	1	12
350.987	1	32
351.157	1	11
351.328	1	13
351.499	1	19
351.670	1	11
351.841	1	9
352.012	1	10
352.183	1	19
352.354	1	8
352.525	1	19
352.696	1	13
352.867	1	23
353.038	1	12
353.209	1	15
353.380	1	13
353.551	1	21
353.722	1	21
353.893	1	16
354.064	1	16
354.235	1	1
354.406	1	6
354.576	1	16
354.747	1	11
354.918	1	7
355.089	1	18
355.260	1	11
355.431	1	13
355.602	1	11
355.773	1	8
355.944	1	20
356.115	1	26
356.286	1	21
356.457	1	12
356.628	1	9
356.799	1	15
356.970	1	21
357.141	1	9
357.311	1	23
357.482	1	-2
357.653	1	4
357.824	1	18
357.995	1	13
358.166	1	9
358.337	1	10
358.508	1	26
358.679	1	7
358.850	1	18
359.021	1	17
359.192	1	24
359.363	1	24
359.533	1	10
359.704	1	6
359.875	1	7
360.046	1	13
360.217	1	22
360.388	1	23
360.559	1	25
360.730	1	9
360.901	1	23
361.072	1	15
361.243	1	16
361.414	1	21
361.584	1	5
361.755	1	17
361.926	1	20
362.097	1	12
362.268	1	24
362.439	1	7
362.610	1	23
362.781	1	11
362.952	1	19
363.123	1	10
363.293	1	10
363.464	1	4
363.635	1	14
363.806	1	20
363.977	1	18
364.148	1	10
364.319	1	0
364.490	1	22
364.661	1	18
364.832	1	12
365.002	1	21
365.173	1	21
365.344	1	22
365.515	1	21
365.686	1	17
365.857	1	21
366.028	1	8
366.199	1	16
366.370	1	13
366.540	1	14
366.711	1	11
366.882	1	26
367.053	1	24
367.224	1	14
367.395	1	27
367.566	1	14
367.737	1	17
367.908	1	24
368.078	1	8
368.249	1	15
368.420	1	6
368.591	1	15
368.762	1	29
368.933	1	21
369.104	1	22
369.274	1	37
369.445	1	28
369.616	1	14
369.787	1	15
369.958	1	15
370.129	1	22
370.300	1	20
370.471	1	15
370.641	1	24
370.812	1	24
370.983	1	8
371.154	1	30
371.325	1	11
371.496	1	17
371.667	1	33
371.837	1	17
372.008	1	5
372.179	1	15
372.350	1	20
372.521	1	22
372.692	1	17
372.863	1	12
373.033	1	18
373.204	1	12
373.375	1	22
373.546	1	18
373.717	1	14
373.888	1	20
374.059	1	8
374.229	1	19
374.400	1	20
374.571	1	13
374.742	1	15
374.913	1	9
375.084	1	11
375.254	1	12
375.425	1	22
375.596	1	21
375.767	1	11
375.938	1	4
376.109	1	12
376.279	1	23
376.450	1	19
376.621	1	30
376.792	1	31
376.963	1	12
377.134	1	21
377.304	1	21
377.475	1	9
377.646	1	11
377.817	1	26
377.988	1	15
378.159	1	24
378.329	1	12
378.500	1	26
378.671	1	27
378.842	1	17
379.013	1	20
379.184	1	27
379.354	1	22
379.525	1	19
379.696	1	25
379.867	1	26
380.038	1	15
380.209	1	31
380.379	1	30
380.550	1	8
380.721	1	23
380.892	1	24
381.063	1	19
381.233	1	27
381.404	1	24
381.575	1	10
381.746	1	27
381.917	1	25
382.087	1	19
382.258	1	14
382.429	1	29
382.600	1	7
382.771	1	15
382.941	1	28
383.112	1	30
383.283	1	22
383.454	1	9
383.625	1	23
383.795	1	21
383.966	1	22
384.137	1	29
384.308	1	17
384.479	1	31
384.649	1	12
384.820	1	28
384.991	1	27
385.162	1	25
385.333	1	35
385.503	1	20
385.674	1	20
385.845	1	26
386.016	1	25
386.187	1	12
386.357	1	31
386.528	1	17
386.699	1	24
386.870	1	25
387.041	1	16
387.211	1	23
387.382	1	39
387.553	1	29
387.724	1	28
387.894	1	17
388.065	1	27
388.236	1	18
388.407	1	23
388.578	1	25
388.748	1	17
388.919	1	15
389.090	1	41
389.261	1	32
389.431	1	14
389.602	1	21
389.773	1	26
389.944	1	28
390.114	1	33
390.285	1	34
390.456	1	28
390.627	1	16
390.798	1	25
390.968	1	35
391.139	1	30
391.310	1	35
391.481	1	27
391.651	1	34
391.822	1	28
391.993	1	24
392.164	1	32
392.334	1	24
392.505	1	34
392.676	1	17
392.847	1	22
393.017	1	25
393.188	1	30
393.359	1	39
393.530	1	43
393.700	1	28
393.871	1	27
394.042	1	22
394.213	1	25
394.383	1	22
394.554	1	30
394.725	1	14
394.896	1	39
395.066	1	25
395.237	1	21
395.408	1	42
395.579	1	32
395.749	1	30
395.920	1	32
396.091	1	34
396.262	1	20
396.432	1	25
396.603	1	31
396.774	1	31
396.945	1	29
397.115	1	31
397.286	1	31
397.457	1	39
397.627	1	26
397.798	1	25
397.969	1	34
398.140	1	20
398.310	1	23
398.481	1	22
398.652	1	25
398.823	1	21
398.993	1	37
399.164	1	31
399.335	1	22
399.505	1	17
399.676	1	24
399.847	1	27
400.018	1	23
400.188	1	26
400.359	1	36
400.530	1	31
400.700	1	27
400.871	1	31
401.042	1	27
401.213	1	36
401.383	1	31
401.554	1	25
401.725	1	21
401.895	1	20
402.066	1	28
402.237	1	37
402.408	1	30
402.578	1	35
402.749	1	22
402.920	1	30
403.090	1	21
403.261	1	32
403.432	1	35
403.603	1	26
403.773	1	39
403.944	1	32
404.115	1	31
404.285	1	32
404.456	1	42
404.627	1	37
404.797	1	29
404.968	1	30
405.139	1	26
405.310	1	31
405.480	1	37
405.651	1	37
405.822	1	31
405.992	1	34
406.163	1	32
406.334	1	31
406.504	1	29
406.675	1	21
406.846	1	23
407.016	1	30
407.187	1	33
407.358	1	9
407.528	1	41
407.699	1	39
407.870	1	32
408.041	1	28
408.211	1	40
408.382	1	44
408.553	1	31
408.723	1	35
408.894	1	29
409.065	1	34
409.235	1	44
409.406	1	28
409.577	1	33
409.747	1	37
409.918	1	40
410.089	1	38
410.259	1	28
410.430	1	33
410.601	1	38
410.771	1	30
410.942	1	36
411.113	1	41
411.283	1	36
411.454	1	38
411.625	1	37
411.795	1	38
411.966	1	31
412.137	1	42
412.307	1	28
412.478	1	28
412.649	1	27
412.819	1	34
412.990	1	34
413.161	1	37
413.331	1	28
413.502	1	26
413.672	1	27
413.843	1	24
414.014	1	29
414.184	1	35
414.355	1	33
414.526	1	28
414.696	1	27
414.867	1	20
415.038	1	30
415.208	1	19
415.379	1	23
415.550	1	27
415.720	1	30
415.891	1	32
416.062	1	35
416.232	1	26
416.403	1	28
416.573	1	23
416.744	1	31
416.915	1	41
417.085	1	39
417.256	1	30
417.427	1	22
417.597	1	26
417.768	1	24
417.939	1	17
418.109	1	30
418.280	1	31
418.450	1	40
418.621	1	31
418.792	1	33
418.962	1	27
419.133	1	28
419.304	1	24
419.474	1	37
419.645	1	25
419.815	1	33
419.986	1	38
420.157	1	40
420.327	1	19
420.498	1	25
420.669	1	31
420.839	1	29
421.010	1	34
421.180	1	19
421.351	1	37
421.522	1	29
421.692	1	38
421.863	1	26
422.033	1	28
422.204	1	37
422.375	1	35
422.545	1	36
422.716	1	18
422.886	1	38
423.057	1	32
423.228	1	21
423.398	1	26
423.569	1	30
423.740	1	24
423.910	1	41
424.081	1	41
424.251	1	38
424.422	1	26
424.593	1	31
424.763	1	37
424.934	1	34
425.104	1	40
425.275	1	26
425.445	1	28
425.616	1	29
425.787	1	24
425.957	1	22
426.128	1	33
426.298	1	34
426.469	1	22
426.640	1	25
426.810	1	11
426.981	1	38
427.151	1	34
427.322	1	23
427.493	1	33
427.663	1	23
427.834	1	26
428.004	1	40
428.175	1	19
428.345	1	20
428.516	1	32
428.687	1	35
428.857	1	42
429.028	1	17
429.198	1	17
429.369	1	31
429.540	1	25
429.710	1	16
429.881	1	37
430.051	1	23
430.222	1	34
430.392	1	32
430.563	1	20
430.734	1	23
430.904	1	39
431.075	1	35
431.245	1	32
431.416	1	28
431.586	1	25
431.757	1	35
431.927	1	38
432.098	1	26
432.269	1	20
432.439	1	25
432.610	1	35
432.780	1	37
432.951	1	26
433.121	1	24
433.292	1	39
433.462	1	28
433.633	1	24
433.804	1	23
433.974	1	24
434.145	1	21
434.315	1	16
434.486	1	19
434.656	1	38
434.827	1	32
434.997	1	27
435.168	1	25
435.339	1	41
435.509	1	30
435.680	1	30
435.850	1	17
436.021	1	28
436.191	1	27
436.362	1	36
436.532	1	26
436.703	1	26
436.873	1	20
437.044	1	25
437.214	1	27
437.385	1	33
437.556	1	39
437.726	1	31
437.897	1	21
438.067	1	30
438.238	1	22
438.408	1	39
438.579	1	26
438.749	1	24
438.920	1	27
439.090	1	17
439.261	1	27
439.431	1	5
439.602	1	24
439.772	1	23
439.943	1	23
440.113	1	23
440.284	1	27
440.455	1	20
440.625	1	39
440.796	1	15
440.966	1	28
441.137	1	32
441.307	1	19
441.478	1	22
441.648	1	21
441.819	1	17
441.989	1	31
442.160	1	25
442.330	1	19
442.501	1	18
442.671	1	19
442.842	1	24
443.012	1	27
443.183	1	27
443.353	1	12
443.524	1	32
443.694	1	25
443.865	1	25
444.035	1	27
444.206	1	25
444.376	1	28
444.547	1	25
444.717	1	27
444.888	1	11
445.058	1	23
445.229	1	22
445.399	1	20
445.570	1	14
445.740	1	19
445.911	1	24
446.081	1	24
446.252	1	32
446.422	1	17
446.593	1	20
446.763	1	22
446.934	1	17
447.104	1	9
447.275	1	25
447.445	1	20
447.616	1	22
447.786	1	33
447.957	1	18
448.127	1	26
448.298	1	35
448.468	1	17
448.639	1	21
448.809	1	19
448.979	1	38
449.150	1	14
449.320	1	22
449.491	1	13
449.661	1	9
449.832	1	11
450.002	1	17
450.173	1	18
450.343	1	16
450.514	1	20
450.684	1	21
450.855	1	33
451.025	1	14
451.196	1	14
451.366	1	37
451.537	1	25
451.707	1	26
451.878	1	20
452.048	1	8
452.218	1	18
452.389	1	26
452.559	1	27
452.730	1	16
452.900	1	21
453.071	1	25
453.241	1	22
453.412	1	25
453.582	1	18
453.753	1	21
453.923	1	21
454.093	1	20
454.264	1	31
454.434	1	28
454.605	1	4
454.775	1	24
454.946	1	20
455.116	1	23
455.287	1	12
455.457	1	28
455.628	1	10
455.798	1	19
455.968	1	26
456.139	1	27
456.309	1	20
456.480	1	27
456.650	1	12
456.821	1	23
456.991	1	31
457.161	1	18
457.332	1	20
457.502	1	26
457.673	1	-2
457.843	1	11
458.014	1	26
458.184	1	15
458.355	1	21
458.525	1	21
458.695	1	11
458.866	1	4
459.036	1	29
459.207	1	24
459.377	1	16
459.548	1	27
459.718	1	10
459.888	1	16
460.059	1	26
460.229	1	6
460.400	1	17
460.570	1	12
460.740	1	21
460.911	1	7
461.081	1	21
461.252	1	8
461.422	1	18
461.593	1	25
461.763	1	23
461.933	1	10
462.104	1	11
462.274	1	8
462.445	1	10
462.615	1	25
462.785	1	15
462.956	1	14
463.126	1	16
463.297	1	25
463.467	1	25
463.638	1	31
463.808	1	20
463.978	1	4
464.149	1	13
464.319	1	10
464.490	1	13
464.660	1	16
464.830	1	18
465.001	1	10
465.171	1	21
465.342	1	14
465.512	1	26
465.682	1	19
465.853	1	13
466.023	1	24
466.194	1	22
466.364	1	28
466.534	1	2
466.705	1	24
466.875	1	3
467.045	1	14
467.216	1	17
467.386	1	6
467.557	1	15
467.727	1	15
467.897	1	15
468.068	1	-1
468.238	1	13
468.409	1	15
468.579	1	10
468.749	1	16
468.920	1	6
469.090	1	20
469.260	1	15
469.431	1	9
469.601	1	15
469.772	1	27
469.942	1	14
470.112	1	8
470.283	1	14
470.453	1	17
470.623	1	10
470.794	1	16
470.964	1	10
471.135	1	21
471.305	1	7
471.475	1	16
471.646	1	10
471.816	1	19
471.986	1	13
472.157	1	13
472.327	1	19
472.497	1	11
472.668	1	23
472.838	1	15
473.009	1	15
473.179	1	9
473.349	1	7
473.520	1	27
473.690	1	10
473.860	1	7
474.031	1	6
474.201	1	15
474.371	1	16
474.542	1	13
474.712	1	7
474.882	1	13
475.053	1	14
475.223	1	16
475.394	1	15
475.564	1	19
475.734	1	15
475.905	1	16
476.075	1	19
476.245	1	16
476.416	1	0
476.586	1	13
476.756	1	15
476.927	1	9
477.097	1	10
477.267	1	11
477.438	1	27
477.608	1	16
477.778	1	13
477.949	1	6
478.119	1	17
478.289	1	6
478.460	1	16
478.630	1	10
478.800	1	14
478.971	1	6
479.141	1	17
479.311	1	11
479.482	1	8
479.652	1	12
479.822	1	7
479.993	1	7
480.163	1	18
480.333	1	22
480.504	1	19
480.674	1	7
480.844	1	10
481.015	1	15
481.185	1	18
481.355	1	14
481.525	1	4
481.696	1	17
481.866	1	8
482.036	1	18
482.207	1	20
482.377	1	13
482.547	1	16
482.718	1	17
482.888	1	14
483.058	1	10
483.229	1	4
483.399	1	14
483.569	1	-1
483.740	1	12
483.910	1	8
484.080	1	11
484.250	1	4
484.421	1	-7
484.591	1	11
484.761	1	9
484.932	1	12
485.102	1	22
485.272	1	6
485.443	1	17
485.613	1	4
485.783	1	3
485.953	1	3
486.124	1	5
486.294	1	12
486.464	1	14
486.635	1	19
486.805	1	20
486.975	1	11
487.146	1	14
487.316	1	8
487.486	1	16
487.656	1	7
487.827	1	11
487.997	1	11
488.167	1	16
488.338	1	12
488.508	1	16
488.678	1	9
488.848	1	16
489.019	1	6
489.189	1	15
489.359	1	7
489.529	1	9
489.700	1	11
489.870	1	16
490.040	1	-4
490.211	1	5
490.381	1	7
490.551	1	15
490.721	1	14
490.892	1	1
491.062	1	6
491.232	1	5
491.402	1	10
491.573	1	26
491.743	1	10
491.913	1	12
492.084	1	18
492.254	1	0
492.424	1	10
492.594	1	1
492.765	1	11
492.935	1	20
493.105	1	10
493.275	1	13
493.446	1	1
493.616	1	-9
493.786	1	13
493.956	1	14
494.127	1	9
494.297	1	-1
494.467	1	6
494.637	1	14
494.808	1	9
494.978	1	11
495.148	1	10
495.318	1	6
495.489	1	3
495.659	1	9
495.829	1	8
495.999	1	18
496.170	1	11
496.340	1	0
496.510	1	17
496.680	1	12
496.851	1	16
497.021	1	8
497.191	1	13
497.361	1	2
497.532	1	8
497.702	1	9
497.872	1	11
498.042	1	9
498.213	1	0
498.383	1	7
498.553	1	13
498.723	1	5
498.894	1	13
499.064	1	9
499.234	1	0
499.404	1	8
499.574	1	15
499.745	1	4
499.915	1	16
500.085	1	-2
500.255	1	-5
500.426	1	0
500.596	1	0
500.766	1	2
500.936	1	-1
501.106	1	3
501.277	1	-7
501.447	1	10
501.617	1	14
501.787	1	2
501.958	1	15
502.128	1	8
502.298	1	16
502.468	1	7
502.638	1	15
502.809	1	6
502.979	1	2
503.149	1	6
503.319	1	13
503.489	1	1
503.660	1	2
503.830	1	10
504.000	1	1
504.170	1	-5
504.340	1	-4
504.511	1	9
504.681	1	3
504.851	1	7
505.021	1	-1
505.192	1	-4
505.362	1	8
505.532	1	1
505.702	1	16
505.872	1	5
506.043	1	20
506.213	1	17
506.383	1	9
506.553	1	5
506.723	1	-6
506.893	1	12
507.064	1	9
507.234	1	8
507.404	1	3
507.574	1	1
507.744	1	8
507.915	1	10
508.085	1	2
508.255	1	16
508.425	1	-9
508.595	1	1
508.766	1	-1
508.936	1	10
509.106	1	4
509.276	1	1
509.446	1	-3
509.616	1	6
509.787	1	15
509.957	1	12
510.127	1	0
510.297	1	-5
510.467	1	7
510.638	1	2
510.808	1	20
510.978	1	8
511.148	1	13
511.318	1	16
511.488	1	12
511.659	1	10
511.829	1	-2
511.999	1	13
512.169	1	16
512.339	1	10
512.509	1	5
512.680	1	8
512.850	1	3
513.020	1	3
513.190	1	1
513.360	1	7
513.530	1	4
513.700	1	5
513.871	1	4
514.041	1	6
514.211	1	0
514.381	1	19
514.551	1	4
514.721	1	10
514.892	1	4
515.062	1	5
515.232	1	1
515.402	1	8
515.572	1	9
515.742	1	12
515.912	1	5
516.083	1	6
516.253	1	11
516.423	1	5
516.593	1	6
516.763	1	7
516.933	1	9
517.104	1	3
517.274	1	0
517.444	1	2
517.614	1	0
517.784	1	-2
517.954	1	7
518.124	1	3
518.294	1	4
518.465	1	6
518.635	1	10
518.805	1	7
518.975	1	18
519.145	1	-1
519.315	1	9
519.485	1	-6
519.656	1	2
519.826	1	-10
519.996	1	5
520.166	1	2
520.336	1	3
520.506	1	-4
520.676	1	11
520.846	1	1
521.017	1	3
521.187	1	11
521.357	1	7
521.527	1	1
521.697	1	-2
521.867	1	6
522.037	1	4
522.207	1	9
522.377	1	10
522.548	1	-12
522.718	1	9
522.888	1	0
523.058	1	4
523.228	1	2
523.398	1	5
523.568	1	-4
523.738	1	-5
523.909	1	-1
524.079	1	2
524.249	1	6
524.419	1	7
524.589	1	10
524.759	1	8
524.929	1	5
525.099	1	9
525.269	1	6
525.439	1	-1
525.610	1	16
525.780	1	0
525.950	1	6
526.120	1	-9
526.290	1	-5
526.460	1	1
526.630	1	4
526.800	1	7
526.970	1	9
527.140	1	2
527.311	1	9
527.481	1	9
527.651	1	2
527.821	1	0
527.991	1	0
528.161	1	9
528.331	1	-5
528.501	1	-1
528.671	1	7
528.841	1	6
529.011	1	12
529.181	1	-2
529.352	1	2
529.522	1	4
529.692	1	9
529.862	1	2
530.032	1	-8
530.202	1	-1
530.372	1	5
530.542	1	6
530.712	1	-2
530.882	1	7
531.052	1	5
531.222	1	4
531.392	1	0
531.563	1	8
531.733	1	2
531.903	1	4
532.073	1	10
532.243	1	12
532.413	1	14
532.583	1	3
532.753	1	-4
532.923	1	5
533.093	1	-2
533.263	1	11
533.433	1	0
533.603	1	5
533.773	1	8
533.943	1	-2
534.113	1	6
534.284	1	11
534.454	1	5
534.624	1	4
534.794	1	2
534.964	1	-1
535.134	1	-5
535.304	1	3
535.474	1	1
535.644	1	7
535.814	1	6
535.984	1	5
536.154	1	5
536.324	1	-2
536.494	1	12
536.664	1	0
536.834	1	8
537.004	1	4
537.174	1	8
537.344	1	14
537.514	1	-2
537.685	1	5
537.855	1	6
538.025	1	14
538.195	1	-5
538.365	1	0
538.535	1	-5
538.705	1	-2
538.875	1	3
539.045	1	1
539.215	1	-3
539.385	1	0
539.555	1	3
539.725	1	-1
539.895	1	5
540.065	1	3
540.235	1	-1
540.405	1	4
540.575	1	0
540.745	1	8
540.915	1	3
541.085	1	-2
541.255	1	-2
541.425	1	1
541.595	1	3
541.765	1	5
541.935	1	3
542.105	1	3
542.275	1	-6
542.445	1	3
542.615	1	9
542.785	1	-2
542.955	1	10
543.125	1	-4
543.295	1	3
543.465	1	7
543.635	1	-10
543.805	1	7
543.975	1	-1
544.145	1	12
544.315	1	-1
544.485	1	1
544.655	1	10
544.825	1	6
544.995	1	5
545.165	1	1
545.335	1	7
545.505	1	-3
545.675	1	2
545.845	1	2
546.015	1	-1
546.185	1	12
546.355	1	3
546.525	1	10
546.695	1	0
546.865	1	2
547.035	1	13
547.205	1	3
547.375	1	2
547.545	1	-1
547.715	1	13
547.885	1	3
548.055	1	0
548.225	1	9
548.395	1	6
548.565	1	11
548.735	1	-2
548.905	1	9
549.075	1	1
549.245	1	4
549.415	1	3
549.585	1	5
549.755	1	3
549.925	1	9
550.095	1	-10
550.265	1	6
550.435	1	-5
550.605	1	3
550.775	1	-3
550.945	1	3
551.115	1	14
551.285	1	2
551.455	1	6
551.625	1	-4
551.795	1	2
551.965	1	-9
552.135	1	-9
552.305	1	7
552.475	1	8
552.645	1	0
552.815	1	4
552.985	1	1
553.155	1	2
553.325	1	-2
553.495	1	3
553.665	1	8
553.835	1	-2
554.004	1	1
554.174	1	2
554.344	1	13
554.514	1	-5
554.684	1	1
554.854	1	-5
555.024	1	5
555.194	1	1
555.364	1	-2
555.534	1	-2
555.704	1	-2
555.874	1	-4
556.044	1	3
556.214	1	8
556.384	1	13
556.554	1	7
556.724	1	5
556.894	1	9
557.064	1	-2
557.234	1	1
557.404	1	-1
557.573	1	7
557.743	1	0
557.913	1	3
558.083	1	0
558.253	1	3
558.423	1	-6
558.593	1	5
558.763	1	1
558.933	1	0
559.103	1	0
559.273	1	15
559.443	1	4
559.613	1	5
559.783	1	3
559.953	1	-7
560.122	1	-3
560.292	1	-16
560.462	1	-13
560.632	1	-3
560.802	1	10
560.972	1	-9
561.142	1	12
561.312	1	-4
561.482	1	6
561.652	1	7
561.822	1	-2
561.992	1	12
562.162	1	-1
562.331	1	-2
562.501	1	2
562.671	1	-4
562.841	1	-4
563.011	1	9
563.181	1	5
563.351	1	-3
563.521	1	-7
563.691	1	4
563.861	1	1
564.031	1	-1
564.201	1	3
564.370	1	8
564.540	1	-8
564.710	1	-5
564.880	1	5
565.050	1	7
565.220	1	10
565.390	1	-1
565.560	1	8
565.730	1	7
565.900	1	2
566.069	1	13
566.239	1	9
566.409	1	13
566.579	1	4
566.749	1	0
566.919	1	-9
567.089	1	-10
567.259	1	6
567.429	1	0
567.599	1	11
567.768	1	-7
567.938	1	8
568.108	1	7
568.278	1	5
568.448	1	6
568.618	1	-4
568.788	1	7
568.958	1	-6
569.128	1	6
569.297	1	4
569.467	1	6
569.637	1	7
569.807	1	-1
569.977	1	-4
570.147	1	4
570.317	1	4
570.487	1	-8
570.656	1	8
570.826	1	-2
570.996	1	3
571.166	1	6
571.336	1	-1
571.506	1	0
571.676	1	3
571.846	1	17
572.015	1	6
572.185	1	-6
572.355	1	-3
572.525	1	-5
572.695	1	2
572.865	1	5
573.035	1	0
573.205	1	-1
573.374	1	-5
573.544	1	-3
573.714	1	0
573.884	1	-3
574.054	1	-2
574.224	1	8
574.394	1	1
574.563	1	-10
574.733	1	1
574.903	1	5
575.073	1	2
575.243	1	0
575.413	1	2
575.583	1	-3
575.752	1	-1
575.922	1	17
576.092	1	-3
576.262	1	2
576.432	1	-12
576.602	1	1
576.772	1	2
576.941	1	-3
577.111	1	-1
577.281	1	2
577.451	1	-1
577.621	1	7
577.791	1	3
577.960	1	-6
578.130	1	4
578.300	1	4
578.470	1	10
578.640	1	-1
578.810	1	-7
578.979	1	10
579.149	1	-4
579.319	1	4
579.489	1	12
579.659	1	0
579.829	1	-2
579.998	1	-10
580.168	1	-3
580.338	1	4
580.508	1	0
580.678	1	8
580.848	1	1
581.017	1	1
581.187	1	3
581.357	1	4
581.527	1	-1
581.697	1	-1
581.867	1	-1
582.036	1	-12
582.206	1	0
582.376	1	-3
582.546	1	3
582.716	1	9
582.885	1	-5
583.055	1	-7
583.225	1	-6
583.395	1	-6
583.565	1	8
583.735	1	-3
583.904	1	-2
584.074	1	2
584.244	1	6
584.414	1	6
584.584	1	1
584.753	1	7
584.923	1	-8
585.093	1	-1
585.263	1	8
585.433	1	0
585.602	1	5
585.772	1	19
585.942	1	-5
586.112	1	-3
586.282	1	-2
586.451	1	11
586.621	1	-3
586.791	1	-11
586.961	1	-10
587.131	1	1
587.300	1	3
587.470	1	-1
587.640	1	-9
587.810	1	-9
587.980	1	5
588.149	1	7
588.319	1	13
588.489	1	2
588.659	1	-2
588.829	1	-5
588.998	1	0
589.168	1	2
589.338	1	5
589.508	1	-3
589.677	1	6
589.847	1	2
590.017	1	-5
590.187	1	0
590.357	1	1
590.526	1	1
590.696	1	5
590.866	1	-3
591.036	1	3
591.205	1	8
591.375	1	-3
591.545	1	-6
591.715	1	1
591.885	1	8
592.054	1	5
592.224	1	-5
592.394	1	-1
592.564	1	3
592.733	1	6
592.903	1	-6
593.073	1	-2
593.243	1	4
593.412	1	-4
593.582	1	4
593.752	1	-11
593.922	1	-1
594.091	1	4
594.261	1	-10
594.431	1	1
594.601	1	-3
594.771	1	-7
594.940	1	-2
595.110	1	2
595.280	1	5
595.450	1	1
595.619	1	-3
595.789	1	-2
595.959	1	-5
596.129	1	0
596.298	1	9
596.468	1	2
596.638	1	-1
596.808	1	-6
596.977	1	-2
597.147	1	-1
597.317	1	1
597.487	1	2
597.656	1	4
597.826	1	16
597.996	1	-4
598.166	1	8
598.335	1	1
598.505	1	-4
598.675	1	-4
598.844	1	4
599.014	1	-6
599.184	1	7
599.354	1	7
599.523	1	-6
599.693	1	1
599.863	1	8
600.033	1	7
600.202	1	-2
600.372	1	-11
600.542	1	3
600.712	1	0
600.881	1	2
601.051	1	9
601.221	1	3
601.390	1	1
601.560	1	3
601.730	1	5
601.900	1	0
602.069	1	4
602.239	1	-4
602.409	1	-10
602.578	1	5
602.748	1	8
602.918	1	-7
603.088	1	7
603.257	1	-1
603.427	1	-2
603.597	1	-1
603.767	1	3
603.936	1	3
604.106	1	-4
604.276	1	0
604.445	1	-5
604.615	1	-2
604.785	1	10
604.954	1	5
605.124	1	-4
605.294	1	-7
605.464	1	-5
605.633	1	0
605.803	1	6
605.973	1	8
606.142	1	-1
606.312	1	9
606.482	1	-4
606.652	1	6
606.821	1	-1
606.991	1	3
607.161	1	1
607.330	1	1
607.500	1	2
607.670	1	7
607.839	1	0
608.009	1	-3
608.179	1	0
608.348	1	6
608.518	1	16
608.688	1	5
608.858	1	-2
609.027	1	7
609.197	1	4
609.367	1	-14
609.536	1	-5
609.706	1	10
609.876	1	19
610.045	1	1
610.215	1	1
610.385	1	3
610.554	1	-8
610.724	1	-1
610.894	1	0
611.063	1	2
611.233	1	7
611.403	1	5
611.572	1	4
611.742	1	1
611.912	1	6
612.081	1	6
612.251	1	-1
612.421	1	6
612.590	1	5
612.760	1	-2
612.930	1	4
613.099	1	8
613.269	1	-6
613.439	1	-2
613.608	1	1
613.778	1	2
613.948	1	9
614.117	1	-1
614.287	1	-7
614.457	1	6
614.626	1	-10
614.796	1	-1
614.966	1	-4
615.135	1	13
615.305	1	8
615.475	1	0
615.644	1	17
615.814	1	9
615.984	1	4
616.153	1	-1
616.323	1	0
616.493	1	1
616.662	1	0
616.832	1	2
617.002	1	3
617.171	1	-2
617.341	1	3
617.511	1	-3
617.680	1	1
617.850	1	10
618.019	1	-9
618.189	1	16
618.359	1	-3
618.528	1	-4
618.698	1	-9
618.868	1	-1
619.037	1	8
619.207	1	-1
619.377	1	5
619.546	1	8
619.716	1	-3
619.885	1	2
620.055	1	3
620.225	1	4
620.394	1	7
620.564	1	10
620.734	1	7
620.903	1	-1
621.073	1	1
621.242	1	-3
621.412	1	2
621.582	1	12
621.751	1	2
621.921	1	2
622.091	1	2
622.260	1	3
622.430	1	3
622.599	1	8
622.769	1	-6
622.939	1	-2
623.108	1	3
623.278	1	-3
623.448	1	0
623.617	1	7
623.787	1	3
623.956	1	7
624.126	1	0
624.296	1	7
624.465	1	7
624.635	1	5
624.804	1	2
624.974	1	-9
625.144	1	-1
625.313	1	26
625.483	1	-1
625.652	1	-1
625.822	1	5
625.992	1	3
626.161	1	3
626.331	1	5
626.501	1	-7
626.670	1	-2
626.840	1	8
627.009	1	7
627.179	1	2
627.348	1	-10
627.518	1	8
627.688	1	-1
627.857	1	11
628.027	1	13
628.196	1	6
628.366	1	-9
628.536	1	0
628.705	1	5
628.875	1	3
629.044	1	-4
629.214	1	9
629.384	1	14
629.553	1	-1
629.723	1	8
629.892	1	-4
630.062	1	11
630.232	1	9
630.401	1	9
630.571	1	2
630.740	1	-2
630.910	1	9
631.079	1	4
631.249	1	5
631.419	1	8
631.588	1	2
631.758	1	-9
631.927	1	5
632.097	1	4
632.266	1	14
632.436	1	5
632.606	1	3
632.775	1	3
632.945	1	-3
633.114	1	-4
633.284	1	2
633.453	1	7
633.623	1	1
633.793	1	5
633.962	1	-1
634.132	1	5
634.301	1	-4
634.471	1	-3
634.640	1	-7
634.810	1	5
634.979	1	7
635.149	1	3
635.319	1	0
635.488	1	8
635.658	1	2
635.827	1	7
635.997	1	3
636.166	1	5
636.336	1	-2
636.505	1	7
636.675	1	1
636.845	1	0
637.014	1	-11
637.184	1	12
637.353	1	4
637.523	1	4
637.692	1	-5
637.862	1	0
638.031	1	-6
638.201	1	7
638.370	1	7
638.540	1	0
638.710	1	-2
638.879	1	-8
639.049	1	4
639.218	1	8
639.388	1	-1
639.557	1	6
639.727	1	6
639.896	1	-2
640.066	1	0
640.235	1	9
640.405	1	-2
640.574	1	4
640.744	1	-2
640.914	1	8
641.083	1	5
641.253	1	-1
641.422	1	-2
641.592	1	12
641.761	1	-1
641.931	1	17
642.100	1	0
642.270	1	-3
642.439	1	9
642.609	1	12
642.778	1	2
642.948	1	11
643.117	1	3
643.287	1	1
643.456	1	-6
643.626	1	-4
643.795	1	1
643.965	1	-2
644.134	1	3
644.304	1	-2
644.473	1	-2
644.643	1	3
644.812	1	-6
644.982	1	-1
645.151	1	3
645.321	1	18
645.490	1	9
645.660	1	-12
645.829	1	9
645.999	1	0
646.168	1	22
646.338	1	-5
646.507	1	-5
646.677	1	2
646.846	1	1
647.016	1	7
647.185	1	14
647.355	1	18
647.524	1	2
647.694	1	-4
647.863	1	2
648.033	1	5
648.202	1	4
648.372	1	-11
648.541	1	-1
648.711	1	6
648.880	1	6
649.050	1	6
649.219	1	-3
649.389	1	0
649.558	1	15
649.728	1	8
649.897	1	7
650.067	1	12
650.236	1	-4
650.406	1	-3
650.575	1	0
650.745	1	3
650.914	1	7
651.084	1	11
651.253	1	3
651.423	1	-1
651.592	1	13
651.762	1	3
651.931	1	11
652.101	1	-8
652.270	1	-3
652.440	1	16
652.609	1	6
652.778	1	5
652.948	1	-2
653.117	1	-3
653.287	1	-10
653.456	1	2
653.626	1	7
653.795	1	7
653.965	1	-4
654.134	1	-3
654.304	1	-1
654.473	1	3
654.643	1	1
654.812	1	11
654.982	1	8
655.151	1	7
655.320	1	1
655.490	1	-14
655.659	1	1
655.829	1	1
655.998	1	-1
656.168	1	0
656.337	1	7
656.507	1	-5
656.676	1	-3
656.846	1	4
657.015	1	5
657.184	1	1
657.354	1	2
657.523	1	-11
657.693	1	1
657.862	1	-2
658.032	1	-3
658.201	1	2
658.371	1	2
658.540	1	-3
658.709	1	17
658.879	1	6
659.048	1	11
659.218	1	-4
659.387	1	5
659.557	1	2
659.726	1	2
659.895	1	2
660.065	1	-1
660.234	1	1
660.404	1	5
660.573	1	3
660.743	1	2
660.912	1	1
661.081	1	4
661.251	1	-2
661.420	1	3
661.590	1	-1
661.759	1	4
661.929	1	6
662.098	1	7
662.267	1	-4
662.437	1	5
662.606	1	-6
662.776	1	6
662.945	1	-5
663.115	1	17
663.284	1	2
663.453	1	-5
663.623	1	-1
663.792	1	12
663.962	1	11
664.131	1	-7
664.300	1	-3
664.470	1	1
664.639	1	1
664.809	1	6
664.978	1	16
665.148	1	2
665.317	1	5
665.486	1	3
665.656	1	8
665.825	1	1
665.995	1	-8
666.164	1	5
666.333	1	1
666.503	1	-9
666.672	1	5
666.842	1	12
667.011	1	13
667.180	1	7
667.350	1	11
667.519	1	3
667.689	1	2
667.858	1	8
668.027	1	1
668.197	1	-9
668.366	1	0
668.536	1	4
668.705	1	-7
668.874	1	6
669.044	1	7
669.213	1	8
669.382	1	3
669.552	1	9
669.721	1	3
669.891	1	6
670.060	1	13
670.229	1	4
670.399	1	2
670.568	1	11
670.738	1	7
670.907	1	-5
671.076	1	-5
671.246	1	12
671.415	1	14
671.584	1	1
671.754	1	-3
671.923	1	-3
672.093	1	4
672.262	1	-4
672.431	1	0
672.601	1	9
672.770	1	0
672.939	1	8
673.109	1	-2
673.278	1	7
673.448	1	9
673.617	1	7
673.786	1	-14
