325.333	1	-2
325.504	1	-2
325.675	1	4
325.846	1	6
326.017	1	-3
326.188	1	-2
326.359	1	4
326.531	1	-5
326.702	1	-2
326.873	1	9
327.044	1	-2
327.215	1	-8
327.386	1	-3
327.557	1	-9
327.728	1	-6
327.899	1	-3
328.070	1	3
328.241	1	-1
328.412	1	1
328.583	1	-4
328.754	1	7
328.926	1	3
329.097	1	-8
329.268	1	4
329.439	1	8
329.610	1	5
329.781	1	1
329.952	1	3
330.123	1	-4
330.294	1	-7
330.465	1	-14
330.636	1	13
330.807	1	-3
330.978	1	-6
331.149	1	3
331.320	1	-7
331.492	1	-1
331.663	1	-2
331.834	1	7
332.005	1	7
332.176	1	7
332.347	1	5
332.518	1	1
332.689	1	-1
332.860	1	-6
333.031	1	0
333.202	1	-4
333.373	1	5
333.544	1	2
333.715	1	2
333.886	1	-2
334.057	1	-5
334.228	1	6
334.399	1	-2
334.570	1	-1
334.741	1	-8
334.912	1	0
335.084	1	12
335.255	1	10
335.426	1	5
335.597	1	-1
335.768	1	2
335.939	1	-3
336.110	1	-1
336.281	1	-8
336.452	1	7
336.623	1	-6
336.794	1	1
336.965	1	-3
337.136	1	5
337.307	1	7
337.478	1	0
337.649	1	1
337.820	1	-1
337.991	1	-1
338.162	1	-11
338.333	1	-2
338.504	1	5
338.675	1	-2
338.846	1	-7
339.017	1	7
339.188	1	-2
339.359	1	-4
339.530	1	-12
339.701	1	-4
339.872	1	13
340.043	1	-7
340.214	1	12
340.385	1	-2
340.556	1	9
340.727	1	-2
340.898	1	2
341.069	1	-2
341.240	1	-5
341.411	1	-4
341.582	1	-4
341.753	1	3
341.924	1	4
342.095	1	0
342.266	1	8
342.437	1	3
342.608	1	-4
342.779	1	1
342.950	1	-8
343.121	1	-10
343.292	1	1
343.463	1	7
343.634	1	2
343.805	1	1
343.976	1	18
344.147	1	8
344.318	1	0
344.489	1	-12
344.660	1	6
344.831	1	3
345.002	1	-1
345.173	1	1
345.344	1	5
345.515	1	6
345.686	1	4
345.857	1	5
346.028	1	7
346.199	1	4
346.370	1	-3
346.541	1	-8
346.712	1	-5
346.883	1	-1
347.054	1	11
347.225	1	-4
347.396	1	5
347.567	1	-8
347.738	1	14
347.909	1	7
348.080	1	0
348.251	1	-5
348.422	1	0
348.593	1	1
348.764	1	-2
348.935	1	3
349.106	1	-6
349.277	1	-2
349.448	1	-3
349.619	1	6
349.790	1	6
349.961	1	-1
350.132	1	7
350.303	1	3
350.474	1	3
350.645	1	2
350.816	1	3
350.987	1	9
351.157	1	-5
351.328	1	-5
351.499	1	5
351.670	1	-9
351.841	1	12
352.012	1	2
352.183	1	12
352.354	1	-6
352.525	1	2
352.696	1	-6
352.867	1	6
353.038	1	2
353.209	1	-2
353.380	1	4
353.551	1	3
353.722	1	3
353.893	1	-2
354.064	1	5
354.235	1	-3
354.406	1	-8
354.576	1	-3
354.747	1	0
354.918	1	-7
355.089	1	7
355.260	1	3
355.431	1	-9
355.602	1	-3
355.773	1	4
355.944	1	4
356.115	1	5
356.286	1	-3
356.457	1	1
356.628	1	5
356.799	1	12
356.970	1	18
357.141	1	0
357.311	1	12
357.482	1	-3
357.653	1	-5
357.824	1	-4
357.995	1	6
358.166	1	-5
358.337	1	3
358.508	1	6
358.679	1	2
358.850	1	8
359.021	1	1
359.192	1	12
359.363	1	2
359.533	1	3
359.704	1	-6
359.875	1	-2
360.046	1	8
360.217	1	4
360.388	1	7
360.559	1	3
360.730	1	-3
360.901	1	2
361.072	1	4
361.243	1	-1
361.414	1	3
361.584	1	-4
361.755	1	7
361.926	1	14
362.097	1	3
362.268	1	15
362.439	1	-4
362.610	1	5
362.781	1	0
362.952	1	3
363.123	1	-5
363.293	1	1
363.464	1	-4
363.635	1	17
363.806	1	9
363.977	1	4
364.148	1	2
364.319	1	-1
364.490	1	11
364.661	1	6
364.832	1	-3
365.002	1	8
365.173	1	1
365.344	1	5
365.515	1	7
365.686	1	-4
365.857	1	11
366.028	1	6
366.199	1	12
366.370	1	-7
366.540	1	11
366.711	1	8
366.882	1	8
367.053	1	-6
367.224	1	7
367.395	1	16
367.566	1	0
367.737	1	-2
367.908	1	4
368.078	1	-5
368.249	1	14
368.420	1	3
368.591	1	9
368.762	1	6
368.933	1	-4
369.104	1	6
369.274	1	10
369.445	1	6
369.616	1	-3
369.787	1	0
369.958	1	9
370.129	1	-7
370.300	1	7
370.471	1	3
370.641	1	5
370.812	1	19
370.983	1	-3
371.154	1	1
371.325	1	-2
371.496	1	11
371.667	1	20
371.837	1	9
372.008	1	-2
372.179	1	6
372.350	1	6
372.521	1	7
372.692	1	7
372.863	1	4
373.033	1	1
373.204	1	5
373.375	1	2
373.546	1	14
373.717	1	0
373.888	1	3
374.059	1	-1
374.229	1	5
374.400	1	7
374.571	1	0
374.742	1	8
374.913	1	-3
375.084	1	3
375.254	1	-3
375.425	1	7
375.596	1	-3
375.767	1	-1
375.938	1	-11
376.109	1	-4
376.279	1	5
376.450	1	8
376.621	1	11
376.792	1	4
376.963	1	1
377.134	1	2
377.304	1	12
377.475	1	-8
377.646	1	-8
377.817	1	5
377.988	1	8
378.159	1	7
378.329	1	9
378.500	1	8
378.671	1	1
378.842	1	12
379.013	1	14
379.184	1	-3
379.354	1	-3
379.525	1	8
379.696	1	6
379.867	1	11
380.038	1	7
380.209	1	4
380.379	1	11
380.550	1	7
380.721	1	3
380.892	1	3
381.063	1	4
381.233	1	-3
381.404	1	-1
381.575	1	4
381.746	1	14
381.917	1	3
382.087	1	11
382.258	1	10
382.429	1	11
382.600	1	5
382.771	1	0
382.941	1	6
383.112	1	5
383.283	1	2
383.454	1	-3
383.625	1	1
383.795	1	15
383.966	1	13
384.137	1	10
384.308	1	-3
384.479	1	5
384.649	1	3
384.820	1	3
384.991	1	7
385.162	1	9
385.333	1	1
385.503	1	-2
385.674	1	13
385.845	1	0
386.016	1	12
386.187	1	-4
386.357	1	15
386.528	1	1
386.699	1	0
386.870	1	9
387.041	1	14
387.211	1	0
387.382	1	11
387.553	1	17
387.724	1	5
387.894	1	-5
388.065	1	10
388.236	1	-2
388.407	1	5
388.578	1	13
388.748	1	7
388.919	1	12
389.090	1	17
389.261	1	6
389.431	1	-7
389.602	1	-8
389.773	1	5
389.944	1	6
390.114	1	7
390.285	1	4
390.456	1	4
390.627	1	-4
390.798	1	7
390.968	1	5
391.139	1	16
391.310	1	0
391.481	1	0
391.651	1	14
391.822	1	15
391.993	1	-3
392.164	1	8
392.334	1	3
392.505	1	11
392.676	1	2
392.847	1	12
393.017	1	2
393.188	1	9
393.359	1	12
393.530	1	18
393.700	1	1
393.871	1	13
394.042	1	-1
394.213	1	12
394.383	1	5
394.554	1	2
394.725	1	-6
394.896	1	12
395.066	1	-3
395.237	1	12
395.408	1	4
395.579	1	10
395.749	1	13
395.920	1	5
396.091	1	5
396.262	1	7
396.432	1	3
396.603	1	12
396.774	1	-5
396.945	1	15
397.115	1	18
397.286	1	11
397.457	1	6
397.627	1	3
397.798	1	10
397.969	1	11
398.140	1	1
398.310	1	8
398.481	1	3
398.652	1	12
398.823	1	9
398.993	1	5
399.164	1	14
399.335	1	6
399.505	1	-2
399.676	1	7
399.847	1	3
400.018	1	-2
400.188	1	8
400.359	1	2
400.530	1	11
400.700	1	8
400.871	1	14
401.042	1	6
401.213	1	5
401.383	1	19
401.554	1	-1
401.725	1	5
401.895	1	-4
402.066	1	15
402.237	1	8
402.408	1	-2
402.578	1	20
402.749	1	6
402.920	1	15
403.090	1	6
403.261	1	0
403.432	1	3
403.603	1	14
403.773	1	14
403.944	1	7
404.115	1	11
404.285	1	8
404.456	1	20
404.627	1	16
404.797	1	0
404.968	1	6
405.139	1	14
405.310	1	14
405.480	1	6
405.651	1	8
405.822	1	10
405.992	1	13
406.163	1	-9
406.334	1	6
406.504	1	4
406.675	1	1
406.846	1	6
407.016	1	20
407.187	1	11
407.358	1	-1
407.528	1	14
407.699	1	8
407.870	1	1
408.041	1	7
408.211	1	11
408.382	1	5
408.553	1	16
408.723	1	14
408.894	1	-2
409.065	1	13
409.235	1	12
409.406	1	13
409.577	1	7
409.747	1	4
409.918	1	10
410.089	1	14
410.259	1	1
410.430	1	-1
410.601	1	11
410.771	1	16
410.942	1	5
411.113	1	13
411.283	1	9
411.454	1	20
411.625	1	6
411.795	1	10
411.966	1	6
412.137	1	16
412.307	1	11
412.478	1	17
412.649	1	3
412.819	1	15
412.990	1	11
413.161	1	7
413.331	1	12
413.502	1	-5
413.672	1	11
413.843	1	2
414.014	1	-2
414.184	1	11
414.355	1	16
414.526	1	7
414.696	1	8
414.867	1	-2
415.038	1	2
415.208	1	-2
415.379	1	-5
415.550	1	6
415.720	1	8
415.891	1	7
416.062	1	8
416.232	1	6
416.403	1	16
416.573	1	-3
416.744	1	8
416.915	1	12
417.085	1	13
417.256	1	7
417.427	1	5
417.597	1	10
417.768	1	8
417.939	1	10
418.109	1	5
418.280	1	7
418.450	1	12
418.621	1	18
418.792	1	13
418.962	1	3
419.133	1	6
419.304	1	4
419.474	1	6
419.645	1	13
419.815	1	4
419.986	1	10
420.157	1	8
420.327	1	-1
420.498	1	-2
420.669	1	7
420.839	1	12
421.010	1	10
421.180	1	-3
421.351	1	3
421.522	1	8
421.692	1	13
421.863	1	11
422.033	1	8
422.204	1	23
422.375	1	6
422.545	1	11
422.716	1	-2
422.886	1	16
423.057	1	9
423.228	1	3
423.398	1	6
423.569	1	9
423.740	1	5
423.910	1	10
424.081	1	10
424.251	1	-2
424.422	1	6
424.593	1	18
424.763	1	8
424.934	1	6
425.104	1	17
425.275	1	-6
425.445	1	19
425.616	1	7
425.787	1	4
425.957	1	4
426.128	1	-4
426.298	1	8
426.469	1	-7
426.640	1	9
426.810	1	-8
426.981	1	7
427.151	1	4
427.322	1	14
427.493	1	14
427.663	1	7
427.834	1	6
428.004	1	3
428.175	1	16
428.345	1	2
428.516	1	6
428.687	1	11
428.857	1	14
429.028	1	1
429.198	1	-5
429.369	1	10
429.540	1	0
429.710	1	0
429.881	1	6
430.051	1	6
430.222	1	6
430.392	1	6
430.563	1	3
430.734	1	5
430.904	1	13
431.075	1	4
431.245	1	5
431.416	1	11
431.586	1	2
431.757	1	3
431.927	1	10
432.098	1	9
432.269	1	7
432.439	1	2
432.610	1	15
432.780	1	13
432.951	1	-6
433.121	1	0
433.292	1	16
433.462	1	9
433.633	1	3
433.804	1	1
433.974	1	-1
434.145	1	9
434.315	1	5
434.486	1	-10
434.656	1	12
434.827	1	11
434.997	1	8
435.168	1	10
435.339	1	19
435.509	1	7
435.680	1	17
435.850	1	-5
436.021	1	-1
436.191	1	0
436.362	1	9
436.532	1	7
436.703	1	17
436.873	1	-4
437.044	1	13
437.214	1	1
437.385	1	11
437.556	1	8
437.726	1	4
437.897	1	1
438.067	1	6
438.238	1	14
438.408	1	8
438.579	1	1
438.749	1	6
438.920	1	15
439.090	1	-4
439.261	1	6
439.431	1	-13
439.602	1	0
439.772	1	5
439.943	1	2
440.113	1	8
440.284	1	12
440.455	1	4
440.625	1	10
440.796	1	6
440.966	1	6
441.137	1	0
441.307	1	10
441.478	1	-4
441.648	1	3
441.819	1	-2
441.989	1	17
442.160	1	8
442.330	1	11
442.501	1	6
442.671	1	1
442.842	1	4
443.012	1	3
443.183	1	11
443.353	1	4
443.524	1	8
443.694	1	-5
443.865	1	18
444.035	1	4
444.206	1	-1
444.376	1	6
444.547	1	0
444.717	1	2
444.888	1	-7
445.058	1	4
445.229	1	10
445.399	1	11
445.570	1	-2
445.740	1	3
445.911	1	14
446.081	1	7
446.252	1	3
446.422	1	11
446.593	1	1
446.763	1	7
446.934	1	9
447.104	1	-3
447.275	1	-4
447.445	1	8
447.616	1	7
447.786	1	1
447.957	1	0
448.127	1	10
448.298	1	1
448.468	1	12
448.639	1	5
448.809	1	2
448.979	1	14
449.150	1	2
449.320	1	7
449.491	1	-3
449.661	1	-3
449.832	1	-8
450.002	1	3
450.173	1	7
450.343	1	4
450.514	1	11
450.684	1	1
450.855	1	12
451.025	1	-4
451.196	1	2
451.366	1	8
451.537	1	21
451.707	1	-1
451.878	1	2
452.048	1	1
452.218	1	16
452.389	1	2
452.559	1	23
452.730	1	9
452.900	1	-6
453.071	1	15
453.241	1	0
453.412	1	1
453.582	1	8
453.753	1	6
453.923	1	-2
454.093	1	5
454.264	1	14
454.434	1	2
454.605	1	-8
454.775	1	12
454.946	1	1
455.116	1	7
455.287	1	3
455.457	1	8
455.628	1	-1
455.798	1	11
455.968	1	6
456.139	1	5
456.309	1	4
456.480	1	7
456.650	1	-1
456.821	1	-2
456.991	1	16
457.161	1	4
457.332	1	2
457.502	1	6
457.673	1	-1
457.843	1	7
458.014	1	6
458.184	1	5
458.355	1	9
458.525	1	2
458.695	1	3
458.866	1	-7
459.036	1	1
459.207	1	-4
459.377	1	9
459.548	1	8
459.718	1	7
459.888	1	5
460.059	1	7
460.229	1	1
460.400	1	6
460.570	1	1
460.740	1	2
460.911	1	-7
461.081	1	13
461.252	1	10
461.422	1	0
461.593	1	-7
461.763	1	5
461.933	1	10
462.104	1	-7
462.274	1	-10
462.445	1	-1
462.615	1	8
462.785	1	14
462.956	1	-7
463.126	1	1
463.297	1	7
463.467	1	11
463.638	1	11
463.808	1	3
463.978	1	-7
464.149	1	-4
464.319	1	5
464.490	1	-3
464.660	1	-3
464.830	1	-2
465.001	1	9
465.171	1	4
465.342	1	-4
465.512	1	-3
465.682	1	-6
465.853	1	3
466.023	1	8
466.194	1	4
466.364	1	6
466.534	1	-4
466.705	1	8
466.875	1	-11
467.045	1	0
467.216	1	9
467.386	1	3
467.557	1	8
467.727	1	-2
467.897	1	2
468.068	1	-2
468.238	1	-2
468.409	1	1
468.579	1	0
468.749	1	-4
468.920	1	0
469.090	1	3
469.260	1	6
469.431	1	6
469.601	1	6
469.772	1	10
469.942	1	3
470.112	1	-2
470.283	1	6
470.453	1	8
470.623	1	3
470.794	1	-1
470.964	1	-5
471.135	1	2
471.305	1	-2
471.475	1	3
471.646	1	7
471.816	1	0
471.986	1	0
472.157	1	6
472.327	1	-1
472.497	1	4
472.668	1	12
472.838	1	7
473.009	1	1
473.179	1	1
473.349	1	1
473.520	1	15
473.690	1	-5
473.860	1	-3
474.031	1	-7
474.201	1	4
474.371	1	10
474.542	1	-4
474.712	1	-6
474.882	1	2
475.053	1	5
475.223	1	4
475.394	1	1
475.564	1	-4
475.734	1	-1
475.905	1	5
476.075	1	15
476.245	1	1
476.416	1	-1
476.586	1	0
476.756	1	9
476.927	1	2
477.097	1	-8
477.267	1	-2
477.438	1	10
477.608	1	15
477.778	1	-5
477.949	1	1
478.119	1	4
478.289	1	-4
478.460	1	-7
478.630	1	5
478.800	1	5
478.971	1	-1
479.141	1	2
479.311	1	-2
479.482	1	5
479.652	1	-5
479.822	1	-2
479.993	1	6
480.163	1	9
480.333	1	-1
480.504	1	6
480.674	1	12
480.844	1	-4
481.015	1	8
481.185	1	6
481.355	1	4
481.525	1	-12
481.696	1	8
481.866	1	-1
482.036	1	8
482.207	1	4
482.377	1	-9
482.547	1	4
482.718	1	9
482.888	1	11
483.058	1	4
483.229	1	7
483.399	1	8
483.569	1	-4
483.740	1	-4
483.910	1	-5
484.080	1	-4
484.250	1	-3
484.421	1	5
484.591	1	-4
484.761	1	5
484.932	1	-3
485.102	1	-5
485.272	1	-2
485.443	1	3
485.613	1	-6
485.783	1	2
485.953	1	-3
486.124	1	6
486.294	1	1
486.464	1	10
486.635	1	-4
486.805	1	1
486.975	1	-18
487.146	1	2
487.316	1	9
487.486	1	2
487.656	1	4
487.827	1	0
487.997	1	2
488.167	1	6
488.338	1	3
488.508	1	3
488.678	1	-11
488.848	1	1
489.019	1	-8
489.189	1	1
489.359	1	0
489.529	1	7
489.700	1	14
489.870	1	15
490.040	1	-4
490.211	1	-6
490.381	1	-6
490.551	1	-3
490.721	1	-1
490.892	1	-10
491.062	1	-12
491.232	1	-3
491.402	1	-2
491.573	1	13
491.743	1	-1
491.913	1	1
492.084	1	5
492.254	1	2
492.424	1	-9
492.594	1	-3
492.765	1	9
492.935	1	3
493.105	1	4
493.275	1	6
493.446	1	-4
493.616	1	-11
493.786	1	3
493.956	1	5
494.127	1	-2
494.297	1	-11
494.467	1	0
494.637	1	2
494.808	1	7
494.978	1	-8
495.148	1	-5
495.318	1	5
495.489	1	1
495.659	1	2
495.829	1	0
495.999	1	8
496.170	1	-3
496.340	1	-4
496.510	1	5
496.680	1	4
496.851	1	3
497.021	1	8
497.191	1	1
497.361	1	-12
497.532	1	4
497.702	1	3
497.872	1	0
498.042	1	-3
498.213	1	0
498.383	1	9
498.553	1	3
498.723	1	5
498.894	1	1
499.064	1	2
499.234	1	3
499.404	1	-1
499.574	1	2
499.745	1	-2
499.915	1	7
500.085	1	-3
500.255	1	-8
500.426	1	-5
500.596	1	-14
500.766	1	-5
500.936	1	-4
501.106	1	-2
501.277	1	4
501.447	1	10
501.617	1	0
501.787	1	-3
501.958	1	9
502.128	1	9
502.298	1	1
502.468	1	-7
502.638	1	3
502.809	1	-4
502.979	1	10
503.149	1	-3
503.319	1	4
503.489	1	-8
503.660	1	0
503.830	1	-1
504.000	1	0
504.170	1	-1
504.340	1	-4
504.511	1	2
504.681	1	3
504.851	1	1
505.021	1	-3
505.192	1	-5
505.362	1	3
505.532	1	0
505.702	1	4
505.872	1	-7
506.043	1	11
506.213	1	7
506.383	1	2
506.553	1	-3
506.723	1	-6
506.893	1	-4
507.064	1	5
507.234	1	-4
507.404	1	-5
507.574	1	-2
507.744	1	-9
507.915	1	4
508.085	1	-2
508.255	1	-5
508.425	1	3
508.595	1	1
508.766	1	-1
508.936	1	4
509.106	1	-1
509.276	1	5
509.446	1	-4
509.616	1	1
509.787	1	-1
509.957	1	-1
510.127	1	-5
510.297	1	-11
510.467	1	7
510.638	1	-3
510.808	1	4
510.978	1	-13
511.148	1	0
511.318	1	-4
511.488	1	7
511.659	1	-1
511.829	1	-8
511.999	1	0
512.169	1	4
512.339	1	8
512.509	1	-11
512.680	1	-1
512.850	1	0
513.020	1	1
513.190	1	-7
513.360	1	-1
513.530	1	-9
513.700	1	9
513.871	1	-6
514.041	1	7
514.211	1	-2
514.381	1	3
514.551	1	-2
514.721	1	1
514.892	1	-3
515.062	1	1
515.232	1	-2
515.402	1	1
515.572	1	0
515.742	1	3
515.912	1	0
516.083	1	-1
516.253	1	10
516.423	1	1
516.593	1	0
516.763	1	3
516.933	1	-3
517.104	1	5
517.274	1	-13
517.444	1	3
517.614	1	-1
517.784	1	0
517.954	1	-9
518.124	1	-2
518.294	1	8
518.465	1	-8
518.635	1	8
518.805	1	6
518.975	1	3
519.145	1	-1
519.315	1	4
519.485	1	-5
519.656	1	-10
519.826	1	-12
519.996	1	7
520.166	1	-3
520.336	1	4
520.506	1	-5
520.676	1	-1
520.846	1	-4
521.017	1	-3
521.187	1	0
521.357	1	-1
521.527	1	-5
521.697	1	-1
521.867	1	11
522.037	1	1
522.207	1	7
522.377	1	2
522.548	1	-5
522.718	1	-5
522.888	1	-2
523.058	1	2
523.228	1	-4
523.398	1	-5
523.568	1	-9
523.738	1	3
523.909	1	-3
524.079	1	0
524.249	1	-2
524.419	1	-6
524.589	1	14
524.759	1	5
524.929	1	-1
525.099	1	-3
525.269	1	4
525.439	1	-11
525.610	1	7
525.780	1	-1
525.950	1	0
526.120	1	-10
526.290	1	-8
526.460	1	-6
526.630	1	2
526.800	1	2
526.970	1	0
527.140	1	-3
527.311	1	-7
527.481	1	-1
527.651	1	9
527.821	1	-8
527.991	1	-7
528.161	1	-3
528.331	1	-7
528.501	1	-6
528.671	1	7
528.841	1	1
529.011	1	-4
529.181	1	-7
529.352	1	1
529.522	1	8
529.692	1	-4
529.862	1	-12
530.032	1	-4
530.202	1	-10
530.372	1	-2
530.542	1	-4
530.712	1	-1
530.882	1	-1
531.052	1	-11
531.222	1	14
531.392	1	3
531.563	1	5
531.733	1	-7
531.903	1	-8
532.073	1	-5
532.243	1	-2
532.413	1	12
532.583	1	3
532.753	1	0
532.923	1	2
533.093	1	-9
533.263	1	0
533.433	1	-4
533.603	1	-8
533.773	1	-7
533.943	1	3
534.113	1	2
534.284	1	8
534.454	1	4
534.624	1	2
534.794	1	-10
534.964	1	5
535.134	1	-3
535.304	1	3
535.474	1	11
535.644	1	4
535.814	1	-10
535.984	1	4
536.154	1	2
536.324	1	-6
536.494	1	3
536.664	1	-6
536.834	1	-3
537.004	1	-3
537.174	1	4
537.344	1	1
537.514	1	-3
537.685	1	1
537.855	1	-6
538.025	1	9
538.195	1	-5
538.365	1	0
538.535	1	-5
538.705	1	-2
538.875	1	-9
539.045	1	2
539.215	1	-9
539.385	1	6
539.555	1	0
539.725	1	-3
539.895	1	4
540.065	1	-2
540.235	1	1
540.405	1	-8
540.575	1	-2
540.745	1	3
540.915	1	0
541.085	1	-8
541.255	1	1
541.425	1	1
541.595	1	-6
541.765	1	-1
541.935	1	-10
542.105	1	-2
542.275	1	-1
542.445	1	-3
542.615	1	-7
542.785	1	1
542.955	1	6
543.125	1	2
543.295	1	3
543.465	1	5
543.635	1	-4
543.805	1	6
543.975	1	-3
544.145	1	-3
544.315	1	-11
544.485	1	-10
544.655	1	10
544.825	1	-1
544.995	1	-5
545.165	1	4
545.335	1	-1
545.505	1	-6
545.675	1	-2
545.845	1	3
546.015	1	-3
546.185	1	1
546.355	1	7
546.525	1	-3
546.695	1	-13
546.865	1	3
547.035	1	-8
547.205	1	3
547.375	1	4
547.545	1	-8
547.715	1	2
547.885	1	-4
548.055	1	-11
548.225	1	3
548.395	1	-5
548.565	1	17
548.735	1	-9
548.905	1	7
549.075	1	-2
549.245	1	-3
549.415	1	-4
549.585	1	-1
549.755	1	8
549.925	1	3
550.095	1	-5
550.265	1	0
550.435	1	7
550.605	1	2
550.775	1	-5
550.945	1	-7
551.115	1	10
551.285	1	-8
551.455	1	-3
551.625	1	-6
551.795	1	6
551.965	1	-11
552.135	1	-2
552.305	1	-6
552.475	1	7
552.645	1	-14
552.815	1	-11
552.985	1	0
553.155	1	-7
553.325	1	-2
553.495	1	4
553.665	1	5
553.835	1	0
554.004	1	-4
554.174	1	-10
554.344	1	1
554.514	1	-10
554.684	1	-2
554.854	1	-14
555.024	1	7
555.194	1	4
555.364	1	-2
555.534	1	-10
555.704	1	-7
555.874	1	-2
556.044	1	0
556.214	1	6
556.384	1	-5
556.554	1	-5
556.724	1	4
556.894	1	-9
557.064	1	-4
557.234	1	-12
557.404	1	2
557.573	1	4
557.743	1	-7
557.913	1	-3
558.083	1	0
558.253	1	-7
558.423	1	-1
558.593	1	-4
558.763	1	5
558.933	1	-8
559.103	1	2
559.273	1	-1
559.443	1	2
559.613	1	-1
559.783	1	1
559.953	1	-11
560.122	1	-5
560.292	1	-9
560.462	1	-3
560.632	1	-7
560.802	1	4
560.972	1	-5
561.142	1	1
561.312	1	-6
561.482	1	7
561.652	1	-4
561.822	1	-6
561.992	1	-5
562.162	1	-13
562.331	1	-7
562.501	1	7
562.671	1	-10
562.841	1	-17
563.011	1	-9
563.181	1	-9
563.351	1	-5
563.521	1	-4
563.691	1	4
563.861	1	3
564.031	1	-13
564.201	1	-4
564.370	1	1
564.540	1	-1
564.710	1	-2
564.880	1	7
565.050	1	1
565.220	1	11
565.390	1	-8
565.560	1	3
565.730	1	-2
565.900	1	2
566.069	1	8
566.239	1	1
566.409	1	3
566.579	1	-2
566.749	1	0
566.919	1	-1
567.089	1	-7
567.259	1	-1
567.429	1	-6
567.599	1	7
567.768	1	-3
567.938	1	-5
568.108	1	-4
568.278	1	2
568.448	1	2
568.618	1	5
568.788	1	-4
568.958	1	0
569.128	1	-9
569.297	1	-4
569.467	1	3
569.637	1	-9
569.807	1	-1
569.977	1	2
570.147	1	1
570.317	1	-1
570.487	1	-7
570.656	1	-2
570.826	1	0
570.996	1	11
571.166	1	2
571.336	1	-7
571.506	1	-8
571.676	1	4
571.846	1	-2
572.015	1	-1
572.185	1	-2
572.355	1	1
572.525	1	-9
572.695	1	-7
572.865	1	5
573.035	1	2
573.205	1	1
573.374	1	-3
573.544	1	-2
573.714	1	-4
573.884	1	-7
574.054	1	-4
574.224	1	2
574.394	1	2
574.563	1	-9
574.733	1	-7
574.903	1	0
575.073	1	2
575.243	1	-12
575.413	1	-11
575.583	1	-10
575.752	1	-5
575.922	1	8
576.092	1	-9
576.262	1	0
576.432	1	-4
576.602	1	-3
576.772	1	2
576.941	1	2
577.111	1	1
577.281	1	4
577.451	1	4
577.621	1	4
577.791	1	-4
577.960	1	-1
578.130	1	-4
578.300	1	0
578.470	1	-3
578.640	1	-2
578.810	1	1
578.979	1	-1
579.149	1	0
579.319	1	2
579.489	1	-1
579.659	1	-6
579.829	1	-10
579.998	1	-6
580.168	1	-2
580.338	1	11
580.508	1	-7
580.678	1	0
580.848	1	-1
581.017	1	4
581.187	1	5
581.357	1	1
581.527	1	-1
581.697	1	-4
581.867	1	-5
582.036	1	-4
582.206	1	9
582.376	1	-1
582.546	1	-5
582.716	1	4
582.885	1	-3
583.055	1	-14
583.225	1	7
583.395	1	-2
583.565	1	7
583.735	1	-8
583.904	1	-1
584.074	1	-2
584.244	1	-7
584.414	1	-2
584.584	1	0
584.753	1	6
584.923	1	-3
585.093	1	-1
585.263	1	-6
585.433	1	-4
585.602	1	-5
585.772	1	10
585.942	1	-11
586.112	1	1
586.282	1	1
586.451	1	0
586.621	1	6
586.791	1	-3
586.961	1	-7
587.131	1	-6
587.300	1	7
587.470	1	-3
587.640	1	-8
587.810	1	-10
587.980	1	0
588.149	1	3
588.319	1	8
588.489	1	2
588.659	1	-7
588.829	1	6
588.998	1	-1
589.168	1	-2
589.338	1	0
589.508	1	3
589.677	1	-1
589.847	1	0
590.017	1	2
590.187	1	3
590.357	1	-8
590.526	1	-8
590.696	1	1
590.866	1	-9
591.036	1	1
591.205	1	2
591.375	1	4
591.545	1	-8
591.715	1	-2
591.885	1	2
592.054	1	0
592.224	1	-8
592.394	1	-5
592.564	1	1
592.733	1	-6
592.903	1	-19
593.073	1	2
593.243	1	10
593.412	1	-19
593.582	1	-3
593.752	1	-8
593.922	1	4
594.091	1	4
594.261	1	-2
594.431	1	2
594.601	1	5
594.771	1	-8
594.940	1	-3
595.110	1	-6
595.280	1	-2
595.450	1	-2
595.619	1	1
595.789	1	-5
595.959	1	3
596.129	1	6
596.298	1	2
596.468	1	-2
596.638	1	3
596.808	1	-11
596.977	1	-4
597.147	1	-6
597.317	1	-2
597.487	1	9
597.656	1	-1
597.826	1	6
597.996	1	-1
598.166	1	1
598.335	1	-10
598.505	1	-3
598.675	1	2
598.844	1	17
599.014	1	-14
599.184	1	-4
599.354	1	8
599.523	1	0
599.693	1	4
599.863	1	2
600.033	1	-1
600.202	1	-7
600.372	1	-10
600.542	1	3
600.712	1	4
600.881	1	4
601.051	1	2
601.221	1	7
601.390	1	1
601.560	1	8
601.730	1	-5
601.900	1	-4
602.069	1	0
602.239	1	3
602.409	1	-13
602.578	1	2
602.748	1	6
602.918	1	-8
603.088	1	-5
603.257	1	-10
603.427	1	2
603.597	1	-2
603.767	1	1
603.936	1	-3
604.106	1	-8
604.276	1	-2
604.445	1	2
604.615	1	8
604.785	1	10
604.954	1	-3
605.124	1	-4
605.294	1	-8
605.464	1	-8
605.633	1	-1
605.803	1	-3
605.973	1	0
606.142	1	1
606.312	1	8
606.482	1	-6
606.652	1	0
606.821	1	-2
606.991	1	7
607.161	1	1
607.330	1	-3
607.500	1	6
607.670	1	-1
607.839	1	-2
608.009	1	-5
608.179	1	8
608.348	1	0
608.518	1	13
608.688	1	-4
608.858	1	-2
609.027	1	-4
609.197	1	2
609.367	1	-4
609.536	1	-8
609.706	1	5
609.876	1	0
610.045	1	0
610.215	1	5
610.385	1	6
610.554	1	-3
610.724	1	-3
610.894	1	-10
611.063	1	-1
611.233	1	10
611.403	1	2
611.572	1	6
611.742	1	-14
611.912	1	6
612.081	1	2
612.251	1	-2
612.421	1	-2
612.590	1	2
612.760	1	4
612.930	1	1
613.099	1	-1
613.269	1	-3
613.439	1	-8
613.608	1	0
613.778	1	-4
613.948	1	11
614.117	1	0
614.287	1	-4
614.457	1	-6
614.626	1	-12
614.796	1	5
614.966	1	-4
615.135	1	7
615.305	1	0
615.475	1	-1
615.644	1	5
615.814	1	14
615.984	1	-9
616.153	1	0
616.323	1	-1
616.493	1	2
616.662	1	3
616.832	1	-3
617.002	1	-2
617.171	1	-4
617.341	1	8
617.511	1	-14
617.680	1	-6
617.850	1	1
618.019	1	-7
618.189	1	13
618.359	1	0
618.528	1	8
618.698	1	5
618.868	1	-6
619.037	1	9
619.207	1	-7
619.377	1	-3
619.546	1	8
619.716	1	-9
619.885	1	-4
620.055	1	-6
620.225	1	8
620.394	1	1
620.564	1	-1
620.734	1	-7
620.903	1	-16
621.073	1	7
621.242	1	-2
621.412	1	-4
621.582	1	5
621.751	1	-18
621.921	1	3
622.091	1	1
622.260	1	-1
622.430	1	3
622.599	1	2
622.769	1	-1
622.939	1	3
623.108	1	3
623.278	1	-6
623.448	1	3
623.617	1	-3
623.787	1	3
623.956	1	-1
624.126	1	-4
624.296	1	5
624.465	1	-3
624.635	1	4
624.804	1	-7
624.974	1	-2
625.144	1	-4
625.313	1	11
625.483	1	8
625.652	1	2
625.822	1	-1
625.992	1	-7
626.161	1	-3
626.331	1	-6
626.501	1	-1
626.670	1	2
626.840	1	-1
627.009	1	-1
627.179	1	2
627.348	1	-6
627.518	1	4
627.688	1	-1
627.857	1	13
628.027	1	8
628.196	1	4
628.366	1	-16
628.536	1	-7
628.705	1	-3
628.875	1	3
629.044	1	-7
629.214	1	7
629.384	1	10
629.553	1	-5
629.723	1	2
629.892	1	0
630.062	1	6
630.232	1	3
630.401	1	-3
630.571	1	-9
630.740	1	-3
630.910	1	6
631.079	1	1
631.249	1	0
631.419	1	-3
631.588	1	0
631.758	1	-1
631.927	1	6
632.097	1	-10
632.266	1	6
632.436	1	0
632.606	1	5
632.775	1	-5
632.945	1	0
633.114	1	-10
633.284	1	-8
633.453	1	2
633.623	1	10
633.793	1	0
633.962	1	1
634.132	1	5
634.301	1	-4
634.471	1	9
634.640	1	-2
634.810	1	3
634.979	1	-5
635.149	1	-6
635.319	1	-7
635.488	1	-12
635.658	1	-8
635.827	1	2
635.997	1	2
636.166	1	2
636.336	1	-3
636.505	1	1
636.675	1	12
636.845	1	-6
637.014	1	-13
637.184	1	10
637.353	1	-3
637.523	1	-1
637.692	1	-5
637.862	1	-5
638.031	1	-3
638.201	1	12
638.370	1	0
638.540	1	-11
638.710	1	-6
638.879	1	-1
639.049	1	0
639.218	1	3
639.388	1	3
639.557	1	0
639.727	1	1
639.896	1	-2
640.066	1	-9
640.235	1	-7
640.405	1	-7
640.574	1	1
640.744	1	-10
640.914	1	2
641.083	1	2
641.253	1	-1
641.422	1	-11
641.592	1	5
641.761	1	-4
641.931	1	7
642.100	1	0
642.270	1	1
642.439	1	-5
642.609	1	-4
642.778	1	-7
642.948	1	3
643.117	1	0
643.287	1	1
643.456	1	-17
643.626	1	1
643.795	1	-4
643.965	1	-2
644.134	1	-7
644.304	1	-10
644.473	1	3
644.643	1	4
644.812	1	-1
644.982	1	9
645.151	1	-7
645.321	1	3
645.490	1	18
645.660	1	-7
645.829	1	-6
645.999	1	-10
646.168	1	13
646.338	1	2
646.507	1	-5
646.677	1	3
646.846	1	4
647.016	1	10
647.185	1	7
647.355	1	5
647.524	1	-7
647.694	1	-7
647.863	1	-8
648.033	1	2
648.202	1	7
648.372	1	-11
648.541	1	-6
648.711	1	3
648.880	1	-5
649.050	1	2
649.219	1	2
649.389	1	-1
649.558	1	3
649.728	1	3
649.897	1	-2
650.067	1	-2
650.236	1	-9
650.406	1	4
650.575	1	-1
650.745	1	3
650.914	1	4
651.084	1	5
651.253	1	8
651.423	1	-14
651.592	1	-7
651.762	1	0
651.931	1	6
652.101	1	-10
652.270	1	-1
652.440	1	-3
652.609	1	1
652.778	1	6
652.948	1	0
653.117	1	-2
653.287	1	-11
653.456	1	-5
653.626	1	-3
653.795	1	-7
653.965	1	-9
654.134	1	-11
654.304	1	4
654.473	1	0
654.643	1	-3
654.812	1	6
654.982	1	-3
655.151	1	6
655.320	1	0
655.490	1	-5
655.659	1	5
655.829	1	7
655.998	1	3
656.168	1	-10
656.337	1	-5
656.507	1	-5
656.676	1	-14
656.846	1	-3
657.015	1	6
657.184	1	-4
657.354	1	-1
657.523	1	-3
657.693	1	8
657.862	1	0
658.032	1	-13
658.201	1	-8
658.371	1	3
658.540	1	-9
658.709	1	2
658.879	1	6
659.048	1	6
659.218	1	-5
659.387	1	10
659.557	1	8
659.726	1	9
659.895	1	-1
660.065	1	-6
660.234	1	2
660.404	1	-3
660.573	1	-3
660.743	1	-6
660.912	1	4
661.081	1	-11
661.251	1	6
661.420	1	6
661.590	1	-2
661.759	1	1
661.929	1	-6
662.098	1	-5
662.267	1	-7
662.437	1	7
662.606	1	-2
662.776	1	5
662.945	1	5
663.115	1	9
663.284	1	-1
663.453	1	0
663.623	1	-7
663.792	1	1
663.962	1	3
664.131	1	-9
664.300	1	9
664.470	1	-5
664.639	1	5
664.809	1	-3
664.978	1	12
665.148	1	4
665.317	1	-12
665.486	1	2
665.656	1	-4
665.825	1	-4
665.995	1	-8
666.164	1	1
666.333	1	0
666.503	1	-5
666.672	1	-2
666.842	1	5
667.011	1	7
667.180	1	-4
667.350	1	1
667.519	1	2
667.689	1	1
667.858	1	-4
668.027	1	-3
668.197	1	-15
668.366	1	-2
668.536	1	-13
668.705	1	-5
668.874	1	5
669.044	1	-3
669.213	1	3
669.382	1	4
669.552	1	3
669.721	1	3
669.891	1	-5
670.060	1	-2
670.229	1	5
670.399	1	-2
670.568	1	1
670.738	1	1
670.907	1	1
671.076	1	6
671.246	1	-3
671.415	1	7
671.584	1	6
671.754	1	-14
671.923	1	-8
672.093	1	-2
672.262	1	-6
672.431	1	10
672.601	1	-2
672.770	1	4
672.939	1	7
673.109	1	-8
673.278	1	-11
673.448	1	-2
673.617	1	-1
673.786	1	-15
