325.333	1	2
325.504	1	-3
325.675	1	14
325.846	1	-4
326.017	1	9
326.188	1	10
326.359	1	4
326.531	1	-9
326.702	1	11
326.873	1	9
327.044	1	2
327.215	1	-5
327.386	1	7
327.557	1	0
327.728	1	-6
327.899	1	4
328.070	1	12
328.241	1	0
328.412	1	7
328.583	1	4
328.754	1	18
328.926	1	7
329.097	1	-5
329.268	1	7
329.439	1	9
329.610	1	-3
329.781	1	10
329.952	1	5
330.123	1	4
330.294	1	-1
330.465	1	-2
330.636	1	11
330.807	1	3
330.978	1	-3
331.149	1	8
331.320	1	3
331.492	1	5
331.663	1	7
331.834	1	6
332.005	1	10
332.176	1	4
332.347	1	-5
332.518	1	8
332.689	1	9
332.860	1	3
333.031	1	5
333.202	1	-5
333.373	1	11
333.544	1	1
333.715	1	9
333.886	1	5
334.057	1	10
334.228	1	8
334.399	1	15
334.570	1	0
334.741	1	2
334.912	1	1
335.084	1	10
335.255	1	5
335.426	1	3
335.597	1	-1
335.768	1	12
335.939	1	8
336.110	1	6
336.281	1	-4
336.452	1	14
336.623	1	4
336.794	1	0
336.965	1	-2
337.136	1	15
337.307	1	1
337.478	1	-1
337.649	1	6
337.820	1	-2
337.991	1	9
338.162	1	1
338.333	1	1
338.504	1	15
338.675	1	5
338.846	1	-2
339.017	1	16
339.188	1	3
339.359	1	10
339.530	1	1
339.701	1	15
339.872	1	17
340.043	1	-6
340.214	1	13
340.385	1	-9
340.556	1	9
340.727	1	13
340.898	1	17
341.069	1	9
341.240	1	2
341.411	1	17
341.582	1	-2
341.753	1	8
341.924	1	17
342.095	1	4
342.266	1	4
342.437	1	6
342.608	1	14
342.779	1	5
342.950	1	8
343.121	1	7
343.292	1	5
343.463	1	22
343.634	1	6
343.805	1	8
343.976	1	12
344.147	1	7
344.318	1	-2
344.489	1	4
344.660	1	17
344.831	1	13
345.002	1	9
345.173	1	2
345.344	1	5
345.515	1	10
345.686	1	16
345.857	1	4
346.028	1	8
346.199	1	4
346.370	1	6
346.541	1	7
346.712	1	10
346.883	1	1
347.054	1	17
347.225	1	3
347.396	1	9
347.567	1	1
347.738	1	22
347.909	1	10
348.080	1	10
348.251	1	6
348.422	1	10
348.593	1	6
348.764	1	9
348.935	1	8
349.106	1	9
349.277	1	4
349.448	1	1
349.619	1	6
349.790	1	11
349.961	1	1
350.132	1	15
350.303	1	6
350.474	1	17
350.645	1	15
350.816	1	16
350.987	1	18
351.157	1	6
351.328	1	6
351.499	1	7
351.670	1	14
351.841	1	21
352.012	1	2
352.183	1	21
352.354	1	14
352.525	1	15
352.696	1	9
352.867	1	10
353.038	1	9
353.209	1	8
353.380	1	12
353.551	1	18
353.722	1	11
353.893	1	20
354.064	1	8
354.235	1	5
354.406	1	4
354.576	1	8
354.747	1	2
354.918	1	11
355.089	1	13
355.260	1	13
355.431	1	6
355.602	1	8
355.773	1	9
355.944	1	17
356.115	1	19
356.286	1	16
356.457	1	13
356.628	1	13
356.799	1	30
356.970	1	26
357.141	1	11
357.311	1	28
357.482	1	6
357.653	1	11
357.824	1	10
357.995	1	14
358.166	1	4
358.337	1	12
358.508	1	25
358.679	1	13
358.850	1	20
359.021	1	14
359.192	1	29
359.363	1	15
359.533	1	11
359.704	1	9
359.875	1	9
360.046	1	18
360.217	1	12
360.388	1	20
360.559	1	18
360.730	1	10
360.901	1	14
361.072	1	11
361.243	1	15
361.414	1	19
361.584	1	14
361.755	1	16
361.926	1	15
362.097	1	15
362.268	1	21
362.439	1	6
362.610	1	21
362.781	1	13
362.952	1	14
363.123	1	9
363.293	1	14
363.464	1	10
363.635	1	17
363.806	1	7
363.977	1	13
364.148	1	10
364.319	1	15
364.490	1	27
364.661	1	10
364.832	1	12
365.002	1	20
365.173	1	24
365.344	1	16
365.515	1	13
365.686	1	21
365.857	1	15
366.028	1	12
366.199	1	18
366.370	1	13
366.540	1	22
366.711	1	16
366.882	1	18
367.053	1	19
367.224	1	8
367.395	1	2
367.566	1	18
367.737	1	10
367.908	1	16
368.078	1	14
368.249	1	20
368.420	1	17
368.591	1	15
368.762	1	23
368.933	1	16
369.104	1	20
369.274	1	12
369.445	1	11
369.616	1	11
369.787	1	10
369.958	1	12
370.129	1	10
370.300	1	9
370.471	1	16
370.641	1	20
370.812	1	14
370.983	1	7
371.154	1	10
371.325	1	10
371.496	1	12
371.667	1	23
371.837	1	21
372.008	1	8
372.179	1	15
372.350	1	21
372.521	1	22
372.692	1	25
372.863	1	11
373.033	1	6
373.204	1	18
373.375	1	15
373.546	1	10
373.717	1	5
373.888	1	19
374.059	1	17
374.229	1	29
374.400	1	13
374.571	1	14
374.742	1	21
374.913	1	-3
375.084	1	8
375.254	1	12
375.425	1	18
375.596	1	16
375.767	1	15
375.938	1	11
376.109	1	15
376.279	1	13
376.450	1	18
376.621	1	27
376.792	1	18
376.963	1	11
377.134	1	19
377.304	1	19
377.475	1	13
377.646	1	1
377.817	1	13
377.988	1	13
378.159	1	18
378.329	1	18
378.500	1	20
378.671	1	13
378.842	1	25
379.013	1	16
379.184	1	10
379.354	1	34
379.525	1	19
379.696	1	22
379.867	1	24
380.038	1	7
380.209	1	22
380.379	1	16
380.550	1	10
380.721	1	15
380.892	1	11
381.063	1	29
381.233	1	20
381.404	1	12
381.575	1	22
381.746	1	15
381.917	1	21
382.087	1	30
382.258	1	9
382.429	1	10
382.600	1	25
382.771	1	18
382.941	1	25
383.112	1	23
383.283	1	19
383.454	1	7
383.625	1	17
383.795	1	24
383.966	1	23
384.137	1	22
384.308	1	10
384.479	1	11
384.649	1	21
384.820	1	18
384.991	1	12
385.162	1	30
385.333	1	18
385.503	1	17
385.674	1	27
385.845	1	19
386.016	1	23
386.187	1	17
386.357	1	30
386.528	1	13
386.699	1	23
386.870	1	18
387.041	1	13
387.211	1	21
387.382	1	25
387.553	1	21
387.724	1	25
387.894	1	2
388.065	1	26
388.236	1	22
388.407	1	23
388.578	1	25
388.748	1	25
388.919	1	16
389.090	1	53
389.261	1	33
389.431	1	15
389.602	1	25
389.773	1	25
389.944	1	17
390.114	1	24
390.285	1	31
390.456	1	10
390.627	1	25
390.798	1	23
390.968	1	26
391.139	1	24
391.310	1	26
391.481	1	24
391.651	1	26
391.822	1	35
391.993	1	29
392.164	1	26
392.334	1	16
392.505	1	31
392.676	1	17
392.847	1	18
393.017	1	27
393.188	1	27
393.359	1	27
393.530	1	36
393.700	1	24
393.871	1	22
394.042	1	24
394.213	1	28
394.383	1	30
394.554	1	27
394.725	1	14
394.896	1	38
395.066	1	26
395.237	1	13
395.408	1	20
395.579	1	31
395.749	1	24
395.920	1	25
396.091	1	23
396.262	1	22
396.432	1	20
396.603	1	26
396.774	1	22
396.945	1	28
397.115	1	34
397.286	1	28
397.457	1	34
397.627	1	31
397.798	1	20
397.969	1	33
398.140	1	19
398.310	1	25
398.481	1	34
398.652	1	22
398.823	1	25
398.993	1	11
399.164	1	25
399.335	1	25
399.505	1	22
399.676	1	10
399.847	1	25
400.018	1	15
400.188	1	18
400.359	1	25
400.530	1	15
400.700	1	21
400.871	1	21
401.042	1	25
401.213	1	23
401.383	1	22
401.554	1	37
401.725	1	23
401.895	1	16
402.066	1	28
402.237	1	30
402.408	1	27
402.578	1	30
402.749	1	22
402.920	1	39
403.090	1	33
403.261	1	32
403.432	1	26
403.603	1	33
403.773	1	36
403.944	1	33
404.115	1	25
404.285	1	31
404.456	1	33
404.627	1	29
404.797	1	20
404.968	1	29
405.139	1	34
405.310	1	18
405.480	1	33
405.651	1	23
405.822	1	19
405.992	1	28
406.163	1	22
406.334	1	19
406.504	1	38
406.675	1	18
406.846	1	32
407.016	1	29
407.187	1	36
407.358	1	20
407.528	1	36
407.699	1	31
407.870	1	36
408.041	1	28
408.211	1	32
408.382	1	36
408.553	1	33
408.723	1	20
408.894	1	27
409.065	1	24
409.235	1	36
409.406	1	27
409.577	1	34
409.747	1	25
409.918	1	32
410.089	1	32
410.259	1	31
410.430	1	32
410.601	1	37
410.771	1	29
410.942	1	34
411.113	1	32
411.283	1	31
411.454	1	38
411.625	1	39
411.795	1	32
411.966	1	20
412.137	1	40
412.307	1	34
412.478	1	23
412.649	1	36
412.819	1	33
412.990	1	31
413.161	1	22
413.331	1	23
413.502	1	18
413.672	1	24
413.843	1	18
414.014	1	23
414.184	1	42
414.355	1	22
414.526	1	30
414.696	1	22
414.867	1	10
415.038	1	31
415.208	1	27
415.379	1	21
415.550	1	32
415.720	1	25
415.891	1	38
416.062	1	33
416.232	1	38
416.403	1	25
416.573	1	29
416.744	1	30
416.915	1	20
417.085	1	24
417.256	1	26
417.427	1	20
417.597	1	13
417.768	1	26
417.939	1	11
418.109	1	24
418.280	1	20
418.450	1	36
418.621	1	34
418.792	1	15
418.962	1	28
419.133	1	16
419.304	1	22
419.474	1	27
419.645	1	26
419.815	1	36
419.986	1	44
420.157	1	27
420.327	1	20
420.498	1	27
420.669	1	32
420.839	1	27
421.010	1	32
421.180	1	19
421.351	1	29
421.522	1	32
421.692	1	42
421.863	1	29
422.033	1	31
422.204	1	33
422.375	1	43
422.545	1	37
422.716	1	11
422.886	1	31
423.057	1	30
423.228	1	12
423.398	1	38
423.569	1	30
423.740	1	22
423.910	1	31
424.081	1	30
424.251	1	21
424.422	1	32
424.593	1	31
424.763	1	22
424.934	1	35
425.104	1	30
425.275	1	22
425.445	1	27
425.616	1	17
425.787	1	19
425.957	1	26
426.128	1	23
426.298	1	24
426.469	1	23
426.640	1	15
426.810	1	9
426.981	1	39
427.151	1	18
427.322	1	22
427.493	1	23
427.663	1	20
427.834	1	31
428.004	1	27
428.175	1	25
428.345	1	23
428.516	1	20
428.687	1	26
428.857	1	47
429.028	1	18
429.198	1	15
429.369	1	25
429.540	1	25
429.710	1	16
429.881	1	21
430.051	1	18
430.222	1	24
430.392	1	36
430.563	1	20
430.734	1	18
430.904	1	29
431.075	1	24
431.245	1	15
431.416	1	31
431.586	1	16
431.757	1	31
431.927	1	28
432.098	1	22
432.269	1	21
432.439	1	24
432.610	1	27
432.780	1	38
432.951	1	25
433.121	1	22
433.292	1	29
433.462	1	17
433.633	1	25
433.804	1	36
433.974	1	14
434.145	1	23
434.315	1	22
434.486	1	5
434.656	1	34
434.827	1	27
434.997	1	31
435.168	1	24
435.339	1	34
435.509	1	19
435.680	1	31
435.850	1	21
436.021	1	14
436.191	1	20
436.362	1	22
436.532	1	18
436.703	1	32
436.873	1	17
437.044	1	17
437.214	1	14
437.385	1	28
437.556	1	20
437.726	1	17
437.897	1	24
438.067	1	26
438.238	1	29
438.408	1	31
438.579	1	15
438.749	1	27
438.920	1	30
439.090	1	7
439.261	1	28
439.431	1	5
439.602	1	21
439.772	1	27
439.943	1	19
440.113	1	12
440.284	1	28
440.455	1	25
440.625	1	19
440.796	1	17
440.966	1	28
441.137	1	26
441.307	1	27
441.478	1	19
441.648	1	29
441.819	1	24
441.989	1	36
442.160	1	27
442.330	1	32
442.501	1	26
442.671	1	23
442.842	1	26
443.012	1	20
443.183	1	28
443.353	1	21
443.524	1	11
443.694	1	16
443.865	1	26
444.035	1	21
444.206	1	5
444.376	1	12
444.547	1	15
444.717	1	24
444.888	1	4
445.058	1	24
445.229	1	22
445.399	1	23
445.570	1	24
445.740	1	12
445.911	1	29
446.081	1	32
446.252	1	16
446.422	1	27
446.593	1	25
446.763	1	16
446.934	1	29
447.104	1	18
447.275	1	18
447.445	1	32
447.616	1	9
447.786	1	21
447.957	1	24
448.127	1	15
448.298	1	27
448.468	1	24
448.639	1	7
448.809	1	14
448.979	1	30
449.150	1	22
449.320	1	12
449.491	1	15
449.661	1	24
449.832	1	24
450.002	1	14
450.173	1	21
450.343	1	19
450.514	1	19
450.684	1	24
450.855	1	8
451.025	1	5
451.196	1	11
451.366	1	20
451.537	1	24
451.707	1	23
451.878	1	11
452.048	1	9
452.218	1	18
452.389	1	26
452.559	1	27
452.730	1	22
452.900	1	3
453.071	1	30
453.241	1	14
453.412	1	14
453.582	1	28
453.753	1	24
453.923	1	16
454.093	1	32
454.264	1	22
454.434	1	20
454.605	1	22
454.775	1	30
454.946	1	19
455.116	1	31
455.287	1	8
455.457	1	30
455.628	1	21
455.798	1	21
455.968	1	23
456.139	1	22
456.309	1	15
456.480	1	11
456.650	1	14
456.821	1	13
456.991	1	19
457.161	1	21
457.332	1	11
457.502	1	10
457.673	1	22
457.843	1	12
458.014	1	13
458.184	1	26
458.355	1	22
458.525	1	15
458.695	1	8
458.866	1	12
459.036	1	18
459.207	1	21
459.377	1	15
459.548	1	11
459.718	1	9
459.888	1	4
460.059	1	22
460.229	1	10
460.400	1	18
460.570	1	-2
460.740	1	21
460.911	1	11
461.081	1	31
461.252	1	19
461.422	1	16
461.593	1	19
461.763	1	15
461.933	1	11
462.104	1	5
462.274	1	8
462.445	1	14
462.615	1	25
462.785	1	18
462.956	1	11
463.126	1	12
463.297	1	14
463.467	1	20
463.638	1	15
463.808	1	14
463.978	1	7
464.149	1	12
464.319	1	11
464.490	1	13
464.660	1	20
464.830	1	19
465.001	1	1
465.171	1	30
465.342	1	7
465.512	1	15
465.682	1	7
465.853	1	6
466.023	1	14
466.194	1	16
466.364	1	25
466.534	1	9
466.705	1	30
466.875	1	-4
467.045	1	3
467.216	1	12
467.386	1	3
467.557	1	26
467.727	1	20
467.897	1	14
468.068	1	11
468.238	1	14
468.409	1	10
468.579	1	23
468.749	1	12
468.920	1	1
469.090	1	12
469.260	1	20
469.431	1	9
469.601	1	18
469.772	1	20
469.942	1	19
470.112	1	7
470.283	1	16
470.453	1	19
470.623	1	13
470.794	1	9
470.964	1	-3
471.135	1	16
471.305	1	24
471.475	1	22
471.646	1	23
471.816	1	14
471.986	1	7
472.157	1	16
472.327	1	12
472.497	1	21
472.668	1	17
472.838	1	6
473.009	1	13
473.179	1	16
473.349	1	15
473.520	1	20
473.690	1	12
473.860	1	14
474.031	1	-4
474.201	1	20
474.371	1	19
474.542	1	10
474.712	1	11
474.882	1	9
475.053	1	20
475.223	1	9
475.394	1	6
475.564	1	13
475.734	1	6
475.905	1	17
476.075	1	17
476.245	1	22
476.416	1	3
476.586	1	2
476.756	1	13
476.927	1	14
477.097	1	9
477.267	1	17
477.438	1	16
477.608	1	25
477.778	1	1
477.949	1	10
478.119	1	13
478.289	1	0
478.460	1	10
478.630	1	10
478.800	1	5
478.971	1	6
479.141	1	21
479.311	1	18
479.482	1	-1
479.652	1	20
479.822	1	6
479.993	1	2
480.163	1	8
480.333	1	18
480.504	1	15
480.674	1	11
480.844	1	11
481.015	1	17
481.185	1	20
481.355	1	12
481.525	1	3
481.696	1	7
481.866	1	17
482.036	1	6
482.207	1	12
482.377	1	2
482.547	1	13
482.718	1	9
482.888	1	14
483.058	1	13
483.229	1	-3
483.399	1	17
483.569	1	9
483.740	1	7
483.910	1	4
484.080	1	13
484.250	1	9
484.421	1	3
484.591	1	6
484.761	1	14
484.932	1	11
485.102	1	13
485.272	1	9
485.443	1	12
485.613	1	8
485.783	1	13
485.953	1	8
486.124	1	10
486.294	1	13
486.464	1	24
486.635	1	6
486.805	1	7
486.975	1	-5
487.146	1	15
487.316	1	16
487.486	1	15
487.656	1	11
487.827	1	11
487.997	1	-2
488.167	1	16
488.338	1	11
488.508	1	15
488.678	1	1
488.848	1	11
489.019	1	8
489.189	1	18
489.359	1	9
489.529	1	14
489.700	1	6
489.870	1	14
490.040	1	9
490.211	1	5
490.381	1	14
490.551	1	16
490.721	1	6
490.892	1	-8
491.062	1	10
491.232	1	9
491.402	1	2
491.573	1	15
491.743	1	11
491.913	1	3
492.084	1	16
492.254	1	7
492.424	1	14
492.594	1	6
492.765	1	17
492.935	1	16
493.105	1	12
493.275	1	4
493.446	1	2
493.616	1	-5
493.786	1	10
493.956	1	4
494.127	1	-15
494.297	1	1
494.467	1	10
494.637	1	7
494.808	1	7
494.978	1	7
495.148	1	2
495.318	1	5
495.489	1	1
495.659	1	7
495.829	1	7
495.999	1	5
496.170	1	17
496.340	1	1
496.510	1	19
496.680	1	11
496.851	1	13
497.021	1	2
497.191	1	13
497.361	1	-11
497.532	1	2
497.702	1	8
497.872	1	7
498.042	1	7
498.213	1	1
498.383	1	-1
498.553	1	13
498.723	1	-3
498.894	1	7
499.064	1	9
499.234	1	8
499.404	1	11
499.574	1	17
499.745	1	6
499.915	1	21
500.085	1	5
500.255	1	-10
500.426	1	-3
500.596	1	-8
500.766	1	-5
500.936	1	-9
501.106	1	5
501.277	1	-2
501.447	1	13
501.617	1	3
501.787	1	-2
501.958	1	12
502.128	1	3
502.298	1	2
502.468	1	7
502.638	1	13
502.809	1	9
502.979	1	6
503.149	1	2
503.319	1	7
503.489	1	-9
503.660	1	-2
503.830	1	10
504.000	1	4
504.170	1	5
504.340	1	1
504.511	1	7
504.681	1	1
504.851	1	5
505.021	1	5
505.192	1	-4
505.362	1	10
505.532	1	-1
505.702	1	18
505.872	1	12
506.043	1	16
506.213	1	4
506.383	1	-6
506.553	1	15
506.723	1	-1
506.893	1	14
507.064	1	15
507.234	1	12
507.404	1	4
507.574	1	4
507.744	1	7
507.915	1	5
508.085	1	-1
508.255	1	7
508.425	1	-4
508.595	1	6
508.766	1	-4
508.936	1	13
509.106	1	13
509.276	1	23
509.446	1	-8
509.616	1	2
509.787	1	2
509.957	1	8
510.127	1	-2
510.297	1	1
510.467	1	10
510.638	1	7
510.808	1	10
510.978	1	-4
511.148	1	3
511.318	1	1
511.488	1	11
511.659	1	8
511.829	1	0
511.999	1	-2
512.169	1	8
512.339	1	8
512.509	1	3
512.680	1	1
512.850	1	4
513.020	1	4
513.190	1	-3
513.360	1	10
513.530	1	-2
513.700	1	6
513.871	1	2
514.041	1	7
514.211	1	14
514.381	1	14
514.551	1	3
514.721	1	3
514.892	1	-3
515.062	1	5
515.232	1	-3
515.402	1	2
515.572	1	9
515.742	1	8
515.912	1	9
516.083	1	-2
516.253	1	7
516.423	1	5
516.593	1	-4
516.763	1	17
516.933	1	6
517.104	1	13
517.274	1	-5
517.444	1	11
517.614	1	-2
517.784	1	5
517.954	1	-7
518.124	1	1
518.294	1	7
518.465	1	-8
518.635	1	19
518.805	1	1
518.975	1	10
519.145	1	5
519.315	1	3
519.485	1	-5
519.656	1	-5
519.826	1	-4
519.996	1	12
520.166	1	3
520.336	1	-6
520.506	1	-4
520.676	1	9
520.846	1	9
521.017	1	0
521.187	1	11
521.357	1	8
521.527	1	-4
521.697	1	1
521.867	1	17
522.037	1	-5
522.207	1	9
522.377	1	14
522.548	1	-1
522.718	1	-5
522.888	1	3
523.058	1	11
523.228	1	-5
523.398	1	-10
523.568	1	-5
523.738	1	5
523.909	1	1
524.079	1	1
524.249	1	-5
524.419	1	8
524.589	1	2
524.759	1	7
524.929	1	13
525.099	1	3
525.269	1	-1
525.439	1	0
525.610	1	12
525.780	1	5
525.950	1	6
526.120	1	0
526.290	1	-11
526.460	1	-16
526.630	1	-1
526.800	1	1
526.970	1	4
527.140	1	2
527.311	1	2
527.481	1	5
527.651	1	0
527.821	1	4
527.991	1	-1
528.161	1	8
528.331	1	-2
528.501	1	-4
528.671	1	8
528.841	1	13
529.011	1	-5
529.181	1	-12
529.352	1	-3
529.522	1	1
529.692	1	2
529.862	1	-6
530.032	1	-8
530.202	1	2
530.372	1	-2
530.542	1	-6
530.712	1	-2
530.882	1	-1
531.052	1	3
531.222	1	7
531.392	1	0
531.563	1	12
531.733	1	1
531.903	1	2
532.073	1	13
532.243	1	6
532.413	1	12
532.583	1	-3
532.753	1	6
532.923	1	8
533.093	1	-9
533.263	1	2
533.433	1	0
533.603	1	1
533.773	1	5
533.943	1	6
534.113	1	4
534.284	1	9
534.454	1	-2
534.624	1	6
534.794	1	5
534.964	1	0
535.134	1	-9
535.304	1	0
535.474	1	11
535.644	1	2
535.814	1	5
535.984	1	2
536.154	1	-1
536.324	1	-1
536.494	1	10
536.664	1	9
536.834	1	3
537.004	1	-2
537.174	1	6
537.344	1	-1
537.514	1	1
537.685	1	10
537.855	1	0
538.025	1	10
538.195	1	5
538.365	1	0
538.535	1	-4
538.705	1	6
538.875	1	8
539.045	1	-12
539.215	1	-10
539.385	1	2
539.555	1	0
539.725	1	8
539.895	1	2
540.065	1	2
540.235	1	-11
540.405	1	3
540.575	1	7
540.745	1	-3
540.915	1	3
541.085	1	-11
541.255	1	2
541.425	1	-2
541.595	1	10
541.765	1	6
541.935	1	6
542.105	1	-7
542.275	1	4
542.445	1	-6
542.615	1	3
542.785	1	-6
542.955	1	12
543.125	1	7
543.295	1	10
543.465	1	5
543.635	1	-5
543.805	1	11
543.975	1	8
544.145	1	2
544.315	1	-6
544.485	1	0
544.655	1	4
544.825	1	1
544.995	1	4
545.165	1	5
545.335	1	5
545.505	1	-3
545.675	1	9
545.845	1	9
546.015	1	-18
546.185	1	2
546.355	1	1
546.525	1	4
546.695	1	2
546.865	1	6
547.035	1	-1
547.205	1	9
547.375	1	19
547.545	1	5
547.715	1	0
547.885	1	-6
548.055	1	-11
548.225	1	12
548.395	1	3
548.565	1	10
548.735	1	-4
548.905	1	12
549.075	1	4
549.245	1	8
549.415	1	9
549.585	1	4
549.755	1	-3
549.925	1	2
550.095	1	-7
550.265	1	-2
550.435	1	7
550.605	1	6
550.775	1	-1
550.945	1	-7
551.115	1	18
551.285	1	-1
551.455	1	14
551.625	1	-3
551.795	1	-7
551.965	1	0
552.135	1	-4
552.305	1	8
552.475	1	2
552.645	1	4
552.815	1	7
552.985	1	-6
553.155	1	-5
553.325	1	5
553.495	1	-1
553.665	1	-2
553.835	1	5
554.004	1	3
554.174	1	0
554.344	1	3
554.514	1	-3
554.684	1	6
554.854	1	-7
555.024	1	13
555.194	1	6
555.364	1	0
555.534	1	-14
555.704	1	1
555.874	1	4
556.044	1	3
556.214	1	10
556.384	1	7
556.554	1	7
556.724	1	8
556.894	1	-9
557.064	1	-1
557.234	1	0
557.404	1	8
557.573	1	-2
557.743	1	-1
557.913	1	5
558.083	1	2
558.253	1	4
558.423	1	9
558.593	1	5
558.763	1	2
558.933	1	4
559.103	1	-5
559.273	1	4
559.443	1	-1
559.613	1	3
559.783	1	1
559.953	1	-3
560.122	1	4
560.292	1	-6
560.462	1	-2
560.632	1	2
560.802	1	6
560.972	1	-5
561.142	1	2
561.312	1	0
561.482	1	6
561.652	1	0
561.822	1	1
561.992	1	7
562.162	1	0
562.331	1	-6
562.501	1	8
562.671	1	0
562.841	1	-13
563.011	1	0
563.181	1	2
563.351	1	-3
563.521	1	1
563.691	1	-2
563.861	1	6
564.031	1	1
564.201	1	3
564.370	1	7
564.540	1	2
564.710	1	-1
564.880	1	6
565.050	1	-1
565.220	1	5
565.390	1	-9
565.560	1	7
565.730	1	8
565.900	1	-2
566.069	1	9
566.239	1	10
566.409	1	7
566.579	1	-1
566.749	1	-1
566.919	1	0
567.089	1	-18
567.259	1	7
567.429	1	8
567.599	1	4
567.768	1	-11
567.938	1	-2
568.108	1	-5
568.278	1	6
568.448	1	2
568.618	1	3
568.788	1	7
568.958	1	-1
569.128	1	7
569.297	1	-1
569.467	1	12
569.637	1	0
569.807	1	1
569.977	1	2
570.147	1	1
570.317	1	8
570.487	1	1
570.656	1	9
570.826	1	5
570.996	1	9
571.166	1	-2
571.336	1	-8
571.506	1	-3
571.676	1	5
571.846	1	11
572.015	1	-1
572.185	1	11
572.355	1	-3
572.525	1	-10
572.695	1	4
572.865	1	7
573.035	1	2
573.205	1	-3
573.374	1	-7
573.544	1	7
573.714	1	-8
573.884	1	-1
574.054	1	-7
574.224	1	-2
574.394	1	1
574.563	1	-7
574.733	1	5
574.903	1	1
575.073	1	12
575.243	1	2
575.413	1	-3
575.583	1	3
575.752	1	2
575.922	1	14
576.092	1	-7
576.262	1	6
576.432	1	2
576.602	1	1
576.772	1	-1
576.941	1	-2
577.111	1	-5
577.281	1	3
577.451	1	1
577.621	1	6
577.791	1	8
577.960	1	5
578.130	1	-6
578.300	1	-4
578.470	1	-7
578.640	1	5
578.810	1	-1
578.979	1	3
579.149	1	-2
579.319	1	5
579.489	1	9
579.659	1	-1
579.829	1	0
579.998	1	-14
580.168	1	-1
580.338	1	1
580.508	1	-8
580.678	1	2
580.848	1	1
581.017	1	6
581.187	1	1
581.357	1	1
581.527	1	3
581.697	1	-1
581.867	1	3
582.036	1	-10
582.206	1	12
582.376	1	-10
582.546	1	-5
582.716	1	12
582.885	1	-2
583.055	1	-15
583.225	1	-4
583.395	1	10
583.565	1	13
583.735	1	-1
583.904	1	0
584.074	1	-7
584.244	1	-2
584.414	1	-6
584.584	1	4
584.753	1	4
584.923	1	0
585.093	1	7
585.263	1	-5
585.433	1	1
585.602	1	7
585.772	1	17
585.942	1	1
586.112	1	-2
586.282	1	0
586.451	1	7
586.621	1	4
586.791	1	-7
586.961	1	2
587.131	1	-8
587.300	1	11
587.470	1	-2
587.640	1	-2
587.810	1	-13
587.980	1	7
588.149	1	3
588.319	1	9
588.489	1	12
588.659	1	-12
588.829	1	0
588.998	1	3
589.168	1	11
589.338	1	3
589.508	1	1
589.677	1	4
589.847	1	4
590.017	1	3
590.187	1	-1
590.357	1	0
590.526	1	-4
590.696	1	3
590.866	1	-4
591.036	1	-5
591.205	1	8
591.375	1	1
591.545	1	-3
591.715	1	1
591.885	1	20
592.054	1	7
592.224	1	-5
592.394	1	-5
592.564	1	-7
592.733	1	-1
592.903	1	-5
593.073	1	0
593.243	1	2
593.412	1	-3
593.582	1	1
593.752	1	5
593.922	1	5
594.091	1	6
594.261	1	-7
594.431	1	2
594.601	1	-1
594.771	1	5
594.940	1	3
595.110	1	2
595.280	1	7
595.450	1	5
595.619	1	7
595.789	1	2
595.959	1	-3
596.129	1	-2
596.298	1	7
596.468	1	-10
596.638	1	4
596.808	1	-11
596.977	1	2
597.147	1	-4
597.317	1	3
597.487	1	0
597.656	1	2
597.826	1	5
597.996	1	-7
598.166	1	-1
598.335	1	-6
598.505	1	11
598.675	1	-3
598.844	1	15
599.014	1	-5
599.184	1	-1
599.354	1	17
599.523	1	2
599.693	1	-3
599.863	1	4
600.033	1	-1
600.202	1	-9
600.372	1	-1
600.542	1	6
600.712	1	4
600.881	1	1
601.051	1	3
601.221	1	-6
601.390	1	6
601.560	1	-1
601.730	1	-4
601.900	1	0
602.069	1	4
602.239	1	0
602.409	1	4
602.578	1	6
602.748	1	1
602.918	1	-5
603.088	1	2
603.257	1	-4
603.427	1	7
603.597	1	1
603.767	1	0
603.936	1	8
604.106	1	0
604.276	1	2
604.445	1	-8
604.615	1	-3
604.785	1	-2
604.954	1	4
605.124	1	3
605.294	1	-5
605.464	1	-7
605.633	1	4
605.803	1	-2
605.973	1	-2
606.142	1	5
606.312	1	9
606.482	1	-12
606.652	1	3
606.821	1	-5
606.991	1	7
607.161	1	-3
607.330	1	-5
607.500	1	3
607.670	1	5
607.839	1	3
608.009	1	7
608.179	1	5
608.348	1	-10
608.518	1	12
608.688	1	-6
608.858	1	-10
609.027	1	5
609.197	1	1
609.367	1	-3
609.536	1	-5
609.706	1	17
609.876	1	3
610.045	1	-1
610.215	1	8
610.385	1	-5
610.554	1	5
610.724	1	0
610.894	1	6
611.063	1	3
611.233	1	11
611.403	1	4
611.572	1	0
611.742	1	-9
611.912	1	3
612.081	1	1
612.251	1	6
612.421	1	5
612.590	1	8
612.760	1	7
612.930	1	5
613.099	1	3
613.269	1	-1
613.439	1	-3
613.608	1	4
613.778	1	6
613.948	1	10
614.117	1	-7
614.287	1	-3
614.457	1	-1
614.626	1	-7
614.796	1	6
614.966	1	6
615.135	1	17
615.305	1	7
615.475	1	-5
615.644	1	16
615.814	1	8
615.984	1	-2
616.153	1	4
616.323	1	-2
616.493	1	-6
616.662	1	-2
616.832	1	6
617.002	1	-2
617.171	1	8
617.341	1	1
617.511	1	-8
617.680	1	-4
617.850	1	6
618.019	1	-1
618.189	1	9
618.359	1	6
618.528	1	5
618.698	1	11
618.868	1	-4
619.037	1	-2
619.207	1	-1
619.377	1	2
619.546	1	4
619.716	1	-10
619.885	1	4
620.055	1	-4
620.225	1	21
620.394	1	5
620.564	1	6
620.734	1	7
620.903	1	-9
621.073	1	5
621.242	1	7
621.412	1	3
621.582	1	15
621.751	1	-11
621.921	1	11
622.091	1	4
622.260	1	13
622.430	1	11
622.599	1	-3
622.769	1	-8
622.939	1	-8
623.108	1	7
623.278	1	8
623.448	1	0
623.617	1	0
623.787	1	6
623.956	1	8
624.126	1	7
624.296	1	8
624.465	1	4
624.635	1	-5
624.804	1	-3
624.974	1	1
625.144	1	0
625.313	1	22
625.483	1	0
625.652	1	-2
625.822	1	5
625.992	1	-6
626.161	1	2
626.331	1	-6
626.501	1	1
626.670	1	2
626.840	1	2
627.009	1	-2
627.179	1	3
627.348	1	7
627.518	1	9
627.688	1	-10
627.857	1	7
628.027	1	-2
628.196	1	12
628.366	1	-4
628.536	1	2
628.705	1	-7
628.875	1	-2
629.044	1	-3
629.214	1	9
629.384	1	7
629.553	1	-2
629.723	1	-2
629.892	1	0
630.062	1	12
630.232	1	7
630.401	1	1
630.571	1	-4
630.740	1	2
630.910	1	6
631.079	1	3
631.249	1	-3
631.419	1	5
631.588	1	-1
631.758	1	-3
631.927	1	10
632.097	1	-2
632.266	1	10
632.436	1	2
632.606	1	-1
632.775	1	10
632.945	1	-4
633.114	1	-6
633.284	1	8
633.453	1	6
633.623	1	15
633.793	1	-1
633.962	1	-5
634.132	1	6
634.301	1	4
634.471	1	10
634.640	1	-4
634.810	1	4
634.979	1	6
635.149	1	5
635.319	1	4
635.488	1	-4
635.658	1	0
635.827	1	5
635.997	1	5
636.166	1	0
636.336	1	-5
636.505	1	13
636.675	1	6
636.845	1	-3
637.014	1	-2
637.184	1	2
637.353	1	4
637.523	1	-4
637.692	1	12
637.862	1	-6
638.031	1	-7
638.201	1	10
638.370	1	1
638.540	1	-3
638.710	1	-12
638.879	1	-3
639.049	1	3
639.218	1	7
639.388	1	2
639.557	1	9
639.727	1	7
639.896	1	7
640.066	1	-1
640.235	1	1
640.405	1	9
640.574	1	14
640.744	1	0
640.914	1	6
641.083	1	-1
641.253	1	3
641.422	1	-10
641.592	1	13
641.761	1	0
641.931	1	13
642.100	1	8
642.270	1	3
642.439	1	11
642.609	1	10
642.778	1	1
642.948	1	6
643.117	1	9
643.287	1	6
643.456	1	0
643.626	1	-3
643.795	1	3
643.965	1	5
644.134	1	8
644.304	1	4
644.473	1	-1
644.643	1	-1
644.812	1	-2
644.982	1	5
645.151	1	5
645.321	1	0
645.490	1	14
645.660	1	2
645.829	1	6
645.999	1	-2
646.168	1	24
646.338	1	-6
646.507	1	-3
646.677	1	7
646.846	1	7
647.016	1	17
647.185	1	12
647.355	1	9
647.524	1	-5
647.694	1	-3
647.863	1	-4
648.033	1	7
648.202	1	6
648.372	1	-8
648.541	1	-1
648.711	1	10
648.880	1	9
649.050	1	1
649.219	1	1
649.389	1	-4
649.558	1	7
649.728	1	-5
649.897	1	2
650.067	1	5
650.236	1	2
650.406	1	-1
650.575	1	-4
650.745	1	-6
650.914	1	9
651.084	1	5
651.253	1	1
651.423	1	-7
651.592	1	-6
651.762	1	7
651.931	1	3
652.101	1	0
652.270	1	-1
652.440	1	5
652.609	1	8
652.778	1	10
652.948	1	3
653.117	1	-3
653.287	1	-11
653.456	1	0
653.626	1	8
653.795	1	5
653.965	1	3
654.134	1	-3
654.304	1	3
654.473	1	6
654.643	1	-2
654.812	1	6
654.982	1	1
655.151	1	4
655.320	1	3
655.490	1	-10
655.659	1	6
655.829	1	6
655.998	1	7
656.168	1	-5
656.337	1	6
656.507	1	-1
656.676	1	0
656.846	1	10
657.015	1	9
657.184	1	2
657.354	1	4
657.523	1	1
657.693	1	5
657.862	1	-2
658.032	1	0
658.201	1	0
658.371	1	6
658.540	1	3
658.709	1	11
658.879	1	4
659.048	1	6
659.218	1	-2
659.387	1	5
659.557	1	1
659.726	1	2
659.895	1	11
660.065	1	-4
660.234	1	-2
660.404	1	7
660.573	1	2
660.743	1	-1
660.912	1	0
661.081	1	0
661.251	1	-11
661.420	1	9
661.590	1	1
661.759	1	4
661.929	1	1
662.098	1	1
662.267	1	-1
662.437	1	5
662.606	1	-2
662.776	1	1
662.945	1	6
663.115	1	13
663.284	1	2
663.453	1	-2
663.623	1	-4
663.792	1	4
663.962	1	8
664.131	1	-2
664.300	1	-1
664.470	1	5
664.639	1	6
664.809	1	2
664.978	1	17
665.148	1	8
665.317	1	5
665.486	1	3
665.656	1	1
665.825	1	8
665.995	1	-9
666.164	1	-3
666.333	1	-9
666.503	1	-4
666.672	1	8
666.842	1	8
667.011	1	-1
667.180	1	0
667.350	1	10
667.519	1	9
667.689	1	-1
667.858	1	7
668.027	1	5
668.197	1	-5
668.366	1	0
668.536	1	13
668.705	1	1
668.874	1	9
669.044	1	2
669.213	1	12
669.382	1	8
669.552	1	-3
669.721	1	-4
669.891	1	-1
670.060	1	5
670.229	1	-3
670.399	1	8
670.568	1	5
670.738	1	0
670.907	1	-1
671.076	1	8
671.246	1	1
671.415	1	13
671.584	1	2
671.754	1	-6
671.923	1	2
672.093	1	1
672.262	1	7
672.431	1	8
672.601	1	1
672.770	1	4
672.939	1	5
673.109	1	4
673.278	1	6
673.448	1	6
673.617	1	1
673.786	1	-8
