325.333	1	9
325.504	1	-6
325.675	1	13
325.846	1	4
326.017	1	10
326.188	1	12
326.359	1	4
326.531	1	-4
326.702	1	-1
326.873	1	11
327.044	1	18
327.215	1	-5
327.386	1	0
327.557	1	-3
327.728	1	9
327.899	1	7
328.070	1	5
328.241	1	1
328.412	1	7
328.583	1	-9
328.754	1	13
328.926	1	10
329.097	1	0
329.268	1	14
329.439	1	10
329.610	1	11
329.781	1	6
329.952	1	12
330.123	1	-1
330.294	1	2
330.465	1	-2
330.636	1	3
330.807	1	4
330.978	1	1
331.149	1	10
331.320	1	5
331.492	1	8
331.663	1	5
331.834	1	8
332.005	1	3
332.176	1	11
332.347	1	-1
332.518	1	15
332.689	1	-4
332.860	1	0
333.031	1	10
333.202	1	2
333.373	1	3
333.544	1	9
333.715	1	7
333.886	1	-3
334.057	1	2
334.228	1	11
334.399	1	13
334.570	1	2
334.741	1	9
334.912	1	4
335.084	1	5
335.255	1	16
335.426	1	11
335.597	1	2
335.768	1	10
335.939	1	4
336.110	1	11
336.281	1	6
336.452	1	17
336.623	1	6
336.794	1	7
336.965	1	4
337.136	1	13
337.307	1	2
337.478	1	10
337.649	1	4
337.820	1	10
337.991	1	1
338.162	1	2
338.333	1	5
338.504	1	5
338.675	1	2
338.846	1	4
339.017	1	8
339.188	1	5
339.359	1	10
339.530	1	9
339.701	1	17
339.872	1	10
340.043	1	0
340.214	1	24
340.385	1	3
340.556	1	10
340.727	1	2
340.898	1	16
341.069	1	10
341.240	1	8
341.411	1	6
341.582	1	6
341.753	1	16
341.924	1	14
342.095	1	7
342.266	1	6
342.437	1	-2
342.608	1	12
342.779	1	10
342.950	1	2
343.121	1	15
343.292	1	12
343.463	1	20
343.634	1	5
343.805	1	16
343.976	1	13
344.147	1	7
344.318	1	0
344.489	1	2
344.660	1	9
344.831	1	19
345.002	1	8
345.173	1	15
345.344	1	8
345.515	1	10
345.686	1	13
345.857	1	9
346.028	1	10
346.199	1	17
346.370	1	7
346.541	1	4
346.712	1	4
346.883	1	3
347.054	1	16
347.225	1	0
347.396	1	8
347.567	1	2
347.738	1	10
347.909	1	19
348.080	1	10
348.251	1	10
348.422	1	15
348.593	1	-2
348.764	1	12
348.935	1	18
349.106	1	8
349.277	1	18
349.448	1	6
349.619	1	11
349.790	1	11
349.961	1	2
350.132	1	15
350.303	1	7
350.474	1	10
350.645	1	9
350.816	1	6
350.987	1	20
351.157	1	14
351.328	1	5
351.499	1	13
351.670	1	11
351.841	1	13
352.012	1	12
352.183	1	16
352.354	1	9
352.525	1	11
352.696	1	15
352.867	1	14
353.038	1	13
353.209	1	16
353.380	1	16
353.551	1	19
353.722	1	16
353.893	1	19
354.064	1	14
354.235	1	10
354.406	1	-4
354.576	1	12
354.747	1	9
354.918	1	17
355.089	1	16
355.260	1	21
355.431	1	7
355.602	1	15
355.773	1	3
355.944	1	15
356.115	1	8
356.286	1	15
356.457	1	5
356.628	1	6
356.799	1	11
356.970	1	22
357.141	1	24
357.311	1	25
357.482	1	4
357.653	1	5
357.824	1	17
357.995	1	19
358.166	1	13
358.337	1	3
358.508	1	22
358.679	1	5
358.850	1	22
359.021	1	12
359.192	1	24
359.363	1	15
359.533	1	6
359.704	1	11
359.875	1	9
360.046	1	29
360.217	1	15
360.388	1	18
360.559	1	18
360.730	1	3
360.901	1	13
361.072	1	20
361.243	1	11
361.414	1	22
361.584	1	8
361.755	1	18
361.926	1	21
362.097	1	16
362.268	1	19
362.439	1	1
362.610	1	14
362.781	1	2
362.952	1	19
363.123	1	12
363.293	1	22
363.464	1	13
363.635	1	25
363.806	1	14
363.977	1	28
364.148	1	11
364.319	1	1
364.490	1	29
364.661	1	13
364.832	1	19
365.002	1	32
365.173	1	20
365.344	1	11
365.515	1	25
365.686	1	15
365.857	1	23
366.028	1	24
366.199	1	10
366.370	1	6
366.540	1	19
366.711	1	19
366.882	1	15
367.053	1	15
367.224	1	17
367.395	1	10
367.566	1	21
367.737	1	19
367.908	1	18
368.078	1	11
368.249	1	15
368.420	1	18
368.591	1	21
368.762	1	17
368.933	1	13
369.104	1	12
369.274	1	30
369.445	1	20
369.616	1	11
369.787	1	13
369.958	1	17
370.129	1	16
370.300	1	12
370.471	1	8
370.641	1	16
370.812	1	20
370.983	1	11
371.154	1	17
371.325	1	16
371.496	1	17
371.667	1	28
371.837	1	23
372.008	1	14
372.179	1	10
372.350	1	24
372.521	1	30
372.692	1	24
372.863	1	9
373.033	1	28
373.204	1	5
373.375	1	18
373.546	1	26
373.717	1	7
373.888	1	24
374.059	1	5
374.229	1	21
374.400	1	3
374.571	1	11
374.742	1	24
374.913	1	10
375.084	1	14
375.254	1	19
375.425	1	24
375.596	1	24
375.767	1	18
375.938	1	12
376.109	1	20
376.279	1	17
376.450	1	13
376.621	1	32
376.792	1	16
376.963	1	14
377.134	1	22
377.304	1	24
377.475	1	7
377.646	1	16
377.817	1	27
377.988	1	24
378.159	1	24
378.329	1	23
378.500	1	22
378.671	1	19
378.842	1	13
379.013	1	14
379.184	1	11
379.354	1	22
379.525	1	22
379.696	1	22
379.867	1	33
380.038	1	31
380.209	1	22
380.379	1	33
380.550	1	15
380.721	1	12
380.892	1	25
381.063	1	29
381.233	1	20
381.404	1	33
381.575	1	19
381.746	1	18
381.917	1	14
382.087	1	20
382.258	1	20
382.429	1	20
382.600	1	22
382.771	1	22
382.941	1	25
383.112	1	20
383.283	1	29
383.454	1	14
383.625	1	22
383.795	1	30
383.966	1	24
384.137	1	21
384.308	1	20
384.479	1	26
384.649	1	14
384.820	1	18
384.991	1	19
385.162	1	29
385.333	1	22
385.503	1	13
385.674	1	28
385.845	1	25
386.016	1	26
386.187	1	12
386.357	1	36
386.528	1	18
386.699	1	22
386.870	1	33
387.041	1	23
387.211	1	22
387.382	1	36
387.553	1	20
387.724	1	24
387.894	1	23
388.065	1	17
388.236	1	33
388.407	1	29
388.578	1	21
388.748	1	35
388.919	1	29
389.090	1	28
389.261	1	28
389.431	1	9
389.602	1	19
389.773	1	27
389.944	1	21
390.114	1	22
390.285	1	35
390.456	1	24
390.627	1	22
390.798	1	18
390.968	1	29
391.139	1	24
391.310	1	13
391.481	1	25
391.651	1	27
391.822	1	25
391.993	1	23
392.164	1	21
392.334	1	21
392.505	1	32
392.676	1	7
392.847	1	19
393.017	1	18
393.188	1	26
393.359	1	39
393.530	1	34
393.700	1	30
393.871	1	34
394.042	1	12
394.213	1	29
394.383	1	26
394.554	1	20
394.725	1	25
394.896	1	36
395.066	1	28
395.237	1	38
395.408	1	19
395.579	1	36
395.749	1	35
395.920	1	31
396.091	1	22
396.262	1	26
396.432	1	20
396.603	1	32
396.774	1	21
396.945	1	39
397.115	1	34
397.286	1	32
397.457	1	36
397.627	1	26
397.798	1	29
397.969	1	26
398.140	1	13
398.310	1	34
398.481	1	31
398.652	1	23
398.823	1	33
398.993	1	27
399.164	1	26
399.335	1	22
399.505	1	19
399.676	1	29
399.847	1	32
400.018	1	24
400.188	1	35
400.359	1	38
400.530	1	24
400.700	1	40
400.871	1	28
401.042	1	36
401.213	1	33
401.383	1	26
401.554	1	32
401.725	1	31
401.895	1	20
402.066	1	30
402.237	1	31
402.408	1	35
402.578	1	41
402.749	1	18
402.920	1	32
403.090	1	30
403.261	1	19
403.432	1	32
403.603	1	34
403.773	1	32
403.944	1	39
404.115	1	32
404.285	1	36
404.456	1	37
404.627	1	31
404.797	1	30
404.968	1	30
405.139	1	36
405.310	1	27
405.480	1	31
405.651	1	34
405.822	1	23
405.992	1	30
406.163	1	28
406.334	1	29
406.504	1	35
406.675	1	26
406.846	1	30
407.016	1	32
407.187	1	33
407.358	1	34
407.528	1	35
407.699	1	31
407.870	1	43
408.041	1	23
408.211	1	32
408.382	1	37
408.553	1	34
408.723	1	33
408.894	1	32
409.065	1	37
409.235	1	31
409.406	1	29
409.577	1	24
409.747	1	35
409.918	1	42
410.089	1	39
410.259	1	29
410.430	1	32
410.601	1	35
410.771	1	43
410.942	1	32
411.113	1	40
411.283	1	32
411.454	1	35
411.625	1	49
411.795	1	38
411.966	1	29
412.137	1	33
412.307	1	31
412.478	1	39
412.649	1	28
412.819	1	36
412.990	1	30
413.161	1	20
413.331	1	34
413.502	1	36
413.672	1	21
413.843	1	35
414.014	1	26
414.184	1	37
414.355	1	37
414.526	1	37
414.696	1	34
414.867	1	28
415.038	1	30
415.208	1	20
415.379	1	27
415.550	1	38
415.720	1	26
415.891	1	40
416.062	1	27
416.232	1	35
416.403	1	37
416.573	1	32
416.744	1	33
416.915	1	25
417.085	1	41
417.256	1	27
417.427	1	31
417.597	1	23
417.768	1	42
417.939	1	26
418.109	1	33
418.280	1	20
418.450	1	47
418.621	1	24
418.792	1	20
418.962	1	32
419.133	1	36
419.304	1	18
419.474	1	36
419.645	1	34
419.815	1	22
419.986	1	32
420.157	1	30
420.327	1	21
420.498	1	41
420.669	1	37
420.839	1	40
421.010	1	29
421.180	1	30
421.351	1	32
421.522	1	38
421.692	1	32
421.863	1	42
422.033	1	36
422.204	1	33
422.375	1	32
422.545	1	43
422.716	1	28
422.886	1	29
423.057	1	20
423.228	1	25
423.398	1	26
423.569	1	27
423.740	1	33
423.910	1	41
424.081	1	27
424.251	1	31
424.422	1	33
424.593	1	32
424.763	1	27
424.934	1	40
425.104	1	38
425.275	1	26
425.445	1	25
425.616	1	31
425.787	1	19
425.957	1	29
426.128	1	29
426.298	1	33
426.469	1	29
426.640	1	30
426.810	1	18
426.981	1	33
427.151	1	18
427.322	1	26
427.493	1	25
427.663	1	29
427.834	1	32
428.004	1	34
428.175	1	32
428.345	1	25
428.516	1	28
428.687	1	32
428.857	1	37
429.028	1	13
429.198	1	28
429.369	1	28
429.540	1	29
429.710	1	33
429.881	1	23
430.051	1	28
430.222	1	31
430.392	1	34
430.563	1	18
430.734	1	23
430.904	1	32
431.075	1	28
431.245	1	26
431.416	1	33
431.586	1	17
431.757	1	41
431.927	1	32
432.098	1	19
432.269	1	28
432.439	1	26
432.610	1	28
432.780	1	22
432.951	1	27
433.121	1	25
433.292	1	33
433.462	1	32
433.633	1	27
433.804	1	32
433.974	1	27
434.145	1	25
434.315	1	26
434.486	1	21
434.656	1	35
434.827	1	30
434.997	1	39
435.168	1	32
435.339	1	37
435.509	1	28
435.680	1	32
435.850	1	18
436.021	1	21
436.191	1	24
436.362	1	28
436.532	1	35
436.703	1	24
436.873	1	26
437.044	1	33
437.214	1	10
437.385	1	27
437.556	1	27
437.726	1	30
437.897	1	27
438.067	1	28
438.238	1	25
438.408	1	32
438.579	1	27
438.749	1	26
438.920	1	36
439.090	1	19
439.261	1	38
439.431	1	14
439.602	1	27
439.772	1	28
439.943	1	20
440.113	1	26
440.284	1	28
440.455	1	22
440.625	1	37
440.796	1	28
440.966	1	33
441.137	1	35
441.307	1	31
441.478	1	25
441.648	1	28
441.819	1	27
441.989	1	37
442.160	1	27
442.330	1	24
442.501	1	22
442.671	1	30
442.842	1	26
443.012	1	30
443.183	1	26
443.353	1	21
443.524	1	30
443.694	1	23
443.865	1	30
444.035	1	33
444.206	1	20
444.376	1	29
444.547	1	19
444.717	1	23
444.888	1	22
445.058	1	22
445.229	1	26
445.399	1	28
445.570	1	11
445.740	1	30
445.911	1	30
446.081	1	16
446.252	1	29
446.422	1	21
446.593	1	21
446.763	1	29
446.934	1	17
447.104	1	17
447.275	1	35
447.445	1	19
447.616	1	20
447.786	1	34
447.957	1	14
448.127	1	12
448.298	1	30
448.468	1	23
448.639	1	16
448.809	1	21
448.979	1	31
449.150	1	20
449.320	1	15
449.491	1	20
449.661	1	18
449.832	1	15
450.002	1	15
450.173	1	34
450.343	1	12
450.514	1	21
450.684	1	32
450.855	1	19
451.025	1	16
451.196	1	24
451.366	1	35
451.537	1	36
451.707	1	27
451.878	1	20
452.048	1	15
452.218	1	14
452.389	1	37
452.559	1	31
452.730	1	20
452.900	1	19
453.071	1	23
453.241	1	26
453.412	1	27
453.582	1	25
453.753	1	32
453.923	1	24
454.093	1	11
454.264	1	29
454.434	1	22
454.605	1	8
454.775	1	19
454.946	1	9
455.116	1	17
455.287	1	19
455.457	1	16
455.628	1	12
455.798	1	23
455.968	1	21
456.139	1	25
456.309	1	14
456.480	1	17
456.650	1	18
456.821	1	9
456.991	1	18
457.161	1	21
457.332	1	23
457.502	1	17
457.673	1	15
457.843	1	21
458.014	1	25
458.184	1	20
458.355	1	18
458.525	1	22
458.695	1	9
458.866	1	7
459.036	1	25
459.207	1	21
459.377	1	16
459.548	1	22
459.718	1	12
459.888	1	16
460.059	1	14
460.229	1	8
460.400	1	6
460.570	1	9
460.740	1	18
460.911	1	14
461.081	1	27
461.252	1	18
461.422	1	18
461.593	1	25
461.763	1	25
461.933	1	10
462.104	1	8
462.274	1	6
462.445	1	15
462.615	1	25
462.785	1	23
462.956	1	13
463.126	1	21
463.297	1	19
463.467	1	25
463.638	1	20
463.808	1	24
463.978	1	2
464.149	1	15
464.319	1	20
464.490	1	19
464.660	1	15
464.830	1	14
465.001	1	7
465.171	1	6
465.342	1	3
465.512	1	18
465.682	1	16
465.853	1	6
466.023	1	9
466.194	1	15
466.364	1	34
466.534	1	1
466.705	1	33
466.875	1	-2
467.045	1	13
467.216	1	17
467.386	1	15
467.557	1	26
467.727	1	16
467.897	1	10
468.068	1	12
468.238	1	14
468.409	1	13
468.579	1	12
468.749	1	14
468.920	1	0
469.090	1	13
469.260	1	16
469.431	1	14
469.601	1	23
469.772	1	22
469.942	1	18
470.112	1	10
470.283	1	12
470.453	1	23
470.623	1	24
470.794	1	13
470.964	1	1
471.135	1	23
471.305	1	10
471.475	1	9
471.646	1	10
471.816	1	14
471.986	1	17
472.157	1	17
472.327	1	23
472.497	1	16
472.668	1	23
472.838	1	10
473.009	1	14
473.179	1	12
473.349	1	10
473.520	1	28
473.690	1	13
473.860	1	5
474.031	1	2
474.201	1	12
474.371	1	21
474.542	1	18
474.712	1	9
474.882	1	13
475.053	1	14
475.223	1	20
475.394	1	13
475.564	1	15
475.734	1	9
475.905	1	20
476.075	1	21
476.245	1	13
476.416	1	14
476.586	1	9
476.756	1	17
476.927	1	7
477.097	1	20
477.267	1	4
477.438	1	28
477.608	1	17
477.778	1	7
477.949	1	10
478.119	1	15
478.289	1	4
478.460	1	8
478.630	1	5
478.800	1	13
478.971	1	10
479.141	1	15
479.311	1	14
479.482	1	11
479.652	1	12
479.822	1	10
479.993	1	12
480.163	1	9
480.333	1	12
480.504	1	10
480.674	1	21
480.844	1	20
481.015	1	19
481.185	1	5
481.355	1	12
481.525	1	8
481.696	1	16
481.866	1	11
482.036	1	11
482.207	1	17
482.377	1	3
482.547	1	7
482.718	1	16
482.888	1	21
483.058	1	18
483.229	1	14
483.399	1	17
483.569	1	1
483.740	1	11
483.910	1	1
484.080	1	17
484.250	1	2
484.421	1	-2
484.591	1	9
484.761	1	13
484.932	1	5
485.102	1	18
485.272	1	8
485.443	1	9
485.613	1	8
485.783	1	8
485.953	1	10
486.124	1	12
486.294	1	18
486.464	1	23
486.635	1	5
486.805	1	18
486.975	1	17
487.146	1	7
487.316	1	8
487.486	1	11
487.656	1	11
487.827	1	6
487.997	1	1
488.167	1	20
488.338	1	12
488.508	1	13
488.678	1	8
488.848	1	15
489.019	1	-3
489.189	1	20
489.359	1	7
489.529	1	18
489.700	1	10
489.870	1	17
490.040	1	14
490.211	1	-1
490.381	1	4
490.551	1	10
490.721	1	12
490.892	1	-10
491.062	1	9
491.232	1	5
491.402	1	12
491.573	1	18
491.743	1	10
491.913	1	15
492.084	1	13
492.254	1	5
492.424	1	10
492.594	1	8
492.765	1	7
492.935	1	19
493.105	1	3
493.275	1	4
493.446	1	1
493.616	1	6
493.786	1	9
493.956	1	5
494.127	1	4
494.297	1	0
494.467	1	9
494.637	1	7
494.808	1	12
494.978	1	12
495.148	1	7
495.318	1	14
495.489	1	4
495.659	1	13
495.829	1	7
495.999	1	16
496.170	1	5
496.340	1	-3
496.510	1	18
496.680	1	11
496.851	1	21
497.021	1	7
497.191	1	12
497.361	1	5
497.532	1	11
497.702	1	13
497.872	1	8
498.042	1	9
498.213	1	10
498.383	1	12
498.553	1	13
498.723	1	18
498.894	1	13
499.064	1	11
499.234	1	13
499.404	1	8
499.574	1	6
499.745	1	5
499.915	1	17
500.085	1	7
500.255	1	-8
500.426	1	0
500.596	1	-2
500.766	1	12
500.936	1	1
501.106	1	-1
501.277	1	-2
501.447	1	14
501.617	1	7
501.787	1	-6
501.958	1	11
502.128	1	13
502.298	1	7
502.468	1	0
502.638	1	5
502.809	1	-3
502.979	1	11
503.149	1	6
503.319	1	13
503.489	1	-7
503.660	1	-3
503.830	1	8
504.000	1	6
504.170	1	9
504.340	1	1
504.511	1	2
504.681	1	3
504.851	1	6
505.021	1	-1
505.192	1	2
505.362	1	3
505.532	1	-4
505.702	1	17
505.872	1	16
506.043	1	20
506.213	1	14
506.383	1	11
506.553	1	12
506.723	1	0
506.893	1	7
507.064	1	14
507.234	1	1
507.404	1	-2
507.574	1	13
507.744	1	8
507.915	1	11
508.085	1	5
508.255	1	4
508.425	1	-4
508.595	1	2
508.766	1	-7
508.936	1	14
509.106	1	9
509.276	1	2
509.446	1	0
509.616	1	-3
509.787	1	-1
509.957	1	3
510.127	1	-6
510.297	1	4
510.467	1	8
510.638	1	5
510.808	1	21
510.978	1	-4
511.148	1	8
511.318	1	7
511.488	1	5
511.659	1	13
511.829	1	-2
511.999	1	1
512.169	1	3
512.339	1	11
512.509	1	4
512.680	1	8
512.850	1	15
513.020	1	10
513.190	1	0
513.360	1	10
513.530	1	3
513.700	1	-1
513.871	1	-5
514.041	1	7
514.211	1	5
514.381	1	6
514.551	1	3
514.721	1	10
514.892	1	15
515.062	1	-3
515.232	1	2
515.402	1	4
515.572	1	6
515.742	1	4
515.912	1	3
516.083	1	5
516.253	1	16
516.423	1	7
516.593	1	14
516.763	1	4
516.933	1	5
517.104	1	8
517.274	1	5
517.444	1	7
517.614	1	-1
517.784	1	9
517.954	1	1
518.124	1	6
518.294	1	9
518.465	1	-2
518.635	1	13
518.805	1	10
518.975	1	10
519.145	1	1
519.315	1	9
519.485	1	-2
519.656	1	0
519.826	1	0
519.996	1	14
520.166	1	0
520.336	1	2
520.506	1	4
520.676	1	6
520.846	1	10
521.017	1	-5
521.187	1	7
521.357	1	-2
521.527	1	1
521.697	1	-3
521.867	1	16
522.037	1	9
522.207	1	2
522.377	1	8
522.548	1	-2
522.718	1	5
522.888	1	-3
523.058	1	5
523.228	1	-8
523.398	1	1
523.568	1	0
523.738	1	-1
523.909	1	-1
524.079	1	6
524.249	1	0
524.419	1	10
524.589	1	1
524.759	1	8
524.929	1	1
525.099	1	4
525.269	1	5
525.439	1	0
525.610	1	5
525.780	1	3
525.950	1	9
526.120	1	3
526.290	1	-10
526.460	1	-8
526.630	1	10
526.800	1	6
526.970	1	1
527.140	1	2
527.311	1	9
527.481	1	15
527.651	1	5
527.821	1	-10
527.991	1	-1
528.161	1	3
528.331	1	2
528.501	1	-3
528.671	1	7
528.841	1	2
529.011	1	11
529.181	1	3
529.352	1	4
529.522	1	4
529.692	1	13
529.862	1	3
530.032	1	-7
530.202	1	-10
530.372	1	5
530.542	1	5
530.712	1	4
530.882	1	10
531.052	1	6
531.222	1	5
531.392	1	1
531.563	1	6
531.733	1	2
531.903	1	-2
532.073	1	-3
532.243	1	12
532.413	1	14
532.583	1	2
532.753	1	-2
532.923	1	15
533.093	1	-1
533.263	1	8
533.433	1	-7
533.603	1	3
533.773	1	3
533.943	1	3
534.113	1	-4
534.284	1	1
534.454	1	1
534.624	1	3
534.794	1	-2
534.964	1	7
535.134	1	-3
535.304	1	6
535.474	1	3
535.644	1	8
535.814	1	7
535.984	1	14
536.154	1	3
536.324	1	0
536.494	1	12
536.664	1	3
536.834	1	2
537.004	1	9
537.174	1	-2
537.344	1	9
537.514	1	2
537.685	1	10
537.855	1	1
538.025	1	9
538.195	1	-6
538.365	1	4
538.535	1	2
538.705	1	3
538.875	1	3
539.045	1	3
539.215	1	-12
539.385	1	5
539.555	1	-3
539.725	1	6
539.895	1	6
540.065	1	4
540.235	1	6
540.405	1	1
540.575	1	2
540.745	1	5
540.915	1	7
541.085	1	1
541.255	1	2
541.425	1	2
541.595	1	3
541.765	1	3
541.935	1	6
542.105	1	4
542.275	1	7
542.445	1	5
542.615	1	7
542.785	1	1
542.955	1	16
543.125	1	10
543.295	1	0
543.465	1	3
543.635	1	-2
543.805	1	10
543.975	1	-2
544.145	1	6
544.315	1	-4
544.485	1	3
544.655	1	4
544.825	1	3
544.995	1	0
545.165	1	6
545.335	1	2
545.505	1	-1
545.675	1	5
545.845	1	6
546.015	1	0
546.185	1	-1
546.355	1	1
546.525	1	7
546.695	1	-1
546.865	1	9
547.035	1	3
547.205	1	8
547.375	1	10
547.545	1	9
547.715	1	-2
547.885	1	-4
548.055	1	-5
548.225	1	11
548.395	1	6
548.565	1	6
548.735	1	-4
548.905	1	6
549.075	1	-5
549.245	1	9
549.415	1	3
549.585	1	4
549.755	1	-1
549.925	1	6
550.095	1	-8
550.265	1	3
550.435	1	3
550.605	1	7
550.775	1	1
550.945	1	5
551.115	1	11
551.285	1	-5
551.455	1	10
551.625	1	-11
551.795	1	5
551.965	1	-2
552.135	1	1
552.305	1	9
552.475	1	0
552.645	1	0
552.815	1	8
552.985	1	-2
553.155	1	-7
553.325	1	-1
553.495	1	5
553.665	1	7
553.835	1	7
554.004	1	1
554.174	1	-12
554.344	1	1
554.514	1	-2
554.684	1	11
554.854	1	-8
555.024	1	10
555.194	1	3
555.364	1	8
555.534	1	-5
555.704	1	4
555.874	1	8
556.044	1	-2
556.214	1	4
556.384	1	11
556.554	1	8
556.724	1	-6
556.894	1	-1
557.064	1	1
557.234	1	2
557.404	1	0
557.573	1	4
557.743	1	-10
557.913	1	3
558.083	1	-2
558.253	1	3
558.423	1	4
558.593	1	6
558.763	1	-6
558.933	1	-5
559.103	1	-6
559.273	1	12
559.443	1	3
559.613	1	5
559.783	1	-10
559.953	1	-8
560.122	1	4
560.292	1	-7
560.462	1	-1
560.632	1	-12
560.802	1	5
560.972	1	-1
561.142	1	9
561.312	1	-1
561.482	1	16
561.652	1	-4
561.822	1	-3
561.992	1	10
562.162	1	2
562.331	1	-14
562.501	1	4
562.671	1	-4
562.841	1	-10
563.011	1	2
563.181	1	1
563.351	1	-3
563.521	1	1
563.691	1	3
563.861	1	-1
564.031	1	0
564.201	1	10
564.370	1	8
564.540	1	-1
564.710	1	1
564.880	1	10
565.050	1	11
565.220	1	5
565.390	1	-1
565.560	1	8
565.730	1	7
565.900	1	5
566.069	1	10
566.239	1	12
566.409	1	-5
566.579	1	4
566.749	1	0
566.919	1	1
567.089	1	-6
567.259	1	3
567.429	1	-4
567.599	1	7
567.768	1	4
567.938	1	2
568.108	1	3
568.278	1	3
568.448	1	2
568.618	1	5
568.788	1	13
568.958	1	0
569.128	1	-10
569.297	1	-3
569.467	1	14
569.637	1	2
569.807	1	2
569.977	1	-2
570.147	1	1
570.317	1	-1
570.487	1	4
570.656	1	7
570.826	1	-3
570.996	1	7
571.166	1	-1
571.336	1	6
571.506	1	-9
571.676	1	8
571.846	1	5
572.015	1	11
572.185	1	1
572.355	1	-1
572.525	1	-5
572.695	1	-4
572.865	1	7
573.035	1	13
573.205	1	-1
573.374	1	2
573.544	1	3
573.714	1	-2
573.884	1	-4
574.054	1	0
574.224	1	6
574.394	1	1
574.563	1	1
574.733	1	6
574.903	1	3
575.073	1	-1
575.243	1	3
575.413	1	-9
575.583	1	2
575.752	1	-5
575.922	1	9
576.092	1	9
576.262	1	1
576.432	1	8
576.602	1	2
576.772	1	3
576.941	1	-6
577.111	1	-2
577.281	1	-2
577.451	1	3
577.621	1	3
577.791	1	7
577.960	1	-1
578.130	1	10
578.300	1	7
578.470	1	-4
578.640	1	-4
578.810	1	-2
578.979	1	-5
579.149	1	-3
579.319	1	9
579.489	1	9
579.659	1	-3
579.829	1	2
579.998	1	-4
580.168	1	2
580.338	1	4
580.508	1	-3
580.678	1	-1
580.848	1	3
581.017	1	-3
581.187	1	2
581.357	1	3
581.527	1	8
581.697	1	-1
581.867	1	6
582.036	1	-2
582.206	1	1
582.376	1	-2
582.546	1	5
582.716	1	5
582.885	1	1
583.055	1	-7
583.225	1	-1
583.395	1	0
583.565	1	9
583.735	1	3
583.904	1	0
584.074	1	-6
584.244	1	1
584.414	1	4
584.584	1	-3
584.753	1	2
584.923	1	-4
585.093	1	2
585.263	1	-4
585.433	1	-1
585.602	1	6
585.772	1	23
585.942	1	-8
586.112	1	2
586.282	1	4
586.451	1	2
586.621	1	-3
586.791	1	-2
586.961	1	4
587.131	1	3
587.300	1	1
587.470	1	-4
587.640	1	-4
587.810	1	-3
587.980	1	2
588.149	1	8
588.319	1	11
588.489	1	6
588.659	1	-7
588.829	1	0
588.998	1	1
589.168	1	5
589.338	1	-3
589.508	1	5
589.677	1	6
589.847	1	-1
590.017	1	-5
590.187	1	-1
590.357	1	-7
590.526	1	1
590.696	1	8
590.866	1	-1
591.036	1	4
591.205	1	6
591.375	1	2
591.545	1	-6
591.715	1	-1
591.885	1	9
592.054	1	-4
592.224	1	-10
592.394	1	-6
592.564	1	-1
592.733	1	4
592.903	1	-3
593.073	1	-4
593.243	1	5
593.412	1	-2
593.582	1	2
593.752	1	-2
593.922	1	1
594.091	1	-5
594.261	1	-4
594.431	1	2
594.601	1	-9
594.771	1	11
594.940	1	2
595.110	1	-1
595.280	1	2
595.450	1	9
595.619	1	0
595.789	1	-5
595.959	1	-5
596.129	1	0
596.298	1	11
596.468	1	-6
596.638	1	0
596.808	1	-13
596.977	1	1
597.147	1	10
597.317	1	-1
597.487	1	-1
597.656	1	5
597.826	1	5
597.996	1	-1
598.166	1	5
598.335	1	-6
598.505	1	3
598.675	1	4
598.844	1	12
599.014	1	0
599.184	1	4
599.354	1	5
599.523	1	0
599.693	1	-6
599.863	1	3
600.033	1	2
600.202	1	-3
600.372	1	-4
600.542	1	5
600.712	1	1
600.881	1	1
601.051	1	4
601.221	1	3
601.390	1	8
601.560	1	9
601.730	1	1
601.900	1	0
602.069	1	3
602.239	1	12
602.409	1	-3
602.578	1	11
602.748	1	11
602.918	1	-4
603.088	1	9
603.257	1	-8
603.427	1	11
603.597	1	2
603.767	1	-2
603.936	1	5
604.106	1	3
604.276	1	1
604.445	1	-1
604.615	1	0
604.785	1	1
604.954	1	3
605.124	1	-5
605.294	1	-2
605.464	1	-14
605.633	1	7
605.803	1	1
605.973	1	-2
606.142	1	13
606.312	1	7
606.482	1	0
606.652	1	1
606.821	1	9
606.991	1	2
607.161	1	0
607.330	1	-7
607.500	1	-4
607.670	1	3
607.839	1	-1
608.009	1	-3
608.179	1	6
608.348	1	3
608.518	1	11
608.688	1	-6
608.858	1	0
609.027	1	2
609.197	1	8
609.367	1	-2
609.536	1	1
609.706	1	6
609.876	1	1
610.045	1	6
610.215	1	-2
610.385	1	1
610.554	1	-1
610.724	1	6
610.894	1	0
611.063	1	6
611.233	1	12
611.403	1	8
611.572	1	-5
611.742	1	-5
611.912	1	-4
612.081	1	9
612.251	1	-2
612.421	1	-1
612.590	1	-4
612.760	1	14
612.930	1	7
613.099	1	7
613.269	1	-2
613.439	1	-7
613.608	1	1
613.778	1	1
613.948	1	11
614.117	1	1
614.287	1	-5
614.457	1	5
614.626	1	-6
614.796	1	6
614.966	1	-1
615.135	1	15
615.305	1	3
615.475	1	2
615.644	1	6
615.814	1	14
615.984	1	3
616.153	1	1
616.323	1	1
616.493	1	-4
616.662	1	0
616.832	1	4
617.002	1	4
617.171	1	7
617.341	1	17
617.511	1	-4
617.680	1	1
617.850	1	5
618.019	1	-6
618.189	1	14
618.359	1	3
618.528	1	-5
618.698	1	6
618.868	1	2
619.037	1	8
619.207	1	-4
619.377	1	1
619.546	1	10
619.716	1	3
619.885	1	16
620.055	1	0
620.225	1	-2
620.394	1	6
620.564	1	6
620.734	1	0
620.903	1	-9
621.073	1	3
621.242	1	6
621.412	1	-1
621.582	1	5
621.751	1	-3
621.921	1	2
622.091	1	3
622.260	1	17
622.430	1	1
622.599	1	-1
622.769	1	-3
622.939	1	-1
623.108	1	0
623.278	1	-1
623.448	1	4
623.617	1	6
623.787	1	6
623.956	1	5
624.126	1	-1
624.296	1	13
624.465	1	7
624.635	1	1
624.804	1	-2
624.974	1	-6
625.144	1	5
625.313	1	8
625.483	1	12
625.652	1	-6
625.822	1	1
625.992	1	-5
626.161	1	-1
626.331	1	0
626.501	1	4
626.670	1	0
626.840	1	16
627.009	1	6
627.179	1	1
627.348	1	-5
627.518	1	9
627.688	1	-6
627.857	1	8
628.027	1	-1
628.196	1	4
628.366	1	4
628.536	1	5
628.705	1	4
628.875	1	4
629.044	1	-1
629.214	1	14
629.384	1	17
629.553	1	-3
629.723	1	6
629.892	1	9
630.062	1	2
630.232	1	10
630.401	1	8
630.571	1	1
630.740	1	2
630.910	1	9
631.079	1	-1
631.249	1	-8
631.419	1	0
631.588	1	7
631.758	1	2
631.927	1	13
632.097	1	3
632.266	1	13
632.436	1	3
632.606	1	0
632.775	1	0
632.945	1	0
633.114	1	1
633.284	1	-3
633.453	1	2
633.623	1	14
633.793	1	-7
633.962	1	7
634.132	1	5
634.301	1	6
634.471	1	8
634.640	1	-7
634.810	1	6
634.979	1	2
635.149	1	-5
635.319	1	2
635.488	1	9
635.658	1	-3
635.827	1	0
635.997	1	8
636.166	1	-1
636.336	1	0
636.505	1	3
636.675	1	-4
636.845	1	7
637.014	1	-6
637.184	1	13
637.353	1	2
637.523	1	-11
637.692	1	6
637.862	1	-13
638.031	1	-4
638.201	1	2
638.370	1	9
638.540	1	-14
638.710	1	-8
638.879	1	2
639.049	1	7
639.218	1	6
639.388	1	4
639.557	1	13
639.727	1	3
639.896	1	-2
640.066	1	-2
640.235	1	7
640.405	1	7
640.574	1	2
640.744	1	-6
640.914	1	4
641.083	1	10
641.253	1	1
641.422	1	5
641.592	1	3
641.761	1	-2
641.931	1	10
642.100	1	-1
642.270	1	1
642.439	1	2
642.609	1	11
642.778	1	6
642.948	1	17
643.117	1	-4
643.287	1	7
643.456	1	-1
643.626	1	1
643.795	1	-8
643.965	1	3
644.134	1	13
644.304	1	5
644.473	1	5
644.643	1	6
644.812	1	-6
644.982	1	6
645.151	1	2
645.321	1	7
645.490	1	15
645.660	1	-9
645.829	1	4
645.999	1	-3
646.168	1	22
646.338	1	-4
646.507	1	-3
646.677	1	8
646.846	1	2
647.016	1	11
647.185	1	-2
647.355	1	11
647.524	1	-6
647.694	1	0
647.863	1	-6
648.033	1	5
648.202	1	1
648.372	1	-6
648.541	1	1
648.711	1	4
648.880	1	5
649.050	1	8
649.219	1	3
649.389	1	-3
649.558	1	15
649.728	1	-3
649.897	1	9
650.067	1	-1
650.236	1	3
650.406	1	5
650.575	1	7
650.745	1	5
650.914	1	5
651.084	1	8
651.253	1	-2
651.423	1	-1
651.592	1	-7
651.762	1	2
651.931	1	6
652.101	1	-4
652.270	1	2
652.440	1	4
652.609	1	8
652.778	1	6
652.948	1	9
653.117	1	5
653.287	1	-4
653.456	1	-2
653.626	1	3
653.795	1	4
653.965	1	-6
654.134	1	0
654.304	1	0
654.473	1	11
654.643	1	-4
654.812	1	14
654.982	1	8
655.151	1	7
655.320	1	-7
655.490	1	3
655.659	1	7
655.829	1	-6
655.998	1	4
656.168	1	-3
656.337	1	5
656.507	1	0
656.676	1	2
656.846	1	3
657.015	1	12
657.184	1	0
657.354	1	2
657.523	1	-2
657.693	1	5
657.862	1	1
658.032	1	4
658.201	1	-3
658.371	1	3
658.540	1	-5
658.709	1	12
658.879	1	13
659.048	1	6
659.218	1	-2
659.387	1	4
659.557	1	7
659.726	1	10
659.895	1	0
660.065	1	0
660.234	1	5
660.404	1	12
660.573	1	-6
660.743	1	6
660.912	1	5
661.081	1	-2
661.251	1	-1
661.420	1	5
661.590	1	2
661.759	1	-2
661.929	1	13
662.098	1	-2
662.267	1	6
662.437	1	4
662.606	1	-3
662.776	1	-3
662.945	1	6
663.115	1	14
663.284	1	13
663.453	1	-4
663.623	1	0
663.792	1	10
663.962	1	13
664.131	1	7
664.300	1	-2
664.470	1	-7
664.639	1	2
664.809	1	8
664.978	1	9
665.148	1	9
665.317	1	9
665.486	1	2
665.656	1	1
665.825	1	1
665.995	1	-1
666.164	1	-3
666.333	1	10
666.503	1	0
666.672	1	12
666.842	1	9
667.011	1	7
667.180	1	0
667.350	1	5
667.519	1	7
667.689	1	6
667.858	1	3
668.027	1	-2
668.197	1	-3
668.366	1	4
668.536	1	-1
668.705	1	-3
668.874	1	12
669.044	1	8
669.213	1	2
669.382	1	13
669.552	1	3
669.721	1	-9
669.891	1	1
670.060	1	0
670.229	1	7
670.399	1	9
670.568	1	5
670.738	1	-2
670.907	1	6
671.076	1	1
671.246	1	11
671.415	1	7
671.584	1	4
671.754	1	-7
671.923	1	5
672.093	1	5
672.262	1	-5
672.431	1	6
672.601	1	6
672.770	1	-3
672.939	1	9
673.109	1	4
673.278	1	0
673.448	1	5
673.617	1	1
673.786	1	-5
