325.333	1	11
325.504	1	7
325.675	1	22
325.846	1	8
326.017	1	7
326.188	1	14
326.359	1	26
326.531	1	4
326.702	1	14
326.873	1	12
327.044	1	13
327.215	1	16
327.386	1	8
327.557	1	9
327.728	1	14
327.899	1	14
328.070	1	19
328.241	1	8
328.412	1	10
328.583	1	8
328.754	1	14
328.926	1	23
329.097	1	3
329.268	1	16
329.439	1	17
329.610	1	11
329.781	1	15
329.952	1	16
330.123	1	12
330.294	1	4
330.465	1	5
330.636	1	19
330.807	1	11
330.978	1	0
331.149	1	14
331.320	1	11
331.492	1	15
331.663	1	16
331.834	1	12
332.005	1	26
332.176	1	15
332.347	1	12
332.518	1	22
332.689	1	10
332.860	1	11
333.031	1	14
333.202	1	10
333.373	1	21
333.544	1	24
333.715	1	14
333.886	1	11
334.057	1	11
334.228	1	18
334.399	1	23
334.570	1	8
334.741	1	13
334.912	1	19
335.084	1	23
335.255	1	14
335.426	1	21
335.597	1	12
335.768	1	23
335.939	1	18
336.110	1	18
336.281	1	10
336.452	1	26
336.623	1	13
336.794	1	14
336.965	1	15
337.136	1	35
337.307	1	13
337.478	1	22
337.649	1	23
337.820	1	14
337.991	1	30
338.162	1	26
338.333	1	16
338.504	1	31
338.675	1	20
338.846	1	10
339.017	1	26
339.188	1	28
339.359	1	18
339.530	1	26
339.701	1	27
339.872	1	21
340.043	1	21
340.214	1	35
340.385	1	12
340.556	1	22
340.727	1	30
340.898	1	33
341.069	1	25
341.240	1	18
341.411	1	32
341.582	1	10
341.753	1	34
341.924	1	35
342.095	1	20
342.266	1	42
342.437	1	24
342.608	1	31
342.779	1	30
342.950	1	20
343.121	1	32
343.292	1	25
343.463	1	47
343.634	1	29
343.805	1	34
343.976	1	41
344.147	1	33
344.318	1	26
344.489	1	21
344.660	1	26
344.831	1	49
345.002	1	21
345.173	1	36
345.344	1	23
345.515	1	28
345.686	1	26
345.857	1	32
346.028	1	38
346.199	1	44
346.370	1	31
346.541	1	32
346.712	1	23
346.883	1	28
347.054	1	42
347.225	1	27
347.396	1	29
347.567	1	27
347.738	1	34
347.909	1	35
348.080	1	25
348.251	1	32
348.422	1	31
348.593	1	39
348.764	1	26
348.935	1	36
349.106	1	31
349.277	1	41
349.448	1	27
349.619	1	35
349.790	1	35
349.961	1	27
350.132	1	34
350.303	1	41
350.474	1	36
350.645	1	45
350.816	1	37
350.987	1	46
351.157	1	39
351.328	1	35
351.499	1	30
351.670	1	25
351.841	1	41
352.012	1	39
352.183	1	52
352.354	1	45
352.525	1	38
352.696	1	32
352.867	1	34
353.038	1	47
353.209	1	34
353.380	1	46
353.551	1	29
353.722	1	38
353.893	1	42
354.064	1	35
354.235	1	40
354.406	1	31
354.576	1	39
354.747	1	43
354.918	1	37
355.089	1	42
355.260	1	38
355.431	1	38
355.602	1	43
355.773	1	40
355.944	1	36
356.115	1	37
356.286	1	53
356.457	1	39
356.628	1	40
356.799	1	37
356.970	1	58
357.141	1	37
357.311	1	62
357.482	1	42
357.653	1	31
357.824	1	52
357.995	1	47
358.166	1	37
358.337	1	34
358.508	1	50
358.679	1	37
358.850	1	50
359.021	1	43
359.192	1	49
359.363	1	50
359.533	1	44
359.704	1	42
359.875	1	46
360.046	1	45
360.217	1	51
360.388	1	55
360.559	1	45
360.730	1	39
360.901	1	53
361.072	1	42
361.243	1	46
361.414	1	51
361.584	1	46
361.755	1	42
361.926	1	49
362.097	1	35
362.268	1	56
362.439	1	37
362.610	1	45
362.781	1	40
362.952	1	53
363.123	1	44
363.293	1	46
363.464	1	51
363.635	1	58
363.806	1	44
363.977	1	39
364.148	1	44
364.319	1	37
364.490	1	43
364.661	1	50
364.832	1	42
365.002	1	56
365.173	1	47
365.344	1	51
365.515	1	46
365.686	1	51
365.857	1	50
366.028	1	49
366.199	1	50
366.370	1	48
366.540	1	51
366.711	1	47
366.882	1	45
367.053	1	47
367.224	1	50
367.395	1	41
367.566	1	55
367.737	1	46
367.908	1	56
368.078	1	37
368.249	1	56
368.420	1	42
368.591	1	41
368.762	1	52
368.933	1	51
369.104	1	43
369.274	1	54
369.445	1	52
369.616	1	51
369.787	1	52
369.958	1	49
370.129	1	36
370.300	1	51
370.471	1	46
370.641	1	54
370.812	1	53
370.983	1	47
371.154	1	40
371.325	1	46
371.496	1	52
371.667	1	66
371.837	1	49
372.008	1	43
372.179	1	45
372.350	1	47
372.521	1	53
372.692	1	65
372.863	1	51
373.033	1	52
373.204	1	50
373.375	1	40
373.546	1	47
373.717	1	51
373.888	1	55
374.059	1	52
374.229	1	49
374.400	1	45
374.571	1	47
374.742	1	60
374.913	1	33
375.084	1	58
375.254	1	46
375.425	1	53
375.596	1	44
375.767	1	51
375.938	1	45
376.109	1	53
376.279	1	55
376.450	1	59
376.621	1	69
376.792	1	60
376.963	1	49
377.134	1	67
377.304	1	69
377.475	1	40
377.646	1	50
377.817	1	60
377.988	1	56
378.159	1	56
378.329	1	58
378.500	1	60
378.671	1	55
378.842	1	61
379.013	1	49
379.184	1	53
379.354	1	56
379.525	1	58
379.696	1	52
379.867	1	53
380.038	1	56
380.209	1	66
380.379	1	58
380.550	1	46
380.721	1	55
380.892	1	48
381.063	1	63
381.233	1	58
381.404	1	55
381.575	1	47
381.746	1	60
381.917	1	48
382.087	1	57
382.258	1	69
382.429	1	58
382.600	1	51
382.771	1	62
382.941	1	68
383.112	1	53
383.283	1	61
383.454	1	57
383.625	1	65
383.795	1	70
383.966	1	67
384.137	1	74
384.308	1	56
384.479	1	67
384.649	1	62
384.820	1	72
384.991	1	54
385.162	1	78
385.333	1	59
385.503	1	59
385.674	1	64
385.845	1	66
386.016	1	67
386.187	1	48
386.357	1	69
386.528	1	70
386.699	1	62
386.870	1	56
387.041	1	75
387.211	1	60
387.382	1	67
387.553	1	73
387.724	1	55
387.894	1	61
388.065	1	68
388.236	1	66
388.407	1	70
388.578	1	54
388.748	1	65
388.919	1	58
389.090	1	82
389.261	1	67
389.431	1	50
389.602	1	68
389.773	1	67
389.944	1	72
390.114	1	59
390.285	1	71
390.456	1	66
390.627	1	54
390.798	1	58
390.968	1	74
391.139	1	70
391.310	1	68
391.481	1	74
391.651	1	83
391.822	1	86
391.993	1	68
392.164	1	68
392.334	1	58
392.505	1	65
392.676	1	54
392.847	1	65
393.017	1	58
393.188	1	70
393.359	1	70
393.530	1	75
393.700	1	56
393.871	1	83
394.042	1	65
394.213	1	71
394.383	1	69
394.554	1	56
394.725	1	68
394.896	1	81
395.066	1	64
395.237	1	69
395.408	1	61
395.579	1	80
395.749	1	77
395.920	1	70
396.091	1	71
396.262	1	74
396.432	1	66
396.603	1	66
396.774	1	64
396.945	1	86
397.115	1	70
397.286	1	67
397.457	1	68
397.627	1	70
397.798	1	80
397.969	1	67
398.140	1	72
398.310	1	65
398.481	1	75
398.652	1	78
398.823	1	62
398.993	1	69
399.164	1	70
399.335	1	70
399.505	1	68
399.676	1	75
399.847	1	75
400.018	1	56
400.188	1	77
400.359	1	76
400.530	1	77
400.700	1	72
400.871	1	71
401.042	1	76
401.213	1	75
401.383	1	77
401.554	1	74
401.725	1	72
401.895	1	64
402.066	1	80
402.237	1	66
402.408	1	69
402.578	1	75
402.749	1	69
402.920	1	81
403.090	1	71
403.261	1	75
403.432	1	70
403.603	1	73
403.773	1	81
403.944	1	78
404.115	1	72
404.285	1	65
404.456	1	79
404.627	1	85
404.797	1	68
404.968	1	78
405.139	1	77
405.310	1	66
405.480	1	77
405.651	1	72
405.822	1	78
405.992	1	77
406.163	1	67
406.334	1	67
406.504	1	74
406.675	1	64
406.846	1	79
407.016	1	84
407.187	1	77
407.358	1	64
407.528	1	85
407.699	1	84
407.870	1	93
408.041	1	72
408.211	1	84
408.382	1	82
408.553	1	77
408.723	1	84
408.894	1	81
409.065	1	79
409.235	1	86
409.406	1	77
409.577	1	72
409.747	1	82
409.918	1	84
410.089	1	90
410.259	1	79
410.430	1	83
410.601	1	79
410.771	1	79
410.942	1	78
411.113	1	81
411.283	1	77
411.454	1	84
411.625	1	80
411.795	1	84
411.966	1	64
412.137	1	78
412.307	1	73
412.478	1	80
412.649	1	77
412.819	1	87
412.990	1	75
413.161	1	72
413.331	1	74
413.502	1	68
413.672	1	85
413.843	1	70
414.014	1	76
414.184	1	88
414.355	1	86
414.526	1	70
414.696	1	76
414.867	1	59
415.038	1	65
415.208	1	69
415.379	1	73
415.550	1	70
415.720	1	72
415.891	1	81
416.062	1	85
416.232	1	79
416.403	1	84
416.573	1	65
416.744	1	91
416.915	1	71
417.085	1	71
417.256	1	80
417.427	1	68
417.597	1	69
417.768	1	76
417.939	1	73
418.109	1	76
418.280	1	65
418.450	1	80
418.621	1	76
418.792	1	75
418.962	1	82
419.133	1	76
419.304	1	71
419.474	1	70
419.645	1	79
419.815	1	76
419.986	1	70
420.157	1	66
420.327	1	67
420.498	1	75
420.669	1	77
420.839	1	80
421.010	1	74
421.180	1	76
421.351	1	78
421.522	1	82
421.692	1	82
421.863	1	69
422.033	1	77
422.204	1	77
422.375	1	76
422.545	1	83
422.716	1	69
422.886	1	74
423.057	1	76
423.228	1	74
423.398	1	72
423.569	1	54
423.740	1	69
423.910	1	79
424.081	1	83
424.251	1	71
424.422	1	77
424.593	1	76
424.763	1	77
424.934	1	75
425.104	1	75
425.275	1	59
425.445	1	65
425.616	1	65
425.787	1	66
425.957	1	69
426.128	1	71
426.298	1	70
426.469	1	67
426.640	1	65
426.810	1	62
426.981	1	72
427.151	1	63
427.322	1	65
427.493	1	71
427.663	1	74
427.834	1	73
428.004	1	77
428.175	1	74
428.345	1	59
428.516	1	64
428.687	1	70
428.857	1	84
429.028	1	66
429.198	1	69
429.369	1	70
429.540	1	69
429.710	1	71
429.881	1	65
430.051	1	75
430.222	1	74
430.392	1	77
430.563	1	60
430.734	1	60
430.904	1	83
431.075	1	76
431.245	1	69
431.416	1	78
431.586	1	70
431.757	1	71
431.927	1	65
432.098	1	69
432.269	1	63
432.439	1	66
432.610	1	66
432.780	1	71
432.951	1	49
433.121	1	76
433.292	1	74
433.462	1	65
433.633	1	64
433.804	1	73
433.974	1	67
434.145	1	60
434.315	1	65
434.486	1	60
434.656	1	77
434.827	1	78
434.997	1	68
435.168	1	71
435.339	1	72
435.509	1	69
435.680	1	59
435.850	1	61
436.021	1	60
436.191	1	76
436.362	1	64
436.532	1	84
436.703	1	67
436.873	1	63
437.044	1	70
437.214	1	62
437.385	1	63
437.556	1	70
437.726	1	72
437.897	1	61
438.067	1	66
438.238	1	66
438.408	1	72
438.579	1	56
438.749	1	49
438.920	1	69
439.090	1	56
439.261	1	67
439.431	1	52
439.602	1	63
439.772	1	62
439.943	1	57
440.113	1	61
440.284	1	57
440.455	1	66
440.625	1	65
440.796	1	52
440.966	1	62
441.137	1	71
441.307	1	59
441.478	1	57
441.648	1	53
441.819	1	58
441.989	1	69
442.160	1	75
442.330	1	71
442.501	1	60
442.671	1	62
442.842	1	55
443.012	1	55
443.183	1	61
443.353	1	61
443.524	1	68
443.694	1	56
443.865	1	57
444.035	1	61
444.206	1	60
444.376	1	64
444.547	1	50
444.717	1	62
444.888	1	43
445.058	1	62
445.229	1	66
445.399	1	58
445.570	1	60
445.740	1	67
445.911	1	62
446.081	1	61
446.252	1	53
446.422	1	58
446.593	1	58
446.763	1	57
446.934	1	52
447.104	1	61
447.275	1	53
447.445	1	60
447.616	1	69
447.786	1	60
447.957	1	59
448.127	1	52
448.298	1	58
448.468	1	62
448.639	1	54
448.809	1	49
448.979	1	64
449.150	1	51
449.320	1	59
449.491	1	59
449.661	1	46
449.832	1	49
450.002	1	51
450.173	1	59
450.343	1	60
450.514	1	60
450.684	1	59
450.855	1	62
451.025	1	60
451.196	1	50
451.366	1	58
451.537	1	60
451.707	1	60
451.878	1	52
452.048	1	55
452.218	1	58
452.389	1	62
452.559	1	64
452.730	1	62
452.900	1	39
453.071	1	49
453.241	1	53
453.412	1	56
453.582	1	60
453.753	1	56
453.923	1	43
454.093	1	62
454.264	1	65
454.434	1	59
454.605	1	44
454.775	1	58
454.946	1	46
455.116	1	59
455.287	1	44
455.457	1	54
455.628	1	39
455.798	1	57
455.968	1	54
456.139	1	54
456.309	1	52
456.480	1	44
456.650	1	52
456.821	1	51
456.991	1	56
457.161	1	50
457.332	1	46
457.502	1	54
457.673	1	45
457.843	1	45
458.014	1	59
458.184	1	51
458.355	1	51
458.525	1	44
458.695	1	41
458.866	1	44
459.036	1	53
459.207	1	60
459.377	1	53
459.548	1	50
459.718	1	49
459.888	1	43
460.059	1	52
460.229	1	35
460.400	1	49
460.570	1	35
460.740	1	56
460.911	1	43
461.081	1	61
461.252	1	60
461.422	1	45
461.593	1	57
461.763	1	61
461.933	1	45
462.104	1	43
462.274	1	49
462.445	1	49
462.615	1	55
462.785	1	56
462.956	1	37
463.126	1	44
463.297	1	51
463.467	1	60
463.638	1	71
463.808	1	48
463.978	1	25
464.149	1	41
464.319	1	56
464.490	1	46
464.660	1	45
464.830	1	48
465.001	1	40
465.171	1	40
465.342	1	49
465.512	1	51
465.682	1	44
465.853	1	42
466.023	1	50
466.194	1	46
466.364	1	51
466.534	1	35
466.705	1	55
466.875	1	28
467.045	1	44
467.216	1	40
467.386	1	33
467.557	1	52
467.727	1	37
467.897	1	48
468.068	1	35
468.238	1	40
468.409	1	48
468.579	1	45
468.749	1	44
468.920	1	28
469.090	1	49
469.260	1	48
469.431	1	40
469.601	1	37
469.772	1	49
469.942	1	49
470.112	1	32
470.283	1	53
470.453	1	49
470.623	1	48
470.794	1	48
470.964	1	32
471.135	1	50
471.305	1	42
471.475	1	45
471.646	1	44
471.816	1	41
471.986	1	36
472.157	1	40
472.327	1	39
472.497	1	45
472.668	1	34
472.838	1	31
473.009	1	35
473.179	1	33
473.349	1	48
473.520	1	43
473.690	1	31
473.860	1	28
474.031	1	29
474.201	1	34
474.371	1	41
474.542	1	27
474.712	1	39
474.882	1	42
475.053	1	45
475.223	1	39
475.394	1	45
475.564	1	36
475.734	1	32
475.905	1	33
476.075	1	42
476.245	1	41
476.416	1	32
476.586	1	36
476.756	1	35
476.927	1	31
477.097	1	41
477.267	1	45
477.438	1	46
477.608	1	41
477.778	1	21
477.949	1	30
478.119	1	40
478.289	1	35
478.460	1	33
478.630	1	42
478.800	1	32
478.971	1	37
479.141	1	43
479.311	1	27
479.482	1	33
479.652	1	40
479.822	1	26
479.993	1	26
480.163	1	31
480.333	1	33
480.504	1	42
480.674	1	37
480.844	1	33
481.015	1	48
481.185	1	38
481.355	1	33
481.525	1	27
481.696	1	37
481.866	1	36
482.036	1	34
482.207	1	43
482.377	1	35
482.547	1	41
482.718	1	29
482.888	1	39
483.058	1	41
483.229	1	31
483.399	1	38
483.569	1	25
483.740	1	31
483.910	1	28
484.080	1	33
484.250	1	33
484.421	1	31
484.591	1	27
484.761	1	38
484.932	1	28
485.102	1	30
485.272	1	27
485.443	1	32
485.613	1	28
485.783	1	35
485.953	1	30
486.124	1	27
486.294	1	31
486.464	1	39
486.635	1	31
486.805	1	31
486.975	1	33
487.146	1	38
487.316	1	30
487.486	1	32
487.656	1	38
487.827	1	31
487.997	1	29
488.167	1	20
488.338	1	30
488.508	1	40
488.678	1	30
488.848	1	38
489.019	1	24
489.189	1	51
489.359	1	24
489.529	1	35
489.700	1	29
489.870	1	38
490.040	1	22
490.211	1	21
490.381	1	26
490.551	1	32
490.721	1	32
490.892	1	25
491.062	1	29
491.232	1	38
491.402	1	22
491.573	1	45
491.743	1	29
491.913	1	24
492.084	1	16
492.254	1	26
492.424	1	14
492.594	1	25
492.765	1	46
492.935	1	27
493.105	1	28
493.275	1	24
493.446	1	13
493.616	1	17
493.786	1	35
493.956	1	22
494.127	1	19
494.297	1	18
494.467	1	19
494.637	1	42
494.808	1	29
494.978	1	25
495.148	1	30
495.318	1	24
495.489	1	26
495.659	1	24
495.829	1	22
495.999	1	33
496.170	1	26
496.340	1	22
496.510	1	29
496.680	1	21
496.851	1	38
497.021	1	26
497.191	1	30
497.361	1	5
497.532	1	24
497.702	1	28
497.872	1	23
498.042	1	29
498.213	1	26
498.383	1	20
498.553	1	33
498.723	1	28
498.894	1	28
499.064	1	26
499.234	1	28
499.404	1	36
499.574	1	23
499.745	1	24
499.915	1	27
500.085	1	23
500.255	1	15
500.426	1	21
500.596	1	20
500.766	1	26
500.936	1	14
501.106	1	21
501.277	1	11
501.447	1	18
501.617	1	21
501.787	1	15
501.958	1	23
502.128	1	17
502.298	1	23
502.468	1	14
502.638	1	30
502.809	1	15
502.979	1	9
503.149	1	20
503.319	1	28
503.489	1	-5
503.660	1	22
503.830	1	16
504.000	1	12
504.170	1	23
504.340	1	15
504.511	1	21
504.681	1	21
504.851	1	13
505.021	1	27
505.192	1	3
505.362	1	19
505.532	1	19
505.702	1	29
505.872	1	20
506.043	1	42
506.213	1	22
506.383	1	23
506.553	1	22
506.723	1	3
506.893	1	20
507.064	1	20
507.234	1	24
507.404	1	13
507.574	1	18
507.744	1	29
507.915	1	19
508.085	1	19
508.255	1	20
508.425	1	10
508.595	1	5
508.766	1	9
508.936	1	30
509.106	1	26
509.276	1	17
509.446	1	24
509.616	1	27
509.787	1	16
509.957	1	17
510.127	1	14
510.297	1	7
510.467	1	17
510.638	1	13
510.808	1	27
510.978	1	16
511.148	1	6
511.318	1	21
511.488	1	23
511.659	1	15
511.829	1	0
511.999	1	18
512.169	1	14
512.339	1	18
512.509	1	21
512.680	1	9
512.850	1	24
513.020	1	31
513.190	1	3
513.360	1	18
513.530	1	22
513.700	1	13
513.871	1	4
514.041	1	29
514.211	1	15
514.381	1	17
514.551	1	17
514.721	1	10
514.892	1	24
515.062	1	20
515.232	1	6
515.402	1	13
515.572	1	21
515.742	1	21
515.912	1	15
516.083	1	16
516.253	1	26
516.423	1	9
516.593	1	14
516.763	1	24
516.933	1	15
517.104	1	16
517.274	1	11
517.444	1	13
517.614	1	12
517.784	1	16
517.954	1	9
518.124	1	25
518.294	1	17
518.465	1	6
518.635	1	26
518.805	1	18
518.975	1	8
519.145	1	19
519.315	1	17
519.485	1	9
519.656	1	11
519.826	1	4
519.996	1	18
520.166	1	4
520.336	1	15
520.506	1	7
520.676	1	9
520.846	1	13
521.017	1	12
521.187	1	13
521.357	1	8
521.527	1	8
521.697	1	3
521.867	1	20
522.037	1	10
522.207	1	12
522.377	1	15
522.548	1	19
522.718	1	6
522.888	1	13
523.058	1	20
523.228	1	13
523.398	1	5
523.568	1	2
523.738	1	6
523.909	1	13
524.079	1	5
524.249	1	5
524.419	1	16
524.589	1	7
524.759	1	15
524.929	1	16
525.099	1	5
525.269	1	15
525.439	1	13
525.610	1	20
525.780	1	12
525.950	1	10
526.120	1	7
526.290	1	12
526.460	1	2
526.630	1	11
526.800	1	18
526.970	1	18
527.140	1	15
527.311	1	11
527.481	1	11
527.651	1	8
527.821	1	6
527.991	1	6
528.161	1	6
528.331	1	-2
528.501	1	11
528.671	1	6
528.841	1	15
529.011	1	15
529.181	1	9
529.352	1	4
529.522	1	19
529.692	1	7
529.862	1	13
530.032	1	-3
530.202	1	13
530.372	1	17
530.542	1	8
530.712	1	11
530.882	1	16
531.052	1	13
531.222	1	13
531.392	1	12
531.563	1	14
531.733	1	7
531.903	1	5
532.073	1	14
532.243	1	14
532.413	1	28
532.583	1	10
532.753	1	12
532.923	1	18
533.093	1	3
533.263	1	10
533.433	1	3
533.603	1	9
533.773	1	1
533.943	1	10
534.113	1	13
534.284	1	16
534.454	1	12
534.624	1	6
534.794	1	7
534.964	1	8
535.134	1	2
535.304	1	8
535.474	1	14
535.644	1	17
535.814	1	8
535.984	1	4
536.154	1	7
536.324	1	4
536.494	1	8
536.664	1	12
536.834	1	1
537.004	1	14
537.174	1	14
537.344	1	8
537.514	1	7
537.685	1	12
537.855	1	8
538.025	1	18
538.195	1	2
538.365	1	6
538.535	1	8
538.705	1	5
538.875	1	11
539.045	1	7
539.215	1	-1
539.385	1	11
539.555	1	2
539.725	1	10
539.895	1	6
540.065	1	9
540.235	1	6
540.405	1	8
540.575	1	11
540.745	1	16
540.915	1	11
541.085	1	2
541.255	1	10
541.425	1	2
541.595	1	5
541.765	1	12
541.935	1	10
542.105	1	19
542.275	1	13
542.445	1	11
542.615	1	9
542.785	1	2
542.955	1	19
543.125	1	0
543.295	1	13
543.465	1	16
543.635	1	11
543.805	1	6
543.975	1	16
544.145	1	10
544.315	1	-3
544.485	1	3
544.655	1	11
544.825	1	11
544.995	1	3
545.165	1	5
545.335	1	15
545.505	1	6
545.675	1	12
545.845	1	9
546.015	1	7
546.185	1	3
546.355	1	6
546.525	1	15
546.695	1	5
546.865	1	-1
547.035	1	12
547.205	1	29
547.375	1	13
547.545	1	7
547.715	1	15
547.885	1	-2
548.055	1	5
548.225	1	12
548.395	1	11
548.565	1	18
548.735	1	0
548.905	1	9
549.075	1	5
549.245	1	9
549.415	1	14
549.585	1	16
549.755	1	9
549.925	1	11
550.095	1	5
550.265	1	7
550.435	1	13
550.605	1	7
550.775	1	-5
550.945	1	14
551.115	1	14
551.285	1	10
551.455	1	15
551.625	1	-6
551.795	1	11
551.965	1	0
552.135	1	5
552.305	1	8
552.475	1	6
552.645	1	2
552.815	1	8
552.985	1	8
553.155	1	9
553.325	1	7
553.495	1	21
553.665	1	0
553.835	1	5
554.004	1	11
554.174	1	4
554.344	1	8
554.514	1	-3
554.684	1	13
554.854	1	-1
555.024	1	8
555.194	1	17
555.364	1	3
555.534	1	0
555.704	1	4
555.874	1	4
556.044	1	13
556.214	1	3
556.384	1	18
556.554	1	8
556.724	1	7
556.894	1	2
557.064	1	1
557.234	1	-1
557.404	1	5
557.573	1	3
557.743	1	1
557.913	1	-1
558.083	1	9
558.253	1	12
558.423	1	5
558.593	1	13
558.763	1	7
558.933	1	5
559.103	1	2
559.273	1	17
559.443	1	7
559.613	1	5
559.783	1	5
559.953	1	-7
560.122	1	15
560.292	1	-11
560.462	1	4
560.632	1	3
560.802	1	10
560.972	1	5
561.142	1	5
561.312	1	-2
561.482	1	16
561.652	1	5
561.822	1	9
561.992	1	12
562.162	1	4
562.331	1	-7
562.501	1	15
562.671	1	-4
562.841	1	-6
563.011	1	3
563.181	1	4
563.351	1	4
563.521	1	4
563.691	1	7
563.861	1	10
564.031	1	7
564.201	1	13
564.370	1	12
564.540	1	6
564.710	1	-2
564.880	1	4
565.050	1	9
565.220	1	8
565.390	1	2
565.560	1	5
565.730	1	11
565.900	1	-2
566.069	1	14
566.239	1	13
566.409	1	7
566.579	1	10
566.749	1	3
566.919	1	-11
567.089	1	-8
567.259	1	5
567.429	1	3
567.599	1	19
567.768	1	1
567.938	1	12
568.108	1	3
568.278	1	7
568.448	1	6
568.618	1	4
568.788	1	9
568.958	1	2
569.128	1	2
569.297	1	-3
569.467	1	12
569.637	1	-1
569.807	1	15
569.977	1	-5
570.147	1	12
570.317	1	3
570.487	1	-3
570.656	1	14
570.826	1	2
570.996	1	17
571.166	1	6
571.336	1	3
571.506	1	-3
571.676	1	6
571.846	1	5
572.015	1	4
572.185	1	6
572.355	1	4
572.525	1	-1
572.695	1	-3
572.865	1	9
573.035	1	11
573.205	1	2
573.374	1	0
573.544	1	4
573.714	1	4
573.884	1	-1
574.054	1	4
574.224	1	6
574.394	1	0
574.563	1	0
574.733	1	7
574.903	1	6
575.073	1	7
575.243	1	0
575.413	1	7
575.583	1	2
575.752	1	5
575.922	1	16
576.092	1	0
576.262	1	0
576.432	1	-1
576.602	1	4
576.772	1	4
576.941	1	6
577.111	1	6
577.281	1	0
577.451	1	13
577.621	1	10
577.791	1	9
577.960	1	1
578.130	1	3
578.300	1	-2
578.470	1	6
578.640	1	9
578.810	1	8
578.979	1	9
579.149	1	5
579.319	1	13
579.489	1	11
579.659	1	-1
579.829	1	3
579.998	1	-8
580.168	1	4
580.338	1	9
580.508	1	-6
580.678	1	7
580.848	1	2
581.017	1	8
581.187	1	6
581.357	1	-4
581.527	1	11
581.697	1	4
581.867	1	11
582.036	1	-9
582.206	1	7
582.376	1	4
582.546	1	-1
582.716	1	3
582.885	1	6
583.055	1	0
583.225	1	4
583.395	1	10
583.565	1	7
583.735	1	6
583.904	1	4
584.074	1	2
584.244	1	5
584.414	1	1
584.584	1	7
584.753	1	-2
584.923	1	7
585.093	1	18
585.263	1	12
585.433	1	3
585.602	1	9
585.772	1	17
585.942	1	5
586.112	1	-1
586.282	1	1
586.451	1	12
586.621	1	-7
586.791	1	7
586.961	1	2
587.131	1	-6
587.300	1	19
587.470	1	5
587.640	1	-6
587.810	1	-6
587.980	1	3
588.149	1	11
588.319	1	9
588.489	1	5
588.659	1	-5
588.829	1	7
588.998	1	11
589.168	1	5
589.338	1	-2
589.508	1	7
589.677	1	12
589.847	1	6
590.017	1	-2
590.187	1	3
590.357	1	4
590.526	1	1
590.696	1	5
590.866	1	-4
591.036	1	-1
591.205	1	15
591.375	1	6
591.545	1	0
591.715	1	11
591.885	1	12
592.054	1	10
592.224	1	3
592.394	1	0
592.564	1	4
592.733	1	5
592.903	1	8
593.073	1	5
593.243	1	12
593.412	1	-2
593.582	1	8
593.752	1	-4
593.922	1	9
594.091	1	0
594.261	1	-3
594.431	1	8
594.601	1	12
594.771	1	10
594.940	1	4
595.110	1	17
595.280	1	4
595.450	1	4
595.619	1	-2
595.789	1	-10
595.959	1	3
596.129	1	9
596.298	1	17
596.468	1	4
596.638	1	4
596.808	1	-7
596.977	1	-3
597.147	1	-5
597.317	1	4
597.487	1	-3
597.656	1	12
597.826	1	11
597.996	1	8
598.166	1	2
598.335	1	-5
598.505	1	3
598.675	1	8
598.844	1	13
599.014	1	-4
599.184	1	7
599.354	1	9
599.523	1	4
599.693	1	0
599.863	1	10
600.033	1	-1
600.202	1	13
600.372	1	-7
600.542	1	3
600.712	1	4
600.881	1	4
601.051	1	9
601.221	1	7
601.390	1	2
601.560	1	13
601.730	1	3
601.900	1	13
602.069	1	8
602.239	1	5
602.409	1	11
602.578	1	12
602.748	1	11
602.918	1	0
603.088	1	9
603.257	1	-3
603.427	1	11
603.597	1	-4
603.767	1	3
603.936	1	13
604.106	1	5
604.276	1	5
604.445	1	2
604.615	1	6
604.785	1	14
604.954	1	10
605.124	1	5
605.294	1	-8
605.464	1	3
605.633	1	6
605.803	1	-1
605.973	1	-1
606.142	1	9
606.312	1	12
606.482	1	-2
606.652	1	3
606.821	1	5
606.991	1	2
607.161	1	5
607.330	1	2
607.500	1	4
607.670	1	3
607.839	1	6
608.009	1	4
608.179	1	14
608.348	1	11
608.518	1	18
608.688	1	2
608.858	1	5
609.027	1	16
609.197	1	12
609.367	1	0
609.536	1	-3
609.706	1	10
609.876	1	11
610.045	1	8
610.215	1	9
610.385	1	4
610.554	1	1
610.724	1	-7
610.894	1	3
611.063	1	7
611.233	1	14
611.403	1	8
611.572	1	7
611.742	1	10
611.912	1	2
612.081	1	14
612.251	1	6
612.421	1	8
612.590	1	1
612.760	1	5
612.930	1	4
613.099	1	9
613.269	1	1
613.439	1	-2
613.608	1	13
613.778	1	10
613.948	1	9
614.117	1	12
614.287	1	9
614.457	1	11
614.626	1	2
614.796	1	7
614.966	1	6
615.135	1	16
615.305	1	5
615.475	1	0
615.644	1	22
615.814	1	8
615.984	1	6
616.153	1	13
616.323	1	1
616.493	1	6
616.662	1	7
616.832	1	10
617.002	1	7
617.171	1	7
617.341	1	15
617.511	1	-10
617.680	1	1
617.850	1	11
618.019	1	-2
618.189	1	11
618.359	1	11
618.528	1	14
618.698	1	22
618.868	1	2
619.037	1	6
619.207	1	-2
619.377	1	11
619.546	1	6
619.716	1	8
619.885	1	3
620.055	1	3
620.225	1	10
620.394	1	5
620.564	1	11
620.734	1	6
620.903	1	-7
621.073	1	13
621.242	1	7
621.412	1	5
621.582	1	14
621.751	1	11
621.921	1	13
622.091	1	6
622.260	1	9
622.430	1	10
622.599	1	7
622.769	1	2
622.939	1	0
623.108	1	6
623.278	1	1
623.448	1	8
623.617	1	12
623.787	1	8
623.956	1	14
624.126	1	14
624.296	1	16
624.465	1	9
624.635	1	9
624.804	1	1
624.974	1	-6
625.144	1	4
625.313	1	17
625.483	1	8
625.652	1	3
625.822	1	12
625.992	1	14
626.161	1	9
626.331	1	8
626.501	1	7
626.670	1	8
626.840	1	13
627.009	1	14
627.179	1	10
627.348	1	15
627.518	1	24
627.688	1	3
627.857	1	19
628.027	1	13
628.196	1	3
628.366	1	2
628.536	1	13
628.705	1	6
628.875	1	-1
629.044	1	-1
629.214	1	15
629.384	1	13
629.553	1	1
629.723	1	15
629.892	1	9
630.062	1	10
630.232	1	14
630.401	1	15
630.571	1	9
630.740	1	2
630.910	1	9
631.079	1	7
631.249	1	9
631.419	1	6
631.588	1	10
631.758	1	2
631.927	1	10
632.097	1	7
632.266	1	16
632.436	1	7
632.606	1	5
632.775	1	8
632.945	1	4
633.114	1	6
633.284	1	-2
633.453	1	9
633.623	1	18
633.793	1	16
633.962	1	8
634.132	1	11
634.301	1	11
634.471	1	7
634.640	1	10
634.810	1	14
634.979	1	3
635.149	1	6
635.319	1	3
635.488	1	6
635.658	1	9
635.827	1	1
635.997	1	14
636.166	1	9
636.336	1	6
636.505	1	16
636.675	1	9
636.845	1	7
637.014	1	7
637.184	1	14
637.353	1	6
637.523	1	10
637.692	1	12
637.862	1	4
638.031	1	6
638.201	1	8
638.370	1	15
638.540	1	-1
638.710	1	7
638.879	1	10
639.049	1	8
639.218	1	8
639.388	1	6
639.557	1	21
639.727	1	10
639.896	1	-5
640.066	1	13
640.235	1	21
640.405	1	14
640.574	1	18
640.744	1	5
640.914	1	3
641.083	1	13
641.253	1	8
641.422	1	1
641.592	1	21
641.761	1	13
641.931	1	22
642.100	1	11
642.270	1	11
642.439	1	13
642.609	1	17
642.778	1	14
642.948	1	16
643.117	1	13
643.287	1	5
643.456	1	8
643.626	1	4
643.795	1	7
643.965	1	14
644.134	1	9
644.304	1	7
644.473	1	9
644.643	1	12
644.812	1	9
644.982	1	10
645.151	1	6
645.321	1	15
645.490	1	23
645.660	1	9
645.829	1	18
645.999	1	-1
646.168	1	24
646.338	1	1
646.507	1	6
646.677	1	9
646.846	1	11
647.016	1	19
647.185	1	21
647.355	1	21
647.524	1	0
647.694	1	3
647.863	1	8
648.033	1	10
648.202	1	19
648.372	1	-1
648.541	1	12
648.711	1	10
648.880	1	20
649.050	1	15
649.219	1	10
649.389	1	-2
649.558	1	21
649.728	1	19
649.897	1	9
650.067	1	13
650.236	1	0
650.406	1	11
650.575	1	16
650.745	1	7
650.914	1	17
651.084	1	18
651.253	1	6
651.423	1	5
651.592	1	5
651.762	1	9
651.931	1	14
652.101	1	4
652.270	1	16
652.440	1	11
652.609	1	13
652.778	1	11
652.948	1	16
653.117	1	11
653.287	1	-1
653.456	1	15
653.626	1	10
653.795	1	21
653.965	1	10
654.134	1	9
654.304	1	12
654.473	1	20
654.643	1	15
654.812	1	22
654.982	1	12
655.151	1	13
655.320	1	-1
655.490	1	15
655.659	1	6
655.829	1	15
655.998	1	14
656.168	1	2
656.337	1	7
656.507	1	6
656.676	1	1
656.846	1	12
657.015	1	11
657.184	1	18
657.354	1	17
657.523	1	8
657.693	1	5
657.862	1	2
658.032	1	11
658.201	1	-4
658.371	1	7
658.540	1	6
658.709	1	14
658.879	1	19
659.048	1	16
659.218	1	9
659.387	1	19
659.557	1	16
659.726	1	3
659.895	1	11
660.065	1	9
660.234	1	6
660.404	1	14
660.573	1	7
660.743	1	11
660.912	1	13
661.081	1	0
661.251	1	16
661.420	1	11
661.590	1	10
661.759	1	16
661.929	1	9
662.098	1	16
662.267	1	7
662.437	1	20
662.606	1	9
662.776	1	16
662.945	1	19
663.115	1	22
663.284	1	12
663.453	1	12
663.623	1	7
663.792	1	12
663.962	1	25
664.131	1	11
664.300	1	7
664.470	1	1
664.639	1	5
664.809	1	15
664.978	1	15
665.148	1	16
665.317	1	6
665.486	1	16
665.656	1	10
665.825	1	17
665.995	1	2
666.164	1	17
666.333	1	12
666.503	1	7
666.672	1	12
666.842	1	19
667.011	1	9
667.180	1	3
667.350	1	6
667.519	1	22
667.689	1	17
667.858	1	13
668.027	1	10
668.197	1	-1
668.366	1	19
668.536	1	12
668.705	1	18
668.874	1	11
669.044	1	7
669.213	1	18
669.382	1	7
669.552	1	21
669.721	1	-3
669.891	1	2
670.060	1	12
670.229	1	18
670.399	1	12
670.568	1	18
670.738	1	10
670.907	1	16
671.076	1	8
671.246	1	15
671.415	1	21
671.584	1	17
671.754	1	3
671.923	1	1
672.093	1	13
672.262	1	13
672.431	1	8
672.601	1	6
672.770	1	12
672.939	1	18
673.109	1	2
673.278	1	17
673.448	1	10
673.617	1	16
673.786	1	0
