325.333	1	-1
325.504	1	-3
325.675	1	15
325.846	1	5
326.017	1	6
326.188	1	3
326.359	1	7
326.531	1	-10
326.702	1	1
326.873	1	8
327.044	1	5
327.215	1	-7
327.386	1	3
327.557	1	-9
327.728	1	-2
327.899	1	6
328.070	1	9
328.241	1	5
328.412	1	-1
328.583	1	-4
328.754	1	1
328.926	1	2
329.097	1	4
329.268	1	14
329.439	1	10
329.610	1	-1
329.781	1	-1
329.952	1	13
330.123	1	-1
330.294	1	-1
330.465	1	-1
330.636	1	0
330.807	1	0
330.978	1	4
331.149	1	5
331.320	1	10
331.492	1	9
331.663	1	-5
331.834	1	14
332.005	1	1
332.176	1	6
332.347	1	-4
332.518	1	8
332.689	1	9
332.860	1	6
333.031	1	17
333.202	1	3
333.373	1	7
333.544	1	9
333.715	1	9
333.886	1	-5
334.057	1	0
334.228	1	11
334.399	1	8
334.570	1	8
334.741	1	10
334.912	1	0
335.084	1	12
335.255	1	6
335.426	1	10
335.597	1	5
335.768	1	1
335.939	1	3
336.110	1	6
336.281	1	1
336.452	1	14
336.623	1	12
336.794	1	2
336.965	1	-4
337.136	1	15
337.307	1	7
337.478	1	0
337.649	1	2
337.820	1	3
337.991	1	-1
338.162	1	0
338.333	1	11
338.504	1	14
338.675	1	8
338.846	1	-6
339.017	1	14
339.188	1	6
339.359	1	3
339.530	1	8
339.701	1	14
339.872	1	19
340.043	1	7
340.214	1	17
340.385	1	-1
340.556	1	10
340.727	1	7
340.898	1	9
341.069	1	-1
341.240	1	-3
341.411	1	14
341.582	1	-1
341.753	1	7
341.924	1	18
342.095	1	2
342.266	1	17
342.437	1	5
342.608	1	7
342.779	1	6
342.950	1	3
343.121	1	17
343.292	1	14
343.463	1	26
343.634	1	9
343.805	1	14
343.976	1	15
344.147	1	11
344.318	1	5
344.489	1	5
344.660	1	16
344.831	1	19
345.002	1	15
345.173	1	10
345.344	1	11
345.515	1	10
345.686	1	18
345.857	1	21
346.028	1	8
346.199	1	4
346.370	1	11
346.541	1	-5
346.712	1	14
346.883	1	9
347.054	1	12
347.225	1	12
347.396	1	1
347.567	1	6
347.738	1	12
347.909	1	12
348.080	1	13
348.251	1	6
348.422	1	7
348.593	1	14
348.764	1	20
348.935	1	13
349.106	1	2
349.277	1	12
349.448	1	13
349.619	1	5
349.790	1	11
349.961	1	-3
350.132	1	14
350.303	1	9
350.474	1	11
350.645	1	9
350.816	1	10
350.987	1	19
351.157	1	8
351.328	1	9
351.499	1	12
351.670	1	11
351.841	1	15
352.012	1	15
352.183	1	17
352.354	1	7
352.525	1	15
352.696	1	8
352.867	1	19
353.038	1	16
353.209	1	11
353.380	1	11
353.551	1	20
353.722	1	16
353.893	1	19
354.064	1	7
354.235	1	8
354.406	1	-4
354.576	1	3
354.747	1	9
354.918	1	6
355.089	1	24
355.260	1	13
355.431	1	16
355.602	1	11
355.773	1	8
355.944	1	2
356.115	1	20
356.286	1	19
356.457	1	11
356.628	1	8
356.799	1	10
356.970	1	22
357.141	1	11
357.311	1	29
357.482	1	5
357.653	1	13
357.824	1	15
357.995	1	8
358.166	1	4
358.337	1	9
358.508	1	23
358.679	1	12
358.850	1	30
359.021	1	15
359.192	1	16
359.363	1	15
359.533	1	12
359.704	1	5
359.875	1	9
360.046	1	5
360.217	1	16
360.388	1	23
360.559	1	20
360.730	1	11
360.901	1	18
361.072	1	21
361.243	1	9
361.414	1	23
361.584	1	6
361.755	1	18
361.926	1	15
362.097	1	14
362.268	1	15
362.439	1	9
362.610	1	12
362.781	1	15
362.952	1	20
363.123	1	6
363.293	1	7
363.464	1	11
363.635	1	20
363.806	1	25
363.977	1	19
364.148	1	-1
364.319	1	18
364.490	1	22
364.661	1	10
364.832	1	13
365.002	1	15
365.173	1	11
365.344	1	11
365.515	1	9
365.686	1	20
365.857	1	20
366.028	1	25
366.199	1	15
366.370	1	16
366.540	1	17
366.711	1	18
366.882	1	10
367.053	1	19
367.224	1	15
367.395	1	21
367.566	1	19
367.737	1	13
367.908	1	17
368.078	1	7
368.249	1	21
368.420	1	5
368.591	1	20
368.762	1	16
368.933	1	16
369.104	1	22
369.274	1	28
369.445	1	12
369.616	1	18
369.787	1	9
369.958	1	20
370.129	1	7
370.300	1	11
370.471	1	17
370.641	1	15
370.812	1	21
370.983	1	10
371.154	1	20
371.325	1	10
371.496	1	13
371.667	1	26
371.837	1	19
372.008	1	21
372.179	1	6
372.350	1	18
372.521	1	23
372.692	1	21
372.863	1	17
373.033	1	18
373.204	1	21
373.375	1	11
373.546	1	22
373.717	1	15
373.888	1	12
374.059	1	11
374.229	1	18
374.400	1	16
374.571	1	16
374.742	1	12
374.913	1	10
375.084	1	17
375.254	1	9
375.425	1	17
375.596	1	18
375.767	1	13
375.938	1	10
376.109	1	9
376.279	1	21
376.450	1	24
376.621	1	14
376.792	1	23
376.963	1	13
377.134	1	12
377.304	1	28
377.475	1	12
377.646	1	14
377.817	1	24
377.988	1	13
378.159	1	23
378.329	1	11
378.500	1	24
378.671	1	11
378.842	1	16
379.013	1	15
379.184	1	18
379.354	1	15
379.525	1	33
379.696	1	24
379.867	1	10
380.038	1	22
380.209	1	18
380.379	1	23
380.550	1	12
380.721	1	12
380.892	1	19
381.063	1	18
381.233	1	16
381.404	1	10
381.575	1	14
381.746	1	15
381.917	1	18
382.087	1	26
382.258	1	30
382.429	1	17
382.600	1	10
382.771	1	9
382.941	1	21
383.112	1	24
383.283	1	20
383.454	1	18
383.625	1	29
383.795	1	13
383.966	1	17
384.137	1	32
384.308	1	23
384.479	1	19
384.649	1	20
384.820	1	24
384.991	1	12
385.162	1	32
385.333	1	18
385.503	1	8
385.674	1	15
385.845	1	15
386.016	1	28
386.187	1	7
386.357	1	24
386.528	1	14
386.699	1	16
386.870	1	23
387.041	1	29
387.211	1	15
387.382	1	32
387.553	1	27
387.724	1	17
387.894	1	11
388.065	1	25
388.236	1	16
388.407	1	18
388.578	1	38
388.748	1	27
388.919	1	21
389.090	1	31
389.261	1	37
389.431	1	3
389.602	1	17
389.773	1	32
389.944	1	28
390.114	1	26
390.285	1	36
390.456	1	31
390.627	1	16
390.798	1	20
390.968	1	30
391.139	1	35
391.310	1	13
391.481	1	27
391.651	1	40
391.822	1	26
391.993	1	29
392.164	1	24
392.334	1	29
392.505	1	25
392.676	1	29
392.847	1	22
393.017	1	18
393.188	1	31
393.359	1	32
393.530	1	30
393.700	1	27
393.871	1	27
394.042	1	19
394.213	1	27
394.383	1	32
394.554	1	29
394.725	1	16
394.896	1	33
395.066	1	35
395.237	1	31
395.408	1	29
395.579	1	22
395.749	1	34
395.920	1	31
396.091	1	18
396.262	1	23
396.432	1	21
396.603	1	24
396.774	1	21
396.945	1	34
397.115	1	34
397.286	1	32
397.457	1	32
397.627	1	23
397.798	1	32
397.969	1	29
398.140	1	28
398.310	1	33
398.481	1	23
398.652	1	18
398.823	1	24
398.993	1	21
399.164	1	22
399.335	1	25
399.505	1	24
399.676	1	17
399.847	1	15
400.018	1	25
400.188	1	32
400.359	1	27
400.530	1	25
400.700	1	33
400.871	1	37
401.042	1	29
401.213	1	29
401.383	1	26
401.554	1	30
401.725	1	29
401.895	1	26
402.066	1	33
402.237	1	31
402.408	1	27
402.578	1	30
402.749	1	26
402.920	1	42
403.090	1	34
403.261	1	24
403.432	1	29
403.603	1	29
403.773	1	37
403.944	1	35
404.115	1	29
404.285	1	37
404.456	1	38
404.627	1	36
404.797	1	35
404.968	1	29
405.139	1	33
405.310	1	28
405.480	1	30
405.651	1	28
405.822	1	16
405.992	1	40
406.163	1	28
406.334	1	23
406.504	1	17
406.675	1	32
406.846	1	27
407.016	1	29
407.187	1	24
407.358	1	23
407.528	1	37
407.699	1	17
407.870	1	34
408.041	1	15
408.211	1	34
408.382	1	32
408.553	1	22
408.723	1	26
408.894	1	28
409.065	1	27
409.235	1	32
409.406	1	34
409.577	1	34
409.747	1	31
409.918	1	38
410.089	1	42
410.259	1	23
410.430	1	31
410.601	1	35
410.771	1	29
410.942	1	24
411.113	1	29
411.283	1	31
411.454	1	45
411.625	1	30
411.795	1	33
411.966	1	33
412.137	1	44
412.307	1	37
412.478	1	24
412.649	1	35
412.819	1	35
412.990	1	25
413.161	1	25
413.331	1	41
413.502	1	16
413.672	1	20
413.843	1	28
414.014	1	21
414.184	1	35
414.355	1	27
414.526	1	29
414.696	1	29
414.867	1	25
415.038	1	29
415.208	1	17
415.379	1	30
415.550	1	34
415.720	1	21
415.891	1	32
416.062	1	42
416.232	1	43
416.403	1	41
416.573	1	25
416.744	1	30
416.915	1	27
417.085	1	39
417.256	1	32
417.427	1	25
417.597	1	31
417.768	1	24
417.939	1	24
418.109	1	18
418.280	1	31
418.450	1	44
418.621	1	22
418.792	1	33
418.962	1	30
419.133	1	27
419.304	1	22
419.474	1	27
419.645	1	20
419.815	1	26
419.986	1	42
420.157	1	19
420.327	1	20
420.498	1	27
420.669	1	26
420.839	1	32
421.010	1	29
421.180	1	18
421.351	1	26
421.522	1	31
421.692	1	24
421.863	1	30
422.033	1	33
422.204	1	35
422.375	1	26
422.545	1	36
422.716	1	16
422.886	1	34
423.057	1	34
423.228	1	23
423.398	1	36
423.569	1	19
423.740	1	30
423.910	1	35
424.081	1	24
424.251	1	26
424.422	1	34
424.593	1	25
424.763	1	29
424.934	1	34
425.104	1	41
425.275	1	22
425.445	1	33
425.616	1	35
425.787	1	30
425.957	1	25
426.128	1	27
426.298	1	42
426.469	1	26
426.640	1	24
426.810	1	18
426.981	1	35
427.151	1	30
427.322	1	26
427.493	1	29
427.663	1	21
427.834	1	29
428.004	1	32
428.175	1	19
428.345	1	16
428.516	1	21
428.687	1	31
428.857	1	24
429.028	1	20
429.198	1	24
429.369	1	24
429.540	1	37
429.710	1	31
429.881	1	17
430.051	1	22
430.222	1	23
430.392	1	33
430.563	1	22
430.734	1	20
430.904	1	36
431.075	1	27
431.245	1	25
431.416	1	39
431.586	1	16
431.757	1	31
431.927	1	31
432.098	1	23
432.269	1	24
432.439	1	31
432.610	1	27
432.780	1	44
432.951	1	26
433.121	1	22
433.292	1	36
433.462	1	24
433.633	1	22
433.804	1	23
433.974	1	36
434.145	1	29
434.315	1	23
434.486	1	26
434.656	1	28
434.827	1	28
434.997	1	31
435.168	1	24
435.339	1	32
435.509	1	32
435.680	1	23
435.850	1	17
436.021	1	21
436.191	1	22
436.362	1	30
436.532	1	39
436.703	1	31
436.873	1	19
437.044	1	26
437.214	1	19
437.385	1	17
437.556	1	27
437.726	1	40
437.897	1	27
438.067	1	32
438.238	1	32
438.408	1	17
438.579	1	30
438.749	1	26
438.920	1	28
439.090	1	25
439.261	1	30
439.431	1	14
439.602	1	21
439.772	1	35
439.943	1	23
440.113	1	8
440.284	1	35
440.455	1	26
440.625	1	23
440.796	1	19
440.966	1	30
441.137	1	22
441.307	1	22
441.478	1	25
441.648	1	22
441.819	1	17
441.989	1	34
442.160	1	27
442.330	1	17
442.501	1	26
442.671	1	36
442.842	1	18
443.012	1	26
443.183	1	19
443.353	1	15
443.524	1	19
443.694	1	21
443.865	1	26
444.035	1	26
444.206	1	12
444.376	1	28
444.547	1	24
444.717	1	15
444.888	1	13
445.058	1	30
445.229	1	23
445.399	1	23
445.570	1	22
445.740	1	26
445.911	1	17
446.081	1	29
446.252	1	29
446.422	1	15
446.593	1	31
446.763	1	22
446.934	1	19
447.104	1	21
447.275	1	21
447.445	1	31
447.616	1	22
447.786	1	21
447.957	1	24
448.127	1	22
448.298	1	38
448.468	1	15
448.639	1	17
448.809	1	21
448.979	1	30
449.150	1	16
449.320	1	25
449.491	1	18
449.661	1	19
449.832	1	27
450.002	1	21
450.173	1	27
450.343	1	14
450.514	1	27
450.684	1	20
450.855	1	29
451.025	1	24
451.196	1	16
451.366	1	38
451.537	1	32
451.707	1	18
451.878	1	11
452.048	1	20
452.218	1	20
452.389	1	25
452.559	1	33
452.730	1	21
452.900	1	8
453.071	1	43
453.241	1	17
453.412	1	21
453.582	1	28
453.753	1	19
453.923	1	26
454.093	1	21
454.264	1	22
454.434	1	31
454.605	1	14
454.775	1	20
454.946	1	15
455.116	1	23
455.287	1	16
455.457	1	18
455.628	1	10
455.798	1	17
455.968	1	12
456.139	1	27
456.309	1	18
456.480	1	18
456.650	1	16
456.821	1	19
456.991	1	26
457.161	1	23
457.332	1	6
457.502	1	12
457.673	1	18
457.843	1	14
458.014	1	17
458.184	1	15
458.355	1	23
458.525	1	19
458.695	1	22
458.866	1	14
459.036	1	12
459.207	1	27
459.377	1	13
459.548	1	23
459.718	1	22
459.888	1	14
460.059	1	13
460.229	1	10
460.400	1	20
460.570	1	13
460.740	1	18
460.911	1	8
461.081	1	17
461.252	1	10
461.422	1	16
461.593	1	20
461.763	1	28
461.933	1	10
462.104	1	8
462.274	1	10
462.445	1	11
462.615	1	17
462.785	1	21
462.956	1	10
463.126	1	14
463.297	1	14
463.467	1	27
463.638	1	20
463.808	1	7
463.978	1	6
464.149	1	19
464.319	1	21
464.490	1	16
464.660	1	6
464.830	1	17
465.001	1	13
465.171	1	10
465.342	1	8
465.512	1	11
465.682	1	7
465.853	1	16
466.023	1	14
466.194	1	20
466.364	1	17
466.534	1	5
466.705	1	27
466.875	1	10
467.045	1	7
467.216	1	8
467.386	1	17
467.557	1	27
467.727	1	6
467.897	1	16
468.068	1	7
468.238	1	13
468.409	1	7
468.579	1	23
468.749	1	14
468.920	1	2
469.090	1	24
469.260	1	16
469.431	1	12
469.601	1	23
469.772	1	21
469.942	1	13
470.112	1	1
470.283	1	29
470.453	1	15
470.623	1	20
470.794	1	22
470.964	1	7
471.135	1	20
471.305	1	12
471.475	1	5
471.646	1	20
471.816	1	15
471.986	1	15
472.157	1	16
472.327	1	17
472.497	1	10
472.668	1	9
472.838	1	-1
473.009	1	13
473.179	1	15
473.349	1	13
473.520	1	32
473.690	1	17
473.860	1	7
474.031	1	7
474.201	1	18
474.371	1	12
474.542	1	8
474.712	1	3
474.882	1	11
475.053	1	22
475.223	1	8
475.394	1	15
475.564	1	5
475.734	1	9
475.905	1	20
476.075	1	19
476.245	1	14
476.416	1	5
476.586	1	8
476.756	1	13
476.927	1	18
477.097	1	2
477.267	1	17
477.438	1	17
477.608	1	24
477.778	1	3
477.949	1	17
478.119	1	11
478.289	1	3
478.460	1	6
478.630	1	9
478.800	1	8
478.971	1	12
479.141	1	18
479.311	1	12
479.482	1	12
479.652	1	18
479.822	1	3
479.993	1	12
480.163	1	13
480.333	1	15
480.504	1	15
480.674	1	15
480.844	1	11
481.015	1	14
481.185	1	18
481.355	1	18
481.525	1	-7
481.696	1	16
481.866	1	14
482.036	1	15
482.207	1	14
482.377	1	17
482.547	1	2
482.718	1	10
482.888	1	14
483.058	1	14
483.229	1	8
483.399	1	19
483.569	1	6
483.740	1	11
483.910	1	2
484.080	1	17
484.250	1	7
484.421	1	-1
484.591	1	9
484.761	1	9
484.932	1	12
485.102	1	23
485.272	1	3
485.443	1	9
485.613	1	10
485.783	1	14
485.953	1	10
486.124	1	13
486.294	1	7
486.464	1	15
486.635	1	0
486.805	1	10
486.975	1	9
487.146	1	6
487.316	1	10
487.486	1	16
487.656	1	12
487.827	1	13
487.997	1	0
488.167	1	9
488.338	1	8
488.508	1	12
488.678	1	10
488.848	1	10
489.019	1	4
489.189	1	15
489.359	1	22
489.529	1	4
489.700	1	17
489.870	1	25
490.040	1	5
490.211	1	7
490.381	1	2
490.551	1	15
490.721	1	11
490.892	1	-2
491.062	1	3
491.232	1	8
491.402	1	19
491.573	1	17
491.743	1	-2
491.913	1	5
492.084	1	-1
492.254	1	5
492.424	1	4
492.594	1	-6
492.765	1	9
492.935	1	10
493.105	1	5
493.275	1	13
493.446	1	2
493.616	1	0
493.786	1	14
493.956	1	7
494.127	1	2
494.297	1	2
494.467	1	0
494.637	1	1
494.808	1	13
494.978	1	11
495.148	1	9
495.318	1	16
495.489	1	5
495.659	1	14
495.829	1	2
495.999	1	2
496.170	1	11
496.340	1	10
496.510	1	9
496.680	1	12
496.851	1	17
497.021	1	12
497.191	1	11
497.361	1	0
497.532	1	7
497.702	1	9
497.872	1	10
498.042	1	-1
498.213	1	0
498.383	1	15
498.553	1	12
498.723	1	3
498.894	1	2
499.064	1	9
499.234	1	12
499.404	1	6
499.574	1	21
499.745	1	8
499.915	1	12
500.085	1	-2
500.255	1	1
500.426	1	5
500.596	1	3
500.766	1	-9
500.936	1	2
501.106	1	6
501.277	1	7
501.447	1	7
501.617	1	11
501.787	1	6
501.958	1	11
502.128	1	15
502.298	1	17
502.468	1	2
502.638	1	8
502.809	1	0
502.979	1	10
503.149	1	8
503.319	1	5
503.489	1	-3
503.660	1	6
503.830	1	10
504.000	1	4
504.170	1	3
504.340	1	-1
504.511	1	3
504.681	1	4
504.851	1	2
505.021	1	3
505.192	1	-8
505.362	1	5
505.532	1	2
505.702	1	15
505.872	1	-2
506.043	1	9
506.213	1	16
506.383	1	9
506.553	1	5
506.723	1	10
506.893	1	8
507.064	1	7
507.234	1	1
507.404	1	1
507.574	1	5
507.744	1	10
507.915	1	2
508.085	1	2
508.255	1	11
508.425	1	-2
508.595	1	5
508.766	1	5
508.936	1	13
509.106	1	5
509.276	1	1
509.446	1	1
509.616	1	-7
509.787	1	7
509.957	1	9
510.127	1	0
510.297	1	9
510.467	1	4
510.638	1	10
510.808	1	6
510.978	1	5
511.148	1	6
511.318	1	11
511.488	1	11
511.659	1	6
511.829	1	5
511.999	1	3
512.169	1	9
512.339	1	6
512.509	1	1
512.680	1	4
512.850	1	10
513.020	1	5
513.190	1	-5
513.360	1	12
513.530	1	1
513.700	1	9
513.871	1	0
514.041	1	4
514.211	1	17
514.381	1	15
514.551	1	11
514.721	1	-4
514.892	1	3
515.062	1	8
515.232	1	-8
515.402	1	5
515.572	1	4
515.742	1	8
515.912	1	2
516.083	1	6
516.253	1	7
516.423	1	1
516.593	1	2
516.763	1	11
516.933	1	11
517.104	1	15
517.274	1	-3
517.444	1	5
517.614	1	4
517.784	1	0
517.954	1	1
518.124	1	11
518.294	1	15
518.465	1	4
518.635	1	12
518.805	1	3
518.975	1	12
519.145	1	-2
519.315	1	3
519.485	1	0
519.656	1	7
519.826	1	-1
519.996	1	1
520.166	1	5
520.336	1	12
520.506	1	8
520.676	1	-2
520.846	1	10
521.017	1	3
521.187	1	10
521.357	1	0
521.527	1	-4
521.697	1	2
521.867	1	8
522.037	1	8
522.207	1	8
522.377	1	9
522.548	1	-8
522.718	1	-6
522.888	1	1
523.058	1	4
523.228	1	-4
523.398	1	0
523.568	1	-3
523.738	1	-3
523.909	1	6
524.079	1	10
524.249	1	-4
524.419	1	1
524.589	1	4
524.759	1	1
524.929	1	3
525.099	1	0
525.269	1	7
525.439	1	0
525.610	1	16
525.780	1	-3
525.950	1	1
526.120	1	2
526.290	1	2
526.460	1	-2
526.630	1	14
526.800	1	9
526.970	1	19
527.140	1	1
527.311	1	4
527.481	1	7
527.651	1	-4
527.821	1	-4
527.991	1	1
528.161	1	13
528.331	1	-3
528.501	1	9
528.671	1	8
528.841	1	4
529.011	1	6
529.181	1	3
529.352	1	2
529.522	1	-4
529.692	1	4
529.862	1	-2
530.032	1	0
530.202	1	5
530.372	1	10
530.542	1	1
530.712	1	0
530.882	1	6
531.052	1	4
531.222	1	0
531.392	1	-1
531.563	1	13
531.733	1	1
531.903	1	2
532.073	1	1
532.243	1	5
532.413	1	19
532.583	1	5
532.753	1	-2
532.923	1	7
533.093	1	0
533.263	1	15
533.433	1	-7
533.603	1	-2
533.773	1	5
533.943	1	11
534.113	1	3
534.284	1	5
534.454	1	-3
534.624	1	1
534.794	1	3
534.964	1	-3
535.134	1	-2
535.304	1	-6
535.474	1	2
535.644	1	6
535.814	1	5
535.984	1	8
536.154	1	-2
536.324	1	4
536.494	1	-5
536.664	1	-2
536.834	1	-6
537.004	1	5
537.174	1	10
537.344	1	12
537.514	1	-1
537.685	1	15
537.855	1	6
538.025	1	12
538.195	1	5
538.365	1	1
538.535	1	1
538.705	1	0
538.875	1	4
539.045	1	2
539.215	1	-7
539.385	1	1
539.555	1	-2
539.725	1	1
539.895	1	5
540.065	1	0
540.235	1	9
540.405	1	2
540.575	1	-1
540.745	1	2
540.915	1	3
541.085	1	3
541.255	1	0
541.425	1	-1
541.595	1	4
541.765	1	9
541.935	1	-3
542.105	1	-2
542.275	1	-5
542.445	1	-1
542.615	1	0
542.785	1	5
542.955	1	10
543.125	1	-3
543.295	1	4
543.465	1	15
543.635	1	-7
543.805	1	6
543.975	1	0
544.145	1	8
544.315	1	-3
544.485	1	2
544.655	1	10
544.825	1	8
544.995	1	-1
545.165	1	-6
545.335	1	4
545.505	1	3
545.675	1	7
545.845	1	8
546.015	1	-6
546.185	1	1
546.355	1	-1
546.525	1	3
546.695	1	-3
546.865	1	6
547.035	1	7
547.205	1	6
547.375	1	4
547.545	1	8
547.715	1	10
547.885	1	4
548.055	1	-1
548.225	1	9
548.395	1	8
548.565	1	5
548.735	1	-2
548.905	1	7
549.075	1	1
549.245	1	6
549.415	1	2
549.585	1	-2
549.755	1	4
549.925	1	11
550.095	1	-6
550.265	1	-2
550.435	1	-1
550.605	1	6
550.775	1	-3
550.945	1	2
551.115	1	15
551.285	1	5
551.455	1	8
551.625	1	-8
551.795	1	-4
551.965	1	-4
552.135	1	1
552.305	1	9
552.475	1	6
552.645	1	-10
552.815	1	-3
552.985	1	-10
553.155	1	5
553.325	1	3
553.495	1	7
553.665	1	0
553.835	1	5
554.004	1	3
554.174	1	8
554.344	1	8
554.514	1	3
554.684	1	3
554.854	1	-6
555.024	1	10
555.194	1	1
555.364	1	9
555.534	1	2
555.704	1	2
555.874	1	4
556.044	1	-4
556.214	1	7
556.384	1	2
556.554	1	6
556.724	1	-1
556.894	1	5
557.064	1	4
557.234	1	2
557.404	1	-4
557.573	1	-1
557.743	1	-4
557.913	1	-10
558.083	1	7
558.253	1	4
558.423	1	-5
558.593	1	0
558.763	1	4
558.933	1	-3
559.103	1	-1
559.273	1	7
559.443	1	9
559.613	1	-10
559.783	1	-5
559.953	1	-6
560.122	1	2
560.292	1	-8
560.462	1	-1
560.632	1	2
560.802	1	2
560.972	1	-6
561.142	1	9
561.312	1	-2
561.482	1	6
561.652	1	7
561.822	1	12
561.992	1	2
562.162	1	-2
562.331	1	-6
562.501	1	-2
562.671	1	2
562.841	1	-14
563.011	1	6
563.181	1	0
563.351	1	5
563.521	1	1
563.691	1	5
563.861	1	6
564.031	1	3
564.201	1	2
564.370	1	3
564.540	1	0
564.710	1	4
564.880	1	0
565.050	1	5
565.220	1	10
565.390	1	1
565.560	1	4
565.730	1	10
565.900	1	2
566.069	1	2
566.239	1	-2
566.409	1	7
566.579	1	16
566.749	1	-5
566.919	1	-4
567.089	1	-4
567.259	1	8
567.429	1	-11
567.599	1	12
567.768	1	-2
567.938	1	1
568.108	1	0
568.278	1	6
568.448	1	3
568.618	1	3
568.788	1	2
568.958	1	6
569.128	1	3
569.297	1	-8
569.467	1	16
569.637	1	1
569.807	1	7
569.977	1	-4
570.147	1	8
570.317	1	-4
570.487	1	-2
570.656	1	4
570.826	1	3
570.996	1	8
571.166	1	8
571.336	1	9
571.506	1	7
571.676	1	6
571.846	1	3
572.015	1	5
572.185	1	2
572.355	1	-7
572.525	1	-10
572.695	1	3
572.865	1	14
573.035	1	8
573.205	1	2
573.374	1	-5
573.544	1	-4
573.714	1	1
573.884	1	-5
574.054	1	2
574.224	1	2
574.394	1	-1
574.563	1	-5
574.733	1	3
574.903	1	1
575.073	1	11
575.243	1	2
575.413	1	-1
575.583	1	-5
575.752	1	1
575.922	1	7
576.092	1	-10
576.262	1	-1
576.432	1	-3
576.602	1	-4
576.772	1	-1
576.941	1	10
577.111	1	5
577.281	1	0
577.451	1	8
577.621	1	1
577.791	1	8
577.960	1	1
578.130	1	4
578.300	1	-6
578.470	1	5
578.640	1	11
578.810	1	-6
578.979	1	3
579.149	1	-6
579.319	1	-7
579.489	1	10
579.659	1	0
579.829	1	-12
579.998	1	-14
580.168	1	3
580.338	1	6
580.508	1	0
580.678	1	-3
580.848	1	4
581.017	1	5
581.187	1	1
581.357	1	-5
581.527	1	-1
581.697	1	4
581.867	1	10
582.036	1	-6
582.206	1	2
582.376	1	-3
582.546	1	-3
582.716	1	3
582.885	1	-4
583.055	1	-4
583.225	1	-2
583.395	1	1
583.565	1	8
583.735	1	2
583.904	1	1
584.074	1	4
584.244	1	-1
584.414	1	-1
584.584	1	-14
584.753	1	-1
584.923	1	-10
585.093	1	3
585.263	1	1
585.433	1	1
585.602	1	1
585.772	1	10
585.942	1	-8
586.112	1	7
586.282	1	7
586.451	1	9
586.621	1	-10
586.791	1	-6
586.961	1	-8
587.131	1	-2
587.300	1	13
587.470	1	3
587.640	1	-6
587.810	1	-18
587.980	1	6
588.149	1	15
588.319	1	10
588.489	1	8
588.659	1	-4
588.829	1	-2
588.998	1	-2
589.168	1	-3
589.338	1	-2
589.508	1	0
589.677	1	5
589.847	1	3
590.017	1	0
590.187	1	-2
590.357	1	-2
590.526	1	-7
590.696	1	7
590.866	1	-7
591.036	1	5
591.205	1	9
591.375	1	4
591.545	1	-1
591.715	1	-1
591.885	1	0
592.054	1	-4
592.224	1	-5
592.394	1	-7
592.564	1	1
592.733	1	-1
592.903	1	2
593.073	1	6
593.243	1	3
593.412	1	-8
593.582	1	0
593.752	1	-1
593.922	1	-4
594.091	1	0
594.261	1	-13
594.431	1	4
594.601	1	0
594.771	1	9
594.940	1	0
595.110	1	4
595.280	1	3
595.450	1	7
595.619	1	-1
595.789	1	-5
595.959	1	-5
596.129	1	2
596.298	1	10
596.468	1	4
596.638	1	6
596.808	1	-4
596.977	1	-2
597.147	1	2
597.317	1	-5
597.487	1	-2
597.656	1	4
597.826	1	15
597.996	1	1
598.166	1	5
598.335	1	-4
598.505	1	7
598.675	1	3
598.844	1	9
599.014	1	-4
599.184	1	2
599.354	1	10
599.523	1	-1
599.693	1	1
599.863	1	3
600.033	1	11
600.202	1	-4
600.372	1	-6
600.542	1	5
600.712	1	-1
600.881	1	7
601.051	1	8
601.221	1	4
601.390	1	4
601.560	1	15
601.730	1	3
601.900	1	5
602.069	1	-1
602.239	1	0
602.409	1	-6
602.578	1	-1
602.748	1	4
602.918	1	-4
603.088	1	5
603.257	1	4
603.427	1	9
603.597	1	-2
603.767	1	-6
603.936	1	10
604.106	1	3
604.276	1	-5
604.445	1	3
604.615	1	13
604.785	1	9
604.954	1	4
605.124	1	9
605.294	1	-2
605.464	1	-9
605.633	1	0
605.803	1	6
605.973	1	-4
606.142	1	8
606.312	1	8
606.482	1	-2
606.652	1	-4
606.821	1	4
606.991	1	3
607.161	1	4
607.330	1	1
607.500	1	1
607.670	1	-2
607.839	1	-1
608.009	1	-6
608.179	1	6
608.348	1	3
608.518	1	11
608.688	1	-4
608.858	1	5
609.027	1	13
609.197	1	-3
609.367	1	-11
609.536	1	-7
609.706	1	3
609.876	1	16
610.045	1	2
610.215	1	10
610.385	1	6
610.554	1	-2
610.724	1	2
610.894	1	2
611.063	1	2
611.233	1	9
611.403	1	9
611.572	1	10
611.742	1	-4
611.912	1	1
612.081	1	8
612.251	1	-2
612.421	1	7
612.590	1	7
612.760	1	2
612.930	1	10
613.099	1	0
613.269	1	1
613.439	1	-10
613.608	1	-3
613.778	1	1
613.948	1	11
614.117	1	-1
614.287	1	-1
614.457	1	10
614.626	1	1
614.796	1	-3
614.966	1	8
615.135	1	10
615.305	1	5
615.475	1	7
615.644	1	8
615.814	1	16
615.984	1	-8
616.153	1	14
616.323	1	-4
616.493	1	1
616.662	1	-4
616.832	1	9
617.002	1	-1
617.171	1	8
617.341	1	9
617.511	1	-5
617.680	1	-9
617.850	1	-2
618.019	1	2
618.189	1	14
618.359	1	8
618.528	1	7
618.698	1	-1
618.868	1	1
619.037	1	3
619.207	1	0
619.377	1	1
619.546	1	6
619.716	1	-1
619.885	1	-1
620.055	1	-1
620.225	1	8
620.394	1	7
620.564	1	3
620.734	1	4
620.903	1	-9
621.073	1	-1
621.242	1	0
621.412	1	-2
621.582	1	4
621.751	1	0
621.921	1	7
622.091	1	0
622.260	1	9
622.430	1	5
622.599	1	3
622.769	1	-1
622.939	1	-4
623.108	1	-4
623.278	1	-6
623.448	1	7
623.617	1	3
623.787	1	1
623.956	1	11
624.126	1	7
624.296	1	7
624.465	1	1
624.635	1	6
624.804	1	-8
624.974	1	-3
625.144	1	-6
625.313	1	11
625.483	1	2
625.652	1	0
625.822	1	11
625.992	1	10
626.161	1	9
626.331	1	-2
626.501	1	6
626.670	1	-1
626.840	1	3
627.009	1	-1
627.179	1	-1
627.348	1	2
627.518	1	5
627.688	1	2
627.857	1	8
628.027	1	1
628.196	1	4
628.366	1	0
628.536	1	-1
628.705	1	-7
628.875	1	-8
629.044	1	-5
629.214	1	8
629.384	1	6
629.553	1	0
629.723	1	-1
629.892	1	-3
630.062	1	5
630.232	1	6
630.401	1	5
630.571	1	6
630.740	1	-4
630.910	1	6
631.079	1	8
631.249	1	-4
631.419	1	-4
631.588	1	4
631.758	1	-1
631.927	1	8
632.097	1	0
632.266	1	6
632.436	1	2
632.606	1	8
632.775	1	-1
632.945	1	1
633.114	1	4
633.284	1	-3
633.453	1	7
633.623	1	21
633.793	1	4
633.962	1	6
634.132	1	10
634.301	1	10
634.471	1	10
634.640	1	-7
634.810	1	4
634.979	1	7
635.149	1	0
635.319	1	-1
635.488	1	1
635.658	1	1
635.827	1	1
635.997	1	11
636.166	1	-2
636.336	1	-8
636.505	1	10
636.675	1	3
636.845	1	0
637.014	1	-5
637.184	1	10
637.353	1	0
637.523	1	4
637.692	1	1
637.862	1	-5
638.031	1	-7
638.201	1	9
638.370	1	5
638.540	1	-7
638.710	1	-10
638.879	1	3
639.049	1	12
639.218	1	13
639.388	1	3
639.557	1	0
639.727	1	14
639.896	1	-5
640.066	1	-1
640.235	1	6
640.405	1	7
640.574	1	9
640.744	1	-1
640.914	1	-2
641.083	1	8
641.253	1	0
641.422	1	-7
641.592	1	0
641.761	1	-3
641.931	1	6
642.100	1	-9
642.270	1	4
642.439	1	6
642.609	1	15
642.778	1	3
642.948	1	3
643.117	1	3
643.287	1	4
643.456	1	0
643.626	1	-2
643.795	1	-6
643.965	1	13
644.134	1	-4
644.304	1	-3
644.473	1	1
644.643	1	2
644.812	1	3
644.982	1	7
645.151	1	4
645.321	1	11
645.490	1	7
645.660	1	0
645.829	1	-4
645.999	1	-6
646.168	1	17
646.338	1	-4
646.507	1	5
646.677	1	2
646.846	1	4
647.016	1	16
647.185	1	4
647.355	1	8
647.524	1	-4
647.694	1	-10
647.863	1	8
648.033	1	1
648.202	1	4
648.372	1	-5
648.541	1	6
648.711	1	10
648.880	1	7
649.050	1	1
649.219	1	-4
649.389	1	-2
649.558	1	14
649.728	1	10
649.897	1	8
650.067	1	10
650.236	1	-6
650.406	1	1
650.575	1	5
650.745	1	2
650.914	1	13
651.084	1	1
651.253	1	3
651.423	1	-8
651.592	1	3
651.762	1	6
651.931	1	4
652.101	1	2
652.270	1	-1
652.440	1	8
652.609	1	6
652.778	1	11
652.948	1	1
653.117	1	2
653.287	1	-14
653.456	1	-5
653.626	1	-1
653.795	1	1
653.965	1	-2
654.134	1	-4
654.304	1	5
654.473	1	5
654.643	1	-2
654.812	1	19
654.982	1	-5
655.151	1	5
655.320	1	2
655.490	1	0
655.659	1	5
655.829	1	8
655.998	1	4
656.168	1	-13
656.337	1	-4
656.507	1	-10
656.676	1	-8
656.846	1	-2
657.015	1	14
657.184	1	9
657.354	1	8
657.523	1	11
657.693	1	9
657.862	1	-9
658.032	1	-1
658.201	1	-2
658.371	1	0
658.540	1	-7
658.709	1	8
658.879	1	14
659.048	1	7
659.218	1	4
659.387	1	11
659.557	1	-1
659.726	1	-3
659.895	1	-4
660.065	1	2
660.234	1	0
660.404	1	12
660.573	1	-4
660.743	1	3
660.912	1	4
661.081	1	0
661.251	1	-7
661.420	1	9
661.590	1	-3
661.759	1	3
661.929	1	3
662.098	1	5
662.267	1	-9
662.437	1	8
662.606	1	2
662.776	1	2
662.945	1	14
663.115	1	22
663.284	1	13
663.453	1	3
663.623	1	-3
663.792	1	7
663.962	1	7
664.131	1	1
664.300	1	-1
664.470	1	2
664.639	1	2
664.809	1	-8
664.978	1	17
665.148	1	4
665.317	1	9
665.486	1	3
665.656	1	-1
665.825	1	5
665.995	1	-6
666.164	1	3
666.333	1	2
666.503	1	-5
666.672	1	2
666.842	1	7
667.011	1	4
667.180	1	-4
667.350	1	2
667.519	1	2
667.689	1	5
667.858	1	10
668.027	1	2
668.197	1	-5
668.366	1	-5
668.536	1	2
668.705	1	0
668.874	1	9
669.044	1	6
669.213	1	14
669.382	1	12
669.552	1	5
669.721	1	1
669.891	1	3
670.060	1	0
670.229	1	3
670.399	1	3
670.568	1	13
670.738	1	-3
670.907	1	4
671.076	1	5
671.246	1	8
671.415	1	3
671.584	1	0
671.754	1	-8
671.923	1	-1
672.093	1	3
672.262	1	7
672.431	1	14
672.601	1	6
672.770	1	9
672.939	1	5
673.109	1	-5
673.278	1	5
673.448	1	18
673.617	1	9
673.786	1	-8
