325.333	1	18
325.504	1	9
325.675	1	19
325.846	1	29
326.017	1	17
326.188	1	16
326.359	1	29
326.531	1	21
326.702	1	19
326.873	1	27
327.044	1	27
327.215	1	18
327.386	1	28
327.557	1	24
327.728	1	21
327.899	1	21
328.070	1	31
328.241	1	30
328.412	1	28
328.583	1	26
328.754	1	29
328.926	1	35
329.097	1	28
329.268	1	32
329.439	1	36
329.610	1	30
329.781	1	24
329.952	1	26
330.123	1	23
330.294	1	25
330.465	1	17
330.636	1	33
330.807	1	42
330.978	1	30
331.149	1	33
331.320	1	19
331.492	1	26
331.663	1	22
331.834	1	18
332.005	1	38
332.176	1	28
332.347	1	18
332.518	1	30
332.689	1	29
332.860	1	25
333.031	1	39
333.202	1	19
333.373	1	31
333.544	1	29
333.715	1	37
333.886	1	28
334.057	1	21
334.228	1	39
334.399	1	40
334.570	1	33
334.741	1	39
334.912	1	24
335.084	1	40
335.255	1	40
335.426	1	41
335.597	1	29
335.768	1	37
335.939	1	32
336.110	1	39
336.281	1	35
336.452	1	37
336.623	1	39
336.794	1	40
336.965	1	35
337.136	1	42
337.307	1	34
337.478	1	40
337.649	1	39
337.820	1	32
337.991	1	34
338.162	1	47
338.333	1	45
338.504	1	43
338.675	1	37
338.846	1	37
339.017	1	49
339.188	1	37
339.359	1	52
339.530	1	41
339.701	1	39
339.872	1	43
340.043	1	45
340.214	1	48
340.385	1	36
340.556	1	57
340.727	1	53
340.898	1	45
341.069	1	42
341.240	1	50
341.411	1	51
341.582	1	38
341.753	1	46
341.924	1	61
342.095	1	46
342.266	1	55
342.437	1	48
342.608	1	51
342.779	1	51
342.950	1	42
343.121	1	48
343.292	1	52
343.463	1	70
343.634	1	55
343.805	1	48
343.976	1	60
344.147	1	57
344.318	1	45
344.489	1	45
344.660	1	56
344.831	1	63
345.002	1	50
345.173	1	50
345.344	1	53
345.515	1	58
345.686	1	61
345.857	1	58
346.028	1	63
346.199	1	65
346.370	1	48
346.541	1	57
346.712	1	53
346.883	1	52
347.054	1	61
347.225	1	60
347.396	1	54
347.567	1	50
347.738	1	55
347.909	1	59
348.080	1	53
348.251	1	63
348.422	1	64
348.593	1	59
348.764	1	62
348.935	1	61
349.106	1	52
349.277	1	65
349.448	1	57
349.619	1	61
349.790	1	67
349.961	1	49
350.132	1	66
350.303	1	73
350.474	1	70
350.645	1	60
350.816	1	64
350.987	1	84
351.157	1	65
351.328	1	66
351.499	1	78
351.670	1	58
351.841	1	75
352.012	1	73
352.183	1	88
352.354	1	71
352.525	1	66
352.696	1	70
352.867	1	74
353.038	1	83
353.209	1	69
353.380	1	72
353.551	1	70
353.722	1	71
353.893	1	74
354.064	1	78
354.235	1	72
354.406	1	67
354.576	1	57
354.747	1	73
354.918	1	68
355.089	1	77
355.260	1	76
355.431	1	66
355.602	1	73
355.773	1	76
355.944	1	78
356.115	1	86
356.286	1	81
356.457	1	76
356.628	1	80
356.799	1	77
356.970	1	80
357.141	1	79
357.311	1	88
357.482	1	91
357.653	1	69
357.824	1	80
357.995	1	97
358.166	1	74
358.337	1	81
358.508	1	91
358.679	1	71
358.850	1	81
359.021	1	81
359.192	1	93
359.363	1	84
359.533	1	81
359.704	1	70
359.875	1	83
360.046	1	90
360.217	1	89
360.388	1	95
360.559	1	95
360.730	1	74
360.901	1	92
361.072	1	87
361.243	1	82
361.414	1	78
361.584	1	73
361.755	1	85
361.926	1	91
362.097	1	74
362.268	1	87
362.439	1	80
362.610	1	95
362.781	1	79
362.952	1	86
363.123	1	85
363.293	1	88
363.464	1	80
363.635	1	91
363.806	1	86
363.977	1	82
364.148	1	92
364.319	1	83
364.490	1	93
364.661	1	81
364.832	1	96
365.002	1	103
365.173	1	86
365.344	1	83
365.515	1	94
365.686	1	90
365.857	1	90
366.028	1	100
366.199	1	101
366.370	1	88
366.540	1	80
366.711	1	93
366.882	1	94
367.053	1	99
367.224	1	92
367.395	1	96
367.566	1	87
367.737	1	92
367.908	1	97
368.078	1	92
368.249	1	97
368.420	1	88
368.591	1	99
368.762	1	96
368.933	1	95
369.104	1	90
369.274	1	97
369.445	1	95
369.616	1	100
369.787	1	97
369.958	1	91
370.129	1	82
370.300	1	77
370.471	1	91
370.641	1	87
370.812	1	105
370.983	1	98
371.154	1	107
371.325	1	95
371.496	1	98
371.667	1	100
371.837	1	92
372.008	1	90
372.179	1	89
372.350	1	97
372.521	1	95
372.692	1	101
372.863	1	95
373.033	1	103
373.204	1	95
373.375	1	94
373.546	1	101
373.717	1	100
373.888	1	91
374.059	1	96
374.229	1	86
374.400	1	88
374.571	1	97
374.742	1	99
374.913	1	92
375.084	1	90
375.254	1	93
375.425	1	99
375.596	1	98
375.767	1	89
375.938	1	95
376.109	1	93
376.279	1	101
376.450	1	113
376.621	1	105
376.792	1	103
376.963	1	107
377.134	1	104
377.304	1	108
377.475	1	85
377.646	1	93
377.817	1	97
377.988	1	107
378.159	1	108
378.329	1	105
378.500	1	106
378.671	1	112
378.842	1	104
379.013	1	106
379.184	1	97
379.354	1	108
379.525	1	113
379.696	1	98
379.867	1	114
380.038	1	105
380.209	1	104
380.379	1	113
380.550	1	92
380.721	1	87
380.892	1	96
381.063	1	117
381.233	1	111
381.404	1	112
381.575	1	96
381.746	1	115
381.917	1	108
382.087	1	120
382.258	1	113
382.429	1	109
382.600	1	101
382.771	1	104
382.941	1	125
383.112	1	106
383.283	1	120
383.454	1	102
383.625	1	116
383.795	1	110
383.966	1	107
384.137	1	126
384.308	1	115
384.479	1	100
384.649	1	115
384.820	1	118
384.991	1	111
385.162	1	130
385.333	1	118
385.503	1	119
385.674	1	121
385.845	1	125
386.016	1	141
386.187	1	122
386.357	1	126
386.528	1	123
386.699	1	114
386.870	1	126
387.041	1	133
387.211	1	118
387.382	1	137
387.553	1	127
387.724	1	122
387.894	1	112
388.065	1	137
388.236	1	113
388.407	1	133
388.578	1	127
388.748	1	119
388.919	1	129
389.090	1	139
389.261	1	119
389.431	1	107
389.602	1	129
389.773	1	121
389.944	1	138
390.114	1	141
390.285	1	128
390.456	1	123
390.627	1	113
390.798	1	121
390.968	1	131
391.139	1	127
391.310	1	135
391.481	1	121
391.651	1	131
391.822	1	141
391.993	1	129
392.164	1	129
392.334	1	126
392.505	1	126
392.676	1	129
392.847	1	120
393.017	1	137
393.188	1	138
393.359	1	133
393.530	1	134
393.700	1	123
393.871	1	136
394.042	1	128
394.213	1	134
394.383	1	129
394.554	1	135
394.725	1	130
394.896	1	135
395.066	1	131
395.237	1	128
395.408	1	130
395.579	1	137
395.749	1	160
395.920	1	134
396.091	1	130
396.262	1	128
396.432	1	128
396.603	1	131
396.774	1	133
396.945	1	132
397.115	1	139
397.286	1	148
397.457	1	146
397.627	1	131
397.798	1	150
397.969	1	139
398.140	1	132
398.310	1	147
398.481	1	139
398.652	1	137
398.823	1	129
398.993	1	129
399.164	1	137
399.335	1	141
399.505	1	144
399.676	1	137
399.847	1	136
400.018	1	127
400.188	1	129
400.359	1	135
400.530	1	138
400.700	1	135
400.871	1	141
401.042	1	142
401.213	1	130
401.383	1	141
401.554	1	144
401.725	1	130
401.895	1	118
402.066	1	128
402.237	1	131
402.408	1	149
402.578	1	142
402.749	1	141
402.920	1	137
403.090	1	128
403.261	1	127
403.432	1	129
403.603	1	147
403.773	1	146
403.944	1	149
404.115	1	139
404.285	1	148
404.456	1	147
404.627	1	146
404.797	1	137
404.968	1	146
405.139	1	143
405.310	1	136
405.480	1	136
405.651	1	131
405.822	1	133
405.992	1	140
406.163	1	135
406.334	1	157
406.504	1	150
406.675	1	141
406.846	1	141
407.016	1	155
407.187	1	150
407.358	1	137
407.528	1	147
407.699	1	148
407.870	1	150
408.041	1	157
408.211	1	152
408.382	1	157
408.553	1	168
408.723	1	146
408.894	1	146
409.065	1	144
409.235	1	157
409.406	1	157
409.577	1	149
409.747	1	146
409.918	1	151
410.089	1	149
410.259	1	142
410.430	1	136
410.601	1	154
410.771	1	148
410.942	1	134
411.113	1	144
411.283	1	146
411.454	1	154
411.625	1	154
411.795	1	152
411.966	1	143
412.137	1	154
412.307	1	138
412.478	1	142
412.649	1	134
412.819	1	136
412.990	1	143
413.161	1	145
413.331	1	149
413.502	1	137
413.672	1	134
413.843	1	128
414.014	1	125
414.184	1	143
414.355	1	148
414.526	1	133
414.696	1	140
414.867	1	133
415.038	1	139
415.208	1	134
415.379	1	125
415.550	1	131
415.720	1	130
415.891	1	145
416.062	1	150
416.232	1	149
416.403	1	153
416.573	1	138
416.744	1	150
416.915	1	141
417.085	1	132
417.256	1	149
417.427	1	138
417.597	1	124
417.768	1	139
417.939	1	139
418.109	1	141
418.280	1	140
418.450	1	148
418.621	1	160
418.792	1	145
418.962	1	142
419.133	1	137
419.304	1	130
419.474	1	143
419.645	1	139
419.815	1	140
419.986	1	152
420.157	1	144
420.327	1	131
420.498	1	142
420.669	1	152
420.839	1	158
421.010	1	140
421.180	1	127
421.351	1	147
421.522	1	139
421.692	1	147
421.863	1	140
422.033	1	141
422.204	1	137
422.375	1	141
422.545	1	143
422.716	1	136
422.886	1	133
423.057	1	133
423.228	1	122
423.398	1	148
423.569	1	133
423.740	1	134
423.910	1	149
424.081	1	137
424.251	1	127
424.422	1	145
424.593	1	131
424.763	1	139
424.934	1	130
425.104	1	133
425.275	1	135
425.445	1	121
425.616	1	132
425.787	1	124
425.957	1	129
426.128	1	127
426.298	1	135
426.469	1	126
426.640	1	127
426.810	1	121
426.981	1	132
427.151	1	126
427.322	1	119
427.493	1	124
427.663	1	126
427.834	1	130
428.004	1	134
428.175	1	126
428.345	1	118
428.516	1	120
428.687	1	135
428.857	1	138
429.028	1	143
429.198	1	122
429.369	1	142
429.540	1	138
429.710	1	143
429.881	1	134
430.051	1	141
430.222	1	122
430.392	1	108
430.563	1	137
430.734	1	124
430.904	1	134
431.075	1	129
431.245	1	136
431.416	1	123
431.586	1	121
431.757	1	128
431.927	1	132
432.098	1	124
432.269	1	139
432.439	1	134
432.610	1	146
432.780	1	138
432.951	1	127
433.121	1	120
433.292	1	134
433.462	1	119
433.633	1	125
433.804	1	134
433.974	1	143
434.145	1	125
434.315	1	131
434.486	1	123
434.656	1	136
434.827	1	122
434.997	1	127
435.168	1	124
435.339	1	132
435.509	1	133
435.680	1	131
435.850	1	118
436.021	1	112
436.191	1	110
436.362	1	116
436.532	1	130
436.703	1	132
436.873	1	110
437.044	1	116
437.214	1	111
437.385	1	117
437.556	1	115
437.726	1	116
437.897	1	113
438.067	1	126
438.238	1	123
438.408	1	119
438.579	1	117
438.749	1	109
438.920	1	125
439.090	1	101
439.261	1	116
439.431	1	115
439.602	1	113
439.772	1	112
439.943	1	100
440.113	1	107
440.284	1	120
440.455	1	100
440.625	1	119
440.796	1	116
440.966	1	118
441.137	1	109
441.307	1	112
441.478	1	115
441.648	1	105
441.819	1	104
441.989	1	120
442.160	1	117
442.330	1	106
442.501	1	124
442.671	1	106
442.842	1	113
443.012	1	106
443.183	1	105
443.353	1	112
443.524	1	114
443.694	1	116
443.865	1	122
444.035	1	109
444.206	1	101
444.376	1	108
444.547	1	116
444.717	1	98
444.888	1	100
445.058	1	108
445.229	1	113
445.399	1	110
445.570	1	107
445.740	1	117
445.911	1	107
446.081	1	104
446.252	1	102
446.422	1	116
446.593	1	115
446.763	1	114
446.934	1	103
447.104	1	100
447.275	1	110
447.445	1	117
447.616	1	122
447.786	1	109
447.957	1	109
448.127	1	106
448.298	1	109
448.468	1	108
448.639	1	110
448.809	1	103
448.979	1	125
449.150	1	111
449.320	1	114
449.491	1	104
449.661	1	97
449.832	1	98
450.002	1	99
450.173	1	102
450.343	1	102
450.514	1	98
450.684	1	107
450.855	1	105
451.025	1	104
451.196	1	87
451.366	1	114
451.537	1	119
451.707	1	110
451.878	1	86
452.048	1	102
452.218	1	98
452.389	1	100
452.559	1	98
452.730	1	107
452.900	1	93
453.071	1	100
453.241	1	91
453.412	1	92
453.582	1	99
453.753	1	99
453.923	1	85
454.093	1	95
454.264	1	112
454.434	1	105
454.605	1	87
454.775	1	105
454.946	1	93
455.116	1	105
455.287	1	86
455.457	1	100
455.628	1	83
455.798	1	97
455.968	1	105
456.139	1	98
456.309	1	92
456.480	1	87
456.650	1	99
456.821	1	88
456.991	1	101
457.161	1	93
457.332	1	97
457.502	1	89
457.673	1	91
457.843	1	97
458.014	1	101
458.184	1	95
458.355	1	92
458.525	1	85
458.695	1	81
458.866	1	81
459.036	1	103
459.207	1	98
459.377	1	93
459.548	1	100
459.718	1	88
459.888	1	89
460.059	1	88
460.229	1	84
460.400	1	82
460.570	1	87
460.740	1	94
460.911	1	82
461.081	1	97
461.252	1	85
461.422	1	86
461.593	1	85
461.763	1	92
461.933	1	79
462.104	1	83
462.274	1	81
462.445	1	88
462.615	1	93
462.785	1	90
462.956	1	79
463.126	1	91
463.297	1	77
463.467	1	93
463.638	1	92
463.808	1	86
463.978	1	71
464.149	1	90
464.319	1	84
464.490	1	91
464.660	1	75
464.830	1	78
465.001	1	76
465.171	1	76
465.342	1	81
465.512	1	76
465.682	1	70
465.853	1	73
466.023	1	82
466.194	1	91
466.364	1	93
466.534	1	71
466.705	1	92
466.875	1	57
467.045	1	71
467.216	1	79
467.386	1	75
467.557	1	82
467.727	1	69
467.897	1	70
468.068	1	71
468.238	1	83
468.409	1	69
468.579	1	73
468.749	1	75
468.920	1	63
469.090	1	86
469.260	1	67
469.431	1	71
469.601	1	78
469.772	1	76
469.942	1	75
470.112	1	57
470.283	1	76
470.453	1	79
470.623	1	71
470.794	1	66
470.964	1	60
471.135	1	76
471.305	1	64
471.475	1	76
471.646	1	70
471.816	1	73
471.986	1	65
472.157	1	76
472.327	1	72
472.497	1	70
472.668	1	66
472.838	1	68
473.009	1	80
473.179	1	63
473.349	1	67
473.520	1	74
473.690	1	68
473.860	1	72
474.031	1	63
474.201	1	76
474.371	1	65
474.542	1	60
474.712	1	62
474.882	1	73
475.053	1	70
475.223	1	66
475.394	1	79
475.564	1	64
475.734	1	61
475.905	1	74
476.075	1	87
476.245	1	65
476.416	1	55
476.586	1	52
476.756	1	73
476.927	1	76
477.097	1	62
477.267	1	66
477.438	1	76
477.608	1	65
477.778	1	63
477.949	1	60
478.119	1	62
478.289	1	57
478.460	1	66
478.630	1	74
478.800	1	61
478.971	1	65
479.141	1	66
479.311	1	65
479.482	1	68
479.652	1	62
479.822	1	68
479.993	1	60
480.163	1	70
480.333	1	62
480.504	1	64
480.674	1	63
480.844	1	60
481.015	1	72
481.185	1	73
481.355	1	66
481.525	1	69
481.696	1	58
481.866	1	59
482.036	1	58
482.207	1	64
482.377	1	64
482.547	1	66
482.718	1	59
482.888	1	65
483.058	1	67
483.229	1	63
483.399	1	70
483.569	1	48
483.740	1	58
483.910	1	52
484.080	1	53
484.250	1	50
484.421	1	65
484.591	1	54
484.761	1	54
484.932	1	51
485.102	1	68
485.272	1	53
485.443	1	57
485.613	1	41
485.783	1	60
485.953	1	49
486.124	1	58
486.294	1	71
486.464	1	62
486.635	1	61
486.805	1	56
486.975	1	37
487.146	1	58
487.316	1	45
487.486	1	58
487.656	1	45
487.827	1	58
487.997	1	50
488.167	1	57
488.338	1	51
488.508	1	61
488.678	1	54
488.848	1	52
489.019	1	52
489.189	1	64
489.359	1	49
489.529	1	54
489.700	1	48
489.870	1	60
490.040	1	42
490.211	1	49
490.381	1	53
490.551	1	46
490.721	1	50
490.892	1	40
491.062	1	51
491.232	1	52
491.402	1	54
491.573	1	51
491.743	1	53
491.913	1	53
492.084	1	57
492.254	1	43
492.424	1	50
492.594	1	53
492.765	1	51
492.935	1	53
493.105	1	57
493.275	1	51
493.446	1	45
493.616	1	52
493.786	1	55
493.956	1	51
494.127	1	51
494.297	1	30
494.467	1	47
494.637	1	39
494.808	1	61
494.978	1	45
495.148	1	38
495.318	1	58
495.489	1	38
495.659	1	46
495.829	1	48
495.999	1	47
496.170	1	53
496.340	1	36
496.510	1	47
496.680	1	51
496.851	1	49
497.021	1	47
497.191	1	49
497.361	1	45
497.532	1	47
497.702	1	43
497.872	1	47
498.042	1	38
498.213	1	36
498.383	1	40
498.553	1	44
498.723	1	45
498.894	1	50
499.064	1	44
499.234	1	48
499.404	1	50
499.574	1	49
499.745	1	41
499.915	1	45
500.085	1	44
500.255	1	40
500.426	1	36
500.596	1	39
500.766	1	34
500.936	1	38
501.106	1	36
501.277	1	42
501.447	1	41
501.617	1	41
501.787	1	42
501.958	1	50
502.128	1	44
502.298	1	44
502.468	1	45
502.638	1	38
502.809	1	36
502.979	1	42
503.149	1	45
503.319	1	52
503.489	1	26
503.660	1	31
503.830	1	44
504.000	1	45
504.170	1	37
504.340	1	43
504.511	1	39
504.681	1	29
504.851	1	30
505.021	1	45
505.192	1	32
505.362	1	36
505.532	1	36
505.702	1	51
505.872	1	39
506.043	1	48
506.213	1	50
506.383	1	49
506.553	1	31
506.723	1	24
506.893	1	42
507.064	1	45
507.234	1	38
507.404	1	38
507.574	1	37
507.744	1	38
507.915	1	38
508.085	1	31
508.255	1	36
508.425	1	38
508.595	1	32
508.766	1	23
508.936	1	31
509.106	1	39
509.276	1	38
509.446	1	32
509.616	1	32
509.787	1	29
509.957	1	41
510.127	1	30
510.297	1	23
510.467	1	38
510.638	1	38
510.808	1	41
510.978	1	35
511.148	1	27
511.318	1	37
511.488	1	39
511.659	1	41
511.829	1	26
511.999	1	37
512.169	1	43
512.339	1	51
512.509	1	32
512.680	1	36
512.850	1	29
513.020	1	33
513.190	1	25
513.360	1	40
513.530	1	26
513.700	1	30
513.871	1	35
514.041	1	38
514.211	1	35
514.381	1	27
514.551	1	33
514.721	1	35
514.892	1	32
515.062	1	35
515.232	1	32
515.402	1	30
515.572	1	41
515.742	1	35
515.912	1	31
516.083	1	39
516.253	1	46
516.423	1	27
516.593	1	30
516.763	1	44
516.933	1	29
517.104	1	32
517.274	1	30
517.444	1	27
517.614	1	35
517.784	1	29
517.954	1	19
518.124	1	29
518.294	1	35
518.465	1	20
518.635	1	36
518.805	1	27
518.975	1	27
519.145	1	22
519.315	1	32
519.485	1	30
519.656	1	12
519.826	1	14
519.996	1	36
520.166	1	25
520.336	1	17
520.506	1	31
520.676	1	27
520.846	1	25
521.017	1	31
521.187	1	31
521.357	1	29
521.527	1	24
521.697	1	15
521.867	1	34
522.037	1	26
522.207	1	23
522.377	1	39
522.548	1	25
522.718	1	25
522.888	1	35
523.058	1	33
523.228	1	11
523.398	1	26
523.568	1	20
523.738	1	20
523.909	1	24
524.079	1	29
524.249	1	12
524.419	1	29
524.589	1	24
524.759	1	34
524.929	1	29
525.099	1	17
525.269	1	24
525.439	1	25
525.610	1	28
525.780	1	26
525.950	1	31
526.120	1	11
526.290	1	26
526.460	1	13
526.630	1	21
526.800	1	6
526.970	1	28
527.140	1	20
527.311	1	28
527.481	1	23
527.651	1	28
527.821	1	30
527.991	1	19
528.161	1	25
528.331	1	11
528.501	1	21
528.671	1	21
528.841	1	19
529.011	1	18
529.181	1	14
529.352	1	20
529.522	1	29
529.692	1	22
529.862	1	10
530.032	1	17
530.202	1	7
530.372	1	17
530.542	1	26
530.712	1	16
530.882	1	30
531.052	1	26
531.222	1	13
531.392	1	21
531.563	1	27
531.733	1	17
531.903	1	15
532.073	1	19
532.243	1	32
532.413	1	40
532.583	1	30
532.753	1	18
532.923	1	30
533.093	1	19
533.263	1	21
533.433	1	24
533.603	1	27
533.773	1	16
533.943	1	25
534.113	1	23
534.284	1	19
534.454	1	23
534.624	1	6
534.794	1	11
534.964	1	27
535.134	1	11
535.304	1	25
535.474	1	27
535.644	1	23
535.814	1	31
535.984	1	28
536.154	1	23
536.324	1	15
536.494	1	30
536.664	1	26
536.834	1	21
537.004	1	18
537.174	1	19
537.344	1	27
537.514	1	7
537.685	1	27
537.855	1	34
538.025	1	25
538.195	1	6
538.365	1	23
538.535	1	12
538.705	1	19
538.875	1	19
539.045	1	22
539.215	1	11
539.385	1	16
539.555	1	14
539.725	1	28
539.895	1	18
540.065	1	22
540.235	1	25
540.405	1	15
540.575	1	25
540.745	1	10
540.915	1	13
541.085	1	23
541.255	1	20
541.425	1	15
541.595	1	15
541.765	1	15
541.935	1	13
542.105	1	15
542.275	1	20
542.445	1	17
542.615	1	24
542.785	1	10
542.955	1	29
543.125	1	20
543.295	1	15
543.465	1	13
543.635	1	5
543.805	1	22
543.975	1	16
544.145	1	23
544.315	1	15
544.485	1	20
544.655	1	18
544.825	1	22
544.995	1	16
545.165	1	11
545.335	1	23
545.505	1	17
545.675	1	16
545.845	1	21
546.015	1	5
546.185	1	13
546.355	1	14
546.525	1	18
546.695	1	17
546.865	1	19
547.035	1	19
547.205	1	28
547.375	1	20
547.545	1	21
547.715	1	18
547.885	1	22
548.055	1	12
548.225	1	21
548.395	1	24
548.565	1	18
548.735	1	0
548.905	1	17
549.075	1	19
549.245	1	24
549.415	1	18
549.585	1	20
549.755	1	10
549.925	1	22
550.095	1	8
550.265	1	16
550.435	1	12
550.605	1	15
550.775	1	15
550.945	1	23
551.115	1	26
551.285	1	15
551.455	1	14
551.625	1	7
551.795	1	14
551.965	1	17
552.135	1	5
552.305	1	14
552.475	1	14
552.645	1	14
552.815	1	17
552.985	1	14
553.155	1	17
553.325	1	13
553.495	1	15
553.665	1	17
553.835	1	12
554.004	1	12
554.174	1	19
554.344	1	13
554.514	1	-1
554.684	1	27
554.854	1	7
555.024	1	22
555.194	1	12
555.364	1	6
555.534	1	9
555.704	1	12
555.874	1	8
556.044	1	9
556.214	1	13
556.384	1	23
556.554	1	21
556.724	1	11
556.894	1	14
557.064	1	6
557.234	1	18
557.404	1	14
557.573	1	29
557.743	1	7
557.913	1	8
558.083	1	23
558.253	1	14
558.423	1	6
558.593	1	18
558.763	1	15
558.933	1	7
559.103	1	9
559.273	1	18
559.443	1	22
559.613	1	13
559.783	1	11
559.953	1	-3
560.122	1	15
560.292	1	4
560.462	1	4
560.632	1	5
560.802	1	12
560.972	1	11
561.142	1	18
561.312	1	10
561.482	1	18
561.652	1	13
561.822	1	13
561.992	1	15
562.162	1	13
562.331	1	1
562.501	1	15
562.671	1	6
562.841	1	-5
563.011	1	12
563.181	1	11
563.351	1	2
563.521	1	10
563.691	1	16
563.861	1	18
564.031	1	13
564.201	1	7
564.370	1	15
564.540	1	9
564.710	1	4
564.880	1	7
565.050	1	20
565.220	1	10
565.390	1	6
565.560	1	14
565.730	1	16
565.900	1	16
566.069	1	19
566.239	1	12
566.409	1	11
566.579	1	16
566.749	1	5
566.919	1	12
567.089	1	-2
567.259	1	12
567.429	1	1
567.599	1	21
567.768	1	8
567.938	1	11
568.108	1	7
568.278	1	8
568.448	1	10
568.618	1	9
568.788	1	7
568.958	1	6
569.128	1	9
569.297	1	7
569.467	1	18
569.637	1	12
569.807	1	13
569.977	1	4
570.147	1	14
570.317	1	9
570.487	1	4
570.656	1	3
570.826	1	9
570.996	1	20
571.166	1	11
571.336	1	13
571.506	1	7
571.676	1	11
571.846	1	11
572.015	1	14
572.185	1	8
572.355	1	1
572.525	1	5
572.695	1	16
572.865	1	13
573.035	1	14
573.205	1	4
573.374	1	10
573.544	1	15
573.714	1	11
573.884	1	8
574.054	1	13
574.224	1	3
574.394	1	11
574.563	1	7
574.733	1	11
574.903	1	17
575.073	1	18
575.243	1	11
575.413	1	9
575.583	1	2
575.752	1	10
575.922	1	18
576.092	1	13
576.262	1	15
576.432	1	11
576.602	1	14
576.772	1	13
576.941	1	15
577.111	1	12
577.281	1	5
577.451	1	11
577.621	1	8
577.791	1	9
577.960	1	5
578.130	1	17
578.300	1	4
578.470	1	8
578.640	1	11
578.810	1	3
578.979	1	19
579.149	1	4
579.319	1	7
579.489	1	22
579.659	1	4
579.829	1	13
579.998	1	2
580.168	1	4
580.338	1	11
580.508	1	6
580.678	1	9
580.848	1	14
581.017	1	11
581.187	1	6
581.357	1	19
581.527	1	11
581.697	1	11
581.867	1	8
582.036	1	-1
582.206	1	12
582.376	1	8
582.546	1	2
582.716	1	9
582.885	1	3
583.055	1	4
583.225	1	-2
583.395	1	11
583.565	1	19
583.735	1	8
583.904	1	5
584.074	1	10
584.244	1	11
584.414	1	2
584.584	1	0
584.753	1	12
584.923	1	0
585.093	1	13
585.263	1	8
585.433	1	10
585.602	1	13
585.772	1	28
585.942	1	4
586.112	1	14
586.282	1	5
586.451	1	17
586.621	1	4
586.791	1	8
586.961	1	1
587.131	1	2
587.300	1	15
587.470	1	3
587.640	1	9
587.810	1	-7
587.980	1	14
588.149	1	22
588.319	1	13
588.489	1	19
588.659	1	0
588.829	1	-1
588.998	1	8
589.168	1	12
589.338	1	1
589.508	1	9
589.677	1	11
589.847	1	7
590.017	1	9
590.187	1	16
590.357	1	1
590.526	1	12
590.696	1	4
590.866	1	9
591.036	1	16
591.205	1	12
591.375	1	10
591.545	1	6
591.715	1	11
591.885	1	21
592.054	1	13
592.224	1	2
592.394	1	-1
592.564	1	10
592.733	1	12
592.903	1	13
593.073	1	5
593.243	1	22
593.412	1	3
593.582	1	14
593.752	1	6
593.922	1	13
594.091	1	14
594.261	1	11
594.431	1	19
594.601	1	0
594.771	1	10
594.940	1	6
595.110	1	16
595.280	1	11
595.450	1	5
595.619	1	7
595.789	1	14
595.959	1	8
596.129	1	11
596.298	1	18
596.468	1	12
596.638	1	7
596.808	1	-7
596.977	1	3
597.147	1	9
597.317	1	13
597.487	1	9
597.656	1	11
597.826	1	20
597.996	1	14
598.166	1	19
598.335	1	0
598.505	1	6
598.675	1	12
598.844	1	25
599.014	1	-2
599.184	1	14
599.354	1	17
599.523	1	-4
599.693	1	17
599.863	1	16
600.033	1	18
600.202	1	14
600.372	1	1
600.542	1	9
600.712	1	8
600.881	1	15
601.051	1	26
601.221	1	11
601.390	1	13
601.560	1	13
601.730	1	15
601.900	1	16
602.069	1	1
602.239	1	8
602.409	1	7
602.578	1	16
602.748	1	18
602.918	1	0
603.088	1	13
603.257	1	3
603.427	1	11
603.597	1	8
603.767	1	17
603.936	1	13
604.106	1	11
604.276	1	13
604.445	1	4
604.615	1	8
604.785	1	10
604.954	1	18
605.124	1	15
605.294	1	-7
605.464	1	7
605.633	1	11
605.803	1	17
605.973	1	8
606.142	1	20
606.312	1	22
606.482	1	8
606.652	1	14
606.821	1	10
606.991	1	6
607.161	1	11
607.330	1	6
607.500	1	9
607.670	1	4
607.839	1	10
608.009	1	8
608.179	1	23
608.348	1	23
608.518	1	19
608.688	1	-1
608.858	1	8
609.027	1	22
609.197	1	5
609.367	1	15
609.536	1	10
609.706	1	16
609.876	1	5
610.045	1	10
610.215	1	12
610.385	1	15
610.554	1	9
610.724	1	19
610.894	1	13
611.063	1	17
611.233	1	18
611.403	1	19
611.572	1	13
611.742	1	8
611.912	1	11
612.081	1	25
612.251	1	20
612.421	1	14
612.590	1	20
612.760	1	7
612.930	1	12
613.099	1	4
613.269	1	10
613.439	1	5
613.608	1	9
613.778	1	15
613.948	1	19
614.117	1	4
614.287	1	-3
614.457	1	18
614.626	1	5
614.796	1	17
614.966	1	9
615.135	1	18
615.305	1	16
615.475	1	5
615.644	1	15
615.814	1	17
615.984	1	8
616.153	1	21
616.323	1	6
616.493	1	20
616.662	1	14
616.832	1	24
617.002	1	11
617.171	1	16
617.341	1	17
617.511	1	6
617.680	1	8
617.850	1	11
618.019	1	0
618.189	1	23
618.359	1	10
618.528	1	13
618.698	1	17
618.868	1	19
619.037	1	19
619.207	1	12
619.377	1	10
619.546	1	20
619.716	1	2
619.885	1	16
620.055	1	8
620.225	1	17
620.394	1	22
620.564	1	25
620.734	1	19
620.903	1	1
621.073	1	23
621.242	1	13
621.412	1	14
621.582	1	19
621.751	1	12
621.921	1	19
622.091	1	13
622.260	1	19
622.430	1	19
622.599	1	12
622.769	1	8
622.939	1	7
623.108	1	8
623.278	1	13
623.448	1	18
623.617	1	15
623.787	1	5
623.956	1	11
624.126	1	22
624.296	1	22
624.465	1	16
624.635	1	11
624.804	1	8
624.974	1	13
625.144	1	20
625.313	1	20
625.483	1	15
625.652	1	11
625.822	1	13
625.992	1	6
626.161	1	27
626.331	1	9
626.501	1	18
626.670	1	17
626.840	1	9
627.009	1	13
627.179	1	16
627.348	1	9
627.518	1	30
627.688	1	4
627.857	1	22
628.027	1	17
628.196	1	12
628.366	1	8
628.536	1	14
628.705	1	17
628.875	1	11
629.044	1	11
629.214	1	20
629.384	1	25
629.553	1	16
629.723	1	23
629.892	1	15
630.062	1	18
630.232	1	19
630.401	1	13
630.571	1	20
630.740	1	8
630.910	1	26
631.079	1	15
631.249	1	16
631.419	1	14
631.588	1	23
631.758	1	8
631.927	1	28
632.097	1	15
632.266	1	20
632.436	1	13
632.606	1	22
632.775	1	21
632.945	1	4
633.114	1	11
633.284	1	23
633.453	1	21
633.623	1	23
633.793	1	22
633.962	1	14
634.132	1	16
634.301	1	20
634.471	1	20
634.640	1	9
634.810	1	20
634.979	1	13
635.149	1	19
635.319	1	21
635.488	1	16
635.658	1	10
635.827	1	22
635.997	1	14
636.166	1	21
636.336	1	25
636.505	1	19
636.675	1	16
636.845	1	22
637.014	1	2
637.184	1	26
637.353	1	16
637.523	1	18
637.692	1	18
637.862	1	14
638.031	1	12
638.201	1	22
638.370	1	23
638.540	1	13
638.710	1	2
638.879	1	10
639.049	1	17
639.218	1	19
639.388	1	27
639.557	1	18
639.727	1	15
639.896	1	20
640.066	1	7
640.235	1	6
640.405	1	19
640.574	1	20
640.744	1	23
640.914	1	14
641.083	1	27
641.253	1	11
641.422	1	5
641.592	1	12
641.761	1	13
641.931	1	29
642.100	1	4
642.270	1	18
642.439	1	17
642.609	1	22
642.778	1	17
642.948	1	32
643.117	1	15
643.287	1	20
643.456	1	23
643.626	1	12
643.795	1	16
643.965	1	23
644.134	1	8
644.304	1	16
644.473	1	20
644.643	1	22
644.812	1	22
644.982	1	17
645.151	1	15
645.321	1	32
645.490	1	24
645.660	1	10
645.829	1	24
645.999	1	22
646.168	1	33
646.338	1	17
646.507	1	30
646.677	1	15
646.846	1	25
647.016	1	38
647.185	1	16
647.355	1	33
647.524	1	24
647.694	1	13
647.863	1	22
648.033	1	16
648.202	1	21
648.372	1	13
648.541	1	14
648.711	1	25
648.880	1	20
649.050	1	16
649.219	1	23
649.389	1	16
649.558	1	34
649.728	1	7
649.897	1	25
650.067	1	33
650.236	1	18
650.406	1	8
650.575	1	24
650.745	1	22
650.914	1	24
651.084	1	18
651.253	1	26
651.423	1	15
651.592	1	14
651.762	1	30
651.931	1	23
652.101	1	10
652.270	1	20
652.440	1	20
652.609	1	26
652.778	1	25
652.948	1	21
653.117	1	18
653.287	1	11
653.456	1	29
653.626	1	25
653.795	1	14
653.965	1	27
654.134	1	18
654.304	1	13
654.473	1	28
654.643	1	25
654.812	1	27
654.982	1	24
655.151	1	30
655.320	1	17
655.490	1	14
655.659	1	28
655.829	1	25
655.998	1	23
656.168	1	28
656.337	1	21
656.507	1	10
656.676	1	24
656.846	1	18
657.015	1	21
657.184	1	27
657.354	1	23
657.523	1	11
657.693	1	28
657.862	1	15
658.032	1	23
658.201	1	23
658.371	1	23
658.540	1	20
658.709	1	31
658.879	1	37
659.048	1	27
659.218	1	29
659.387	1	30
659.557	1	23
659.726	1	24
659.895	1	26
660.065	1	17
660.234	1	20
660.404	1	26
660.573	1	19
660.743	1	19
660.912	1	31
661.081	1	15
661.251	1	20
661.420	1	31
661.590	1	18
661.759	1	31
661.929	1	19
662.098	1	16
662.267	1	20
662.437	1	20
662.606	1	19
662.776	1	29
662.945	1	29
663.115	1	37
663.284	1	33
663.453	1	33
663.623	1	28
663.792	1	40
663.962	1	30
664.131	1	22
664.300	1	28
664.470	1	23
664.639	1	30
664.809	1	30
664.978	1	44
665.148	1	27
665.317	1	24
665.486	1	32
665.656	1	24
665.825	1	28
665.995	1	10
666.164	1	30
666.333	1	38
666.503	1	4
666.672	1	24
666.842	1	27
667.011	1	25
667.180	1	31
667.350	1	32
667.519	1	31
667.689	1	23
667.858	1	31
668.027	1	21
668.197	1	10
668.366	1	24
668.536	1	24
668.705	1	6
668.874	1	31
669.044	1	27
669.213	1	27
669.382	1	30
669.552	1	23
669.721	1	14
669.891	1	25
670.060	1	21
670.229	1	26
670.399	1	33
670.568	1	21
670.738	1	22
670.907	1	37
671.076	1	22
671.246	1	35
671.415	1	37
671.584	1	31
671.754	1	27
671.923	1	23
672.093	1	36
672.262	1	24
672.431	1	33
672.601	1	37
672.770	1	29
672.939	1	31
673.109	1	26
673.278	1	23
673.448	1	32
673.617	1	24
673.786	1	11
