325.333	1	6
325.504	1	-11
325.675	1	15
325.846	1	4
326.017	1	6
326.188	1	1
326.359	1	-2
326.531	1	-9
326.702	1	-8
326.873	1	1
327.044	1	-2
327.215	1	-5
327.386	1	-3
327.557	1	-12
327.728	1	3
327.899	1	3
328.070	1	11
328.241	1	-9
328.412	1	-9
328.583	1	-6
328.754	1	6
328.926	1	9
329.097	1	-7
329.268	1	4
329.439	1	7
329.610	1	1
329.781	1	10
329.952	1	1
330.123	1	0
330.294	1	1
330.465	1	-5
330.636	1	-6
330.807	1	1
330.978	1	-8
331.149	1	11
331.320	1	6
331.492	1	5
331.663	1	-2
331.834	1	6
332.005	1	-1
332.176	1	4
332.347	1	-7
332.518	1	14
332.689	1	-1
332.860	1	0
333.031	1	5
333.202	1	-1
333.373	1	7
333.544	1	-8
333.715	1	4
333.886	1	-5
334.057	1	1
334.228	1	2
334.399	1	7
334.570	1	8
334.741	1	-4
334.912	1	-3
335.084	1	2
335.255	1	7
335.426	1	0
335.597	1	-9
335.768	1	9
335.939	1	3
336.110	1	-4
336.281	1	3
336.452	1	10
336.623	1	-4
336.794	1	1
336.965	1	-3
337.136	1	8
337.307	1	-10
337.478	1	-6
337.649	1	-7
337.820	1	-5
337.991	1	9
338.162	1	-7
338.333	1	-1
338.504	1	4
338.675	1	-5
338.846	1	-11
339.017	1	4
339.188	1	-5
339.359	1	9
339.530	1	0
339.701	1	1
339.872	1	18
340.043	1	-4
340.214	1	12
340.385	1	-4
340.556	1	10
340.727	1	7
340.898	1	-5
341.069	1	0
341.240	1	-5
341.411	1	3
341.582	1	-2
341.753	1	2
341.924	1	16
342.095	1	-11
342.266	1	4
342.437	1	-4
342.608	1	3
342.779	1	-4
342.950	1	-8
343.121	1	3
343.292	1	0
343.463	1	11
343.634	1	4
343.805	1	-1
343.976	1	15
344.147	1	2
344.318	1	-17
344.489	1	-2
344.660	1	0
344.831	1	5
345.002	1	0
345.173	1	-1
345.344	1	4
345.515	1	4
345.686	1	10
345.857	1	5
346.028	1	2
346.199	1	7
346.370	1	-7
346.541	1	-2
346.712	1	-2
346.883	1	-1
347.054	1	2
347.225	1	4
347.396	1	5
347.567	1	-13
347.738	1	10
347.909	1	-5
348.080	1	0
348.251	1	1
348.422	1	10
348.593	1	-3
348.764	1	1
348.935	1	1
349.106	1	0
349.277	1	-4
349.448	1	-2
349.619	1	3
349.790	1	1
349.961	1	-1
350.132	1	0
350.303	1	8
350.474	1	-5
350.645	1	12
350.816	1	-1
350.987	1	8
351.157	1	-4
351.328	1	-6
351.499	1	8
351.670	1	-7
351.841	1	4
352.012	1	4
352.183	1	15
352.354	1	-5
352.525	1	5
352.696	1	-2
352.867	1	1
353.038	1	0
353.209	1	1
353.380	1	10
353.551	1	1
353.722	1	1
353.893	1	2
354.064	1	2
354.235	1	7
354.406	1	-4
354.576	1	0
354.747	1	9
354.918	1	-5
355.089	1	1
355.260	1	-3
355.431	1	4
355.602	1	3
355.773	1	-1
355.944	1	3
356.115	1	6
356.286	1	4
356.457	1	-2
356.628	1	4
356.799	1	-6
356.970	1	13
357.141	1	4
357.311	1	15
357.482	1	-5
357.653	1	2
357.824	1	0
357.995	1	11
358.166	1	0
358.337	1	-3
358.508	1	5
358.679	1	-3
358.850	1	15
359.021	1	-1
359.192	1	4
359.363	1	5
359.533	1	0
359.704	1	-1
359.875	1	-5
360.046	1	4
360.217	1	6
360.388	1	4
360.559	1	3
360.730	1	-3
360.901	1	4
361.072	1	7
361.243	1	6
361.414	1	12
361.584	1	1
361.755	1	0
361.926	1	3
362.097	1	-7
362.268	1	8
362.439	1	-5
362.610	1	11
362.781	1	-6
362.952	1	3
363.123	1	-4
363.293	1	1
363.464	1	4
363.635	1	7
363.806	1	6
363.977	1	3
364.148	1	3
364.319	1	-9
364.490	1	8
364.661	1	-5
364.832	1	3
365.002	1	3
365.173	1	9
365.344	1	-11
365.515	1	8
365.686	1	-5
365.857	1	9
366.028	1	1
366.199	1	8
366.370	1	5
366.540	1	2
366.711	1	3
366.882	1	5
367.053	1	11
367.224	1	4
367.395	1	-3
367.566	1	11
367.737	1	-3
367.908	1	7
368.078	1	-12
368.249	1	6
368.420	1	-4
368.591	1	14
368.762	1	6
368.933	1	5
369.104	1	4
369.274	1	5
369.445	1	16
369.616	1	-2
369.787	1	-10
369.958	1	4
370.129	1	5
370.300	1	0
370.471	1	0
370.641	1	-3
370.812	1	5
370.983	1	2
371.154	1	9
371.325	1	7
371.496	1	-1
371.667	1	13
371.837	1	8
372.008	1	3
372.179	1	-1
372.350	1	4
372.521	1	6
372.692	1	13
372.863	1	-1
373.033	1	-2
373.204	1	2
373.375	1	-1
373.546	1	11
373.717	1	-9
373.888	1	5
374.059	1	9
374.229	1	10
374.400	1	-2
374.571	1	-2
374.742	1	-4
374.913	1	1
375.084	1	5
375.254	1	-2
375.425	1	9
375.596	1	2
375.767	1	9
375.938	1	-7
376.109	1	-3
376.279	1	3
376.450	1	7
376.621	1	6
376.792	1	7
376.963	1	0
377.134	1	1
377.304	1	4
377.475	1	-2
377.646	1	-7
377.817	1	3
377.988	1	0
378.159	1	8
378.329	1	-5
378.500	1	7
378.671	1	1
378.842	1	3
379.013	1	13
379.184	1	0
379.354	1	8
379.525	1	7
379.696	1	9
379.867	1	-4
380.038	1	-4
380.209	1	-1
380.379	1	6
380.550	1	-9
380.721	1	7
380.892	1	2
381.063	1	-2
381.233	1	6
381.404	1	9
381.575	1	16
381.746	1	11
381.917	1	-3
382.087	1	8
382.258	1	3
382.429	1	-5
382.600	1	-4
382.771	1	-2
382.941	1	11
383.112	1	2
383.283	1	8
383.454	1	-5
383.625	1	7
383.795	1	8
383.966	1	7
384.137	1	6
384.308	1	2
384.479	1	0
384.649	1	4
384.820	1	5
384.991	1	2
385.162	1	12
385.333	1	2
385.503	1	0
385.674	1	4
385.845	1	4
386.016	1	11
386.187	1	-3
386.357	1	14
386.528	1	2
386.699	1	-9
386.870	1	10
387.041	1	0
387.211	1	8
387.382	1	7
387.553	1	12
387.724	1	-3
387.894	1	-7
388.065	1	7
388.236	1	5
388.407	1	6
388.578	1	1
388.748	1	7
388.919	1	2
389.090	1	10
389.261	1	1
389.431	1	-15
389.602	1	6
389.773	1	7
389.944	1	2
390.114	1	13
390.285	1	19
390.456	1	8
390.627	1	6
390.798	1	0
390.968	1	3
391.139	1	5
391.310	1	2
391.481	1	6
391.651	1	6
391.822	1	15
391.993	1	9
392.164	1	17
392.334	1	-4
392.505	1	6
392.676	1	-8
392.847	1	0
393.017	1	1
393.188	1	-10
393.359	1	12
393.530	1	12
393.700	1	3
393.871	1	14
394.042	1	-3
394.213	1	5
394.383	1	4
394.554	1	1
394.725	1	-1
394.896	1	10
395.066	1	1
395.237	1	7
395.408	1	7
395.579	1	12
395.749	1	20
395.920	1	3
396.091	1	1
396.262	1	4
396.432	1	4
396.603	1	12
396.774	1	4
396.945	1	15
397.115	1	10
397.286	1	13
397.457	1	6
397.627	1	-10
397.798	1	3
397.969	1	-3
398.140	1	4
398.310	1	12
398.481	1	2
398.652	1	5
398.823	1	1
398.993	1	4
399.164	1	14
399.335	1	-2
399.505	1	-1
399.676	1	-3
399.847	1	5
400.018	1	1
400.188	1	12
400.359	1	12
400.530	1	7
400.700	1	16
400.871	1	9
401.042	1	0
401.213	1	15
401.383	1	5
401.554	1	8
401.725	1	4
401.895	1	-4
402.066	1	7
402.237	1	6
402.408	1	8
402.578	1	18
402.749	1	-1
402.920	1	17
403.090	1	2
403.261	1	2
403.432	1	8
403.603	1	7
403.773	1	21
403.944	1	10
404.115	1	13
404.285	1	8
404.456	1	11
404.627	1	11
404.797	1	-1
404.968	1	3
405.139	1	3
405.310	1	10
405.480	1	-1
405.651	1	1
405.822	1	6
405.992	1	8
406.163	1	-9
406.334	1	0
406.504	1	8
406.675	1	10
406.846	1	5
407.016	1	11
407.187	1	8
407.358	1	-8
407.528	1	1
407.699	1	6
407.870	1	14
408.041	1	3
408.211	1	11
408.382	1	8
408.553	1	9
408.723	1	14
408.894	1	2
409.065	1	5
409.235	1	8
409.406	1	15
409.577	1	10
409.747	1	5
409.918	1	5
410.089	1	14
410.259	1	0
410.430	1	6
410.601	1	17
410.771	1	11
410.942	1	9
411.113	1	5
411.283	1	11
411.454	1	18
411.625	1	13
411.795	1	10
411.966	1	3
412.137	1	9
412.307	1	2
412.478	1	6
412.649	1	1
412.819	1	11
412.990	1	11
413.161	1	8
413.331	1	7
413.502	1	3
413.672	1	7
413.843	1	5
414.014	1	3
414.184	1	7
414.355	1	3
414.526	1	16
414.696	1	8
414.867	1	-7
415.038	1	-2
415.208	1	-5
415.379	1	-1
415.550	1	16
415.720	1	-2
415.891	1	9
416.062	1	10
416.232	1	11
416.403	1	19
416.573	1	5
416.744	1	17
416.915	1	7
417.085	1	13
417.256	1	8
417.427	1	2
417.597	1	4
417.768	1	2
417.939	1	-3
418.109	1	12
418.280	1	9
418.450	1	13
418.621	1	-3
418.792	1	13
418.962	1	5
419.133	1	12
419.304	1	3
419.474	1	10
419.645	1	0
419.815	1	3
419.986	1	14
420.157	1	-1
420.327	1	-4
420.498	1	-4
420.669	1	11
420.839	1	6
421.010	1	4
421.180	1	3
421.351	1	3
421.522	1	4
421.692	1	10
421.863	1	14
422.033	1	5
422.204	1	4
422.375	1	5
422.545	1	10
422.716	1	4
422.886	1	6
423.057	1	-1
423.228	1	12
423.398	1	13
423.569	1	6
423.740	1	3
423.910	1	3
424.081	1	16
424.251	1	5
424.422	1	7
424.593	1	9
424.763	1	14
424.934	1	14
425.104	1	25
425.275	1	5
425.445	1	3
425.616	1	0
425.787	1	1
425.957	1	2
426.128	1	3
426.298	1	10
426.469	1	3
426.640	1	9
426.810	1	-11
426.981	1	10
427.151	1	-2
427.322	1	7
427.493	1	8
427.663	1	5
427.834	1	2
428.004	1	11
428.175	1	5
428.345	1	7
428.516	1	6
428.687	1	9
428.857	1	9
429.028	1	6
429.198	1	6
429.369	1	6
429.540	1	3
429.710	1	6
429.881	1	3
430.051	1	-3
430.222	1	4
430.392	1	2
430.563	1	6
430.734	1	10
430.904	1	18
431.075	1	2
431.245	1	-1
431.416	1	10
431.586	1	0
431.757	1	4
431.927	1	13
432.098	1	12
432.269	1	5
432.439	1	5
432.610	1	11
432.780	1	7
432.951	1	1
433.121	1	7
433.292	1	6
433.462	1	4
433.633	1	11
433.804	1	16
433.974	1	3
434.145	1	5
434.315	1	7
434.486	1	2
434.656	1	10
434.827	1	8
434.997	1	9
435.168	1	2
435.339	1	12
435.509	1	10
435.680	1	11
435.850	1	10
436.021	1	-2
436.191	1	-1
436.362	1	5
436.532	1	10
436.703	1	9
436.873	1	4
437.044	1	3
437.214	1	-8
437.385	1	16
437.556	1	12
437.726	1	11
437.897	1	2
438.067	1	11
438.238	1	-1
438.408	1	2
438.579	1	-3
438.749	1	1
438.920	1	16
439.090	1	-6
439.261	1	10
439.431	1	-7
439.602	1	5
439.772	1	11
439.943	1	5
440.113	1	-1
440.284	1	10
440.455	1	3
440.625	1	15
440.796	1	0
440.966	1	8
441.137	1	6
441.307	1	11
441.478	1	-4
441.648	1	5
441.819	1	7
441.989	1	11
442.160	1	11
442.330	1	10
442.501	1	2
442.671	1	5
442.842	1	7
443.012	1	-2
443.183	1	5
443.353	1	4
443.524	1	11
443.694	1	11
443.865	1	7
444.035	1	3
444.206	1	-1
444.376	1	4
444.547	1	9
444.717	1	1
444.888	1	-9
445.058	1	9
445.229	1	1
445.399	1	7
445.570	1	5
445.740	1	7
445.911	1	7
446.081	1	7
446.252	1	-4
446.422	1	7
446.593	1	3
446.763	1	6
446.934	1	2
447.104	1	-11
447.275	1	1
447.445	1	-2
447.616	1	2
447.786	1	7
447.957	1	2
448.127	1	4
448.298	1	1
448.468	1	3
448.639	1	-1
448.809	1	-1
448.979	1	12
449.150	1	-1
449.320	1	8
449.491	1	-9
449.661	1	1
449.832	1	1
450.002	1	-2
450.173	1	1
450.343	1	2
450.514	1	8
450.684	1	1
450.855	1	3
451.025	1	-4
451.196	1	2
451.366	1	11
451.537	1	15
451.707	1	7
451.878	1	3
452.048	1	0
452.218	1	5
452.389	1	20
452.559	1	13
452.730	1	5
452.900	1	5
453.071	1	5
453.241	1	2
453.412	1	4
453.582	1	9
453.753	1	10
453.923	1	-5
454.093	1	5
454.264	1	10
454.434	1	14
454.605	1	-2
454.775	1	6
454.946	1	-2
455.116	1	8
455.287	1	-11
455.457	1	2
455.628	1	-12
455.798	1	16
455.968	1	9
456.139	1	15
456.309	1	0
456.480	1	5
456.650	1	2
456.821	1	-4
456.991	1	2
457.161	1	8
457.332	1	-1
457.502	1	-2
457.673	1	1
457.843	1	1
458.014	1	4
458.184	1	4
458.355	1	4
458.525	1	0
458.695	1	-2
458.866	1	1
459.036	1	-8
459.207	1	5
459.377	1	11
459.548	1	7
459.718	1	5
459.888	1	-1
460.059	1	-2
460.229	1	1
460.400	1	-5
460.570	1	2
460.740	1	2
460.911	1	1
461.081	1	11
461.252	1	4
461.422	1	-3
461.593	1	7
461.763	1	6
461.933	1	7
462.104	1	-3
462.274	1	-3
462.445	1	4
462.615	1	13
462.785	1	6
462.956	1	-9
463.126	1	4
463.297	1	-2
463.467	1	7
463.638	1	12
463.808	1	2
463.978	1	-9
464.149	1	2
464.319	1	1
464.490	1	-2
464.660	1	5
464.830	1	-3
465.001	1	3
465.171	1	-2
465.342	1	-3
465.512	1	12
465.682	1	0
465.853	1	-6
466.023	1	6
466.194	1	6
466.364	1	7
466.534	1	-6
466.705	1	10
466.875	1	-7
467.045	1	-7
467.216	1	11
467.386	1	7
467.557	1	17
467.727	1	-10
467.897	1	-1
468.068	1	2
468.238	1	2
468.409	1	9
468.579	1	7
468.749	1	6
468.920	1	-8
469.090	1	6
469.260	1	3
469.431	1	5
469.601	1	-1
469.772	1	7
469.942	1	5
470.112	1	-6
470.283	1	12
470.453	1	7
470.623	1	9
470.794	1	9
470.964	1	-7
471.135	1	5
471.305	1	4
471.475	1	2
471.646	1	4
471.816	1	8
471.986	1	3
472.157	1	7
472.327	1	3
472.497	1	-6
472.668	1	2
472.838	1	3
473.009	1	-3
473.179	1	-6
473.349	1	-10
473.520	1	18
473.690	1	6
473.860	1	-3
474.031	1	-13
474.201	1	3
474.371	1	2
474.542	1	-6
474.712	1	-3
474.882	1	0
475.053	1	4
475.223	1	4
475.394	1	2
475.564	1	-2
475.734	1	-2
475.905	1	2
476.075	1	10
476.245	1	0
476.416	1	-1
476.586	1	-1
476.756	1	7
476.927	1	-11
477.097	1	3
477.267	1	6
477.438	1	9
477.608	1	12
477.778	1	-6
477.949	1	-6
478.119	1	2
478.289	1	6
478.460	1	1
478.630	1	-2
478.800	1	1
478.971	1	9
479.141	1	6
479.311	1	-4
479.482	1	4
479.652	1	2
479.822	1	-1
479.993	1	6
480.163	1	1
480.333	1	10
480.504	1	2
480.674	1	4
480.844	1	3
481.015	1	2
481.185	1	11
481.355	1	4
481.525	1	-7
481.696	1	1
481.866	1	1
482.036	1	7
482.207	1	13
482.377	1	0
482.547	1	-2
482.718	1	6
482.888	1	5
483.058	1	-2
483.229	1	5
483.399	1	5
483.569	1	-6
483.740	1	-3
483.910	1	-4
484.080	1	2
484.250	1	-5
484.421	1	-6
484.591	1	-4
484.761	1	6
484.932	1	-6
485.102	1	12
485.272	1	1
485.443	1	5
485.613	1	-3
485.783	1	7
485.953	1	1
486.124	1	3
486.294	1	3
486.464	1	10
486.635	1	-4
486.805	1	-2
486.975	1	2
487.146	1	7
487.316	1	10
487.486	1	3
487.656	1	3
487.827	1	1
487.997	1	0
488.167	1	9
488.338	1	1
488.508	1	2
488.678	1	-5
488.848	1	-2
489.019	1	1
489.189	1	10
489.359	1	0
489.529	1	4
489.700	1	-4
489.870	1	3
490.040	1	-4
490.211	1	-10
490.381	1	3
490.551	1	4
490.721	1	7
490.892	1	-11
491.062	1	-4
491.232	1	2
491.402	1	-6
491.573	1	6
491.743	1	-3
491.913	1	-2
492.084	1	2
492.254	1	-6
492.424	1	-2
492.594	1	-8
492.765	1	9
492.935	1	10
493.105	1	5
493.275	1	1
493.446	1	-11
493.616	1	-16
493.786	1	-3
493.956	1	1
494.127	1	-6
494.297	1	-7
494.467	1	5
494.637	1	3
494.808	1	8
494.978	1	8
495.148	1	3
495.318	1	6
495.489	1	-7
495.659	1	0
495.829	1	3
495.999	1	12
496.170	1	5
496.340	1	2
496.510	1	-1
496.680	1	6
496.851	1	5
497.021	1	4
497.191	1	7
497.361	1	-11
497.532	1	-3
497.702	1	1
497.872	1	5
498.042	1	-6
498.213	1	-4
498.383	1	1
498.553	1	5
498.723	1	-5
498.894	1	1
499.064	1	6
499.234	1	6
499.404	1	2
499.574	1	7
499.745	1	2
499.915	1	4
500.085	1	-4
500.255	1	-7
500.426	1	-4
500.596	1	-12
500.766	1	0
500.936	1	-1
501.106	1	-6
501.277	1	-11
501.447	1	3
501.617	1	-4
501.787	1	-12
501.958	1	0
502.128	1	8
502.298	1	2
502.468	1	-4
502.638	1	4
502.809	1	-8
502.979	1	1
503.149	1	-1
503.319	1	-1
503.489	1	-9
503.660	1	-5
503.830	1	3
504.000	1	-1
504.170	1	-7
504.340	1	-5
504.511	1	-3
504.681	1	5
504.851	1	-10
505.021	1	-1
505.192	1	-9
505.362	1	0
505.532	1	-11
505.702	1	10
505.872	1	1
506.043	1	2
506.213	1	0
506.383	1	1
506.553	1	1
506.723	1	3
506.893	1	2
507.064	1	10
507.234	1	-4
507.404	1	-6
507.574	1	-5
507.744	1	-7
507.915	1	0
508.085	1	-2
508.255	1	4
508.425	1	-2
508.595	1	-3
508.766	1	-14
508.936	1	3
509.106	1	-6
509.276	1	-3
509.446	1	-14
509.616	1	-2
509.787	1	-3
509.957	1	4
510.127	1	-9
510.297	1	-5
510.467	1	5
510.638	1	5
510.808	1	10
510.978	1	-4
511.148	1	8
511.318	1	5
511.488	1	3
511.659	1	1
511.829	1	-7
511.999	1	-2
512.169	1	-3
512.339	1	6
512.509	1	0
512.680	1	-11
512.850	1	-7
513.020	1	0
513.190	1	-17
513.360	1	8
513.530	1	-8
513.700	1	4
513.871	1	-6
514.041	1	-3
514.211	1	-5
514.381	1	8
514.551	1	5
514.721	1	-3
514.892	1	-7
515.062	1	3
515.232	1	-10
515.402	1	2
515.572	1	7
515.742	1	5
515.912	1	-1
516.083	1	3
516.253	1	18
516.423	1	-11
516.593	1	-3
516.763	1	0
516.933	1	-4
517.104	1	-3
517.274	1	-8
517.444	1	-2
517.614	1	-6
517.784	1	2
517.954	1	-6
518.124	1	2
518.294	1	-1
518.465	1	-7
518.635	1	3
518.805	1	1
518.975	1	-2
519.145	1	-5
519.315	1	-2
519.485	1	1
519.656	1	-1
519.826	1	-5
519.996	1	-1
520.166	1	-11
520.336	1	-3
520.506	1	1
520.676	1	-4
520.846	1	-7
521.017	1	-2
521.187	1	11
521.357	1	-1
521.527	1	0
521.697	1	-3
521.867	1	7
522.037	1	4
522.207	1	11
522.377	1	-2
522.548	1	-6
522.718	1	-2
522.888	1	-1
523.058	1	2
523.228	1	-2
523.398	1	-3
523.568	1	-12
523.738	1	-8
523.909	1	-2
524.079	1	8
524.249	1	-10
524.419	1	-5
524.589	1	1
524.759	1	6
524.929	1	2
525.099	1	0
525.269	1	0
525.439	1	-8
525.610	1	4
525.780	1	-2
525.950	1	6
526.120	1	1
526.290	1	-2
526.460	1	-10
526.630	1	-5
526.800	1	-4
526.970	1	4
527.140	1	-5
527.311	1	4
527.481	1	0
527.651	1	5
527.821	1	-6
527.991	1	-1
528.161	1	-2
528.331	1	-2
528.501	1	1
528.671	1	1
528.841	1	-2
529.011	1	-1
529.181	1	-7
529.352	1	-5
529.522	1	1
529.692	1	4
529.862	1	0
530.032	1	-8
530.202	1	-6
530.372	1	1
530.542	1	-5
530.712	1	3
530.882	1	-2
531.052	1	1
531.222	1	4
531.392	1	-2
531.563	1	7
531.733	1	1
531.903	1	-1
532.073	1	0
532.243	1	5
532.413	1	17
532.583	1	-4
532.753	1	-13
532.923	1	2
533.093	1	-9
533.263	1	1
533.433	1	-6
533.603	1	-7
533.773	1	2
533.943	1	4
534.113	1	-2
534.284	1	1
534.454	1	-3
534.624	1	3
534.794	1	4
534.964	1	-3
535.134	1	2
535.304	1	-9
535.474	1	3
535.644	1	2
535.814	1	-8
535.984	1	0
536.154	1	-2
536.324	1	-4
536.494	1	3
536.664	1	-9
536.834	1	-8
537.004	1	-5
537.174	1	5
537.344	1	0
537.514	1	-2
537.685	1	2
537.855	1	0
538.025	1	-1
538.195	1	-6
538.365	1	-4
538.535	1	-10
538.705	1	3
538.875	1	-3
539.045	1	-4
539.215	1	-12
539.385	1	-5
539.555	1	-6
539.725	1	-1
539.895	1	0
540.065	1	-2
540.235	1	-12
540.405	1	-8
540.575	1	-7
540.745	1	-1
540.915	1	3
541.085	1	0
541.255	1	-2
541.425	1	-10
541.595	1	0
541.765	1	0
541.935	1	-5
542.105	1	-2
542.275	1	1
542.445	1	10
542.615	1	4
542.785	1	1
542.955	1	13
543.125	1	-2
543.295	1	-5
543.465	1	8
543.635	1	1
543.805	1	4
543.975	1	-5
544.145	1	2
544.315	1	-8
544.485	1	-2
544.655	1	-1
544.825	1	-12
544.995	1	-2
545.165	1	4
545.335	1	0
545.505	1	-6
545.675	1	6
545.845	1	2
546.015	1	-8
546.185	1	-4
546.355	1	2
546.525	1	5
546.695	1	-9
546.865	1	-5
547.035	1	-7
547.205	1	4
547.375	1	11
547.545	1	3
547.715	1	3
547.885	1	-3
548.055	1	-4
548.225	1	6
548.395	1	6
548.565	1	5
548.735	1	-5
548.905	1	0
549.075	1	0
549.245	1	-3
549.415	1	0
549.585	1	-3
549.755	1	12
549.925	1	7
550.095	1	-2
550.265	1	2
550.435	1	-5
550.605	1	3
550.775	1	-3
550.945	1	-4
551.115	1	14
551.285	1	-2
551.455	1	-1
551.625	1	-10
551.795	1	2
551.965	1	-2
552.135	1	-6
552.305	1	2
552.475	1	5
552.645	1	-9
552.815	1	-8
552.985	1	1
553.155	1	5
553.325	1	-1
553.495	1	-5
553.665	1	-1
553.835	1	-2
554.004	1	3
554.174	1	-6
554.344	1	4
554.514	1	-4
554.684	1	-6
554.854	1	-9
555.024	1	2
555.194	1	-2
555.364	1	-8
555.534	1	-2
555.704	1	4
555.874	1	-1
556.044	1	-1
556.214	1	1
556.384	1	7
556.554	1	6
556.724	1	-7
556.894	1	-2
557.064	1	-2
557.234	1	-3
557.404	1	-1
557.573	1	0
557.743	1	-8
557.913	1	-6
558.083	1	-2
558.253	1	6
558.423	1	-2
558.593	1	9
558.763	1	-4
558.933	1	1
559.103	1	-11
559.273	1	8
559.443	1	-4
559.613	1	-1
559.783	1	0
559.953	1	-10
560.122	1	-1
560.292	1	-6
560.462	1	2
560.632	1	-11
560.802	1	2
560.972	1	-9
561.142	1	-1
561.312	1	-9
561.482	1	-1
561.652	1	8
561.822	1	-5
561.992	1	2
562.162	1	-2
562.331	1	-9
562.501	1	-9
562.671	1	-2
562.841	1	-10
563.011	1	-4
563.181	1	-9
563.351	1	-11
563.521	1	2
563.691	1	-1
563.861	1	-2
564.031	1	-8
564.201	1	0
564.370	1	-1
564.540	1	-1
564.710	1	-10
564.880	1	-3
565.050	1	-3
565.220	1	5
565.390	1	-6
565.560	1	3
565.730	1	6
565.900	1	-4
566.069	1	8
566.239	1	11
566.409	1	10
566.579	1	4
566.749	1	-6
566.919	1	-10
567.089	1	-6
567.259	1	7
567.429	1	-14
567.599	1	7
567.768	1	-9
567.938	1	10
568.108	1	-6
568.278	1	4
568.448	1	3
568.618	1	-6
568.788	1	-2
568.958	1	-7
569.128	1	-4
569.297	1	-9
569.467	1	4
569.637	1	6
569.807	1	6
569.977	1	-4
570.147	1	-6
570.317	1	-3
570.487	1	-3
570.656	1	4
570.826	1	-7
570.996	1	6
571.166	1	0
571.336	1	-1
571.506	1	-3
571.676	1	3
571.846	1	7
572.015	1	2
572.185	1	-7
572.355	1	-10
572.525	1	-5
572.695	1	-3
572.865	1	0
573.035	1	1
573.205	1	-1
573.374	1	-2
573.544	1	-3
573.714	1	-8
573.884	1	-6
574.054	1	0
574.224	1	-2
574.394	1	-8
574.563	1	-5
574.733	1	4
574.903	1	-1
575.073	1	2
575.243	1	-3
575.413	1	-9
575.583	1	-11
575.752	1	2
575.922	1	4
576.092	1	-10
576.262	1	-3
576.432	1	-9
576.602	1	-2
576.772	1	1
576.941	1	-4
577.111	1	0
577.281	1	-1
577.451	1	0
577.621	1	-3
577.791	1	1
577.960	1	1
578.130	1	3
578.300	1	-6
578.470	1	3
578.640	1	-4
578.810	1	-14
578.979	1	1
579.149	1	5
579.319	1	-7
579.489	1	-2
579.659	1	-2
579.829	1	3
579.998	1	-17
580.168	1	-8
580.338	1	-11
580.508	1	-2
580.678	1	-3
580.848	1	-6
581.017	1	-2
581.187	1	3
581.357	1	2
581.527	1	2
581.697	1	1
581.867	1	-2
582.036	1	-15
582.206	1	-7
582.376	1	-1
582.546	1	-9
582.716	1	1
582.885	1	-6
583.055	1	1
583.225	1	-5
583.395	1	3
583.565	1	7
583.735	1	-9
583.904	1	-3
584.074	1	6
584.244	1	-8
584.414	1	-11
584.584	1	-2
584.753	1	8
584.923	1	-8
585.093	1	4
585.263	1	-4
585.433	1	-4
585.602	1	3
585.772	1	30
585.942	1	-11
586.112	1	-2
586.282	1	2
586.451	1	12
586.621	1	-7
586.791	1	-14
586.961	1	-9
587.131	1	-9
587.300	1	9
587.470	1	-2
587.640	1	-9
587.810	1	-15
587.980	1	3
588.149	1	5
588.319	1	5
588.489	1	6
588.659	1	-7
588.829	1	0
588.998	1	-1
589.168	1	-5
589.338	1	-4
589.508	1	8
589.677	1	2
589.847	1	1
590.017	1	-9
590.187	1	0
590.357	1	0
590.526	1	-2
590.696	1	0
590.866	1	0
591.036	1	-1
591.205	1	9
591.375	1	2
591.545	1	-8
591.715	1	-7
591.885	1	6
592.054	1	6
592.224	1	-10
592.394	1	-9
592.564	1	-3
592.733	1	-2
592.903	1	-11
593.073	1	1
593.243	1	3
593.412	1	-8
593.582	1	-3
593.752	1	-10
593.922	1	-1
594.091	1	10
594.261	1	-13
594.431	1	8
594.601	1	-7
594.771	1	9
594.940	1	1
595.110	1	5
595.280	1	0
595.450	1	-8
595.619	1	-3
595.789	1	-6
595.959	1	-10
596.129	1	3
596.298	1	12
596.468	1	-3
596.638	1	-6
596.808	1	-13
596.977	1	-8
597.147	1	-3
597.317	1	2
597.487	1	4
597.656	1	3
597.826	1	10
597.996	1	-1
598.166	1	4
598.335	1	-10
598.505	1	4
598.675	1	-13
598.844	1	12
599.014	1	-11
599.184	1	-5
599.354	1	4
599.523	1	-8
599.693	1	0
599.863	1	2
600.033	1	-3
600.202	1	-5
600.372	1	-15
600.542	1	0
600.712	1	-5
600.881	1	-1
601.051	1	-1
601.221	1	8
601.390	1	-5
601.560	1	7
601.730	1	4
601.900	1	0
602.069	1	3
602.239	1	0
602.409	1	1
602.578	1	5
602.748	1	5
602.918	1	-2
603.088	1	-1
603.257	1	-9
603.427	1	7
603.597	1	-4
603.767	1	-8
603.936	1	2
604.106	1	-3
604.276	1	3
604.445	1	-5
604.615	1	9
604.785	1	4
604.954	1	-2
605.124	1	6
605.294	1	-1
605.464	1	-5
605.633	1	-3
605.803	1	6
605.973	1	3
606.142	1	4
606.312	1	5
606.482	1	-9
606.652	1	-3
606.821	1	-10
606.991	1	-1
607.161	1	1
607.330	1	-5
607.500	1	3
607.670	1	6
607.839	1	3
608.009	1	-1
608.179	1	1
608.348	1	1
608.518	1	7
608.688	1	-1
608.858	1	-5
609.027	1	-3
609.197	1	-1
609.367	1	-4
609.536	1	-5
609.706	1	8
609.876	1	2
610.045	1	-2
610.215	1	-9
610.385	1	-6
610.554	1	-4
610.724	1	-4
610.894	1	5
611.063	1	-5
611.233	1	6
611.403	1	2
611.572	1	2
611.742	1	-4
611.912	1	5
612.081	1	4
612.251	1	8
612.421	1	-3
612.590	1	2
612.760	1	6
612.930	1	4
613.099	1	3
613.269	1	-10
613.439	1	-10
613.608	1	-3
613.778	1	-8
613.948	1	10
614.117	1	-3
614.287	1	-4
614.457	1	6
614.626	1	-3
614.796	1	6
614.966	1	-7
615.135	1	10
615.305	1	1
615.475	1	7
615.644	1	11
615.814	1	8
615.984	1	-15
616.153	1	0
616.323	1	-2
616.493	1	-1
616.662	1	1
616.832	1	-1
617.002	1	-14
617.171	1	-2
617.341	1	-1
617.511	1	-11
617.680	1	3
617.850	1	2
618.019	1	-1
618.189	1	11
618.359	1	-3
618.528	1	-4
618.698	1	-1
618.868	1	-4
619.037	1	1
619.207	1	-5
619.377	1	-5
619.546	1	4
619.716	1	-2
619.885	1	2
620.055	1	-10
620.225	1	-1
620.394	1	4
620.564	1	2
620.734	1	-9
620.903	1	-19
621.073	1	5
621.242	1	-8
621.412	1	-6
621.582	1	2
621.751	1	3
621.921	1	-1
622.091	1	2
622.260	1	3
622.430	1	4
622.599	1	-11
622.769	1	-11
622.939	1	-7
623.108	1	2
623.278	1	-5
623.448	1	-1
623.617	1	-2
623.787	1	-1
623.956	1	4
624.126	1	1
624.296	1	4
624.465	1	0
624.635	1	-4
624.804	1	-12
624.974	1	-3
625.144	1	1
625.313	1	13
625.483	1	7
625.652	1	-6
625.822	1	14
625.992	1	-2
626.161	1	5
626.331	1	-10
626.501	1	-3
626.670	1	-9
626.840	1	-3
627.009	1	-4
627.179	1	-3
627.348	1	-5
627.518	1	18
627.688	1	-4
627.857	1	12
628.027	1	4
628.196	1	8
628.366	1	-16
628.536	1	-1
628.705	1	-16
628.875	1	-2
629.044	1	-9
629.214	1	5
629.384	1	13
629.553	1	3
629.723	1	6
629.892	1	0
630.062	1	1
630.232	1	4
630.401	1	-3
630.571	1	-5
630.740	1	1
630.910	1	5
631.079	1	-2
631.249	1	-4
631.419	1	-2
631.588	1	-2
631.758	1	-13
631.927	1	14
632.097	1	-7
632.266	1	11
632.436	1	1
632.606	1	2
632.775	1	-6
632.945	1	-4
633.114	1	-7
633.284	1	-3
633.453	1	6
633.623	1	6
633.793	1	-2
633.962	1	2
634.132	1	3
634.301	1	-2
634.471	1	5
634.640	1	-3
634.810	1	3
634.979	1	0
635.149	1	-5
635.319	1	-2
635.488	1	7
635.658	1	-6
635.827	1	-3
635.997	1	2
636.166	1	-3
636.336	1	-9
636.505	1	4
636.675	1	-7
636.845	1	-9
637.014	1	0
637.184	1	5
637.353	1	5
637.523	1	-3
637.692	1	7
637.862	1	-3
638.031	1	-3
638.201	1	0
638.370	1	-3
638.540	1	-11
638.710	1	-9
638.879	1	-9
639.049	1	4
639.218	1	2
639.388	1	-1
639.557	1	-1
639.727	1	5
639.896	1	-2
640.066	1	-4
640.235	1	-2
640.405	1	1
640.574	1	-3
640.744	1	-5
640.914	1	-4
641.083	1	-2
641.253	1	-2
641.422	1	-6
641.592	1	4
641.761	1	-5
641.931	1	14
642.100	1	-8
642.270	1	-3
642.439	1	-4
642.609	1	4
642.778	1	1
642.948	1	10
643.117	1	2
643.287	1	3
643.456	1	0
643.626	1	-5
643.795	1	-10
643.965	1	2
644.134	1	-3
644.304	1	-3
644.473	1	-1
644.643	1	-9
644.812	1	-6
644.982	1	0
645.151	1	-1
645.321	1	0
645.490	1	7
645.660	1	-2
645.829	1	-4
645.999	1	-5
646.168	1	7
646.338	1	-6
646.507	1	-2
646.677	1	-4
646.846	1	1
647.016	1	16
647.185	1	-3
647.355	1	10
647.524	1	3
647.694	1	-8
647.863	1	-6
648.033	1	1
648.202	1	1
648.372	1	-15
648.541	1	2
648.711	1	-2
648.880	1	1
649.050	1	-3
649.219	1	-6
649.389	1	-3
649.558	1	6
649.728	1	-1
649.897	1	-1
650.067	1	11
650.236	1	-3
650.406	1	0
650.575	1	2
650.745	1	3
650.914	1	-1
651.084	1	2
651.253	1	-3
651.423	1	-7
651.592	1	-13
651.762	1	-3
651.931	1	-1
652.101	1	-4
652.270	1	-3
652.440	1	4
652.609	1	-2
652.778	1	0
652.948	1	2
653.117	1	5
653.287	1	-12
653.456	1	-7
653.626	1	4
653.795	1	-6
653.965	1	-9
654.134	1	-11
654.304	1	5
654.473	1	0
654.643	1	-4
654.812	1	4
654.982	1	5
655.151	1	7
655.320	1	-7
655.490	1	-8
655.659	1	4
655.829	1	8
655.998	1	0
656.168	1	-1
656.337	1	-7
656.507	1	-6
656.676	1	-12
656.846	1	5
657.015	1	4
657.184	1	6
657.354	1	2
657.523	1	0
657.693	1	-2
657.862	1	-7
658.032	1	-2
658.201	1	-15
658.371	1	-3
658.540	1	-10
658.709	1	0
658.879	1	5
659.048	1	5
659.218	1	-6
659.387	1	2
659.557	1	-5
659.726	1	-1
659.895	1	-3
660.065	1	-5
660.234	1	0
660.404	1	3
660.573	1	-1
660.743	1	-8
660.912	1	-4
661.081	1	-16
661.251	1	-2
661.420	1	5
661.590	1	-10
661.759	1	2
661.929	1	-2
662.098	1	7
662.267	1	-16
662.437	1	5
662.606	1	-12
662.776	1	1
662.945	1	3
663.115	1	4
663.284	1	8
663.453	1	-8
663.623	1	-8
663.792	1	3
663.962	1	10
664.131	1	-1
664.300	1	-1
664.470	1	-1
664.639	1	-1
664.809	1	2
664.978	1	10
665.148	1	3
665.317	1	3
665.486	1	-5
665.656	1	-5
665.825	1	-6
665.995	1	-16
666.164	1	-5
666.333	1	-2
666.503	1	-1
666.672	1	2
666.842	1	-2
667.011	1	1
667.180	1	-3
667.350	1	1
667.519	1	4
667.689	1	-10
667.858	1	3
668.027	1	-5
668.197	1	-9
668.366	1	2
668.536	1	-7
668.705	1	-3
668.874	1	4
669.044	1	-2
669.213	1	1
669.382	1	0
669.552	1	1
669.721	1	-7
669.891	1	0
670.060	1	4
670.229	1	5
670.399	1	-3
670.568	1	11
670.738	1	-7
670.907	1	-1
671.076	1	-4
671.246	1	5
671.415	1	9
671.584	1	1
671.754	1	-7
671.923	1	-3
672.093	1	-1
672.262	1	-3
672.431	1	-4
672.601	1	0
672.770	1	-3
672.939	1	8
673.109	1	-4
673.278	1	5
673.448	1	1
673.617	1	-3
673.786	1	-14
