325.333	1	15
325.504	1	3
325.675	1	23
325.846	1	13
326.017	1	15
326.188	1	17
326.359	1	28
326.531	1	17
326.702	1	13
326.873	1	19
327.044	1	21
327.215	1	10
327.386	1	14
327.557	1	3
327.728	1	13
327.899	1	18
328.070	1	24
328.241	1	19
328.412	1	26
328.583	1	20
328.754	1	31
328.926	1	21
329.097	1	7
329.268	1	30
329.439	1	22
329.610	1	12
329.781	1	16
329.952	1	23
330.123	1	13
330.294	1	10
330.465	1	6
330.636	1	23
330.807	1	14
330.978	1	18
331.149	1	29
331.320	1	18
331.492	1	24
331.663	1	25
331.834	1	12
332.005	1	27
332.176	1	15
332.347	1	16
332.518	1	26
332.689	1	21
332.860	1	24
333.031	1	27
333.202	1	7
333.373	1	37
333.544	1	28
333.715	1	19
333.886	1	19
334.057	1	23
334.228	1	22
334.399	1	31
334.570	1	23
334.741	1	21
334.912	1	31
335.084	1	33
335.255	1	23
335.426	1	22
335.597	1	30
335.768	1	21
335.939	1	13
336.110	1	25
336.281	1	20
336.452	1	28
336.623	1	24
336.794	1	21
336.965	1	10
337.136	1	31
337.307	1	25
337.478	1	23
337.649	1	25
337.820	1	18
337.991	1	31
338.162	1	29
338.333	1	17
338.504	1	44
338.675	1	24
338.846	1	23
339.017	1	39
339.188	1	27
339.359	1	31
339.530	1	23
339.701	1	33
339.872	1	46
340.043	1	31
340.214	1	41
340.385	1	14
340.556	1	34
340.727	1	26
340.898	1	40
341.069	1	23
341.240	1	32
341.411	1	35
341.582	1	19
341.753	1	33
341.924	1	41
342.095	1	24
342.266	1	42
342.437	1	22
342.608	1	36
342.779	1	29
342.950	1	27
343.121	1	35
343.292	1	37
343.463	1	41
343.634	1	38
343.805	1	39
343.976	1	43
344.147	1	40
344.318	1	29
344.489	1	41
344.660	1	38
344.831	1	43
345.002	1	41
345.173	1	43
345.344	1	32
345.515	1	34
345.686	1	22
345.857	1	49
346.028	1	33
346.199	1	31
346.370	1	36
346.541	1	25
346.712	1	34
346.883	1	26
347.054	1	44
347.225	1	27
347.396	1	30
347.567	1	30
347.738	1	45
347.909	1	53
348.080	1	29
348.251	1	45
348.422	1	42
348.593	1	47
348.764	1	40
348.935	1	46
349.106	1	36
349.277	1	41
349.448	1	43
349.619	1	42
349.790	1	41
349.961	1	32
350.132	1	50
350.303	1	49
350.474	1	41
350.645	1	49
350.816	1	46
350.987	1	47
351.157	1	37
351.328	1	40
351.499	1	42
351.670	1	53
351.841	1	50
352.012	1	48
352.183	1	58
352.354	1	46
352.525	1	46
352.696	1	41
352.867	1	52
353.038	1	46
353.209	1	41
353.380	1	56
353.551	1	48
353.722	1	43
353.893	1	58
354.064	1	47
354.235	1	39
354.406	1	36
354.576	1	42
354.747	1	54
354.918	1	50
355.089	1	47
355.260	1	44
355.431	1	39
355.602	1	48
355.773	1	44
355.944	1	51
356.115	1	58
356.286	1	52
356.457	1	51
356.628	1	48
356.799	1	50
356.970	1	54
357.141	1	45
357.311	1	56
357.482	1	52
357.653	1	48
357.824	1	51
357.995	1	67
358.166	1	49
358.337	1	47
358.508	1	61
358.679	1	40
358.850	1	60
359.021	1	53
359.192	1	64
359.363	1	52
359.533	1	53
359.704	1	55
359.875	1	59
360.046	1	54
360.217	1	61
360.388	1	60
360.559	1	65
360.730	1	48
360.901	1	50
361.072	1	67
361.243	1	43
361.414	1	68
361.584	1	44
361.755	1	54
361.926	1	57
362.097	1	50
362.268	1	60
362.439	1	40
362.610	1	64
362.781	1	46
362.952	1	57
363.123	1	53
363.293	1	48
363.464	1	42
363.635	1	61
363.806	1	51
363.977	1	53
364.148	1	59
364.319	1	46
364.490	1	73
364.661	1	49
364.832	1	49
365.002	1	61
365.173	1	64
365.344	1	53
365.515	1	61
365.686	1	59
365.857	1	65
366.028	1	66
366.199	1	64
366.370	1	64
366.540	1	59
366.711	1	64
366.882	1	57
367.053	1	74
367.224	1	47
367.395	1	64
367.566	1	69
367.737	1	55
367.908	1	61
368.078	1	45
368.249	1	65
368.420	1	59
368.591	1	52
368.762	1	64
368.933	1	53
369.104	1	62
369.274	1	70
369.445	1	66
369.616	1	60
369.787	1	54
369.958	1	54
370.129	1	60
370.300	1	61
370.471	1	61
370.641	1	71
370.812	1	74
370.983	1	49
371.154	1	60
371.325	1	61
371.496	1	52
371.667	1	74
371.837	1	62
372.008	1	54
372.179	1	57
372.350	1	61
372.521	1	65
372.692	1	64
372.863	1	54
373.033	1	62
373.204	1	56
373.375	1	53
373.546	1	62
373.717	1	58
373.888	1	64
374.059	1	61
374.229	1	62
374.400	1	57
374.571	1	50
374.742	1	60
374.913	1	65
375.084	1	64
375.254	1	63
375.425	1	58
375.596	1	72
375.767	1	65
375.938	1	56
376.109	1	54
376.279	1	67
376.450	1	73
376.621	1	69
376.792	1	70
376.963	1	54
377.134	1	68
377.304	1	75
377.475	1	58
377.646	1	67
377.817	1	67
377.988	1	64
378.159	1	69
378.329	1	71
378.500	1	60
378.671	1	73
378.842	1	72
379.013	1	69
379.184	1	68
379.354	1	65
379.525	1	82
379.696	1	73
379.867	1	73
380.038	1	67
380.209	1	77
380.379	1	70
380.550	1	57
380.721	1	71
380.892	1	60
381.063	1	66
381.233	1	68
381.404	1	72
381.575	1	74
381.746	1	59
381.917	1	71
382.087	1	68
382.258	1	79
382.429	1	69
382.600	1	61
382.771	1	58
382.941	1	90
383.112	1	66
383.283	1	75
383.454	1	70
383.625	1	84
383.795	1	86
383.966	1	75
384.137	1	77
384.308	1	74
384.479	1	69
384.649	1	68
384.820	1	74
384.991	1	68
385.162	1	78
385.333	1	84
385.503	1	72
385.674	1	78
385.845	1	73
386.016	1	86
386.187	1	80
386.357	1	81
386.528	1	72
386.699	1	79
386.870	1	81
387.041	1	88
387.211	1	81
387.382	1	86
387.553	1	87
387.724	1	67
387.894	1	63
388.065	1	81
388.236	1	79
388.407	1	77
388.578	1	75
388.748	1	97
388.919	1	87
389.090	1	84
389.261	1	94
389.431	1	71
389.602	1	76
389.773	1	78
389.944	1	83
390.114	1	77
390.285	1	95
390.456	1	76
390.627	1	83
390.798	1	78
390.968	1	89
391.139	1	90
391.310	1	75
391.481	1	78
391.651	1	86
391.822	1	85
391.993	1	82
392.164	1	83
392.334	1	78
392.505	1	83
392.676	1	68
392.847	1	85
393.017	1	85
393.188	1	86
393.359	1	94
393.530	1	78
393.700	1	77
393.871	1	92
394.042	1	83
394.213	1	92
394.383	1	80
394.554	1	91
394.725	1	78
394.896	1	86
395.066	1	97
395.237	1	83
395.408	1	80
395.579	1	92
395.749	1	91
395.920	1	88
396.091	1	92
396.262	1	85
396.432	1	83
396.603	1	94
396.774	1	89
396.945	1	89
397.115	1	94
397.286	1	101
397.457	1	82
397.627	1	91
397.798	1	95
397.969	1	91
398.140	1	87
398.310	1	86
398.481	1	81
398.652	1	90
398.823	1	88
398.993	1	92
399.164	1	96
399.335	1	87
399.505	1	84
399.676	1	92
399.847	1	79
400.018	1	88
400.188	1	97
400.359	1	91
400.530	1	86
400.700	1	89
400.871	1	95
401.042	1	87
401.213	1	90
401.383	1	98
401.554	1	101
401.725	1	82
401.895	1	86
402.066	1	96
402.237	1	86
402.408	1	90
402.578	1	90
402.749	1	94
402.920	1	95
403.090	1	83
403.261	1	85
403.432	1	90
403.603	1	96
403.773	1	109
403.944	1	93
404.115	1	77
404.285	1	99
404.456	1	100
404.627	1	87
404.797	1	97
404.968	1	79
405.139	1	94
405.310	1	96
405.480	1	93
405.651	1	82
405.822	1	95
405.992	1	95
406.163	1	90
406.334	1	88
406.504	1	93
406.675	1	96
406.846	1	110
407.016	1	90
407.187	1	90
407.358	1	88
407.528	1	88
407.699	1	99
407.870	1	102
408.041	1	95
408.211	1	99
408.382	1	110
408.553	1	113
408.723	1	94
408.894	1	96
409.065	1	97
409.235	1	95
409.406	1	93
409.577	1	80
409.747	1	97
409.918	1	107
410.089	1	106
410.259	1	92
410.430	1	92
410.601	1	95
410.771	1	104
410.942	1	99
411.113	1	104
411.283	1	99
411.454	1	98
411.625	1	103
411.795	1	97
411.966	1	96
412.137	1	98
412.307	1	96
412.478	1	104
412.649	1	96
412.819	1	92
412.990	1	102
413.161	1	95
413.331	1	97
413.502	1	93
413.672	1	99
413.843	1	94
414.014	1	86
414.184	1	98
414.355	1	95
414.526	1	97
414.696	1	85
414.867	1	86
415.038	1	85
415.208	1	94
415.379	1	91
415.550	1	105
415.720	1	85
415.891	1	93
416.062	1	93
416.232	1	96
416.403	1	103
416.573	1	94
416.744	1	109
416.915	1	83
417.085	1	102
417.256	1	85
417.427	1	84
417.597	1	91
417.768	1	95
417.939	1	89
418.109	1	92
418.280	1	94
418.450	1	104
418.621	1	96
418.792	1	92
418.962	1	101
419.133	1	96
419.304	1	89
419.474	1	94
419.645	1	92
419.815	1	99
419.986	1	103
420.157	1	96
420.327	1	80
420.498	1	90
420.669	1	95
420.839	1	99
421.010	1	95
421.180	1	91
421.351	1	89
421.522	1	93
421.692	1	112
421.863	1	98
422.033	1	89
422.204	1	91
422.375	1	100
422.545	1	98
422.716	1	94
422.886	1	99
423.057	1	91
423.228	1	90
423.398	1	85
423.569	1	86
423.740	1	89
423.910	1	93
424.081	1	98
424.251	1	87
424.422	1	96
424.593	1	81
424.763	1	85
424.934	1	90
425.104	1	96
425.275	1	76
425.445	1	89
425.616	1	92
425.787	1	80
425.957	1	84
426.128	1	89
426.298	1	89
426.469	1	74
426.640	1	77
426.810	1	82
426.981	1	86
427.151	1	78
427.322	1	90
427.493	1	84
427.663	1	87
427.834	1	95
428.004	1	87
428.175	1	88
428.345	1	82
428.516	1	90
428.687	1	96
428.857	1	87
429.028	1	88
429.198	1	85
429.369	1	92
429.540	1	82
429.710	1	85
429.881	1	85
430.051	1	79
430.222	1	93
430.392	1	96
430.563	1	74
430.734	1	72
430.904	1	89
431.075	1	80
431.245	1	80
431.416	1	84
431.586	1	82
431.757	1	90
431.927	1	96
432.098	1	92
432.269	1	87
432.439	1	77
432.610	1	98
432.780	1	87
432.951	1	74
433.121	1	91
433.292	1	88
433.462	1	76
433.633	1	82
433.804	1	83
433.974	1	92
434.145	1	85
434.315	1	68
434.486	1	70
434.656	1	91
434.827	1	85
434.997	1	90
435.168	1	83
435.339	1	88
435.509	1	85
435.680	1	82
435.850	1	79
436.021	1	66
436.191	1	81
436.362	1	101
436.532	1	91
436.703	1	86
436.873	1	82
437.044	1	90
437.214	1	74
437.385	1	72
437.556	1	90
437.726	1	71
437.897	1	75
438.067	1	80
438.238	1	84
438.408	1	81
438.579	1	79
438.749	1	77
438.920	1	94
439.090	1	74
439.261	1	77
439.431	1	62
439.602	1	73
439.772	1	73
439.943	1	76
440.113	1	69
440.284	1	78
440.455	1	77
440.625	1	86
440.796	1	81
440.966	1	86
441.137	1	71
441.307	1	73
441.478	1	56
441.648	1	73
441.819	1	78
441.989	1	74
442.160	1	80
442.330	1	74
442.501	1	73
442.671	1	69
442.842	1	82
443.012	1	78
443.183	1	77
443.353	1	76
443.524	1	77
443.694	1	83
443.865	1	78
444.035	1	68
444.206	1	72
444.376	1	84
444.547	1	72
444.717	1	74
444.888	1	54
445.058	1	83
445.229	1	76
445.399	1	77
445.570	1	72
445.740	1	79
445.911	1	75
446.081	1	76
446.252	1	73
446.422	1	82
446.593	1	78
446.763	1	75
446.934	1	65
447.104	1	68
447.275	1	78
447.445	1	84
447.616	1	70
447.786	1	75
447.957	1	66
448.127	1	65
448.298	1	69
448.468	1	71
448.639	1	61
448.809	1	67
448.979	1	89
449.150	1	71
449.320	1	89
449.491	1	59
449.661	1	63
449.832	1	64
450.002	1	70
450.173	1	77
450.343	1	64
450.514	1	65
450.684	1	68
450.855	1	77
451.025	1	63
451.196	1	59
451.366	1	72
451.537	1	70
451.707	1	77
451.878	1	56
452.048	1	64
452.218	1	68
452.389	1	70
452.559	1	73
452.730	1	76
452.900	1	60
453.071	1	77
453.241	1	68
453.412	1	65
453.582	1	65
453.753	1	66
453.923	1	55
454.093	1	65
454.264	1	75
454.434	1	65
454.605	1	62
454.775	1	67
454.946	1	63
455.116	1	66
455.287	1	64
455.457	1	68
455.628	1	55
455.798	1	69
455.968	1	60
456.139	1	59
456.309	1	60
456.480	1	60
456.650	1	55
456.821	1	55
456.991	1	63
457.161	1	56
457.332	1	53
457.502	1	55
457.673	1	52
457.843	1	64
458.014	1	67
458.184	1	57
458.355	1	58
458.525	1	55
458.695	1	57
458.866	1	44
459.036	1	74
459.207	1	62
459.377	1	62
459.548	1	49
459.718	1	47
459.888	1	52
460.059	1	61
460.229	1	55
460.400	1	64
460.570	1	59
460.740	1	60
460.911	1	54
461.081	1	57
461.252	1	63
461.422	1	59
461.593	1	55
461.763	1	74
461.933	1	60
462.104	1	47
462.274	1	61
462.445	1	51
462.615	1	61
462.785	1	54
462.956	1	50
463.126	1	53
463.297	1	54
463.467	1	64
463.638	1	62
463.808	1	51
463.978	1	51
464.149	1	49
464.319	1	58
464.490	1	51
464.660	1	49
464.830	1	58
465.001	1	49
465.171	1	41
465.342	1	50
465.512	1	62
465.682	1	43
465.853	1	47
466.023	1	57
466.194	1	55
466.364	1	65
466.534	1	44
466.705	1	62
466.875	1	44
467.045	1	41
467.216	1	62
467.386	1	45
467.557	1	65
467.727	1	44
467.897	1	52
468.068	1	38
468.238	1	42
468.409	1	54
468.579	1	54
468.749	1	50
468.920	1	38
469.090	1	50
469.260	1	46
469.431	1	52
469.601	1	57
469.772	1	61
469.942	1	46
470.112	1	42
470.283	1	49
470.453	1	43
470.623	1	45
470.794	1	46
470.964	1	36
471.135	1	50
471.305	1	45
471.475	1	50
471.646	1	48
471.816	1	54
471.986	1	38
472.157	1	45
472.327	1	56
472.497	1	46
472.668	1	52
472.838	1	48
473.009	1	43
473.179	1	48
473.349	1	45
473.520	1	51
473.690	1	36
473.860	1	41
474.031	1	40
474.201	1	47
474.371	1	58
474.542	1	52
474.712	1	42
474.882	1	41
475.053	1	49
475.223	1	50
475.394	1	47
475.564	1	55
475.734	1	44
475.905	1	53
476.075	1	63
476.245	1	44
476.416	1	38
476.586	1	37
476.756	1	54
476.927	1	33
477.097	1	48
477.267	1	49
477.438	1	52
477.608	1	61
477.778	1	39
477.949	1	39
478.119	1	46
478.289	1	48
478.460	1	42
478.630	1	37
478.800	1	45
478.971	1	43
479.141	1	50
479.311	1	44
479.482	1	46
479.652	1	48
479.822	1	37
479.993	1	47
480.163	1	36
480.333	1	47
480.504	1	33
480.674	1	48
480.844	1	45
481.015	1	51
481.185	1	49
481.355	1	46
481.525	1	35
481.696	1	40
481.866	1	42
482.036	1	41
482.207	1	45
482.377	1	40
482.547	1	39
482.718	1	40
482.888	1	55
483.058	1	48
483.229	1	38
483.399	1	53
483.569	1	33
483.740	1	36
483.910	1	33
484.080	1	41
484.250	1	31
484.421	1	31
484.591	1	45
484.761	1	39
484.932	1	28
485.102	1	38
485.272	1	32
485.443	1	46
485.613	1	39
485.783	1	34
485.953	1	34
486.124	1	39
486.294	1	36
486.464	1	40
486.635	1	37
486.805	1	34
486.975	1	33
487.146	1	40
487.316	1	44
487.486	1	43
487.656	1	36
487.827	1	37
487.997	1	31
488.167	1	40
488.338	1	27
488.508	1	41
488.678	1	30
488.848	1	35
489.019	1	30
489.189	1	49
489.359	1	33
489.529	1	30
489.700	1	35
489.870	1	44
490.040	1	38
490.211	1	38
490.381	1	34
490.551	1	36
490.721	1	41
490.892	1	26
491.062	1	32
491.232	1	39
491.402	1	32
491.573	1	30
491.743	1	40
491.913	1	34
492.084	1	25
492.254	1	24
492.424	1	41
492.594	1	35
492.765	1	40
492.935	1	50
493.105	1	27
493.275	1	32
493.446	1	21
493.616	1	29
493.786	1	41
493.956	1	34
494.127	1	23
494.297	1	27
494.467	1	32
494.637	1	37
494.808	1	43
494.978	1	33
495.148	1	32
495.318	1	33
495.489	1	31
495.659	1	36
495.829	1	33
495.999	1	40
496.170	1	30
496.340	1	34
496.510	1	30
496.680	1	37
496.851	1	36
497.021	1	30
497.191	1	36
497.361	1	21
497.532	1	36
497.702	1	31
497.872	1	33
498.042	1	23
498.213	1	28
498.383	1	33
498.553	1	37
498.723	1	27
498.894	1	31
499.064	1	26
499.234	1	36
499.404	1	36
499.574	1	41
499.745	1	34
499.915	1	31
500.085	1	18
500.255	1	24
500.426	1	27
500.596	1	13
500.766	1	21
500.936	1	30
501.106	1	14
501.277	1	32
501.447	1	34
501.617	1	26
501.787	1	23
501.958	1	29
502.128	1	28
502.298	1	29
502.468	1	29
502.638	1	23
502.809	1	18
502.979	1	25
503.149	1	19
503.319	1	43
503.489	1	-1
503.660	1	19
503.830	1	38
504.000	1	22
504.170	1	14
504.340	1	22
504.511	1	16
504.681	1	28
504.851	1	31
505.021	1	24
505.192	1	16
505.362	1	25
505.532	1	24
505.702	1	30
505.872	1	29
506.043	1	39
506.213	1	29
506.383	1	31
506.553	1	29
506.723	1	9
506.893	1	20
507.064	1	30
507.234	1	20
507.404	1	16
507.574	1	31
507.744	1	18
507.915	1	20
508.085	1	27
508.255	1	17
508.425	1	19
508.595	1	19
508.766	1	15
508.936	1	26
509.106	1	27
509.276	1	23
509.446	1	15
509.616	1	27
509.787	1	19
509.957	1	30
510.127	1	16
510.297	1	18
510.467	1	26
510.638	1	27
510.808	1	37
510.978	1	16
511.148	1	21
511.318	1	25
511.488	1	24
511.659	1	22
511.829	1	11
511.999	1	21
512.169	1	30
512.339	1	29
512.509	1	17
512.680	1	20
512.850	1	29
513.020	1	22
513.190	1	1
513.360	1	32
513.530	1	17
513.700	1	19
513.871	1	22
514.041	1	24
514.211	1	18
514.381	1	27
514.551	1	15
514.721	1	18
514.892	1	26
515.062	1	13
515.232	1	16
515.402	1	22
515.572	1	16
515.742	1	24
515.912	1	11
516.083	1	24
516.253	1	17
516.423	1	14
516.593	1	16
516.763	1	21
516.933	1	13
517.104	1	25
517.274	1	15
517.444	1	11
517.614	1	13
517.784	1	15
517.954	1	23
518.124	1	16
518.294	1	26
518.465	1	11
518.635	1	26
518.805	1	30
518.975	1	13
519.145	1	8
519.315	1	25
519.485	1	4
519.656	1	15
519.826	1	14
519.996	1	20
520.166	1	7
520.336	1	20
520.506	1	15
520.676	1	24
520.846	1	3
521.017	1	17
521.187	1	17
521.357	1	5
521.527	1	18
521.697	1	23
521.867	1	29
522.037	1	22
522.207	1	28
522.377	1	21
522.548	1	-4
522.718	1	13
522.888	1	16
523.058	1	21
523.228	1	6
523.398	1	12
523.568	1	5
523.738	1	16
523.909	1	22
524.079	1	12
524.249	1	4
524.419	1	15
524.589	1	21
524.759	1	15
524.929	1	12
525.099	1	7
525.269	1	12
525.439	1	14
525.610	1	24
525.780	1	20
525.950	1	28
526.120	1	13
526.290	1	4
526.460	1	10
526.630	1	19
526.800	1	12
526.970	1	17
527.140	1	15
527.311	1	21
527.481	1	21
527.651	1	25
527.821	1	5
527.991	1	9
528.161	1	15
528.331	1	18
528.501	1	10
528.671	1	20
528.841	1	19
529.011	1	10
529.181	1	9
529.352	1	18
529.522	1	19
529.692	1	15
529.862	1	2
530.032	1	11
530.202	1	4
530.372	1	8
530.542	1	9
530.712	1	9
530.882	1	8
531.052	1	15
531.222	1	17
531.392	1	13
531.563	1	13
531.733	1	22
531.903	1	12
532.073	1	15
532.243	1	32
532.413	1	28
532.583	1	14
532.753	1	10
532.923	1	10
533.093	1	8
533.263	1	13
533.433	1	1
533.603	1	7
533.773	1	16
533.943	1	13
534.113	1	8
534.284	1	11
534.454	1	12
534.624	1	11
534.794	1	16
534.964	1	17
535.134	1	5
535.304	1	5
535.474	1	20
535.644	1	20
535.814	1	13
535.984	1	15
536.154	1	12
536.324	1	14
536.494	1	13
536.664	1	10
536.834	1	1
537.004	1	24
537.174	1	12
537.344	1	18
537.514	1	7
537.685	1	19
537.855	1	9
538.025	1	17
538.195	1	11
538.365	1	20
538.535	1	15
538.705	1	9
538.875	1	12
539.045	1	18
539.215	1	2
539.385	1	14
539.555	1	13
539.725	1	8
539.895	1	15
540.065	1	13
540.235	1	6
540.405	1	3
540.575	1	8
540.745	1	17
540.915	1	18
541.085	1	4
541.255	1	7
541.425	1	1
541.595	1	12
541.765	1	13
541.935	1	8
542.105	1	15
542.275	1	10
542.445	1	7
542.615	1	10
542.785	1	4
542.955	1	19
543.125	1	8
543.295	1	8
543.465	1	19
543.635	1	-1
543.805	1	16
543.975	1	5
544.145	1	6
544.315	1	5
544.485	1	1
544.655	1	12
544.825	1	9
544.995	1	8
545.165	1	19
545.335	1	12
545.505	1	7
545.675	1	13
545.845	1	14
546.015	1	6
546.185	1	8
546.355	1	13
546.525	1	23
546.695	1	9
546.865	1	14
547.035	1	9
547.205	1	16
547.375	1	15
547.545	1	22
547.715	1	3
547.885	1	4
548.055	1	10
548.225	1	12
548.395	1	11
548.565	1	16
548.735	1	-1
548.905	1	15
549.075	1	9
549.245	1	7
549.415	1	13
549.585	1	5
549.755	1	11
549.925	1	10
550.095	1	6
550.265	1	18
550.435	1	16
550.605	1	10
550.775	1	6
550.945	1	12
551.115	1	15
551.285	1	8
551.455	1	9
551.625	1	-5
551.795	1	7
551.965	1	7
552.135	1	4
552.305	1	9
552.475	1	10
552.645	1	9
552.815	1	7
552.985	1	5
553.155	1	4
553.325	1	16
553.495	1	14
553.665	1	8
553.835	1	13
554.004	1	5
554.174	1	6
554.344	1	15
554.514	1	1
554.684	1	12
554.854	1	-2
555.024	1	14
555.194	1	8
555.364	1	11
555.534	1	3
555.704	1	8
555.874	1	11
556.044	1	7
556.214	1	4
556.384	1	13
556.554	1	14
556.724	1	10
556.894	1	9
557.064	1	7
557.234	1	11
557.404	1	12
557.573	1	5
557.743	1	11
557.913	1	0
558.083	1	11
558.253	1	10
558.423	1	-1
558.593	1	14
558.763	1	1
558.933	1	1
559.103	1	1
559.273	1	17
559.443	1	12
559.613	1	10
559.783	1	2
559.953	1	0
560.122	1	7
560.292	1	-4
560.462	1	2
560.632	1	3
560.802	1	11
560.972	1	4
561.142	1	11
561.312	1	4
561.482	1	14
561.652	1	13
561.822	1	2
561.992	1	17
562.162	1	0
562.331	1	2
562.501	1	7
562.671	1	4
562.841	1	4
563.011	1	8
563.181	1	1
563.351	1	0
563.521	1	-1
563.691	1	5
563.861	1	3
564.031	1	2
564.201	1	6
564.370	1	16
564.540	1	7
564.710	1	15
564.880	1	1
565.050	1	15
565.220	1	18
565.390	1	4
565.560	1	16
565.730	1	11
565.900	1	5
566.069	1	20
566.239	1	14
566.409	1	18
566.579	1	17
566.749	1	10
566.919	1	-6
567.089	1	-11
567.259	1	12
567.429	1	1
567.599	1	17
567.768	1	3
567.938	1	5
568.108	1	8
568.278	1	12
568.448	1	5
568.618	1	14
568.788	1	5
568.958	1	4
569.128	1	3
569.297	1	6
569.467	1	11
569.637	1	12
569.807	1	19
569.977	1	2
570.147	1	13
570.317	1	1
570.487	1	-1
570.656	1	8
570.826	1	10
570.996	1	10
571.166	1	4
571.336	1	12
571.506	1	-4
571.676	1	13
571.846	1	19
572.015	1	13
572.185	1	5
572.355	1	1
572.525	1	-7
572.695	1	7
572.865	1	15
573.035	1	15
573.205	1	4
573.374	1	8
573.544	1	5
573.714	1	3
573.884	1	-1
574.054	1	1
574.224	1	7
574.394	1	3
574.563	1	2
574.733	1	4
574.903	1	5
575.073	1	4
575.243	1	6
575.413	1	4
575.583	1	5
575.752	1	9
575.922	1	9
576.092	1	5
576.262	1	4
576.432	1	-5
576.602	1	7
576.772	1	2
576.941	1	6
577.111	1	3
577.281	1	11
577.451	1	8
577.621	1	7
577.791	1	10
577.960	1	6
578.130	1	5
578.300	1	5
578.470	1	13
578.640	1	6
578.810	1	-7
578.979	1	4
579.149	1	6
579.319	1	5
579.489	1	8
579.659	1	0
579.829	1	-8
579.998	1	-4
580.168	1	0
580.338	1	8
580.508	1	12
580.678	1	7
580.848	1	2
581.017	1	5
581.187	1	7
581.357	1	1
581.527	1	7
581.697	1	5
581.867	1	7
582.036	1	-10
582.206	1	4
582.376	1	3
582.546	1	0
582.716	1	19
582.885	1	0
583.055	1	0
583.225	1	6
583.395	1	3
583.565	1	10
583.735	1	3
583.904	1	6
584.074	1	9
584.244	1	5
584.414	1	7
584.584	1	6
584.753	1	4
584.923	1	4
585.093	1	7
585.263	1	0
585.433	1	-4
585.602	1	9
585.772	1	27
585.942	1	3
586.112	1	1
586.282	1	0
586.451	1	22
586.621	1	2
586.791	1	-3
586.961	1	3
587.131	1	4
587.300	1	14
587.470	1	-3
587.640	1	7
587.810	1	-2
587.980	1	16
588.149	1	11
588.319	1	15
588.489	1	1
588.659	1	-1
588.829	1	6
588.998	1	11
589.168	1	0
589.338	1	1
589.508	1	16
589.677	1	6
589.847	1	8
590.017	1	0
590.187	1	0
590.357	1	7
590.526	1	1
590.696	1	11
590.866	1	1
591.036	1	9
591.205	1	12
591.375	1	3
591.545	1	-2
591.715	1	3
591.885	1	19
592.054	1	9
592.224	1	4
592.394	1	-7
592.564	1	5
592.733	1	11
592.903	1	4
593.073	1	1
593.243	1	14
593.412	1	-4
593.582	1	9
593.752	1	1
593.922	1	13
594.091	1	15
594.261	1	2
594.431	1	3
594.601	1	1
594.771	1	7
594.940	1	9
595.110	1	11
595.280	1	2
595.450	1	5
595.619	1	10
595.789	1	0
595.959	1	1
596.129	1	9
596.298	1	18
596.468	1	3
596.638	1	4
596.808	1	-3
596.977	1	-2
597.147	1	9
597.317	1	9
597.487	1	11
597.656	1	9
597.826	1	20
597.996	1	11
598.166	1	14
598.335	1	0
598.505	1	12
598.675	1	8
598.844	1	12
599.014	1	-2
599.184	1	-1
599.354	1	10
599.523	1	3
599.693	1	5
599.863	1	13
600.033	1	12
600.202	1	6
600.372	1	-2
600.542	1	15
600.712	1	7
600.881	1	4
601.051	1	17
601.221	1	13
601.390	1	4
601.560	1	11
601.730	1	4
601.900	1	8
602.069	1	3
602.239	1	0
602.409	1	4
602.578	1	14
602.748	1	19
602.918	1	13
603.088	1	11
603.257	1	4
603.427	1	4
603.597	1	11
603.767	1	6
603.936	1	5
604.106	1	2
604.276	1	6
604.445	1	-2
604.615	1	14
604.785	1	12
604.954	1	6
605.124	1	10
605.294	1	2
605.464	1	5
605.633	1	8
605.803	1	9
605.973	1	15
606.142	1	14
606.312	1	4
606.482	1	-6
606.652	1	9
606.821	1	4
606.991	1	10
607.161	1	0
607.330	1	2
607.500	1	3
607.670	1	16
607.839	1	1
608.009	1	4
608.179	1	13
608.348	1	12
608.518	1	13
608.688	1	3
608.858	1	1
609.027	1	10
609.197	1	0
609.367	1	-7
609.536	1	-3
609.706	1	14
609.876	1	17
610.045	1	12
610.215	1	15
610.385	1	5
610.554	1	2
610.724	1	6
610.894	1	9
611.063	1	10
611.233	1	20
611.403	1	14
611.572	1	11
611.742	1	5
611.912	1	9
612.081	1	18
612.251	1	7
612.421	1	10
612.590	1	9
612.760	1	9
612.930	1	11
613.099	1	11
613.269	1	12
613.439	1	0
613.608	1	13
613.778	1	7
613.948	1	16
614.117	1	13
614.287	1	8
614.457	1	1
614.626	1	7
614.796	1	10
614.966	1	18
615.135	1	17
615.305	1	9
615.475	1	10
615.644	1	18
615.814	1	9
615.984	1	9
616.153	1	10
616.323	1	1
616.493	1	8
616.662	1	5
616.832	1	6
617.002	1	15
617.171	1	13
617.341	1	17
617.511	1	5
617.680	1	2
617.850	1	18
618.019	1	10
618.189	1	8
618.359	1	13
618.528	1	9
618.698	1	11
618.868	1	10
619.037	1	10
619.207	1	9
619.377	1	0
619.546	1	12
619.716	1	6
619.885	1	11
620.055	1	-7
620.225	1	10
620.394	1	8
620.564	1	7
620.734	1	12
620.903	1	0
621.073	1	12
621.242	1	12
621.412	1	3
621.582	1	6
621.751	1	15
621.921	1	16
622.091	1	3
622.260	1	14
622.430	1	13
622.599	1	15
622.769	1	17
622.939	1	3
623.108	1	9
623.278	1	5
623.448	1	11
623.617	1	20
623.787	1	3
623.956	1	16
624.126	1	10
624.296	1	13
624.465	1	14
624.635	1	-2
624.804	1	0
624.974	1	2
625.144	1	8
625.313	1	20
625.483	1	8
625.652	1	10
625.822	1	8
625.992	1	5
626.161	1	13
626.331	1	-1
626.501	1	18
626.670	1	10
626.840	1	6
627.009	1	6
627.179	1	3
627.348	1	5
627.518	1	14
627.688	1	9
627.857	1	16
628.027	1	22
628.196	1	12
628.366	1	5
628.536	1	8
628.705	1	-1
628.875	1	4
629.044	1	6
629.214	1	9
629.384	1	21
629.553	1	5
629.723	1	18
629.892	1	14
630.062	1	6
630.232	1	19
630.401	1	20
630.571	1	6
630.740	1	1
630.910	1	5
631.079	1	10
631.249	1	6
631.419	1	13
631.588	1	15
631.758	1	9
631.927	1	18
632.097	1	4
632.266	1	12
632.436	1	5
632.606	1	15
632.775	1	7
632.945	1	7
633.114	1	-3
633.284	1	8
633.453	1	18
633.623	1	23
633.793	1	18
633.962	1	15
634.132	1	15
634.301	1	11
634.471	1	12
634.640	1	7
634.810	1	13
634.979	1	19
635.149	1	10
635.319	1	10
635.488	1	17
635.658	1	20
635.827	1	10
635.997	1	13
636.166	1	5
636.336	1	8
636.505	1	9
636.675	1	9
636.845	1	12
637.014	1	-6
637.184	1	22
637.353	1	5
637.523	1	13
637.692	1	16
637.862	1	4
638.031	1	4
638.201	1	10
638.370	1	6
638.540	1	4
638.710	1	4
638.879	1	9
639.049	1	16
639.218	1	19
639.388	1	12
639.557	1	15
639.727	1	16
639.896	1	12
640.066	1	16
640.235	1	14
640.405	1	10
640.574	1	13
640.744	1	12
640.914	1	12
641.083	1	16
641.253	1	12
641.422	1	3
641.592	1	18
641.761	1	12
641.931	1	21
642.100	1	5
642.270	1	12
642.439	1	13
642.609	1	19
642.778	1	15
642.948	1	21
643.117	1	7
643.287	1	10
643.456	1	12
643.626	1	8
643.795	1	4
643.965	1	17
644.134	1	12
644.304	1	6
644.473	1	7
644.643	1	14
644.812	1	4
644.982	1	17
645.151	1	0
645.321	1	17
645.490	1	24
645.660	1	6
645.829	1	19
645.999	1	5
646.168	1	34
646.338	1	8
646.507	1	15
646.677	1	1
646.846	1	19
647.016	1	16
647.185	1	12
647.355	1	24
647.524	1	14
647.694	1	13
647.863	1	9
648.033	1	10
648.202	1	21
648.372	1	0
648.541	1	15
648.711	1	7
648.880	1	19
649.050	1	8
649.219	1	18
649.389	1	16
649.558	1	19
649.728	1	20
649.897	1	17
650.067	1	22
650.236	1	-2
650.406	1	11
650.575	1	15
650.745	1	10
650.914	1	22
651.084	1	18
651.253	1	23
651.423	1	6
651.592	1	15
651.762	1	3
651.931	1	17
652.101	1	5
652.270	1	6
652.440	1	19
652.609	1	19
652.778	1	12
652.948	1	17
653.117	1	8
653.287	1	4
653.456	1	0
653.626	1	15
653.795	1	9
653.965	1	11
654.134	1	6
654.304	1	22
654.473	1	11
654.643	1	8
654.812	1	24
654.982	1	10
655.151	1	22
655.320	1	7
655.490	1	9
655.659	1	15
655.829	1	10
655.998	1	12
656.168	1	14
656.337	1	11
656.507	1	9
656.676	1	10
656.846	1	16
657.015	1	25
657.184	1	10
657.354	1	19
657.523	1	7
657.693	1	19
657.862	1	4
658.032	1	11
658.201	1	9
658.371	1	14
658.540	1	15
658.709	1	25
658.879	1	12
659.048	1	22
659.218	1	15
659.387	1	15
659.557	1	13
659.726	1	15
659.895	1	16
660.065	1	10
660.234	1	16
660.404	1	19
660.573	1	13
660.743	1	1
660.912	1	19
661.081	1	5
661.251	1	10
661.420	1	16
661.590	1	12
661.759	1	16
661.929	1	13
662.098	1	20
662.267	1	5
662.437	1	17
662.606	1	6
662.776	1	15
662.945	1	18
663.115	1	19
663.284	1	20
663.453	1	7
663.623	1	9
663.792	1	22
663.962	1	21
664.131	1	17
664.300	1	15
664.470	1	10
664.639	1	3
664.809	1	19
664.978	1	26
665.148	1	18
665.317	1	14
665.486	1	23
665.656	1	10
665.825	1	28
665.995	1	0
666.164	1	12
666.333	1	19
666.503	1	16
666.672	1	15
666.842	1	15
667.011	1	17
667.180	1	7
667.350	1	20
667.519	1	16
667.689	1	13
667.858	1	8
668.027	1	10
668.197	1	0
668.366	1	20
668.536	1	16
668.705	1	12
668.874	1	18
669.044	1	17
669.213	1	13
669.382	1	15
669.552	1	9
669.721	1	7
669.891	1	6
670.060	1	10
670.229	1	20
670.399	1	17
670.568	1	20
670.738	1	10
670.907	1	7
671.076	1	19
671.246	1	27
671.415	1	14
671.584	1	26
671.754	1	8
671.923	1	10
672.093	1	19
672.262	1	5
672.431	1	15
672.601	1	13
672.770	1	30
672.939	1	23
673.109	1	18
673.278	1	18
673.448	1	19
673.617	1	14
673.786	1	3
