325.333	1	30
325.504	1	22
325.675	1	46
325.846	1	27
326.017	1	25
326.188	1	40
326.359	1	42
326.531	1	29
326.702	1	33
326.873	1	41
327.044	1	33
327.215	1	24
327.386	1	35
327.557	1	25
327.728	1	34
327.899	1	34
328.070	1	50
328.241	1	40
328.412	1	35
328.583	1	34
328.754	1	45
328.926	1	42
329.097	1	39
329.268	1	50
329.439	1	55
329.610	1	39
329.781	1	48
329.952	1	47
330.123	1	41
330.294	1	40
330.465	1	25
330.636	1	44
330.807	1	27
330.978	1	39
331.149	1	44
331.320	1	51
331.492	1	33
331.663	1	37
331.834	1	53
332.005	1	48
332.176	1	46
332.347	1	31
332.518	1	55
332.689	1	41
332.860	1	52
333.031	1	54
333.202	1	48
333.373	1	59
333.544	1	53
333.715	1	56
333.886	1	48
334.057	1	35
334.228	1	67
334.399	1	53
334.570	1	57
334.741	1	52
334.912	1	56
335.084	1	67
335.255	1	63
335.426	1	50
335.597	1	55
335.768	1	60
335.939	1	60
336.110	1	56
336.281	1	65
336.452	1	65
336.623	1	53
336.794	1	54
336.965	1	58
337.136	1	76
337.307	1	58
337.478	1	63
337.649	1	56
337.820	1	63
337.991	1	65
338.162	1	66
338.333	1	62
338.504	1	62
338.675	1	59
338.846	1	47
339.017	1	71
339.188	1	66
339.359	1	66
339.530	1	66
339.701	1	68
339.872	1	78
340.043	1	65
340.214	1	70
340.385	1	61
340.556	1	65
340.727	1	73
340.898	1	70
341.069	1	75
341.240	1	66
341.411	1	81
341.582	1	71
341.753	1	71
341.924	1	85
342.095	1	76
342.266	1	85
342.437	1	73
342.608	1	86
342.779	1	72
342.950	1	69
343.121	1	78
343.292	1	87
343.463	1	89
343.634	1	77
343.805	1	78
343.976	1	91
344.147	1	96
344.318	1	68
344.489	1	83
344.660	1	84
344.831	1	83
345.002	1	89
345.173	1	76
345.344	1	76
345.515	1	82
345.686	1	76
345.857	1	86
346.028	1	92
346.199	1	90
346.370	1	86
346.541	1	87
346.712	1	83
346.883	1	83
347.054	1	94
347.225	1	78
347.396	1	93
347.567	1	81
347.738	1	92
347.909	1	95
348.080	1	98
348.251	1	92
348.422	1	99
348.593	1	89
348.764	1	92
348.935	1	94
349.106	1	84
349.277	1	99
349.448	1	103
349.619	1	87
349.790	1	96
349.961	1	98
350.132	1	110
350.303	1	96
350.474	1	95
350.645	1	115
350.816	1	95
350.987	1	118
351.157	1	92
351.328	1	103
351.499	1	102
351.670	1	103
351.841	1	114
352.012	1	112
352.183	1	117
352.354	1	98
352.525	1	112
352.696	1	107
352.867	1	104
353.038	1	111
353.209	1	105
353.380	1	107
353.551	1	108
353.722	1	111
353.893	1	111
354.064	1	109
354.235	1	103
354.406	1	103
354.576	1	116
354.747	1	109
354.918	1	111
355.089	1	114
355.260	1	117
355.431	1	108
355.602	1	115
355.773	1	112
355.944	1	106
356.115	1	118
356.286	1	133
356.457	1	117
356.628	1	119
356.799	1	114
356.970	1	122
357.141	1	129
357.311	1	135
357.482	1	121
357.653	1	112
357.824	1	125
357.995	1	126
358.166	1	120
358.337	1	127
358.508	1	152
358.679	1	118
358.850	1	135
359.021	1	132
359.192	1	141
359.363	1	128
359.533	1	127
359.704	1	130
359.875	1	134
360.046	1	127
360.217	1	149
360.388	1	135
360.559	1	137
360.730	1	121
360.901	1	145
361.072	1	127
361.243	1	125
361.414	1	137
361.584	1	122
361.755	1	132
361.926	1	144
362.097	1	121
362.268	1	144
362.439	1	134
362.610	1	131
362.781	1	122
362.952	1	136
363.123	1	123
363.293	1	122
363.464	1	129
363.635	1	143
363.806	1	132
363.977	1	142
364.148	1	140
364.319	1	128
364.490	1	144
364.661	1	130
364.832	1	139
365.002	1	148
365.173	1	137
365.344	1	137
365.515	1	145
365.686	1	139
365.857	1	164
366.028	1	140
366.199	1	158
366.370	1	136
366.540	1	136
366.711	1	146
366.882	1	137
367.053	1	153
367.224	1	146
367.395	1	142
367.566	1	150
367.737	1	148
367.908	1	148
368.078	1	143
368.249	1	133
368.420	1	146
368.591	1	153
368.762	1	145
368.933	1	152
369.104	1	141
369.274	1	147
369.445	1	170
369.616	1	132
369.787	1	143
369.958	1	131
370.129	1	135
370.300	1	136
370.471	1	144
370.641	1	142
370.812	1	146
370.983	1	132
371.154	1	155
371.325	1	134
371.496	1	147
371.667	1	158
371.837	1	152
372.008	1	130
372.179	1	153
372.350	1	150
372.521	1	140
372.692	1	144
372.863	1	142
373.033	1	136
373.204	1	143
373.375	1	142
373.546	1	159
373.717	1	152
373.888	1	166
374.059	1	145
374.229	1	156
374.400	1	141
374.571	1	149
374.742	1	139
374.913	1	128
375.084	1	158
375.254	1	163
375.425	1	171
375.596	1	154
375.767	1	156
375.938	1	156
376.109	1	157
376.279	1	161
376.450	1	159
376.621	1	165
376.792	1	174
376.963	1	165
377.134	1	174
377.304	1	169
377.475	1	166
377.646	1	150
377.817	1	162
377.988	1	179
378.159	1	182
378.329	1	168
378.500	1	163
378.671	1	166
378.842	1	178
379.013	1	172
379.184	1	171
379.354	1	176
379.525	1	168
379.696	1	174
379.867	1	180
380.038	1	174
380.209	1	166
380.379	1	161
380.550	1	165
380.721	1	159
380.892	1	166
381.063	1	164
381.233	1	165
381.404	1	171
381.575	1	172
381.746	1	169
381.917	1	172
382.087	1	172
382.258	1	183
382.429	1	178
382.600	1	185
382.771	1	180
382.941	1	186
383.112	1	165
383.283	1	182
383.454	1	170
383.625	1	193
383.795	1	195
383.966	1	189
384.137	1	185
384.308	1	187
384.479	1	190
384.649	1	185
384.820	1	180
384.991	1	192
385.162	1	193
385.333	1	198
385.503	1	183
385.674	1	180
385.845	1	195
386.016	1	204
386.187	1	183
386.357	1	205
386.528	1	193
386.699	1	187
386.870	1	195
387.041	1	190
387.211	1	205
387.382	1	216
387.553	1	202
387.724	1	194
387.894	1	195
388.065	1	189
388.236	1	192
388.407	1	206
388.578	1	205
388.748	1	204
388.919	1	204
389.090	1	204
389.261	1	190
389.431	1	188
389.602	1	206
389.773	1	193
389.944	1	196
390.114	1	196
390.285	1	201
390.456	1	200
390.627	1	206
390.798	1	199
390.968	1	209
391.139	1	193
391.310	1	207
391.481	1	191
391.651	1	213
391.822	1	197
391.993	1	201
392.164	1	200
392.334	1	202
392.505	1	192
392.676	1	194
392.847	1	195
393.017	1	183
393.188	1	207
393.359	1	213
393.530	1	217
393.700	1	199
393.871	1	189
394.042	1	189
394.213	1	202
394.383	1	219
394.554	1	198
394.725	1	186
394.896	1	225
395.066	1	217
395.237	1	211
395.408	1	215
395.579	1	233
395.749	1	215
395.920	1	215
396.091	1	208
396.262	1	209
396.432	1	215
396.603	1	217
396.774	1	206
396.945	1	233
397.115	1	223
397.286	1	226
397.457	1	216
397.627	1	207
397.798	1	208
397.969	1	225
398.140	1	214
398.310	1	230
398.481	1	211
398.652	1	221
398.823	1	210
398.993	1	210
399.164	1	215
399.335	1	209
399.505	1	213
399.676	1	213
399.847	1	223
400.018	1	207
400.188	1	225
400.359	1	222
400.530	1	225
400.700	1	223
400.871	1	219
401.042	1	217
401.213	1	220
401.383	1	211
401.554	1	219
401.725	1	220
401.895	1	201
402.066	1	215
402.237	1	228
402.408	1	210
402.578	1	226
402.749	1	215
402.920	1	212
403.090	1	223
403.261	1	214
403.432	1	222
403.603	1	230
403.773	1	231
403.944	1	227
404.115	1	216
404.285	1	217
404.456	1	230
404.627	1	230
404.797	1	216
404.968	1	227
405.139	1	222
405.310	1	218
405.480	1	220
405.651	1	229
405.822	1	231
405.992	1	237
406.163	1	222
406.334	1	237
406.504	1	220
406.675	1	216
406.846	1	231
407.016	1	238
407.187	1	232
407.358	1	225
407.528	1	238
407.699	1	230
407.870	1	235
408.041	1	246
408.211	1	247
408.382	1	237
408.553	1	235
408.723	1	235
408.894	1	233
409.065	1	236
409.235	1	248
409.406	1	225
409.577	1	223
409.747	1	226
409.918	1	248
410.089	1	247
410.259	1	220
410.430	1	230
410.601	1	234
410.771	1	235
410.942	1	245
411.113	1	231
411.283	1	217
411.454	1	221
411.625	1	215
411.795	1	235
411.966	1	230
412.137	1	236
412.307	1	237
412.478	1	225
412.649	1	229
412.819	1	236
412.990	1	225
413.161	1	218
413.331	1	215
413.502	1	218
413.672	1	221
413.843	1	226
414.014	1	221
414.184	1	228
414.355	1	211
414.526	1	216
414.696	1	214
414.867	1	219
415.038	1	218
415.208	1	219
415.379	1	213
415.550	1	232
415.720	1	223
415.891	1	239
416.062	1	215
416.232	1	224
416.403	1	224
416.573	1	223
416.744	1	226
416.915	1	223
417.085	1	225
417.256	1	225
417.427	1	231
417.597	1	215
417.768	1	221
417.939	1	225
418.109	1	233
418.280	1	230
418.450	1	238
418.621	1	231
418.792	1	218
418.962	1	227
419.133	1	226
419.304	1	220
419.474	1	232
419.645	1	221
419.815	1	235
419.986	1	232
420.157	1	225
420.327	1	211
420.498	1	224
420.669	1	227
420.839	1	230
421.010	1	229
421.180	1	214
421.351	1	223
421.522	1	222
421.692	1	226
421.863	1	221
422.033	1	236
422.204	1	222
422.375	1	210
422.545	1	217
422.716	1	209
422.886	1	209
423.057	1	212
423.228	1	222
423.398	1	217
423.569	1	208
423.740	1	214
423.910	1	203
424.081	1	206
424.251	1	209
424.422	1	220
424.593	1	202
424.763	1	201
424.934	1	218
425.104	1	213
425.275	1	199
425.445	1	208
425.616	1	201
425.787	1	193
425.957	1	196
426.128	1	199
426.298	1	194
426.469	1	196
426.640	1	198
426.810	1	187
426.981	1	203
427.151	1	197
427.322	1	193
427.493	1	197
427.663	1	197
427.834	1	209
428.004	1	212
428.175	1	197
428.345	1	198
428.516	1	197
428.687	1	213
428.857	1	214
429.028	1	183
429.198	1	196
429.369	1	200
429.540	1	192
429.710	1	214
429.881	1	204
430.051	1	206
430.222	1	211
430.392	1	198
430.563	1	196
430.734	1	205
430.904	1	214
431.075	1	209
431.245	1	198
431.416	1	196
431.586	1	191
431.757	1	218
431.927	1	201
432.098	1	220
432.269	1	182
432.439	1	188
432.610	1	221
432.780	1	216
432.951	1	197
433.121	1	194
433.292	1	218
433.462	1	200
433.633	1	191
433.804	1	206
433.974	1	192
434.145	1	196
434.315	1	195
434.486	1	192
434.656	1	206
434.827	1	200
434.997	1	208
435.168	1	196
435.339	1	197
435.509	1	206
435.680	1	205
435.850	1	180
436.021	1	196
436.191	1	183
436.362	1	189
436.532	1	195
436.703	1	196
436.873	1	180
437.044	1	192
437.214	1	191
437.385	1	187
437.556	1	190
437.726	1	188
437.897	1	188
438.067	1	175
438.238	1	191
438.408	1	187
438.579	1	181
438.749	1	171
438.920	1	198
439.090	1	179
439.261	1	186
439.431	1	183
439.602	1	172
439.772	1	177
439.943	1	172
440.113	1	166
440.284	1	188
440.455	1	177
440.625	1	193
440.796	1	175
440.966	1	162
441.137	1	177
441.307	1	186
441.478	1	165
441.648	1	179
441.819	1	167
441.989	1	180
442.160	1	176
442.330	1	174
442.501	1	177
442.671	1	172
442.842	1	190
443.012	1	178
443.183	1	180
443.353	1	170
443.524	1	182
443.694	1	169
443.865	1	190
444.035	1	176
444.206	1	178
444.376	1	193
444.547	1	185
444.717	1	168
444.888	1	173
445.058	1	177
445.229	1	173
445.399	1	188
445.570	1	178
445.740	1	171
445.911	1	179
446.081	1	177
446.252	1	174
446.422	1	177
446.593	1	173
446.763	1	182
446.934	1	156
447.104	1	160
447.275	1	168
447.445	1	173
447.616	1	171
447.786	1	175
447.957	1	166
448.127	1	165
448.298	1	172
448.468	1	161
448.639	1	151
448.809	1	156
448.979	1	175
449.150	1	164
449.320	1	159
449.491	1	169
449.661	1	151
449.832	1	156
450.002	1	160
450.173	1	152
450.343	1	156
450.514	1	152
450.684	1	140
450.855	1	171
451.025	1	134
451.196	1	156
451.366	1	164
451.537	1	155
451.707	1	154
451.878	1	156
452.048	1	150
452.218	1	149
452.389	1	164
452.559	1	154
452.730	1	150
452.900	1	139
453.071	1	150
453.241	1	148
453.412	1	149
453.582	1	153
453.753	1	147
453.923	1	142
454.093	1	140
454.264	1	149
454.434	1	140
454.605	1	137
454.775	1	151
454.946	1	140
455.116	1	155
455.287	1	134
455.457	1	149
455.628	1	124
455.798	1	149
455.968	1	130
456.139	1	148
456.309	1	147
456.480	1	140
456.650	1	133
456.821	1	132
456.991	1	149
457.161	1	132
457.332	1	137
457.502	1	139
457.673	1	140
457.843	1	138
458.014	1	139
458.184	1	144
458.355	1	141
458.525	1	128
458.695	1	130
458.866	1	122
459.036	1	132
459.207	1	137
459.377	1	160
459.548	1	144
459.718	1	126
459.888	1	129
460.059	1	132
460.229	1	126
460.400	1	130
460.570	1	134
460.740	1	143
460.911	1	129
461.081	1	133
461.252	1	138
461.422	1	133
461.593	1	137
461.763	1	144
461.933	1	141
462.104	1	109
462.274	1	135
462.445	1	133
462.615	1	133
462.785	1	142
462.956	1	131
463.126	1	127
463.297	1	128
463.467	1	138
463.638	1	148
463.808	1	138
463.978	1	109
464.149	1	119
464.319	1	123
464.490	1	123
464.660	1	123
464.830	1	124
465.001	1	127
465.171	1	119
465.342	1	123
465.512	1	123
465.682	1	120
465.853	1	108
466.023	1	125
466.194	1	125
466.364	1	119
466.534	1	114
466.705	1	130
466.875	1	117
467.045	1	124
467.216	1	121
467.386	1	107
467.557	1	111
467.727	1	125
467.897	1	120
468.068	1	109
468.238	1	116
468.409	1	116
468.579	1	105
468.749	1	111
468.920	1	106
469.090	1	125
469.260	1	118
469.431	1	97
469.601	1	107
469.772	1	111
469.942	1	104
470.112	1	94
470.283	1	111
470.453	1	107
470.623	1	116
470.794	1	112
470.964	1	96
471.135	1	112
471.305	1	108
471.475	1	112
471.646	1	92
471.816	1	100
471.986	1	104
472.157	1	103
472.327	1	117
472.497	1	104
472.668	1	108
472.838	1	103
473.009	1	109
473.179	1	105
473.349	1	110
473.520	1	116
473.690	1	111
473.860	1	108
474.031	1	91
474.201	1	113
474.371	1	99
474.542	1	100
474.712	1	104
474.882	1	99
475.053	1	108
475.223	1	101
475.394	1	98
475.564	1	110
475.734	1	101
475.905	1	107
476.075	1	109
476.245	1	108
476.416	1	102
476.586	1	108
476.756	1	105
476.927	1	97
477.097	1	100
477.267	1	95
477.438	1	103
477.608	1	104
477.778	1	101
477.949	1	91
478.119	1	105
478.289	1	104
478.460	1	104
478.630	1	92
478.800	1	103
478.971	1	97
479.141	1	105
479.311	1	104
479.482	1	102
479.652	1	94
479.822	1	84
479.993	1	97
480.163	1	99
480.333	1	112
480.504	1	95
480.674	1	90
480.844	1	93
481.015	1	100
481.185	1	98
481.355	1	97
481.525	1	88
481.696	1	93
481.866	1	97
482.036	1	91
482.207	1	107
482.377	1	87
482.547	1	87
482.718	1	86
482.888	1	108
483.058	1	96
483.229	1	82
483.399	1	93
483.569	1	76
483.740	1	87
483.910	1	82
484.080	1	87
484.250	1	86
484.421	1	80
484.591	1	70
484.761	1	85
484.932	1	83
485.102	1	88
485.272	1	89
485.443	1	93
485.613	1	74
485.783	1	84
485.953	1	92
486.124	1	77
486.294	1	79
486.464	1	94
486.635	1	79
486.805	1	85
486.975	1	68
487.146	1	82
487.316	1	84
487.486	1	87
487.656	1	75
487.827	1	76
487.997	1	77
488.167	1	80
488.338	1	82
488.508	1	92
488.678	1	77
488.848	1	78
489.019	1	65
489.189	1	86
489.359	1	74
489.529	1	74
489.700	1	75
489.870	1	77
490.040	1	76
490.211	1	79
490.381	1	70
490.551	1	78
490.721	1	79
490.892	1	74
491.062	1	77
491.232	1	80
491.402	1	78
491.573	1	84
491.743	1	72
491.913	1	82
492.084	1	78
492.254	1	68
492.424	1	67
492.594	1	69
492.765	1	78
492.935	1	80
493.105	1	78
493.275	1	70
493.446	1	83
493.616	1	64
493.786	1	75
493.956	1	70
494.127	1	69
494.297	1	59
494.467	1	74
494.637	1	75
494.808	1	76
494.978	1	79
495.148	1	76
495.318	1	79
495.489	1	71
495.659	1	78
495.829	1	65
495.999	1	80
496.170	1	69
496.340	1	71
496.510	1	81
496.680	1	73
496.851	1	70
497.021	1	72
497.191	1	70
497.361	1	61
497.532	1	76
497.702	1	72
497.872	1	72
498.042	1	64
498.213	1	56
498.383	1	69
498.553	1	56
498.723	1	62
498.894	1	62
499.064	1	63
499.234	1	73
499.404	1	69
499.574	1	77
499.745	1	71
499.915	1	63
500.085	1	69
500.255	1	51
500.426	1	59
500.596	1	53
500.766	1	59
500.936	1	60
501.106	1	64
501.277	1	55
501.447	1	63
501.617	1	54
501.787	1	58
501.958	1	58
502.128	1	70
502.298	1	61
502.468	1	54
502.638	1	59
502.809	1	52
502.979	1	71
503.149	1	67
503.319	1	64
503.489	1	34
503.660	1	57
503.830	1	57
504.000	1	52
504.170	1	61
504.340	1	45
504.511	1	57
504.681	1	60
504.851	1	50
505.021	1	62
505.192	1	51
505.362	1	50
505.532	1	56
505.702	1	59
505.872	1	58
506.043	1	57
506.213	1	62
506.383	1	57
506.553	1	49
506.723	1	38
506.893	1	60
507.064	1	57
507.234	1	58
507.404	1	58
507.574	1	55
507.744	1	55
507.915	1	45
508.085	1	53
508.255	1	50
508.425	1	57
508.595	1	44
508.766	1	42
508.936	1	62
509.106	1	58
509.276	1	46
509.446	1	51
509.616	1	58
509.787	1	48
509.957	1	54
510.127	1	46
510.297	1	52
510.467	1	51
510.638	1	52
510.808	1	66
510.978	1	53
511.148	1	49
511.318	1	42
511.488	1	59
511.659	1	40
511.829	1	48
511.999	1	47
512.169	1	53
512.339	1	57
512.509	1	42
512.680	1	55
512.850	1	53
513.020	1	57
513.190	1	38
513.360	1	54
513.530	1	48
513.700	1	48
513.871	1	51
514.041	1	53
514.211	1	54
514.381	1	52
514.551	1	53
514.721	1	50
514.892	1	47
515.062	1	43
515.232	1	43
515.402	1	50
515.572	1	42
515.742	1	53
515.912	1	46
516.083	1	53
516.253	1	51
516.423	1	44
516.593	1	47
516.763	1	42
516.933	1	48
517.104	1	43
517.274	1	44
517.444	1	47
517.614	1	44
517.784	1	52
517.954	1	30
518.124	1	42
518.294	1	47
518.465	1	49
518.635	1	47
518.805	1	53
518.975	1	44
519.145	1	54
519.315	1	46
519.485	1	45
519.656	1	33
519.826	1	39
519.996	1	41
520.166	1	42
520.336	1	47
520.506	1	38
520.676	1	36
520.846	1	54
521.017	1	40
521.187	1	47
521.357	1	35
521.527	1	40
521.697	1	36
521.867	1	45
522.037	1	44
522.207	1	51
522.377	1	49
522.548	1	35
522.718	1	37
522.888	1	38
523.058	1	42
523.228	1	35
523.398	1	36
523.568	1	31
523.738	1	36
523.909	1	40
524.079	1	36
524.249	1	36
524.419	1	34
524.589	1	44
524.759	1	44
524.929	1	38
525.099	1	40
525.269	1	30
525.439	1	42
525.610	1	48
525.780	1	53
525.950	1	44
526.120	1	36
526.290	1	34
526.460	1	36
526.630	1	37
526.800	1	38
526.970	1	47
527.140	1	35
527.311	1	33
527.481	1	42
527.651	1	25
527.821	1	37
527.991	1	29
528.161	1	32
528.331	1	39
528.501	1	34
528.671	1	41
528.841	1	38
529.011	1	39
529.181	1	26
529.352	1	30
529.522	1	36
529.692	1	37
529.862	1	37
530.032	1	25
530.202	1	28
530.372	1	47
530.542	1	34
530.712	1	35
530.882	1	35
531.052	1	40
531.222	1	46
531.392	1	37
531.563	1	39
531.733	1	25
531.903	1	41
532.073	1	32
532.243	1	34
532.413	1	43
532.583	1	39
532.753	1	38
532.923	1	37
533.093	1	25
533.263	1	39
533.433	1	30
533.603	1	37
533.773	1	24
533.943	1	43
534.113	1	37
534.284	1	36
534.454	1	35
534.624	1	33
534.794	1	26
534.964	1	36
535.134	1	33
535.304	1	36
535.474	1	33
535.644	1	32
535.814	1	30
535.984	1	25
536.154	1	31
536.324	1	32
536.494	1	43
536.664	1	33
536.834	1	28
537.004	1	26
537.174	1	44
537.344	1	31
537.514	1	26
537.685	1	34
537.855	1	36
538.025	1	43
538.195	1	34
538.365	1	26
538.535	1	25
538.705	1	31
538.875	1	36
539.045	1	36
539.215	1	26
539.385	1	28
539.555	1	31
539.725	1	35
539.895	1	34
540.065	1	27
540.235	1	40
540.405	1	38
540.575	1	39
540.745	1	28
540.915	1	30
541.085	1	21
541.255	1	29
541.425	1	25
541.595	1	35
541.765	1	24
541.935	1	29
542.105	1	31
542.275	1	28
542.445	1	21
542.615	1	37
542.785	1	31
542.955	1	34
543.125	1	24
543.295	1	31
543.465	1	37
543.635	1	16
543.805	1	35
543.975	1	29
544.145	1	24
544.315	1	16
544.485	1	15
544.655	1	24
544.825	1	29
544.995	1	30
545.165	1	30
545.335	1	35
545.505	1	27
545.675	1	38
545.845	1	36
546.015	1	26
546.185	1	25
546.355	1	25
546.525	1	43
546.695	1	24
546.865	1	26
547.035	1	28
547.205	1	35
547.375	1	31
547.545	1	39
547.715	1	28
547.885	1	22
548.055	1	22
548.225	1	35
548.395	1	29
548.565	1	32
548.735	1	15
548.905	1	29
549.075	1	20
549.245	1	32
549.415	1	34
549.585	1	16
549.755	1	34
549.925	1	32
550.095	1	26
550.265	1	26
550.435	1	31
550.605	1	20
550.775	1	18
550.945	1	29
551.115	1	33
551.285	1	9
551.455	1	35
551.625	1	15
551.795	1	16
551.965	1	13
552.135	1	10
552.305	1	26
552.475	1	22
552.645	1	19
552.815	1	18
552.985	1	19
553.155	1	19
553.325	1	14
553.495	1	17
553.665	1	11
553.835	1	19
554.004	1	30
554.174	1	14
554.344	1	19
554.514	1	19
554.684	1	27
554.854	1	15
555.024	1	12
555.194	1	22
555.364	1	18
555.534	1	20
555.704	1	24
555.874	1	7
556.044	1	33
556.214	1	22
556.384	1	24
556.554	1	26
556.724	1	7
556.894	1	16
557.064	1	33
557.234	1	23
557.404	1	21
557.573	1	27
557.743	1	24
557.913	1	22
558.083	1	28
558.253	1	31
558.423	1	25
558.593	1	23
558.763	1	27
558.933	1	22
559.103	1	16
559.273	1	30
559.443	1	35
559.613	1	15
559.783	1	23
559.953	1	8
560.122	1	22
560.292	1	20
560.462	1	9
560.632	1	13
560.802	1	29
560.972	1	10
561.142	1	17
561.312	1	22
561.482	1	20
561.652	1	14
561.822	1	23
561.992	1	24
562.162	1	12
562.331	1	14
562.501	1	20
562.671	1	14
562.841	1	9
563.011	1	17
563.181	1	23
563.351	1	8
563.521	1	13
563.691	1	25
563.861	1	14
564.031	1	16
564.201	1	21
564.370	1	21
564.540	1	18
564.710	1	4
564.880	1	24
565.050	1	17
565.220	1	24
565.390	1	24
565.560	1	22
565.730	1	16
565.900	1	28
566.069	1	33
566.239	1	32
566.409	1	32
566.579	1	31
566.749	1	22
566.919	1	14
567.089	1	14
567.259	1	28
567.429	1	2
567.599	1	27
567.768	1	15
567.938	1	21
568.108	1	13
568.278	1	20
568.448	1	13
568.618	1	17
568.788	1	23
568.958	1	18
569.128	1	11
569.297	1	14
569.467	1	21
569.637	1	20
569.807	1	18
569.977	1	8
570.147	1	15
570.317	1	17
570.487	1	15
570.656	1	26
570.826	1	15
570.996	1	28
571.166	1	10
571.336	1	19
571.506	1	13
571.676	1	19
571.846	1	22
572.015	1	17
572.185	1	12
572.355	1	17
572.525	1	4
572.695	1	14
572.865	1	22
573.035	1	19
573.205	1	10
573.374	1	17
573.544	1	15
573.714	1	18
573.884	1	8
574.054	1	16
574.224	1	12
574.394	1	22
574.563	1	13
574.733	1	20
574.903	1	5
575.073	1	15
575.243	1	15
575.413	1	13
575.583	1	9
575.752	1	8
575.922	1	28
576.092	1	8
576.262	1	22
576.432	1	11
576.602	1	19
576.772	1	18
576.941	1	11
577.111	1	14
577.281	1	10
577.451	1	24
577.621	1	14
577.791	1	16
577.960	1	16
578.130	1	14
578.300	1	20
578.470	1	21
578.640	1	19
578.810	1	9
578.979	1	15
579.149	1	11
579.319	1	20
579.489	1	13
579.659	1	9
579.829	1	9
579.998	1	10
580.168	1	5
580.338	1	19
580.508	1	13
580.678	1	15
580.848	1	16
581.017	1	20
581.187	1	25
581.357	1	17
581.527	1	11
581.697	1	7
581.867	1	9
582.036	1	1
582.206	1	20
582.376	1	12
582.546	1	19
582.716	1	19
582.885	1	17
583.055	1	11
583.225	1	15
583.395	1	21
583.565	1	17
583.735	1	16
583.904	1	16
584.074	1	19
584.244	1	10
584.414	1	17
584.584	1	14
584.753	1	14
584.923	1	15
585.093	1	14
585.263	1	22
585.433	1	12
585.602	1	20
585.772	1	23
585.942	1	8
586.112	1	22
586.282	1	18
586.451	1	26
586.621	1	9
586.791	1	10
586.961	1	7
587.131	1	4
587.300	1	17
587.470	1	15
587.640	1	11
587.810	1	10
587.980	1	24
588.149	1	14
588.319	1	17
588.489	1	19
588.659	1	16
588.829	1	12
588.998	1	10
589.168	1	6
589.338	1	17
589.508	1	13
589.677	1	13
589.847	1	19
590.017	1	6
590.187	1	10
590.357	1	10
590.526	1	14
590.696	1	21
590.866	1	10
591.036	1	16
591.205	1	15
591.375	1	15
591.545	1	13
591.715	1	13
591.885	1	24
592.054	1	16
592.224	1	13
592.394	1	5
592.564	1	19
592.733	1	22
592.903	1	20
593.073	1	9
593.243	1	30
593.412	1	1
593.582	1	9
593.752	1	-2
593.922	1	13
594.091	1	20
594.261	1	12
594.431	1	20
594.601	1	6
594.771	1	9
594.940	1	16
595.110	1	23
595.280	1	17
595.450	1	12
595.619	1	17
595.789	1	6
595.959	1	17
596.129	1	17
596.298	1	22
596.468	1	15
596.638	1	18
596.808	1	9
596.977	1	11
597.147	1	15
597.317	1	15
597.487	1	16
597.656	1	25
597.826	1	22
597.996	1	5
598.166	1	18
598.335	1	2
598.505	1	22
598.675	1	20
598.844	1	25
599.014	1	4
599.184	1	18
599.354	1	24
599.523	1	12
599.693	1	12
599.863	1	20
600.033	1	19
600.202	1	14
600.372	1	10
600.542	1	17
600.712	1	12
600.881	1	19
601.051	1	23
601.221	1	20
601.390	1	14
601.560	1	22
601.730	1	14
601.900	1	11
602.069	1	19
602.239	1	12
602.409	1	12
602.578	1	25
602.748	1	24
602.918	1	9
603.088	1	21
603.257	1	21
603.427	1	21
603.597	1	19
603.767	1	26
603.936	1	12
604.106	1	7
604.276	1	14
604.445	1	9
604.615	1	19
604.785	1	9
604.954	1	18
605.124	1	18
605.294	1	14
605.464	1	8
605.633	1	15
605.803	1	21
605.973	1	14
606.142	1	22
606.312	1	27
606.482	1	6
606.652	1	23
606.821	1	21
606.991	1	20
607.161	1	16
607.330	1	6
607.500	1	16
607.670	1	21
607.839	1	9
608.009	1	15
608.179	1	26
608.348	1	26
608.518	1	20
608.688	1	16
608.858	1	16
609.027	1	31
609.197	1	19
609.367	1	3
609.536	1	18
609.706	1	20
609.876	1	24
610.045	1	29
610.215	1	15
610.385	1	16
610.554	1	20
610.724	1	17
610.894	1	33
611.063	1	22
611.233	1	23
611.403	1	35
611.572	1	21
611.742	1	18
611.912	1	17
612.081	1	18
612.251	1	16
612.421	1	16
612.590	1	15
612.760	1	14
612.930	1	11
613.099	1	22
613.269	1	19
613.439	1	10
613.608	1	25
613.778	1	17
613.948	1	29
614.117	1	14
614.287	1	10
614.457	1	23
614.626	1	12
614.796	1	15
614.966	1	10
615.135	1	20
615.305	1	20
615.475	1	16
615.644	1	22
615.814	1	26
615.984	1	19
616.153	1	13
616.323	1	13
616.493	1	26
616.662	1	16
616.832	1	14
617.002	1	20
617.171	1	18
617.341	1	26
617.511	1	20
617.680	1	11
617.850	1	12
618.019	1	12
618.189	1	28
618.359	1	22
618.528	1	24
618.698	1	19
618.868	1	18
619.037	1	32
619.207	1	15
619.377	1	12
619.546	1	36
619.716	1	20
619.885	1	14
620.055	1	11
620.225	1	24
620.394	1	27
620.564	1	24
620.734	1	24
620.903	1	25
621.073	1	30
621.242	1	24
621.412	1	21
621.582	1	35
621.751	1	24
621.921	1	30
622.091	1	36
622.260	1	27
622.430	1	23
622.599	1	24
622.769	1	13
622.939	1	20
623.108	1	26
623.278	1	19
623.448	1	28
623.617	1	24
623.787	1	16
623.956	1	25
624.126	1	13
624.296	1	25
624.465	1	22
624.635	1	26
624.804	1	5
624.974	1	16
625.144	1	26
625.313	1	33
625.483	1	27
625.652	1	27
625.822	1	33
625.992	1	16
626.161	1	30
626.331	1	11
626.501	1	21
626.670	1	15
626.840	1	25
627.009	1	13
627.179	1	26
627.348	1	15
627.518	1	40
627.688	1	24
627.857	1	28
628.027	1	25
628.196	1	33
628.366	1	11
628.536	1	16
628.705	1	17
628.875	1	13
629.044	1	14
629.214	1	23
629.384	1	25
629.553	1	21
629.723	1	27
629.892	1	23
630.062	1	29
630.232	1	25
630.401	1	18
630.571	1	26
630.740	1	21
630.910	1	34
631.079	1	24
631.249	1	29
631.419	1	36
631.588	1	23
631.758	1	23
631.927	1	35
632.097	1	20
632.266	1	34
632.436	1	24
632.606	1	27
632.775	1	32
632.945	1	24
633.114	1	17
633.284	1	22
633.453	1	29
633.623	1	24
633.793	1	40
633.962	1	39
634.132	1	27
634.301	1	33
634.471	1	33
634.640	1	27
634.810	1	31
634.979	1	27
635.149	1	23
635.319	1	30
635.488	1	32
635.658	1	25
635.827	1	30
635.997	1	28
636.166	1	32
636.336	1	20
636.505	1	39
636.675	1	28
636.845	1	29
637.014	1	21
637.184	1	37
637.353	1	25
637.523	1	24
637.692	1	26
637.862	1	24
638.031	1	23
638.201	1	48
638.370	1	28
638.540	1	31
638.710	1	14
638.879	1	25
639.049	1	20
639.218	1	25
639.388	1	41
639.557	1	29
639.727	1	23
639.896	1	33
640.066	1	26
640.235	1	18
640.405	1	41
640.574	1	37
640.744	1	19
640.914	1	31
641.083	1	38
641.253	1	18
641.422	1	28
641.592	1	41
641.761	1	19
641.931	1	42
642.100	1	32
642.270	1	22
642.439	1	35
642.609	1	36
642.778	1	25
642.948	1	34
643.117	1	31
643.287	1	35
643.456	1	31
643.626	1	29
643.795	1	34
643.965	1	26
644.134	1	31
644.304	1	30
644.473	1	40
644.643	1	31
644.812	1	30
644.982	1	27
645.151	1	33
645.321	1	43
645.490	1	44
645.660	1	28
645.829	1	35
645.999	1	30
646.168	1	56
646.338	1	29
646.507	1	32
646.677	1	39
646.846	1	37
647.016	1	45
647.185	1	40
647.355	1	43
647.524	1	27
647.694	1	24
647.863	1	28
648.033	1	39
648.202	1	38
648.372	1	34
648.541	1	29
648.711	1	47
648.880	1	43
649.050	1	45
649.219	1	35
649.389	1	37
649.558	1	59
649.728	1	29
649.897	1	34
650.067	1	32
650.236	1	32
650.406	1	42
650.575	1	42
650.745	1	43
650.914	1	46
651.084	1	44
651.253	1	34
651.423	1	34
651.592	1	46
651.762	1	36
651.931	1	52
652.101	1	32
652.270	1	40
652.440	1	33
652.609	1	38
652.778	1	50
652.948	1	40
653.117	1	38
653.287	1	25
653.456	1	34
653.626	1	37
653.795	1	32
653.965	1	34
654.134	1	26
654.304	1	35
654.473	1	41
654.643	1	35
654.812	1	49
654.982	1	33
655.151	1	39
655.320	1	40
655.490	1	23
655.659	1	36
655.829	1	43
655.998	1	47
656.168	1	38
656.337	1	40
656.507	1	41
656.676	1	37
656.846	1	40
657.015	1	31
657.184	1	34
657.354	1	36
657.523	1	32
657.693	1	34
657.862	1	27
658.032	1	33
658.201	1	31
658.371	1	44
658.540	1	31
658.709	1	49
658.879	1	41
659.048	1	54
659.218	1	34
659.387	1	50
659.557	1	37
659.726	1	30
659.895	1	42
660.065	1	33
660.234	1	47
660.404	1	39
660.573	1	35
660.743	1	40
660.912	1	42
661.081	1	31
661.251	1	36
661.420	1	48
661.590	1	33
661.759	1	56
661.929	1	36
662.098	1	42
662.267	1	37
662.437	1	54
662.606	1	38
662.776	1	40
662.945	1	39
663.115	1	51
663.284	1	42
663.453	1	41
663.623	1	43
663.792	1	38
663.962	1	54
664.131	1	43
664.300	1	27
664.470	1	31
664.639	1	35
664.809	1	31
664.978	1	48
665.148	1	34
665.317	1	41
665.486	1	44
665.656	1	44
665.825	1	49
665.995	1	31
666.164	1	39
666.333	1	37
666.503	1	43
666.672	1	42
666.842	1	43
667.011	1	32
667.180	1	35
667.350	1	45
667.519	1	34
667.689	1	39
667.858	1	45
668.027	1	34
668.197	1	19
668.366	1	39
668.536	1	44
668.705	1	42
668.874	1	37
669.044	1	41
669.213	1	43
669.382	1	43
669.552	1	35
669.721	1	34
669.891	1	41
670.060	1	37
670.229	1	51
670.399	1	50
670.568	1	47
670.738	1	31
670.907	1	39
671.076	1	42
671.246	1	45
671.415	1	48
671.584	1	38
671.754	1	28
671.923	1	38
672.093	1	45
672.262	1	43
672.431	1	47
672.601	1	49
672.770	1	40
672.939	1	42
673.109	1	39
673.278	1	44
673.448	1	37
673.617	1	42
673.786	1	33
