325.333	1	27
325.504	1	7
325.675	1	19
325.846	1	22
326.017	1	14
326.188	1	20
326.359	1	29
326.531	1	22
326.702	1	25
326.873	1	25
327.044	1	24
327.215	1	23
327.386	1	23
327.557	1	19
327.728	1	20
327.899	1	28
328.070	1	23
328.241	1	22
328.412	1	16
328.583	1	16
328.754	1	31
328.926	1	20
329.097	1	23
329.268	1	38
329.439	1	29
329.610	1	37
329.781	1	21
329.952	1	31
330.123	1	34
330.294	1	22
330.465	1	20
330.636	1	26
330.807	1	26
330.978	1	16
331.149	1	28
331.320	1	28
331.492	1	19
331.663	1	32
331.834	1	24
332.005	1	31
332.176	1	33
332.347	1	29
332.518	1	27
332.689	1	34
332.860	1	26
333.031	1	31
333.202	1	35
333.373	1	37
333.544	1	36
333.715	1	28
333.886	1	30
334.057	1	24
334.228	1	36
334.399	1	31
334.570	1	40
334.741	1	28
334.912	1	27
335.084	1	36
335.255	1	29
335.426	1	42
335.597	1	41
335.768	1	39
335.939	1	39
336.110	1	35
336.281	1	30
336.452	1	51
336.623	1	32
336.794	1	27
336.965	1	32
337.136	1	50
337.307	1	30
337.478	1	30
337.649	1	40
337.820	1	36
337.991	1	40
338.162	1	36
338.333	1	34
338.504	1	37
338.675	1	43
338.846	1	33
339.017	1	39
339.188	1	35
339.359	1	46
339.530	1	33
339.701	1	37
339.872	1	52
340.043	1	35
340.214	1	48
340.385	1	25
340.556	1	41
340.727	1	42
340.898	1	40
341.069	1	42
341.240	1	39
341.411	1	51
341.582	1	32
341.753	1	50
341.924	1	48
342.095	1	40
342.266	1	45
342.437	1	44
342.608	1	43
342.779	1	48
342.950	1	39
343.121	1	58
343.292	1	46
343.463	1	50
343.634	1	49
343.805	1	52
343.976	1	60
344.147	1	62
344.318	1	44
344.489	1	44
344.660	1	61
344.831	1	55
345.002	1	56
345.173	1	46
345.344	1	46
345.515	1	52
345.686	1	57
345.857	1	48
346.028	1	53
346.199	1	59
346.370	1	55
346.541	1	41
346.712	1	49
346.883	1	53
347.054	1	52
347.225	1	51
347.396	1	50
347.567	1	50
347.738	1	54
347.909	1	54
348.080	1	65
348.251	1	54
348.422	1	55
348.593	1	48
348.764	1	51
348.935	1	61
349.106	1	53
349.277	1	52
349.448	1	60
349.619	1	62
349.790	1	65
349.961	1	54
350.132	1	60
350.303	1	67
350.474	1	57
350.645	1	62
350.816	1	63
350.987	1	75
351.157	1	62
351.328	1	55
351.499	1	69
351.670	1	75
351.841	1	65
352.012	1	61
352.183	1	72
352.354	1	66
352.525	1	69
352.696	1	59
352.867	1	73
353.038	1	68
353.209	1	65
353.380	1	68
353.551	1	71
353.722	1	61
353.893	1	66
354.064	1	71
354.235	1	61
354.406	1	52
354.576	1	61
354.747	1	68
354.918	1	61
355.089	1	64
355.260	1	60
355.431	1	58
355.602	1	77
355.773	1	53
355.944	1	64
356.115	1	72
356.286	1	77
356.457	1	69
356.628	1	69
356.799	1	76
356.970	1	66
357.141	1	75
357.311	1	85
357.482	1	71
357.653	1	58
357.824	1	75
357.995	1	81
358.166	1	75
358.337	1	79
358.508	1	84
358.679	1	72
358.850	1	84
359.021	1	81
359.192	1	88
359.363	1	84
359.533	1	74
359.704	1	78
359.875	1	65
360.046	1	67
360.217	1	79
360.388	1	84
360.559	1	82
360.730	1	74
360.901	1	78
361.072	1	73
361.243	1	80
361.414	1	75
361.584	1	72
361.755	1	76
361.926	1	85
362.097	1	72
362.268	1	81
362.439	1	75
362.610	1	84
362.781	1	72
362.952	1	83
363.123	1	70
363.293	1	74
363.464	1	74
363.635	1	83
363.806	1	70
363.977	1	75
364.148	1	81
364.319	1	78
364.490	1	88
364.661	1	79
364.832	1	77
365.002	1	72
365.173	1	85
365.344	1	80
365.515	1	80
365.686	1	81
365.857	1	84
366.028	1	88
366.199	1	82
366.370	1	91
366.540	1	80
366.711	1	77
366.882	1	89
367.053	1	83
367.224	1	88
367.395	1	91
367.566	1	91
367.737	1	74
367.908	1	92
368.078	1	85
368.249	1	98
368.420	1	97
368.591	1	90
368.762	1	93
368.933	1	87
369.104	1	88
369.274	1	92
369.445	1	89
369.616	1	74
369.787	1	83
369.958	1	73
370.129	1	76
370.300	1	80
370.471	1	84
370.641	1	89
370.812	1	90
370.983	1	80
371.154	1	87
371.325	1	79
371.496	1	75
371.667	1	88
371.837	1	85
372.008	1	70
372.179	1	91
372.350	1	92
372.521	1	84
372.692	1	87
372.863	1	92
373.033	1	85
373.204	1	85
373.375	1	93
373.546	1	92
373.717	1	84
373.888	1	97
374.059	1	92
374.229	1	80
374.400	1	83
374.571	1	85
374.742	1	92
374.913	1	85
375.084	1	96
375.254	1	78
375.425	1	82
375.596	1	83
375.767	1	90
375.938	1	85
376.109	1	83
376.279	1	94
376.450	1	105
376.621	1	94
376.792	1	94
376.963	1	81
377.134	1	98
377.304	1	91
377.475	1	87
377.646	1	97
377.817	1	92
377.988	1	100
378.159	1	100
378.329	1	105
378.500	1	103
378.671	1	92
378.842	1	105
379.013	1	100
379.184	1	101
379.354	1	100
379.525	1	111
379.696	1	97
379.867	1	99
380.038	1	94
380.209	1	110
380.379	1	105
380.550	1	87
380.721	1	96
380.892	1	80
381.063	1	102
381.233	1	96
381.404	1	103
381.575	1	93
381.746	1	112
381.917	1	94
382.087	1	98
382.258	1	108
382.429	1	105
382.600	1	107
382.771	1	90
382.941	1	111
383.112	1	104
383.283	1	96
383.454	1	84
383.625	1	112
383.795	1	114
383.966	1	116
384.137	1	117
384.308	1	111
384.479	1	109
384.649	1	97
384.820	1	110
384.991	1	100
385.162	1	113
385.333	1	108
385.503	1	106
385.674	1	106
385.845	1	118
386.016	1	112
386.187	1	107
386.357	1	114
386.528	1	106
386.699	1	112
386.870	1	117
387.041	1	116
387.211	1	116
387.382	1	125
387.553	1	124
387.724	1	110
387.894	1	104
388.065	1	129
388.236	1	109
388.407	1	128
388.578	1	115
388.748	1	118
388.919	1	120
389.090	1	127
389.261	1	111
389.431	1	116
389.602	1	109
389.773	1	112
389.944	1	113
390.114	1	124
390.285	1	119
390.456	1	114
390.627	1	119
390.798	1	114
390.968	1	114
391.139	1	127
391.310	1	99
391.481	1	114
391.651	1	113
391.822	1	129
391.993	1	109
392.164	1	114
392.334	1	116
392.505	1	112
392.676	1	100
392.847	1	113
393.017	1	125
393.188	1	111
393.359	1	127
393.530	1	128
393.700	1	112
393.871	1	119
394.042	1	108
394.213	1	117
394.383	1	123
394.554	1	108
394.725	1	107
394.896	1	136
395.066	1	121
395.237	1	117
395.408	1	117
395.579	1	121
395.749	1	130
395.920	1	131
396.091	1	122
396.262	1	120
396.432	1	128
396.603	1	129
396.774	1	128
396.945	1	122
397.115	1	129
397.286	1	128
397.457	1	119
397.627	1	118
397.798	1	127
397.969	1	137
398.140	1	136
398.310	1	133
398.481	1	120
398.652	1	122
398.823	1	124
398.993	1	123
399.164	1	136
399.335	1	120
399.505	1	111
399.676	1	119
399.847	1	126
400.018	1	118
400.188	1	129
400.359	1	131
400.530	1	124
400.700	1	133
400.871	1	134
401.042	1	126
401.213	1	129
401.383	1	121
401.554	1	122
401.725	1	126
401.895	1	118
402.066	1	135
402.237	1	136
402.408	1	118
402.578	1	128
402.749	1	121
402.920	1	132
403.090	1	131
403.261	1	118
403.432	1	129
403.603	1	124
403.773	1	138
403.944	1	139
404.115	1	140
404.285	1	126
404.456	1	134
404.627	1	129
404.797	1	126
404.968	1	135
405.139	1	140
405.310	1	135
405.480	1	128
405.651	1	118
405.822	1	133
405.992	1	130
406.163	1	130
406.334	1	129
406.504	1	131
406.675	1	117
406.846	1	127
407.016	1	147
407.187	1	132
407.358	1	126
407.528	1	134
407.699	1	139
407.870	1	142
408.041	1	124
408.211	1	144
408.382	1	136
408.553	1	157
408.723	1	132
408.894	1	141
409.065	1	144
409.235	1	139
409.406	1	126
409.577	1	151
409.747	1	135
409.918	1	144
410.089	1	146
410.259	1	126
410.430	1	135
410.601	1	137
410.771	1	130
410.942	1	128
411.113	1	136
411.283	1	126
411.454	1	145
411.625	1	141
411.795	1	122
411.966	1	136
412.137	1	140
412.307	1	122
412.478	1	146
412.649	1	145
412.819	1	137
412.990	1	138
413.161	1	132
413.331	1	127
413.502	1	131
413.672	1	122
413.843	1	136
414.014	1	128
414.184	1	144
414.355	1	137
414.526	1	135
414.696	1	128
414.867	1	124
415.038	1	122
415.208	1	130
415.379	1	123
415.550	1	134
415.720	1	122
415.891	1	129
416.062	1	133
416.232	1	142
416.403	1	134
416.573	1	123
416.744	1	140
416.915	1	125
417.085	1	123
417.256	1	122
417.427	1	130
417.597	1	129
417.768	1	144
417.939	1	126
418.109	1	127
418.280	1	139
418.450	1	138
418.621	1	135
418.792	1	136
418.962	1	125
419.133	1	126
419.304	1	124
419.474	1	140
419.645	1	132
419.815	1	138
419.986	1	130
420.157	1	127
420.327	1	128
420.498	1	133
420.669	1	132
420.839	1	122
421.010	1	138
421.180	1	124
421.351	1	134
421.522	1	138
421.692	1	133
421.863	1	137
422.033	1	135
422.204	1	143
422.375	1	137
422.545	1	128
422.716	1	116
422.886	1	124
423.057	1	118
423.228	1	126
423.398	1	126
423.569	1	117
423.740	1	119
423.910	1	126
424.081	1	132
424.251	1	129
424.422	1	123
424.593	1	123
424.763	1	116
424.934	1	134
425.104	1	128
425.275	1	118
425.445	1	127
425.616	1	119
425.787	1	132
425.957	1	114
426.128	1	115
426.298	1	130
426.469	1	113
426.640	1	119
426.810	1	104
426.981	1	137
427.151	1	114
427.322	1	115
427.493	1	122
427.663	1	114
427.834	1	112
428.004	1	120
428.175	1	130
428.345	1	117
428.516	1	113
428.687	1	126
428.857	1	116
429.028	1	112
429.198	1	104
429.369	1	115
429.540	1	120
429.710	1	118
429.881	1	118
430.051	1	116
430.222	1	123
430.392	1	128
430.563	1	122
430.734	1	118
430.904	1	131
431.075	1	118
431.245	1	108
431.416	1	116
431.586	1	112
431.757	1	142
431.927	1	115
432.098	1	124
432.269	1	124
432.439	1	123
432.610	1	116
432.780	1	122
432.951	1	111
433.121	1	126
433.292	1	124
433.462	1	126
433.633	1	129
433.804	1	119
433.974	1	129
434.145	1	102
434.315	1	110
434.486	1	111
434.656	1	131
434.827	1	123
434.997	1	119
435.168	1	127
435.339	1	132
435.509	1	117
435.680	1	107
435.850	1	106
436.021	1	105
436.191	1	106
436.362	1	114
436.532	1	120
436.703	1	120
436.873	1	107
437.044	1	114
437.214	1	108
437.385	1	108
437.556	1	113
437.726	1	115
437.897	1	113
438.067	1	97
438.238	1	104
438.408	1	110
438.579	1	101
438.749	1	113
438.920	1	116
439.090	1	96
439.261	1	105
439.431	1	102
439.602	1	107
439.772	1	112
439.943	1	102
440.113	1	109
440.284	1	101
440.455	1	88
440.625	1	116
440.796	1	116
440.966	1	111
441.137	1	106
441.307	1	109
441.478	1	90
441.648	1	99
441.819	1	107
441.989	1	115
442.160	1	106
442.330	1	113
442.501	1	107
442.671	1	111
442.842	1	109
443.012	1	103
443.183	1	113
443.353	1	106
443.524	1	112
443.694	1	100
443.865	1	113
444.035	1	108
444.206	1	108
444.376	1	99
444.547	1	104
444.717	1	92
444.888	1	87
445.058	1	100
445.229	1	98
445.399	1	105
445.570	1	104
445.740	1	90
445.911	1	110
446.081	1	109
446.252	1	105
446.422	1	111
446.593	1	105
446.763	1	96
446.934	1	101
447.104	1	112
447.275	1	92
447.445	1	106
447.616	1	106
447.786	1	96
447.957	1	100
448.127	1	101
448.298	1	103
448.468	1	100
448.639	1	99
448.809	1	94
448.979	1	102
449.150	1	93
449.320	1	99
449.491	1	88
449.661	1	103
449.832	1	91
450.002	1	97
450.173	1	107
450.343	1	99
450.514	1	100
450.684	1	93
450.855	1	95
451.025	1	96
451.196	1	96
451.366	1	103
451.537	1	102
451.707	1	103
451.878	1	97
452.048	1	72
452.218	1	99
452.389	1	90
452.559	1	108
452.730	1	91
452.900	1	92
453.071	1	94
453.241	1	91
453.412	1	78
453.582	1	90
453.753	1	90
453.923	1	86
454.093	1	91
454.264	1	92
454.434	1	88
454.605	1	81
454.775	1	87
454.946	1	80
455.116	1	91
455.287	1	76
455.457	1	82
455.628	1	79
455.798	1	91
455.968	1	99
456.139	1	94
456.309	1	83
456.480	1	78
456.650	1	102
456.821	1	72
456.991	1	88
457.161	1	84
457.332	1	79
457.502	1	85
457.673	1	82
457.843	1	87
458.014	1	90
458.184	1	82
458.355	1	91
458.525	1	79
458.695	1	79
458.866	1	79
459.036	1	78
459.207	1	80
459.377	1	77
459.548	1	82
459.718	1	80
459.888	1	83
460.059	1	77
460.229	1	76
460.400	1	88
460.570	1	72
460.740	1	81
460.911	1	76
461.081	1	80
461.252	1	81
461.422	1	75
461.593	1	86
461.763	1	93
461.933	1	83
462.104	1	84
462.274	1	64
462.445	1	80
462.615	1	98
462.785	1	72
462.956	1	76
463.126	1	91
463.297	1	82
463.467	1	82
463.638	1	85
463.808	1	74
463.978	1	61
464.149	1	75
464.319	1	88
464.490	1	74
464.660	1	67
464.830	1	78
465.001	1	80
465.171	1	69
465.342	1	73
465.512	1	74
465.682	1	71
465.853	1	74
466.023	1	74
466.194	1	77
466.364	1	74
466.534	1	63
466.705	1	79
466.875	1	54
467.045	1	70
467.216	1	69
467.386	1	71
467.557	1	83
467.727	1	64
467.897	1	64
468.068	1	67
468.238	1	66
468.409	1	74
468.579	1	70
468.749	1	63
468.920	1	56
469.090	1	70
469.260	1	70
469.431	1	62
469.601	1	73
469.772	1	78
469.942	1	62
470.112	1	51
470.283	1	83
470.453	1	58
470.623	1	74
470.794	1	62
470.964	1	50
471.135	1	70
471.305	1	63
471.475	1	60
471.646	1	65
471.816	1	61
471.986	1	59
472.157	1	64
472.327	1	69
472.497	1	65
472.668	1	55
472.838	1	62
473.009	1	75
473.179	1	67
473.349	1	67
473.520	1	72
473.690	1	66
473.860	1	52
474.031	1	56
474.201	1	71
474.371	1	68
474.542	1	52
474.712	1	65
474.882	1	68
475.053	1	57
475.223	1	61
475.394	1	58
475.564	1	57
475.734	1	53
475.905	1	73
476.075	1	73
476.245	1	62
476.416	1	55
476.586	1	58
476.756	1	71
476.927	1	64
477.097	1	62
477.267	1	58
477.438	1	66
477.608	1	68
477.778	1	60
477.949	1	60
478.119	1	75
478.289	1	56
478.460	1	43
478.630	1	54
478.800	1	65
478.971	1	65
479.141	1	64
479.311	1	54
479.482	1	59
479.652	1	60
479.822	1	55
479.993	1	61
480.163	1	63
480.333	1	64
480.504	1	62
480.674	1	57
480.844	1	52
481.015	1	60
481.185	1	56
481.355	1	54
481.525	1	45
481.696	1	62
481.866	1	59
482.036	1	57
482.207	1	61
482.377	1	62
482.547	1	48
482.718	1	56
482.888	1	66
483.058	1	53
483.229	1	57
483.399	1	61
483.569	1	56
483.740	1	58
483.910	1	45
484.080	1	58
484.250	1	43
484.421	1	52
484.591	1	46
484.761	1	50
484.932	1	54
485.102	1	47
485.272	1	53
485.443	1	63
485.613	1	47
485.783	1	51
485.953	1	46
486.124	1	49
486.294	1	51
486.464	1	63
486.635	1	52
486.805	1	56
486.975	1	52
487.146	1	47
487.316	1	61
487.486	1	54
487.656	1	53
487.827	1	54
487.997	1	44
488.167	1	52
488.338	1	50
488.508	1	54
488.678	1	47
488.848	1	53
489.019	1	44
489.189	1	55
489.359	1	43
489.529	1	63
489.700	1	47
489.870	1	50
490.040	1	46
490.211	1	43
490.381	1	46
490.551	1	51
490.721	1	59
490.892	1	41
491.062	1	40
491.232	1	49
491.402	1	44
491.573	1	51
491.743	1	41
491.913	1	37
492.084	1	42
492.254	1	56
492.424	1	49
492.594	1	41
492.765	1	60
492.935	1	53
493.105	1	45
493.275	1	37
493.446	1	38
493.616	1	27
493.786	1	56
493.956	1	52
494.127	1	46
494.297	1	33
494.467	1	44
494.637	1	44
494.808	1	53
494.978	1	47
495.148	1	33
495.318	1	43
495.489	1	30
495.659	1	46
495.829	1	44
495.999	1	46
496.170	1	51
496.340	1	44
496.510	1	52
496.680	1	48
496.851	1	47
497.021	1	36
497.191	1	47
497.361	1	29
497.532	1	44
497.702	1	45
497.872	1	39
498.042	1	41
498.213	1	32
498.383	1	40
498.553	1	51
498.723	1	40
498.894	1	45
499.064	1	38
499.234	1	36
499.404	1	43
499.574	1	49
499.745	1	43
499.915	1	43
500.085	1	31
500.255	1	27
500.426	1	46
500.596	1	43
500.766	1	30
500.936	1	34
501.106	1	29
501.277	1	30
501.447	1	38
501.617	1	38
501.787	1	37
501.958	1	49
502.128	1	48
502.298	1	43
502.468	1	33
502.638	1	36
502.809	1	28
502.979	1	41
503.149	1	39
503.319	1	33
503.489	1	20
503.660	1	31
503.830	1	45
504.000	1	31
504.170	1	32
504.340	1	32
504.511	1	35
504.681	1	43
504.851	1	36
505.021	1	34
505.192	1	25
505.362	1	28
505.532	1	30
505.702	1	48
505.872	1	42
506.043	1	45
506.213	1	48
506.383	1	32
506.553	1	32
506.723	1	21
506.893	1	30
507.064	1	50
507.234	1	43
507.404	1	29
507.574	1	40
507.744	1	34
507.915	1	32
508.085	1	38
508.255	1	28
508.425	1	37
508.595	1	31
508.766	1	30
508.936	1	32
509.106	1	33
509.276	1	32
509.446	1	27
509.616	1	30
509.787	1	38
509.957	1	42
510.127	1	13
510.297	1	36
510.467	1	33
510.638	1	35
510.808	1	49
510.978	1	26
511.148	1	31
511.318	1	38
511.488	1	34
511.659	1	31
511.829	1	27
511.999	1	40
512.169	1	33
512.339	1	35
512.509	1	26
512.680	1	25
512.850	1	36
513.020	1	37
513.190	1	23
513.360	1	41
513.530	1	29
513.700	1	45
513.871	1	36
514.041	1	30
514.211	1	32
514.381	1	34
514.551	1	37
514.721	1	33
514.892	1	32
515.062	1	36
515.232	1	19
515.402	1	31
515.572	1	34
515.742	1	26
515.912	1	32
516.083	1	39
516.253	1	27
516.423	1	40
516.593	1	23
516.763	1	21
516.933	1	30
517.104	1	27
517.274	1	16
517.444	1	25
517.614	1	21
517.784	1	23
517.954	1	28
518.124	1	32
518.294	1	20
518.465	1	28
518.635	1	31
518.805	1	25
518.975	1	29
519.145	1	30
519.315	1	17
519.485	1	24
519.656	1	23
519.826	1	10
519.996	1	21
520.166	1	25
520.336	1	32
520.506	1	26
520.676	1	26
520.846	1	29
521.017	1	30
521.187	1	26
521.357	1	20
521.527	1	23
521.697	1	9
521.867	1	42
522.037	1	24
522.207	1	29
522.377	1	27
522.548	1	24
522.718	1	19
522.888	1	19
523.058	1	29
523.228	1	4
523.398	1	15
523.568	1	23
523.738	1	25
523.909	1	18
524.079	1	22
524.249	1	26
524.419	1	17
524.589	1	21
524.759	1	35
524.929	1	14
525.099	1	22
525.269	1	17
525.439	1	17
525.610	1	35
525.780	1	21
525.950	1	19
526.120	1	22
526.290	1	14
526.460	1	14
526.630	1	24
526.800	1	20
526.970	1	20
527.140	1	19
527.311	1	29
527.481	1	14
527.651	1	32
527.821	1	25
527.991	1	19
528.161	1	32
528.331	1	20
528.501	1	23
528.671	1	20
528.841	1	29
529.011	1	26
529.181	1	15
529.352	1	14
529.522	1	24
529.692	1	25
529.862	1	16
530.032	1	16
530.202	1	11
530.372	1	16
530.542	1	19
530.712	1	21
530.882	1	23
531.052	1	20
531.222	1	22
531.392	1	25
531.563	1	20
531.733	1	20
531.903	1	23
532.073	1	15
532.243	1	22
532.413	1	30
532.583	1	21
532.753	1	16
532.923	1	22
533.093	1	7
533.263	1	14
533.433	1	20
533.603	1	18
533.773	1	20
533.943	1	28
534.113	1	14
534.284	1	15
534.454	1	21
534.624	1	25
534.794	1	18
534.964	1	7
535.134	1	20
535.304	1	19
535.474	1	23
535.644	1	30
535.814	1	13
535.984	1	16
536.154	1	23
536.324	1	24
536.494	1	20
536.664	1	23
536.834	1	22
537.004	1	22
537.174	1	33
537.344	1	24
537.514	1	7
537.685	1	34
537.855	1	13
538.025	1	24
538.195	1	11
538.365	1	20
538.535	1	15
538.705	1	14
538.875	1	19
539.045	1	15
539.215	1	9
539.385	1	14
539.555	1	15
539.725	1	8
539.895	1	21
540.065	1	13
540.235	1	19
540.405	1	17
540.575	1	12
540.745	1	23
540.915	1	14
541.085	1	11
541.255	1	13
541.425	1	14
541.595	1	21
541.765	1	13
541.935	1	18
542.105	1	11
542.275	1	14
542.445	1	14
542.615	1	15
542.785	1	26
542.955	1	18
543.125	1	14
543.295	1	24
543.465	1	19
543.635	1	10
543.805	1	14
543.975	1	14
544.145	1	18
544.315	1	-2
544.485	1	8
544.655	1	19
544.825	1	13
544.995	1	10
545.165	1	19
545.335	1	21
545.505	1	15
545.675	1	21
545.845	1	14
546.015	1	3
546.185	1	13
546.355	1	13
546.525	1	19
546.695	1	15
546.865	1	12
547.035	1	14
547.205	1	21
547.375	1	20
547.545	1	17
547.715	1	14
547.885	1	10
548.055	1	12
548.225	1	23
548.395	1	6
548.565	1	31
548.735	1	7
548.905	1	15
549.075	1	22
549.245	1	17
549.415	1	16
549.585	1	12
549.755	1	13
549.925	1	21
550.095	1	6
550.265	1	21
550.435	1	19
550.605	1	11
550.775	1	3
550.945	1	16
551.115	1	17
551.285	1	12
551.455	1	12
551.625	1	9
551.795	1	19
551.965	1	8
552.135	1	4
552.305	1	13
552.475	1	18
552.645	1	14
552.815	1	19
552.985	1	0
553.155	1	15
553.325	1	8
553.495	1	12
553.665	1	7
553.835	1	17
554.004	1	12
554.174	1	6
554.344	1	22
554.514	1	16
554.684	1	19
554.854	1	-2
555.024	1	19
555.194	1	17
555.364	1	11
555.534	1	-6
555.704	1	-2
555.874	1	18
556.044	1	16
556.214	1	13
556.384	1	15
556.554	1	18
556.724	1	8
556.894	1	8
557.064	1	3
557.234	1	10
557.404	1	13
557.573	1	8
557.743	1	10
557.913	1	5
558.083	1	13
558.253	1	14
558.423	1	13
558.593	1	13
558.763	1	10
558.933	1	4
559.103	1	9
559.273	1	14
559.443	1	19
559.613	1	16
559.783	1	19
559.953	1	-3
560.122	1	18
560.292	1	5
560.462	1	6
560.632	1	10
560.802	1	15
560.972	1	6
561.142	1	15
561.312	1	15
561.482	1	19
561.652	1	14
561.822	1	9
561.992	1	9
562.162	1	8
562.331	1	5
562.501	1	15
562.671	1	8
562.841	1	-3
563.011	1	13
563.181	1	14
563.351	1	0
563.521	1	13
563.691	1	15
563.861	1	9
564.031	1	10
564.201	1	2
564.370	1	14
564.540	1	1
564.710	1	3
564.880	1	10
565.050	1	18
565.220	1	14
565.390	1	9
565.560	1	10
565.730	1	14
565.900	1	13
566.069	1	14
566.239	1	25
566.409	1	23
566.579	1	14
566.749	1	5
566.919	1	6
567.089	1	0
567.259	1	5
567.429	1	13
567.599	1	17
567.768	1	0
567.938	1	8
568.108	1	8
568.278	1	13
568.448	1	16
568.618	1	23
568.788	1	13
568.958	1	16
569.128	1	4
569.297	1	0
569.467	1	14
569.637	1	21
569.807	1	11
569.977	1	7
570.147	1	8
570.317	1	14
570.487	1	8
570.656	1	15
570.826	1	12
570.996	1	12
571.166	1	3
571.336	1	8
571.506	1	7
571.676	1	19
571.846	1	10
572.015	1	1
572.185	1	7
572.355	1	0
572.525	1	-5
572.695	1	2
572.865	1	12
573.035	1	14
573.205	1	11
573.374	1	3
573.544	1	6
573.714	1	9
573.884	1	2
574.054	1	10
574.224	1	16
574.394	1	4
574.563	1	-6
574.733	1	4
574.903	1	4
575.073	1	11
575.243	1	9
575.413	1	5
575.583	1	6
575.752	1	7
575.922	1	20
576.092	1	15
576.262	1	0
576.432	1	8
576.602	1	13
576.772	1	11
576.941	1	6
577.111	1	17
577.281	1	5
577.451	1	13
577.621	1	14
577.791	1	16
577.960	1	10
578.130	1	18
578.300	1	10
578.470	1	8
578.640	1	14
578.810	1	11
578.979	1	16
579.149	1	2
579.319	1	9
579.489	1	9
579.659	1	11
579.829	1	7
579.998	1	-2
580.168	1	7
580.338	1	10
580.508	1	3
580.678	1	24
580.848	1	14
581.017	1	4
581.187	1	9
581.357	1	16
581.527	1	1
581.697	1	-8
581.867	1	6
582.036	1	-3
582.206	1	14
582.376	1	4
582.546	1	11
582.716	1	16
582.885	1	7
583.055	1	2
583.225	1	8
583.395	1	8
583.565	1	13
583.735	1	11
583.904	1	8
584.074	1	-1
584.244	1	7
584.414	1	5
584.584	1	5
584.753	1	6
584.923	1	2
585.093	1	8
585.263	1	13
585.433	1	0
585.602	1	13
585.772	1	28
585.942	1	3
586.112	1	11
586.282	1	17
586.451	1	13
586.621	1	-4
586.791	1	4
586.961	1	1
587.131	1	6
587.300	1	17
587.470	1	6
587.640	1	15
587.810	1	1
587.980	1	13
588.149	1	18
588.319	1	18
588.489	1	8
588.659	1	6
588.829	1	3
588.998	1	4
589.168	1	14
589.338	1	12
589.508	1	7
589.677	1	9
589.847	1	17
590.017	1	6
590.187	1	-1
590.357	1	-3
590.526	1	-1
590.696	1	10
590.866	1	7
591.036	1	8
591.205	1	13
591.375	1	11
591.545	1	8
591.715	1	10
591.885	1	18
592.054	1	16
592.224	1	7
592.394	1	4
592.564	1	16
592.733	1	15
592.903	1	4
593.073	1	7
593.243	1	19
593.412	1	9
593.582	1	5
593.752	1	5
593.922	1	12
594.091	1	13
594.261	1	-2
594.431	1	14
594.601	1	4
594.771	1	9
594.940	1	5
595.110	1	14
595.280	1	9
595.450	1	5
595.619	1	9
595.789	1	5
595.959	1	3
596.129	1	15
596.298	1	15
596.468	1	10
596.638	1	1
596.808	1	-4
596.977	1	7
597.147	1	4
597.317	1	11
597.487	1	10
597.656	1	12
597.826	1	10
597.996	1	8
598.166	1	15
598.335	1	-2
598.505	1	9
598.675	1	5
598.844	1	17
599.014	1	3
599.184	1	6
599.354	1	18
599.523	1	11
599.693	1	10
599.863	1	12
600.033	1	8
600.202	1	7
600.372	1	7
600.542	1	8
600.712	1	10
600.881	1	16
601.051	1	3
601.221	1	10
601.390	1	13
601.560	1	2
601.730	1	17
601.900	1	14
602.069	1	8
602.239	1	8
602.409	1	11
602.578	1	18
602.748	1	12
602.918	1	-5
603.088	1	17
603.257	1	2
603.427	1	14
603.597	1	4
603.767	1	14
603.936	1	11
604.106	1	0
604.276	1	7
604.445	1	0
604.615	1	15
604.785	1	6
604.954	1	14
605.124	1	20
605.294	1	0
605.464	1	3
605.633	1	11
605.803	1	9
605.973	1	21
606.142	1	12
606.312	1	16
606.482	1	7
606.652	1	12
606.821	1	10
606.991	1	15
607.161	1	14
607.330	1	8
607.500	1	6
607.670	1	10
607.839	1	8
608.009	1	6
608.179	1	14
608.348	1	10
608.518	1	22
608.688	1	16
608.858	1	2
609.027	1	17
609.197	1	17
609.367	1	5
609.536	1	2
609.706	1	11
609.876	1	20
610.045	1	9
610.215	1	10
610.385	1	17
610.554	1	2
610.724	1	13
610.894	1	12
611.063	1	24
611.233	1	10
611.403	1	14
611.572	1	1
611.742	1	2
611.912	1	13
612.081	1	15
612.251	1	5
612.421	1	16
612.590	1	18
612.760	1	2
612.930	1	15
613.099	1	18
613.269	1	4
613.439	1	9
613.608	1	8
613.778	1	4
613.948	1	23
614.117	1	15
614.287	1	7
614.457	1	17
614.626	1	12
614.796	1	11
614.966	1	5
615.135	1	17
615.305	1	14
615.475	1	13
615.644	1	24
615.814	1	21
615.984	1	3
616.153	1	-3
616.323	1	11
616.493	1	2
616.662	1	15
616.832	1	20
617.002	1	15
617.171	1	8
617.341	1	15
617.511	1	-4
617.680	1	7
617.850	1	15
618.019	1	9
618.189	1	20
618.359	1	6
618.528	1	21
618.698	1	8
618.868	1	10
619.037	1	14
619.207	1	9
619.377	1	14
619.546	1	21
619.716	1	7
619.885	1	8
620.055	1	-4
620.225	1	12
620.394	1	16
620.564	1	20
620.734	1	9
620.903	1	-1
621.073	1	13
621.242	1	18
621.412	1	7
621.582	1	27
621.751	1	11
621.921	1	10
622.091	1	7
622.260	1	25
622.430	1	20
622.599	1	16
622.769	1	4
622.939	1	7
623.108	1	16
623.278	1	8
623.448	1	6
623.617	1	11
623.787	1	16
623.956	1	22
624.126	1	18
624.296	1	20
624.465	1	23
624.635	1	7
624.804	1	4
624.974	1	8
625.144	1	12
625.313	1	22
625.483	1	13
625.652	1	10
625.822	1	25
625.992	1	13
626.161	1	8
626.331	1	7
626.501	1	18
626.670	1	12
626.840	1	19
627.009	1	9
627.179	1	19
627.348	1	8
627.518	1	27
627.688	1	8
627.857	1	28
628.027	1	13
628.196	1	19
628.366	1	7
628.536	1	22
628.705	1	10
628.875	1	10
629.044	1	12
629.214	1	15
629.384	1	17
629.553	1	13
629.723	1	23
629.892	1	16
630.062	1	10
630.232	1	12
630.401	1	22
630.571	1	16
630.740	1	11
630.910	1	19
631.079	1	16
631.249	1	13
631.419	1	18
631.588	1	14
631.758	1	10
631.927	1	23
632.097	1	9
632.266	1	29
632.436	1	16
632.606	1	7
632.775	1	6
632.945	1	17
633.114	1	5
633.284	1	24
633.453	1	17
633.623	1	25
633.793	1	20
633.962	1	17
634.132	1	24
634.301	1	21
634.471	1	16
634.640	1	14
634.810	1	18
634.979	1	19
635.149	1	11
635.319	1	21
635.488	1	16
635.658	1	22
635.827	1	19
635.997	1	7
636.166	1	26
636.336	1	9
636.505	1	19
636.675	1	18
636.845	1	8
637.014	1	9
637.184	1	17
637.353	1	18
637.523	1	16
637.692	1	24
637.862	1	4
638.031	1	16
638.201	1	11
638.370	1	20
638.540	1	2
638.710	1	18
638.879	1	14
639.049	1	23
639.218	1	19
639.388	1	16
639.557	1	11
639.727	1	16
639.896	1	7
640.066	1	17
640.235	1	10
640.405	1	21
640.574	1	22
640.744	1	17
640.914	1	21
641.083	1	21
641.253	1	10
641.422	1	15
641.592	1	17
641.761	1	10
641.931	1	25
642.100	1	11
642.270	1	10
642.439	1	15
642.609	1	13
642.778	1	14
642.948	1	21
643.117	1	19
643.287	1	9
643.456	1	10
643.626	1	14
643.795	1	19
643.965	1	10
644.134	1	17
644.304	1	11
644.473	1	20
644.643	1	12
644.812	1	4
644.982	1	15
645.151	1	10
645.321	1	15
645.490	1	27
645.660	1	13
645.829	1	18
645.999	1	13
646.168	1	30
646.338	1	8
646.507	1	17
646.677	1	22
646.846	1	14
647.016	1	29
647.185	1	25
647.355	1	29
647.524	1	8
647.694	1	18
647.863	1	11
648.033	1	21
648.202	1	19
648.372	1	4
648.541	1	23
648.711	1	25
648.880	1	21
649.050	1	24
649.219	1	27
649.389	1	8
649.558	1	19
649.728	1	26
649.897	1	25
650.067	1	23
650.236	1	15
650.406	1	11
650.575	1	17
650.745	1	24
650.914	1	34
651.084	1	25
651.253	1	12
651.423	1	19
651.592	1	14
651.762	1	19
651.931	1	31
652.101	1	10
652.270	1	21
652.440	1	27
652.609	1	18
652.778	1	20
652.948	1	23
653.117	1	12
653.287	1	13
653.456	1	11
653.626	1	20
653.795	1	16
653.965	1	21
654.134	1	19
654.304	1	37
654.473	1	20
654.643	1	21
654.812	1	26
654.982	1	24
655.151	1	18
655.320	1	21
655.490	1	13
655.659	1	26
655.829	1	30
655.998	1	19
656.168	1	10
656.337	1	27
656.507	1	14
656.676	1	14
656.846	1	24
657.015	1	26
657.184	1	14
657.354	1	31
657.523	1	20
657.693	1	18
657.862	1	15
658.032	1	17
658.201	1	13
658.371	1	23
658.540	1	15
658.709	1	31
658.879	1	36
659.048	1	20
659.218	1	32
659.387	1	23
659.557	1	21
659.726	1	15
659.895	1	20
660.065	1	15
660.234	1	18
660.404	1	17
660.573	1	21
660.743	1	23
660.912	1	24
661.081	1	17
661.251	1	26
661.420	1	28
661.590	1	12
661.759	1	34
661.929	1	18
662.098	1	28
662.267	1	14
662.437	1	16
662.606	1	31
662.776	1	23
662.945	1	29
663.115	1	36
663.284	1	23
663.453	1	20
663.623	1	21
663.792	1	31
663.962	1	34
664.131	1	22
664.300	1	24
664.470	1	19
664.639	1	27
664.809	1	18
664.978	1	43
665.148	1	29
665.317	1	17
665.486	1	26
665.656	1	30
665.825	1	21
665.995	1	22
666.164	1	21
666.333	1	20
666.503	1	15
666.672	1	20
666.842	1	23
667.011	1	26
667.180	1	23
667.350	1	14
667.519	1	40
667.689	1	28
667.858	1	26
668.027	1	16
668.197	1	23
668.366	1	22
668.536	1	21
668.705	1	26
668.874	1	26
669.044	1	41
669.213	1	37
669.382	1	29
669.552	1	22
669.721	1	18
669.891	1	21
670.060	1	19
670.229	1	29
670.399	1	26
670.568	1	28
670.738	1	27
670.907	1	17
671.076	1	35
671.246	1	35
671.415	1	33
671.584	1	31
671.754	1	26
671.923	1	27
672.093	1	26
672.262	1	25
672.431	1	27
672.601	1	16
672.770	1	29
672.939	1	26
673.109	1	20
673.278	1	20
673.448	1	11
673.617	1	18
673.786	1	12
