325.333	1	11
325.504	1	0
325.675	1	16
325.846	1	-2
326.017	1	5
326.188	1	5
326.359	1	9
326.531	1	-7
326.702	1	-6
326.873	1	10
327.044	1	14
327.215	1	-1
327.386	1	8
327.557	1	0
327.728	1	5
327.899	1	4
328.070	1	12
328.241	1	0
328.412	1	0
328.583	1	13
328.754	1	9
328.926	1	12
329.097	1	1
329.268	1	13
329.439	1	10
329.610	1	12
329.781	1	10
329.952	1	15
330.123	1	12
330.294	1	12
330.465	1	2
330.636	1	4
330.807	1	11
330.978	1	7
331.149	1	13
331.320	1	11
331.492	1	13
331.663	1	-5
331.834	1	14
332.005	1	16
332.176	1	15
332.347	1	-1
332.518	1	13
332.689	1	5
332.860	1	6
333.031	1	15
333.202	1	5
333.373	1	13
333.544	1	9
333.715	1	18
333.886	1	8
334.057	1	1
334.228	1	10
334.399	1	18
334.570	1	10
334.741	1	6
334.912	1	9
335.084	1	25
335.255	1	5
335.426	1	8
335.597	1	5
335.768	1	20
335.939	1	16
336.110	1	8
336.281	1	13
336.452	1	22
336.623	1	10
336.794	1	16
336.965	1	14
337.136	1	25
337.307	1	4
337.478	1	8
337.649	1	13
337.820	1	10
337.991	1	7
338.162	1	10
338.333	1	9
338.504	1	13
338.675	1	13
338.846	1	5
339.017	1	12
339.188	1	10
339.359	1	16
339.530	1	3
339.701	1	8
339.872	1	19
340.043	1	19
340.214	1	19
340.385	1	5
340.556	1	20
340.727	1	21
340.898	1	9
341.069	1	6
341.240	1	10
341.411	1	26
341.582	1	2
341.753	1	13
341.924	1	34
342.095	1	13
342.266	1	22
342.437	1	16
342.608	1	17
342.779	1	8
342.950	1	3
343.121	1	20
343.292	1	13
343.463	1	30
343.634	1	14
343.805	1	18
343.976	1	23
344.147	1	14
344.318	1	9
344.489	1	8
344.660	1	18
344.831	1	28
345.002	1	13
345.173	1	19
345.344	1	8
345.515	1	24
345.686	1	15
345.857	1	26
346.028	1	28
346.199	1	22
346.370	1	18
346.541	1	17
346.712	1	11
346.883	1	11
347.054	1	18
347.225	1	9
347.396	1	12
347.567	1	12
347.738	1	21
347.909	1	26
348.080	1	15
348.251	1	20
348.422	1	27
348.593	1	19
348.764	1	17
348.935	1	25
349.106	1	10
349.277	1	13
349.448	1	27
349.619	1	18
349.790	1	28
349.961	1	19
350.132	1	23
350.303	1	38
350.474	1	28
350.645	1	11
350.816	1	23
350.987	1	29
351.157	1	18
351.328	1	10
351.499	1	25
351.670	1	20
351.841	1	26
352.012	1	30
352.183	1	38
352.354	1	17
352.525	1	31
352.696	1	31
352.867	1	27
353.038	1	21
353.209	1	18
353.380	1	14
353.551	1	23
353.722	1	23
353.893	1	28
354.064	1	24
354.235	1	19
354.406	1	21
354.576	1	27
354.747	1	28
354.918	1	20
355.089	1	24
355.260	1	26
355.431	1	15
355.602	1	21
355.773	1	23
355.944	1	26
356.115	1	30
356.286	1	38
356.457	1	18
356.628	1	24
356.799	1	26
356.970	1	28
357.141	1	30
357.311	1	34
357.482	1	21
357.653	1	22
357.824	1	28
357.995	1	36
358.166	1	22
358.337	1	26
358.508	1	38
358.679	1	22
358.850	1	33
359.021	1	30
359.192	1	31
359.363	1	23
359.533	1	33
359.704	1	31
359.875	1	18
360.046	1	42
360.217	1	30
360.388	1	28
360.559	1	34
360.730	1	29
360.901	1	29
361.072	1	39
361.243	1	27
361.414	1	42
361.584	1	21
361.755	1	25
361.926	1	34
362.097	1	27
362.268	1	41
362.439	1	27
362.610	1	31
362.781	1	28
362.952	1	30
363.123	1	22
363.293	1	26
363.464	1	29
363.635	1	44
363.806	1	32
363.977	1	33
364.148	1	21
364.319	1	29
364.490	1	32
364.661	1	24
364.832	1	29
365.002	1	37
365.173	1	19
365.344	1	33
365.515	1	31
365.686	1	24
365.857	1	45
366.028	1	35
366.199	1	29
366.370	1	34
366.540	1	26
366.711	1	30
366.882	1	31
367.053	1	41
367.224	1	34
367.395	1	22
367.566	1	35
367.737	1	36
367.908	1	32
368.078	1	24
368.249	1	28
368.420	1	33
368.591	1	31
368.762	1	34
368.933	1	31
369.104	1	27
369.274	1	36
369.445	1	40
369.616	1	34
369.787	1	29
369.958	1	26
370.129	1	40
370.300	1	25
370.471	1	28
370.641	1	33
370.812	1	35
370.983	1	20
371.154	1	31
371.325	1	20
371.496	1	36
371.667	1	32
371.837	1	32
372.008	1	32
372.179	1	42
372.350	1	32
372.521	1	43
372.692	1	40
372.863	1	34
373.033	1	33
373.204	1	28
373.375	1	36
373.546	1	41
373.717	1	23
373.888	1	30
374.059	1	28
374.229	1	39
374.400	1	23
374.571	1	28
374.742	1	33
374.913	1	32
375.084	1	33
375.254	1	24
375.425	1	35
375.596	1	36
375.767	1	39
375.938	1	23
376.109	1	30
376.279	1	31
376.450	1	38
376.621	1	46
376.792	1	42
376.963	1	26
377.134	1	32
377.304	1	35
377.475	1	26
377.646	1	31
377.817	1	36
377.988	1	38
378.159	1	40
378.329	1	33
378.500	1	41
378.671	1	32
378.842	1	43
379.013	1	44
379.184	1	31
379.354	1	37
379.525	1	36
379.696	1	41
379.867	1	31
380.038	1	37
380.209	1	40
380.379	1	34
380.550	1	24
380.721	1	33
380.892	1	30
381.063	1	41
381.233	1	33
381.404	1	27
381.575	1	39
381.746	1	44
381.917	1	34
382.087	1	45
382.258	1	40
382.429	1	26
382.600	1	30
382.771	1	32
382.941	1	46
383.112	1	35
383.283	1	36
383.454	1	29
383.625	1	37
383.795	1	44
383.966	1	45
384.137	1	43
384.308	1	31
384.479	1	45
384.649	1	36
384.820	1	36
384.991	1	36
385.162	1	44
385.333	1	39
385.503	1	35
385.674	1	39
385.845	1	53
386.016	1	48
386.187	1	37
386.357	1	51
386.528	1	37
386.699	1	33
386.870	1	39
387.041	1	36
387.211	1	37
387.382	1	49
387.553	1	47
387.724	1	29
387.894	1	25
388.065	1	48
388.236	1	46
388.407	1	43
388.578	1	41
388.748	1	39
388.919	1	42
389.090	1	55
389.261	1	43
389.431	1	41
389.602	1	40
389.773	1	32
389.944	1	46
390.114	1	46
390.285	1	44
390.456	1	40
390.627	1	38
390.798	1	46
390.968	1	42
391.139	1	42
391.310	1	43
391.481	1	44
391.651	1	59
391.822	1	51
391.993	1	38
392.164	1	38
392.334	1	40
392.505	1	41
392.676	1	41
392.847	1	50
393.017	1	31
393.188	1	39
393.359	1	49
393.530	1	58
393.700	1	36
393.871	1	47
394.042	1	44
394.213	1	37
394.383	1	51
394.554	1	43
394.725	1	32
394.896	1	45
395.066	1	45
395.237	1	48
395.408	1	42
395.579	1	45
395.749	1	50
395.920	1	50
396.091	1	38
396.262	1	43
396.432	1	30
396.603	1	45
396.774	1	37
396.945	1	53
397.115	1	48
397.286	1	46
397.457	1	52
397.627	1	40
397.798	1	39
397.969	1	47
398.140	1	43
398.310	1	50
398.481	1	44
398.652	1	59
398.823	1	50
398.993	1	42
399.164	1	44
399.335	1	39
399.505	1	43
399.676	1	45
399.847	1	42
400.018	1	40
400.188	1	45
400.359	1	44
400.530	1	45
400.700	1	49
400.871	1	49
401.042	1	45
401.213	1	61
401.383	1	47
401.554	1	46
401.725	1	50
401.895	1	25
402.066	1	50
402.237	1	43
402.408	1	42
402.578	1	56
402.749	1	37
402.920	1	54
403.090	1	54
403.261	1	51
403.432	1	56
403.603	1	48
403.773	1	52
403.944	1	43
404.115	1	44
404.285	1	49
404.456	1	61
404.627	1	55
404.797	1	55
404.968	1	46
405.139	1	50
405.310	1	47
405.480	1	43
405.651	1	47
405.822	1	43
405.992	1	44
406.163	1	41
406.334	1	53
406.504	1	49
406.675	1	40
406.846	1	48
407.016	1	50
407.187	1	58
407.358	1	45
407.528	1	51
407.699	1	51
407.870	1	53
408.041	1	44
408.211	1	47
408.382	1	56
408.553	1	54
408.723	1	62
408.894	1	53
409.065	1	54
409.235	1	55
409.406	1	51
409.577	1	54
409.747	1	46
409.918	1	55
410.089	1	63
410.259	1	53
410.430	1	49
410.601	1	58
410.771	1	55
410.942	1	46
411.113	1	56
411.283	1	53
411.454	1	64
411.625	1	53
411.795	1	57
411.966	1	38
412.137	1	57
412.307	1	48
412.478	1	56
412.649	1	43
412.819	1	50
412.990	1	51
413.161	1	43
413.331	1	47
413.502	1	38
413.672	1	47
413.843	1	39
414.014	1	44
414.184	1	58
414.355	1	57
414.526	1	36
414.696	1	51
414.867	1	37
415.038	1	48
415.208	1	45
415.379	1	52
415.550	1	54
415.720	1	38
415.891	1	51
416.062	1	45
416.232	1	60
416.403	1	48
416.573	1	47
416.744	1	48
416.915	1	51
417.085	1	47
417.256	1	48
417.427	1	44
417.597	1	48
417.768	1	49
417.939	1	42
418.109	1	48
418.280	1	43
418.450	1	63
418.621	1	53
418.792	1	53
418.962	1	50
419.133	1	36
419.304	1	46
419.474	1	58
419.645	1	47
419.815	1	37
419.986	1	57
420.157	1	43
420.327	1	47
420.498	1	37
420.669	1	46
420.839	1	49
421.010	1	56
421.180	1	47
421.351	1	48
421.522	1	46
421.692	1	54
421.863	1	54
422.033	1	55
422.204	1	56
422.375	1	42
422.545	1	50
422.716	1	44
422.886	1	57
423.057	1	41
423.228	1	43
423.398	1	54
423.569	1	52
423.740	1	47
423.910	1	47
424.081	1	39
424.251	1	50
424.422	1	52
424.593	1	44
424.763	1	51
424.934	1	51
425.104	1	59
425.275	1	47
425.445	1	42
425.616	1	46
425.787	1	39
425.957	1	48
426.128	1	47
426.298	1	45
426.469	1	42
426.640	1	45
426.810	1	36
426.981	1	51
427.151	1	36
427.322	1	46
427.493	1	47
427.663	1	48
427.834	1	46
428.004	1	45
428.175	1	42
428.345	1	40
428.516	1	48
428.687	1	50
428.857	1	48
429.028	1	42
429.198	1	39
429.369	1	50
429.540	1	43
429.710	1	46
429.881	1	48
430.051	1	40
430.222	1	44
430.392	1	54
430.563	1	43
430.734	1	50
430.904	1	51
431.075	1	42
431.245	1	40
431.416	1	49
431.586	1	43
431.757	1	49
431.927	1	52
432.098	1	41
432.269	1	43
432.439	1	38
432.610	1	55
432.780	1	54
432.951	1	45
433.121	1	46
433.292	1	45
433.462	1	42
433.633	1	51
433.804	1	43
433.974	1	45
434.145	1	47
434.315	1	48
434.486	1	31
434.656	1	54
434.827	1	58
434.997	1	46
435.168	1	46
435.339	1	63
435.509	1	44
435.680	1	44
435.850	1	46
436.021	1	37
436.191	1	43
436.362	1	42
436.532	1	42
436.703	1	37
436.873	1	32
437.044	1	48
437.214	1	40
437.385	1	48
437.556	1	47
437.726	1	45
437.897	1	36
438.067	1	37
438.238	1	43
438.408	1	43
438.579	1	40
438.749	1	46
438.920	1	54
439.090	1	33
439.261	1	33
439.431	1	29
439.602	1	33
439.772	1	41
439.943	1	36
440.113	1	29
440.284	1	45
440.455	1	42
440.625	1	47
440.796	1	36
440.966	1	47
441.137	1	40
441.307	1	41
441.478	1	29
441.648	1	36
441.819	1	31
441.989	1	52
442.160	1	41
442.330	1	44
442.501	1	41
442.671	1	36
442.842	1	42
443.012	1	40
443.183	1	44
443.353	1	43
443.524	1	38
443.694	1	34
443.865	1	44
444.035	1	37
444.206	1	36
444.376	1	46
444.547	1	35
444.717	1	38
444.888	1	29
445.058	1	43
445.229	1	39
445.399	1	40
445.570	1	34
445.740	1	49
445.911	1	43
446.081	1	37
446.252	1	34
446.422	1	38
446.593	1	33
446.763	1	37
446.934	1	41
447.104	1	44
447.275	1	41
447.445	1	42
447.616	1	37
447.786	1	39
447.957	1	40
448.127	1	48
448.298	1	37
448.468	1	44
448.639	1	41
448.809	1	30
448.979	1	47
449.150	1	38
449.320	1	40
449.491	1	37
449.661	1	30
449.832	1	30
450.002	1	35
450.173	1	48
450.343	1	35
450.514	1	43
450.684	1	33
450.855	1	44
451.025	1	33
451.196	1	33
451.366	1	54
451.537	1	45
451.707	1	45
451.878	1	23
452.048	1	31
452.218	1	48
452.389	1	45
452.559	1	41
452.730	1	46
452.900	1	32
453.071	1	46
453.241	1	35
453.412	1	32
453.582	1	39
453.753	1	37
453.923	1	30
454.093	1	26
454.264	1	55
454.434	1	36
454.605	1	34
454.775	1	33
454.946	1	32
455.116	1	33
455.287	1	26
455.457	1	33
455.628	1	21
455.798	1	38
455.968	1	30
456.139	1	37
456.309	1	38
456.480	1	27
456.650	1	33
456.821	1	35
456.991	1	39
457.161	1	34
457.332	1	34
457.502	1	31
457.673	1	31
457.843	1	35
458.014	1	31
458.184	1	42
458.355	1	36
458.525	1	31
458.695	1	32
458.866	1	24
459.036	1	31
459.207	1	42
459.377	1	38
459.548	1	37
459.718	1	35
459.888	1	17
460.059	1	31
460.229	1	33
460.400	1	23
460.570	1	24
460.740	1	29
460.911	1	31
461.081	1	35
461.252	1	34
461.422	1	39
461.593	1	33
461.763	1	39
461.933	1	35
462.104	1	22
462.274	1	20
462.445	1	30
462.615	1	34
462.785	1	37
462.956	1	29
463.126	1	23
463.297	1	29
463.467	1	34
463.638	1	37
463.808	1	31
463.978	1	20
464.149	1	32
464.319	1	29
464.490	1	29
464.660	1	19
464.830	1	32
465.001	1	24
465.171	1	17
465.342	1	30
465.512	1	27
465.682	1	12
465.853	1	32
466.023	1	44
466.194	1	28
466.364	1	40
466.534	1	27
466.705	1	40
466.875	1	16
467.045	1	25
467.216	1	23
467.386	1	31
467.557	1	37
467.727	1	24
467.897	1	30
468.068	1	21
468.238	1	29
468.409	1	27
468.579	1	35
468.749	1	26
468.920	1	26
469.090	1	32
469.260	1	28
469.431	1	20
469.601	1	40
469.772	1	39
469.942	1	36
470.112	1	21
470.283	1	32
470.453	1	37
470.623	1	25
470.794	1	27
470.964	1	13
471.135	1	24
471.305	1	27
471.475	1	30
471.646	1	26
471.816	1	30
471.986	1	26
472.157	1	21
472.327	1	34
472.497	1	22
472.668	1	27
472.838	1	24
473.009	1	20
473.179	1	28
473.349	1	27
473.520	1	32
473.690	1	32
473.860	1	17
474.031	1	12
474.201	1	22
474.371	1	30
474.542	1	15
474.712	1	22
474.882	1	24
475.053	1	37
475.223	1	30
475.394	1	7
475.564	1	24
475.734	1	11
475.905	1	28
476.075	1	40
476.245	1	28
476.416	1	23
476.586	1	30
476.756	1	23
476.927	1	16
477.097	1	22
477.267	1	19
477.438	1	22
477.608	1	30
477.778	1	13
477.949	1	12
478.119	1	27
478.289	1	8
478.460	1	21
478.630	1	14
478.800	1	20
478.971	1	24
479.141	1	25
479.311	1	7
479.482	1	24
479.652	1	23
479.822	1	28
479.993	1	29
480.163	1	22
480.333	1	32
480.504	1	29
480.674	1	13
480.844	1	29
481.015	1	36
481.185	1	33
481.355	1	22
481.525	1	11
481.696	1	23
481.866	1	19
482.036	1	14
482.207	1	29
482.377	1	16
482.547	1	28
482.718	1	32
482.888	1	20
483.058	1	27
483.229	1	19
483.399	1	24
483.569	1	9
483.740	1	30
483.910	1	11
484.080	1	21
484.250	1	24
484.421	1	14
484.591	1	17
484.761	1	26
484.932	1	7
485.102	1	26
485.272	1	22
485.443	1	21
485.613	1	12
485.783	1	18
485.953	1	23
486.124	1	16
486.294	1	15
486.464	1	34
486.635	1	14
486.805	1	17
486.975	1	15
487.146	1	19
487.316	1	25
487.486	1	23
487.656	1	19
487.827	1	9
487.997	1	12
488.167	1	21
488.338	1	18
488.508	1	28
488.678	1	12
488.848	1	21
489.019	1	2
489.189	1	21
489.359	1	12
489.529	1	17
489.700	1	21
489.870	1	28
490.040	1	10
490.211	1	17
490.381	1	16
490.551	1	16
490.721	1	16
490.892	1	9
491.062	1	5
491.232	1	21
491.402	1	15
491.573	1	19
491.743	1	16
491.913	1	20
492.084	1	24
492.254	1	22
492.424	1	16
492.594	1	6
492.765	1	19
492.935	1	21
493.105	1	20
493.275	1	14
493.446	1	8
493.616	1	3
493.786	1	17
493.956	1	16
494.127	1	13
494.297	1	2
494.467	1	9
494.637	1	13
494.808	1	17
494.978	1	15
495.148	1	11
495.318	1	18
495.489	1	15
495.659	1	23
495.829	1	6
495.999	1	21
496.170	1	16
496.340	1	10
496.510	1	22
496.680	1	16
496.851	1	19
497.021	1	9
497.191	1	12
497.361	1	9
497.532	1	13
497.702	1	19
497.872	1	11
498.042	1	14
498.213	1	8
498.383	1	8
498.553	1	17
498.723	1	20
498.894	1	14
499.064	1	13
499.234	1	20
499.404	1	16
499.574	1	13
499.745	1	13
499.915	1	17
500.085	1	13
500.255	1	3
500.426	1	-1
500.596	1	6
500.766	1	13
500.936	1	17
501.106	1	13
501.277	1	11
501.447	1	16
501.617	1	12
501.787	1	6
501.958	1	21
502.128	1	18
502.298	1	19
502.468	1	13
502.638	1	20
502.809	1	2
502.979	1	19
503.149	1	13
503.319	1	27
503.489	1	0
503.660	1	6
503.830	1	12
504.000	1	8
504.170	1	8
504.340	1	5
504.511	1	20
504.681	1	12
504.851	1	9
505.021	1	4
505.192	1	5
505.362	1	4
505.532	1	6
505.702	1	24
505.872	1	12
506.043	1	24
506.213	1	13
506.383	1	13
506.553	1	11
506.723	1	0
506.893	1	17
507.064	1	16
507.234	1	9
507.404	1	7
507.574	1	11
507.744	1	15
507.915	1	9
508.085	1	6
508.255	1	11
508.425	1	7
508.595	1	10
508.766	1	3
508.936	1	17
509.106	1	11
509.276	1	14
509.446	1	6
509.616	1	16
509.787	1	14
509.957	1	15
510.127	1	11
510.297	1	10
510.467	1	13
510.638	1	17
510.808	1	26
510.978	1	4
511.148	1	11
511.318	1	10
511.488	1	14
511.659	1	19
511.829	1	17
511.999	1	15
512.169	1	13
512.339	1	9
512.509	1	2
512.680	1	5
512.850	1	5
513.020	1	18
513.190	1	1
513.360	1	11
513.530	1	9
513.700	1	18
513.871	1	3
514.041	1	10
514.211	1	4
514.381	1	13
514.551	1	8
514.721	1	13
514.892	1	10
515.062	1	9
515.232	1	4
515.402	1	16
515.572	1	21
515.742	1	10
515.912	1	12
516.083	1	9
516.253	1	15
516.423	1	6
516.593	1	10
516.763	1	16
516.933	1	8
517.104	1	17
517.274	1	6
517.444	1	9
517.614	1	2
517.784	1	7
517.954	1	4
518.124	1	6
518.294	1	18
518.465	1	7
518.635	1	9
518.805	1	10
518.975	1	9
519.145	1	15
519.315	1	17
519.485	1	6
519.656	1	10
519.826	1	1
519.996	1	13
520.166	1	9
520.336	1	11
520.506	1	3
520.676	1	6
520.846	1	5
521.017	1	7
521.187	1	-3
521.357	1	9
521.527	1	3
521.697	1	4
521.867	1	9
522.037	1	12
522.207	1	10
522.377	1	19
522.548	1	8
522.718	1	7
522.888	1	10
523.058	1	10
523.228	1	2
523.398	1	7
523.568	1	0
523.738	1	10
523.909	1	11
524.079	1	0
524.249	1	7
524.419	1	11
524.589	1	10
524.759	1	18
524.929	1	8
525.099	1	1
525.269	1	3
525.439	1	10
525.610	1	18
525.780	1	10
525.950	1	14
526.120	1	-2
526.290	1	6
526.460	1	-4
526.630	1	12
526.800	1	11
526.970	1	13
527.140	1	-4
527.311	1	2
527.481	1	14
527.651	1	5
527.821	1	1
527.991	1	6
528.161	1	10
528.331	1	3
528.501	1	4
528.671	1	6
528.841	1	7
529.011	1	-4
529.181	1	4
529.352	1	-4
529.522	1	4
529.692	1	8
529.862	1	8
530.032	1	10
530.202	1	6
530.372	1	-2
530.542	1	0
530.712	1	9
530.882	1	9
531.052	1	7
531.222	1	16
531.392	1	-4
531.563	1	10
531.733	1	-1
531.903	1	3
532.073	1	10
532.243	1	5
532.413	1	17
532.583	1	11
532.753	1	1
532.923	1	6
533.093	1	7
533.263	1	10
533.433	1	-10
533.603	1	3
533.773	1	14
533.943	1	8
534.113	1	3
534.284	1	6
534.454	1	13
534.624	1	7
534.794	1	1
534.964	1	4
535.134	1	10
535.304	1	4
535.474	1	11
535.644	1	-1
535.814	1	4
535.984	1	9
536.154	1	6
536.324	1	5
536.494	1	14
536.664	1	2
536.834	1	-2
537.004	1	8
537.174	1	14
537.344	1	8
537.514	1	-2
537.685	1	9
537.855	1	7
538.025	1	9
538.195	1	5
538.365	1	10
538.535	1	4
538.705	1	7
538.875	1	13
539.045	1	7
539.215	1	-5
539.385	1	8
539.555	1	1
539.725	1	2
539.895	1	10
540.065	1	4
540.235	1	-1
540.405	1	7
540.575	1	0
540.745	1	5
540.915	1	6
541.085	1	-2
541.255	1	4
541.425	1	5
541.595	1	6
541.765	1	8
541.935	1	0
542.105	1	11
542.275	1	2
542.445	1	10
542.615	1	14
542.785	1	11
542.955	1	14
543.125	1	-1
543.295	1	12
543.465	1	5
543.635	1	-1
543.805	1	4
543.975	1	4
544.145	1	13
544.315	1	-1
544.485	1	9
544.655	1	11
544.825	1	8
544.995	1	-2
545.165	1	8
545.335	1	2
545.505	1	1
545.675	1	9
545.845	1	5
546.015	1	0
546.185	1	5
546.355	1	4
546.525	1	17
546.695	1	-1
546.865	1	3
547.035	1	-2
547.205	1	11
547.375	1	7
547.545	1	2
547.715	1	3
547.885	1	-5
548.055	1	2
548.225	1	17
548.395	1	6
548.565	1	4
548.735	1	0
548.905	1	7
549.075	1	14
549.245	1	4
549.415	1	7
549.585	1	10
549.755	1	12
549.925	1	13
550.095	1	4
550.265	1	1
550.435	1	3
550.605	1	6
550.775	1	6
550.945	1	-7
551.115	1	10
551.285	1	7
551.455	1	9
551.625	1	-4
551.795	1	-1
551.965	1	0
552.135	1	4
552.305	1	3
552.475	1	3
552.645	1	0
552.815	1	-5
552.985	1	7
553.155	1	-4
553.325	1	5
553.495	1	8
553.665	1	1
553.835	1	3
554.004	1	8
554.174	1	1
554.344	1	8
554.514	1	1
554.684	1	6
554.854	1	-12
555.024	1	5
555.194	1	9
555.364	1	6
555.534	1	-3
555.704	1	4
555.874	1	6
556.044	1	3
556.214	1	9
556.384	1	2
556.554	1	9
556.724	1	-1
556.894	1	-1
557.064	1	1
557.234	1	4
557.404	1	15
557.573	1	2
557.743	1	-3
557.913	1	6
558.083	1	10
558.253	1	-2
558.423	1	4
558.593	1	9
558.763	1	-4
558.933	1	-2
559.103	1	0
559.273	1	15
559.443	1	5
559.613	1	5
559.783	1	-1
559.953	1	-5
560.122	1	4
560.292	1	-3
560.462	1	1
560.632	1	2
560.802	1	1
560.972	1	-5
561.142	1	6
561.312	1	-5
561.482	1	10
561.652	1	10
561.822	1	-2
561.992	1	13
562.162	1	-1
562.331	1	-6
562.501	1	3
562.671	1	0
562.841	1	-6
563.011	1	5
563.181	1	-5
563.351	1	1
563.521	1	-1
563.691	1	3
563.861	1	2
564.031	1	1
564.201	1	6
564.370	1	6
564.540	1	0
564.710	1	0
564.880	1	7
565.050	1	-2
565.220	1	7
565.390	1	5
565.560	1	6
565.730	1	-2
565.900	1	5
566.069	1	9
566.239	1	12
566.409	1	9
566.579	1	4
566.749	1	0
566.919	1	-4
567.089	1	-8
567.259	1	12
567.429	1	-4
567.599	1	11
567.768	1	0
567.938	1	-1
568.108	1	1
568.278	1	1
568.448	1	2
568.618	1	7
568.788	1	10
568.958	1	1
569.128	1	-1
569.297	1	-2
569.467	1	9
569.637	1	11
569.807	1	2
569.977	1	-2
570.147	1	11
570.317	1	6
570.487	1	-5
570.656	1	14
570.826	1	3
570.996	1	5
571.166	1	3
571.336	1	4
571.506	1	-7
571.676	1	9
571.846	1	2
572.015	1	3
572.185	1	-1
572.355	1	2
572.525	1	-1
572.695	1	-2
572.865	1	2
573.035	1	4
573.205	1	1
573.374	1	-4
573.544	1	5
573.714	1	4
573.884	1	7
574.054	1	6
574.224	1	3
574.394	1	-3
574.563	1	-4
574.733	1	12
574.903	1	0
575.073	1	7
575.243	1	-5
575.413	1	6
575.583	1	3
575.752	1	-4
575.922	1	13
576.092	1	-5
576.262	1	7
576.432	1	5
576.602	1	13
576.772	1	-3
576.941	1	8
577.111	1	3
577.281	1	-3
577.451	1	11
577.621	1	3
577.791	1	2
577.960	1	0
578.130	1	4
578.300	1	11
578.470	1	5
578.640	1	1
578.810	1	-5
578.979	1	6
579.149	1	2
579.319	1	0
579.489	1	7
579.659	1	3
579.829	1	-11
579.998	1	-3
580.168	1	-9
580.338	1	10
580.508	1	-8
580.678	1	13
580.848	1	3
581.017	1	0
581.187	1	-4
581.357	1	8
581.527	1	5
581.697	1	3
581.867	1	6
582.036	1	-12
582.206	1	5
582.376	1	6
582.546	1	-2
582.716	1	5
582.885	1	4
583.055	1	-3
583.225	1	1
583.395	1	11
583.565	1	15
583.735	1	-1
583.904	1	0
584.074	1	15
584.244	1	2
584.414	1	-4
584.584	1	8
584.753	1	6
584.923	1	0
585.093	1	12
585.263	1	6
585.433	1	-2
585.602	1	6
585.772	1	9
585.942	1	2
586.112	1	-2
586.282	1	3
586.451	1	7
586.621	1	0
586.791	1	-1
586.961	1	-11
587.131	1	-2
587.300	1	11
587.470	1	0
587.640	1	2
587.810	1	-16
587.980	1	8
588.149	1	5
588.319	1	8
588.489	1	7
588.659	1	5
588.829	1	0
588.998	1	0
589.168	1	0
589.338	1	-3
589.508	1	2
589.677	1	-4
589.847	1	6
590.017	1	5
590.187	1	1
590.357	1	6
590.526	1	1
590.696	1	6
590.866	1	0
591.036	1	3
591.205	1	2
591.375	1	3
591.545	1	1
591.715	1	5
591.885	1	12
592.054	1	7
592.224	1	-7
592.394	1	-4
592.564	1	8
592.733	1	4
592.903	1	-9
593.073	1	4
593.243	1	3
593.412	1	-3
593.582	1	6
593.752	1	-1
593.922	1	-1
594.091	1	3
594.261	1	-7
594.431	1	9
594.601	1	-6
594.771	1	10
594.940	1	-4
595.110	1	5
595.280	1	2
595.450	1	4
595.619	1	2
595.789	1	-4
595.959	1	0
596.129	1	3
596.298	1	2
596.468	1	0
596.638	1	-2
596.808	1	-1
596.977	1	3
597.147	1	5
597.317	1	5
597.487	1	3
597.656	1	4
597.826	1	13
597.996	1	-2
598.166	1	13
598.335	1	-3
598.505	1	7
598.675	1	0
598.844	1	13
599.014	1	-2
599.184	1	7
599.354	1	10
599.523	1	-8
599.693	1	3
599.863	1	15
600.033	1	4
600.202	1	0
600.372	1	-8
600.542	1	-3
600.712	1	7
600.881	1	8
601.051	1	12
601.221	1	16
601.390	1	9
601.560	1	11
601.730	1	1
601.900	1	7
602.069	1	2
602.239	1	6
602.409	1	2
602.578	1	8
602.748	1	10
602.918	1	1
603.088	1	2
603.257	1	-10
603.427	1	2
603.597	1	2
603.767	1	-7
603.936	1	7
604.106	1	-1
604.276	1	4
604.445	1	-3
604.615	1	3
604.785	1	2
604.954	1	11
605.124	1	-5
605.294	1	1
605.464	1	1
605.633	1	-1
605.803	1	5
605.973	1	3
606.142	1	3
606.312	1	6
606.482	1	-2
606.652	1	0
606.821	1	10
606.991	1	1
607.161	1	5
607.330	1	-4
607.500	1	6
607.670	1	-5
607.839	1	0
608.009	1	2
608.179	1	8
608.348	1	3
608.518	1	7
608.688	1	-1
608.858	1	0
609.027	1	6
609.197	1	1
609.367	1	-5
609.536	1	0
609.706	1	17
609.876	1	3
610.045	1	1
610.215	1	4
610.385	1	-3
610.554	1	-5
610.724	1	3
610.894	1	16
611.063	1	2
611.233	1	11
611.403	1	10
611.572	1	8
611.742	1	-1
611.912	1	3
612.081	1	8
612.251	1	0
612.421	1	5
612.590	1	2
612.760	1	-5
612.930	1	5
613.099	1	10
613.269	1	2
613.439	1	6
613.608	1	9
613.778	1	-3
613.948	1	14
614.117	1	-3
614.287	1	-4
614.457	1	10
614.626	1	-1
614.796	1	0
614.966	1	10
615.135	1	20
615.305	1	4
615.475	1	4
615.644	1	13
615.814	1	10
615.984	1	-6
616.153	1	9
616.323	1	4
616.493	1	4
616.662	1	7
616.832	1	8
617.002	1	0
617.171	1	6
617.341	1	10
617.511	1	1
617.680	1	-6
617.850	1	4
618.019	1	1
618.189	1	15
618.359	1	-4
618.528	1	-1
618.698	1	8
618.868	1	0
619.037	1	4
619.207	1	-4
619.377	1	4
619.546	1	7
619.716	1	10
619.885	1	7
620.055	1	4
620.225	1	11
620.394	1	9
620.564	1	8
620.734	1	-1
620.903	1	-10
621.073	1	6
621.242	1	5
621.412	1	0
621.582	1	17
621.751	1	7
621.921	1	6
622.091	1	4
622.260	1	8
622.430	1	-2
622.599	1	0
622.769	1	-4
622.939	1	0
623.108	1	5
623.278	1	8
623.448	1	-4
623.617	1	3
623.787	1	9
623.956	1	7
624.126	1	7
624.296	1	16
624.465	1	8
624.635	1	1
624.804	1	-2
624.974	1	-2
625.144	1	2
625.313	1	12
625.483	1	5
625.652	1	4
625.822	1	15
625.992	1	8
626.161	1	3
626.331	1	10
626.501	1	6
626.670	1	4
626.840	1	14
627.009	1	-1
627.179	1	10
627.348	1	5
627.518	1	17
627.688	1	1
627.857	1	20
628.027	1	2
628.196	1	5
628.366	1	-8
628.536	1	2
628.705	1	1
628.875	1	-1
629.044	1	3
629.214	1	8
629.384	1	11
629.553	1	9
629.723	1	16
629.892	1	0
630.062	1	-1
630.232	1	8
630.401	1	14
630.571	1	-4
630.740	1	-3
630.910	1	20
631.079	1	0
631.249	1	1
631.419	1	6
631.588	1	6
631.758	1	11
631.927	1	11
632.097	1	1
632.266	1	11
632.436	1	9
632.606	1	4
632.775	1	6
632.945	1	6
633.114	1	3
633.284	1	-2
633.453	1	14
633.623	1	13
633.793	1	9
633.962	1	-1
634.132	1	14
634.301	1	22
634.471	1	8
634.640	1	-7
634.810	1	4
634.979	1	-1
635.149	1	4
635.319	1	10
635.488	1	4
635.658	1	6
635.827	1	11
635.997	1	8
636.166	1	12
636.336	1	0
636.505	1	1
636.675	1	8
636.845	1	3
637.014	1	-8
637.184	1	8
637.353	1	6
637.523	1	1
637.692	1	9
637.862	1	-3
638.031	1	-4
638.201	1	4
638.370	1	2
638.540	1	5
638.710	1	2
638.879	1	5
639.049	1	8
639.218	1	9
639.388	1	1
639.557	1	15
639.727	1	-5
639.896	1	-2
640.066	1	2
640.235	1	10
640.405	1	-2
640.574	1	8
640.744	1	2
640.914	1	5
641.083	1	14
641.253	1	1
641.422	1	-2
641.592	1	12
641.761	1	9
641.931	1	18
642.100	1	-5
642.270	1	3
642.439	1	13
642.609	1	24
642.778	1	0
642.948	1	17
643.117	1	10
643.287	1	2
643.456	1	6
643.626	1	7
643.795	1	0
643.965	1	11
644.134	1	1
644.304	1	8
644.473	1	9
644.643	1	9
644.812	1	5
644.982	1	14
645.151	1	3
645.321	1	4
645.490	1	17
645.660	1	2
645.829	1	6
645.999	1	-2
646.168	1	17
646.338	1	-3
646.507	1	1
646.677	1	6
646.846	1	9
647.016	1	11
647.185	1	12
647.355	1	17
647.524	1	1
647.694	1	-4
647.863	1	3
648.033	1	2
648.202	1	9
648.372	1	0
648.541	1	4
648.711	1	13
648.880	1	13
649.050	1	10
649.219	1	14
649.389	1	-10
649.558	1	14
649.728	1	10
649.897	1	17
650.067	1	15
650.236	1	2
650.406	1	-2
650.575	1	9
650.745	1	10
650.914	1	13
651.084	1	10
651.253	1	5
651.423	1	3
651.592	1	7
651.762	1	0
651.931	1	18
652.101	1	2
652.270	1	11
652.440	1	13
652.609	1	21
652.778	1	16
652.948	1	6
653.117	1	-3
653.287	1	5
653.456	1	1
653.626	1	0
653.795	1	-4
653.965	1	10
654.134	1	-2
654.304	1	9
654.473	1	11
654.643	1	3
654.812	1	13
654.982	1	2
655.151	1	16
655.320	1	1
655.490	1	13
655.659	1	10
655.829	1	11
655.998	1	17
656.168	1	-4
656.337	1	8
656.507	1	0
656.676	1	-7
656.846	1	0
657.015	1	10
657.184	1	7
657.354	1	7
657.523	1	5
657.693	1	20
657.862	1	-6
658.032	1	-4
658.201	1	-3
658.371	1	6
658.540	1	-3
658.709	1	14
658.879	1	9
659.048	1	15
659.218	1	11
659.387	1	8
659.557	1	0
659.726	1	8
659.895	1	5
660.065	1	0
660.234	1	6
660.404	1	6
660.573	1	5
660.743	1	3
660.912	1	11
661.081	1	6
661.251	1	4
661.420	1	12
661.590	1	-1
661.759	1	15
661.929	1	0
662.098	1	5
662.267	1	-1
662.437	1	9
662.606	1	-4
662.776	1	7
662.945	1	14
663.115	1	13
663.284	1	-1
663.453	1	1
663.623	1	13
663.792	1	18
663.962	1	8
664.131	1	3
664.300	1	-3
664.470	1	-1
664.639	1	2
664.809	1	4
664.978	1	19
665.148	1	14
665.317	1	0
665.486	1	16
665.656	1	1
665.825	1	6
665.995	1	-5
666.164	1	-6
666.333	1	12
666.503	1	0
666.672	1	16
666.842	1	8
667.011	1	6
667.180	1	0
667.350	1	4
667.519	1	8
667.689	1	3
667.858	1	8
668.027	1	0
668.197	1	2
668.366	1	6
668.536	1	0
668.705	1	-2
668.874	1	9
669.044	1	12
669.213	1	6
669.382	1	16
669.552	1	9
669.721	1	4
669.891	1	5
670.060	1	4
670.229	1	12
670.399	1	13
670.568	1	12
670.738	1	12
670.907	1	15
671.076	1	7
671.246	1	17
671.415	1	16
671.584	1	7
671.754	1	-8
671.923	1	13
672.093	1	13
672.262	1	7
672.431	1	16
672.601	1	12
672.770	1	11
672.939	1	8
673.109	1	7
673.278	1	10
673.448	1	-1
673.617	1	18
673.786	1	0
