325.333	1	13
325.504	1	0
325.675	1	13
325.846	1	-4
326.017	1	3
326.188	1	7
326.359	1	0
326.531	1	11
326.702	1	4
326.873	1	7
327.044	1	1
327.215	1	6
327.386	1	10
327.557	1	11
327.728	1	12
327.899	1	16
328.070	1	14
328.241	1	6
328.412	1	3
328.583	1	16
328.754	1	4
328.926	1	9
329.097	1	5
329.268	1	7
329.439	1	2
329.610	1	17
329.781	1	13
329.952	1	9
330.123	1	6
330.294	1	12
330.465	1	-2
330.636	1	10
330.807	1	10
330.978	1	13
331.149	1	1
331.320	1	14
331.492	1	6
331.663	1	11
331.834	1	8
332.005	1	7
332.176	1	10
332.347	1	14
332.518	1	12
332.689	1	14
332.860	1	7
333.031	1	-3
333.202	1	4
333.373	1	5
333.544	1	16
333.715	1	-1
333.886	1	8
334.057	1	17
334.228	1	7
334.399	1	4
334.570	1	6
334.741	1	10
334.912	1	10
335.084	1	4
335.255	1	4
335.426	1	1
335.597	1	8
335.768	1	0
335.939	1	8
336.110	1	11
336.281	1	11
336.452	1	12
336.623	1	7
336.794	1	13
336.965	1	15
337.136	1	6
337.307	1	7
337.478	1	4
337.649	1	20
337.820	1	8
337.991	1	18
338.162	1	12
338.333	1	12
338.504	1	9
338.675	1	11
338.846	1	15
339.017	1	-3
339.188	1	12
339.359	1	5
339.530	1	15
339.701	1	16
339.872	1	4
340.043	1	14
340.214	1	-1
340.385	1	-6
340.556	1	7
340.727	1	23
340.898	1	12
341.069	1	1
341.240	1	2
341.411	1	18
341.582	1	8
341.753	1	20
341.924	1	6
342.095	1	11
342.266	1	15
342.437	1	10
342.608	1	10
342.779	1	3
342.950	1	12
343.121	1	-1
343.292	1	9
343.463	1	11
343.634	1	-7
343.805	1	13
343.976	1	7
344.147	1	4
344.318	1	5
344.489	1	16
344.660	1	19
344.831	1	0
345.002	1	11
345.173	1	-5
345.344	1	4
345.515	1	-1
345.686	1	8
345.857	1	9
346.028	1	8
346.199	1	17
346.370	1	13
346.541	1	7
346.712	1	-2
346.883	1	7
347.054	1	2
347.225	1	7
347.396	1	6
347.567	1	13
347.738	1	3
347.909	1	5
348.080	1	7
348.251	1	12
348.422	1	-8
348.593	1	-3
348.764	1	6
348.935	1	12
349.106	1	-5
349.277	1	20
349.448	1	13
349.619	1	10
349.790	1	9
349.961	1	0
350.132	1	0
350.303	1	9
350.474	1	14
350.645	1	7
350.816	1	4
350.987	1	-5
351.157	1	8
351.328	1	1
351.499	1	24
351.670	1	7
351.841	1	5
352.012	1	13
352.183	1	2
352.354	1	12
352.525	1	4
352.696	1	15
352.867	1	-1
353.038	1	8
353.209	1	15
353.380	1	5
353.551	1	-2
353.722	1	12
353.893	1	11
354.064	1	11
354.235	1	11
354.406	1	21
354.576	1	-8
354.747	1	4
354.918	1	10
355.089	1	7
355.260	1	9
355.431	1	-4
355.602	1	3
355.773	1	8
355.944	1	8
356.115	1	4
356.286	1	3
356.457	1	15
356.628	1	3
356.799	1	-4
356.970	1	2
357.141	1	5
357.311	1	7
357.482	1	1
357.653	1	5
357.824	1	1
357.995	1	2
358.166	1	8
358.337	1	23
358.508	1	2
358.679	1	-3
358.850	1	4
359.021	1	9
359.192	1	12
359.363	1	11
359.533	1	8
359.704	1	10
359.875	1	-3
360.046	1	12
360.217	1	2
360.388	1	0
360.559	1	10
360.730	1	12
360.901	1	19
361.072	1	6
361.243	1	8
361.414	1	2
361.584	1	5
361.755	1	7
361.926	1	11
362.097	1	1
362.268	1	12
362.439	1	8
362.610	1	10
362.781	1	7
362.952	1	4
363.123	1	-4
363.293	1	5
363.464	1	3
363.635	1	8
363.806	1	2
363.977	1	13
364.148	1	12
364.319	1	11
364.490	1	10
364.661	1	3
364.832	1	13
365.002	1	-9
365.173	1	-4
365.344	1	-2
365.515	1	12
365.686	1	4
365.857	1	1
366.028	1	10
366.199	1	5
366.370	1	-2
366.540	1	0
366.711	1	2
366.882	1	13
367.053	1	6
367.224	1	-2
367.395	1	6
367.566	1	6
367.737	1	7
367.908	1	4
368.078	1	0
368.249	1	-3
368.420	1	11
368.591	1	8
368.762	1	11
368.933	1	9
369.104	1	6
369.274	1	7
369.445	1	-1
369.616	1	8
369.787	1	11
369.958	1	4
370.129	1	4
370.300	1	0
370.471	1	2
370.641	1	11
370.812	1	-1
370.983	1	3
371.154	1	12
371.325	1	10
371.496	1	4
371.667	1	3
371.837	1	10
372.008	1	-5
372.179	1	2
372.350	1	4
372.521	1	2
372.692	1	5
372.863	1	5
373.033	1	9
373.204	1	11
373.375	1	6
373.546	1	-3
373.717	1	5
373.888	1	11
374.059	1	8
374.229	1	-1
374.400	1	9
374.571	1	-3
374.742	1	8
374.913	1	-8
375.084	1	16
375.254	1	6
375.425	1	11
375.596	1	-1
375.767	1	20
375.938	1	5
376.109	1	8
376.279	1	-15
376.450	1	8
376.621	1	-3
376.792	1	0
376.963	1	12
377.134	1	3
377.304	1	-3
377.475	1	5
377.646	1	8
377.817	1	15
377.988	1	7
378.159	1	7
378.329	1	7
378.500	1	6
378.671	1	3
378.842	1	9
379.013	1	18
379.184	1	1
379.354	1	5
379.525	1	22
379.696	1	17
379.867	1	5
380.038	1	9
380.209	1	7
380.379	1	15
380.550	1	1
380.721	1	15
380.892	1	10
381.063	1	8
381.233	1	10
381.404	1	20
381.575	1	6
381.746	1	7
381.917	1	14
382.087	1	14
382.258	1	6
382.429	1	5
382.600	1	11
382.771	1	9
382.941	1	3
383.112	1	0
383.283	1	2
383.454	1	8
383.625	1	11
383.795	1	14
383.966	1	8
384.137	1	12
384.308	1	10
384.479	1	14
384.649	1	10
384.820	1	6
384.991	1	16
385.162	1	9
385.333	1	5
385.503	1	3
385.674	1	16
385.845	1	10
386.016	1	23
386.187	1	15
386.357	1	-1
386.528	1	19
386.699	1	-1
386.870	1	9
387.041	1	8
387.211	1	11
387.382	1	17
387.553	1	10
387.724	1	-10
387.894	1	8
388.065	1	9
388.236	1	10
388.407	1	8
388.578	1	14
388.748	1	13
388.919	1	9
389.090	1	18
389.261	1	11
389.431	1	20
389.602	1	2
389.773	1	4
389.944	1	8
390.114	1	5
390.285	1	8
390.456	1	24
390.627	1	19
390.798	1	15
390.968	1	6
391.139	1	13
391.310	1	3
391.481	1	9
391.651	1	7
391.822	1	10
391.993	1	5
392.164	1	3
392.334	1	7
392.505	1	8
392.676	1	2
392.847	1	15
393.017	1	6
393.188	1	12
393.359	1	18
393.530	1	9
393.700	1	24
393.871	1	14
394.042	1	18
394.213	1	15
394.383	1	9
394.554	1	6
394.725	1	23
394.896	1	8
395.066	1	24
395.237	1	11
395.408	1	15
395.579	1	11
395.749	1	10
395.920	1	0
396.091	1	9
396.262	1	10
396.432	1	12
396.603	1	11
396.774	1	8
396.945	1	5
397.115	1	25
397.286	1	8
397.457	1	16
397.627	1	6
397.798	1	15
397.969	1	11
398.140	1	14
398.310	1	17
398.481	1	11
398.652	1	11
398.823	1	14
398.993	1	13
399.164	1	5
399.335	1	8
399.505	1	8
399.676	1	5
399.847	1	8
400.018	1	10
400.188	1	12
400.359	1	9
400.530	1	23
400.700	1	14
400.871	1	11
401.042	1	18
401.213	1	14
401.383	1	15
401.554	1	21
401.725	1	11
401.895	1	12
402.066	1	25
402.237	1	14
402.408	1	18
402.578	1	15
402.749	1	23
402.920	1	11
403.090	1	3
403.261	1	12
403.432	1	13
403.603	1	13
403.773	1	9
403.944	1	13
404.115	1	19
404.285	1	7
404.456	1	22
404.627	1	23
404.797	1	4
404.968	1	14
405.139	1	20
405.310	1	9
405.480	1	6
405.651	1	11
405.822	1	5
405.992	1	31
406.163	1	12
406.334	1	18
406.504	1	13
406.675	1	20
406.846	1	12
407.016	1	22
407.187	1	16
407.358	1	19
407.528	1	9
407.699	1	15
407.870	1	14
408.041	1	18
408.211	1	10
408.382	1	11
408.553	1	20
408.723	1	25
408.894	1	13
409.065	1	10
409.235	1	9
409.406	1	18
409.577	1	19
409.747	1	10
409.918	1	29
410.089	1	17
410.259	1	20
410.430	1	11
410.601	1	22
410.771	1	20
410.942	1	14
411.113	1	24
411.283	1	15
411.454	1	25
411.625	1	19
411.795	1	26
411.966	1	23
412.137	1	24
412.307	1	-2
412.478	1	7
412.649	1	19
412.819	1	18
412.990	1	22
413.161	1	20
413.331	1	18
413.502	1	26
413.672	1	9
413.843	1	23
414.014	1	11
414.184	1	19
414.355	1	17
414.526	1	11
414.696	1	15
414.867	1	26
415.038	1	19
415.208	1	9
415.379	1	13
415.550	1	20
415.720	1	14
415.891	1	27
416.062	1	18
416.232	1	24
416.403	1	15
416.573	1	26
416.744	1	20
416.915	1	28
417.085	1	35
417.256	1	16
417.427	1	25
417.597	1	25
417.768	1	16
417.939	1	23
418.109	1	21
418.280	1	16
418.450	1	34
418.621	1	14
418.792	1	15
418.962	1	27
419.133	1	20
419.304	1	24
419.474	1	24
419.645	1	21
419.815	1	25
419.986	1	27
420.157	1	25
420.327	1	24
420.498	1	19
420.669	1	14
420.839	1	20
421.010	1	19
421.180	1	23
421.351	1	9
421.522	1	25
421.692	1	30
421.863	1	16
422.033	1	30
422.204	1	25
422.375	1	36
422.545	1	27
422.716	1	22
422.886	1	27
423.057	1	23
423.228	1	8
423.398	1	28
423.569	1	15
423.740	1	25
423.910	1	21
424.081	1	31
424.251	1	25
424.422	1	20
424.593	1	16
424.763	1	26
424.934	1	19
425.104	1	27
425.275	1	30
425.445	1	12
425.616	1	19
425.787	1	38
425.957	1	25
426.128	1	33
426.298	1	20
426.469	1	22
426.640	1	15
426.810	1	27
426.981	1	14
427.151	1	10
427.322	1	27
427.493	1	21
427.663	1	30
427.834	1	8
428.004	1	25
428.175	1	14
428.345	1	11
428.516	1	24
428.687	1	27
428.857	1	9
429.028	1	16
429.198	1	3
429.369	1	24
429.540	1	27
429.710	1	21
429.881	1	20
430.051	1	23
430.222	1	26
430.392	1	21
430.563	1	35
430.734	1	21
430.904	1	20
431.075	1	17
431.245	1	16
431.416	1	13
431.586	1	23
431.757	1	18
431.927	1	15
432.098	1	10
432.269	1	27
432.439	1	20
432.610	1	18
432.780	1	11
432.951	1	12
433.121	1	15
433.292	1	18
433.462	1	27
433.633	1	22
433.804	1	25
433.974	1	25
434.145	1	12
434.315	1	21
434.486	1	14
434.656	1	35
434.827	1	16
434.997	1	23
435.168	1	20
435.339	1	18
435.509	1	20
435.680	1	15
435.850	1	18
436.021	1	19
436.191	1	21
436.362	1	25
436.532	1	18
436.703	1	18
436.873	1	11
437.044	1	20
437.214	1	12
437.385	1	31
437.556	1	16
437.726	1	10
437.897	1	20
438.067	1	13
438.238	1	17
438.408	1	29
438.579	1	10
438.749	1	19
438.920	1	25
439.090	1	19
439.261	1	11
439.431	1	16
439.602	1	27
439.772	1	18
439.943	1	25
440.113	1	17
440.284	1	15
440.455	1	12
440.625	1	13
440.796	1	24
440.966	1	26
441.137	1	9
441.307	1	15
441.478	1	20
441.648	1	13
441.819	1	16
441.989	1	19
442.160	1	20
442.330	1	22
442.501	1	19
442.671	1	22
442.842	1	20
443.012	1	27
443.183	1	17
443.353	1	16
443.524	1	6
443.694	1	9
443.865	1	10
444.035	1	28
444.206	1	7
444.376	1	15
444.547	1	4
444.717	1	12
444.888	1	21
445.058	1	19
445.229	1	18
445.399	1	19
445.570	1	15
445.740	1	17
445.911	1	16
446.081	1	8
446.252	1	5
446.422	1	13
446.593	1	8
446.763	1	16
446.934	1	9
447.104	1	15
447.275	1	22
447.445	1	23
447.616	1	15
447.786	1	8
447.957	1	14
448.127	1	9
448.298	1	4
448.468	1	13
448.639	1	27
448.809	1	24
448.979	1	13
449.150	1	16
449.320	1	25
449.491	1	23
449.661	1	14
449.832	1	15
450.002	1	8
450.173	1	12
450.343	1	10
450.514	1	13
450.684	1	20
450.855	1	21
451.025	1	21
451.196	1	21
451.366	1	24
451.537	1	4
451.707	1	21
451.878	1	17
452.048	1	10
452.218	1	10
452.389	1	17
452.559	1	17
452.730	1	17
452.900	1	11
453.071	1	20
453.241	1	17
453.412	1	15
453.582	1	6
453.753	1	15
453.923	1	12
454.093	1	2
454.264	1	24
454.434	1	7
454.605	1	13
454.775	1	14
454.946	1	10
455.116	1	9
455.287	1	21
455.457	1	15
455.628	1	1
455.798	1	3
455.968	1	11
456.139	1	18
456.309	1	19
456.480	1	24
456.650	1	26
456.821	1	12
456.991	1	15
457.161	1	11
457.332	1	14
457.502	1	25
457.673	1	9
457.843	1	17
458.014	1	10
458.184	1	13
458.355	1	20
458.525	1	24
458.695	1	8
458.866	1	4
459.036	1	7
459.207	1	11
459.377	1	6
459.548	1	9
459.718	1	16
459.888	1	22
460.059	1	4
460.229	1	14
460.400	1	22
460.570	1	11
460.740	1	14
460.911	1	20
461.081	1	18
461.252	1	18
461.422	1	9
461.593	1	18
461.763	1	16
461.933	1	15
462.104	1	8
462.274	1	8
462.445	1	9
462.615	1	16
462.785	1	-1
462.956	1	5
463.126	1	19
463.297	1	14
463.467	1	10
463.638	1	11
463.808	1	9
463.978	1	7
464.149	1	27
464.319	1	-2
464.490	1	7
464.660	1	-1
464.830	1	12
465.001	1	25
465.171	1	4
465.342	1	8
465.512	1	6
465.682	1	7
465.853	1	1
466.023	1	24
466.194	1	24
466.364	1	13
466.534	1	10
466.705	1	11
466.875	1	6
467.045	1	7
467.216	1	16
467.386	1	12
467.557	1	12
467.727	1	3
467.897	1	18
468.068	1	7
468.238	1	-1
468.409	1	12
468.579	1	14
468.749	1	19
468.920	1	7
469.090	1	2
469.260	1	8
469.431	1	12
469.601	1	19
469.772	1	-3
469.942	1	8
470.112	1	8
470.283	1	12
470.453	1	14
470.623	1	5
470.794	1	5
470.964	1	4
471.135	1	2
471.305	1	5
471.475	1	15
471.646	1	7
471.816	1	7
471.986	1	6
472.157	1	17
472.327	1	9
472.497	1	1
472.668	1	4
472.838	1	9
473.009	1	11
473.179	1	13
473.349	1	4
473.520	1	9
473.690	1	10
473.860	1	6
474.031	1	31
474.201	1	10
474.371	1	10
474.542	1	14
474.712	1	7
474.882	1	9
475.053	1	4
475.223	1	15
475.394	1	0
475.564	1	11
475.734	1	12
475.905	1	5
476.075	1	8
476.245	1	-7
476.416	1	7
476.586	1	14
476.756	1	0
476.927	1	9
477.097	1	8
477.267	1	10
477.438	1	8
477.608	1	7
477.778	1	9
477.949	1	8
478.119	1	15
478.289	1	9
478.460	1	13
478.630	1	12
478.800	1	8
478.971	1	-7
479.141	1	16
479.311	1	11
479.482	1	7
479.652	1	12
479.822	1	9
479.993	1	1
480.163	1	17
480.333	1	10
480.504	1	9
480.674	1	1
480.844	1	20
481.015	1	17
481.185	1	8
481.355	1	8
481.525	1	2
481.696	1	11
481.866	1	0
482.036	1	2
482.207	1	13
482.377	1	4
482.547	1	8
482.718	1	4
482.888	1	15
483.058	1	4
483.229	1	9
483.399	1	4
483.569	1	6
483.740	1	0
483.910	1	0
484.080	1	19
484.250	1	4
484.421	1	8
484.591	1	9
484.761	1	10
484.932	1	1
485.102	1	7
485.272	1	7
485.443	1	11
485.613	1	10
485.783	1	-2
485.953	1	1
486.124	1	4
486.294	1	7
486.464	1	12
486.635	1	4
486.805	1	6
486.975	1	10
487.146	1	5
487.316	1	12
487.486	1	16
487.656	1	16
487.827	1	5
487.997	1	7
488.167	1	15
488.338	1	11
488.508	1	11
488.678	1	15
488.848	1	14
489.019	1	2
489.189	1	18
489.359	1	10
489.529	1	11
489.700	1	-5
489.870	1	8
490.040	1	21
490.211	1	23
490.381	1	7
490.551	1	1
490.721	1	6
490.892	1	-14
491.062	1	4
491.232	1	14
491.402	1	13
491.573	1	11
491.743	1	14
491.913	1	8
492.084	1	4
492.254	1	8
492.424	1	16
492.594	1	-2
492.765	1	4
492.935	1	8
493.105	1	9
493.275	1	9
493.446	1	-3
493.616	1	3
493.786	1	2
493.956	1	23
494.127	1	11
494.297	1	3
494.467	1	0
494.637	1	15
494.808	1	11
494.978	1	14
495.148	1	5
495.318	1	17
495.489	1	-1
495.659	1	5
495.829	1	13
495.999	1	5
496.170	1	4
496.340	1	9
496.510	1	5
496.680	1	12
496.851	1	-1
497.021	1	2
497.191	1	16
497.361	1	15
497.532	1	-1
497.702	1	-3
497.872	1	10
498.042	1	7
498.213	1	16
498.383	1	12
498.553	1	10
498.723	1	3
498.894	1	7
499.064	1	-1
499.234	1	11
499.404	1	3
499.574	1	0
499.745	1	11
499.915	1	13
500.085	1	11
500.255	1	11
500.426	1	-9
500.596	1	16
500.766	1	13
500.936	1	8
501.106	1	0
501.277	1	2
501.447	1	4
501.617	1	5
501.787	1	4
501.958	1	-4
502.128	1	4
502.298	1	5
502.468	1	-1
502.638	1	10
502.809	1	-2
502.979	1	7
503.149	1	3
503.319	1	8
503.489	1	0
503.660	1	6
503.830	1	2
504.000	1	4
504.170	1	3
504.340	1	13
504.511	1	-1
504.681	1	12
504.851	1	9
505.021	1	8
505.192	1	9
505.362	1	16
505.532	1	7
505.702	1	13
505.872	1	3
506.043	1	8
506.213	1	11
506.383	1	6
506.553	1	14
506.723	1	0
506.893	1	13
507.064	1	2
507.234	1	16
507.404	1	10
507.574	1	-5
507.744	1	11
507.915	1	0
508.085	1	13
508.255	1	-1
508.425	1	-2
508.595	1	12
508.766	1	8
508.936	1	12
509.106	1	-2
509.276	1	12
509.446	1	-1
509.616	1	3
509.787	1	-2
509.957	1	14
510.127	1	1
510.297	1	15
510.467	1	6
510.638	1	10
510.808	1	5
510.978	1	6
511.148	1	18
511.318	1	-7
511.488	1	5
511.659	1	6
511.829	1	5
511.999	1	13
512.169	1	9
512.339	1	6
512.509	1	-5
512.680	1	-5
512.850	1	-4
513.020	1	9
513.190	1	14
513.360	1	6
513.530	1	4
513.700	1	6
513.871	1	5
514.041	1	11
514.211	1	17
514.381	1	-11
514.551	1	2
514.721	1	4
514.892	1	-5
515.062	1	12
515.232	1	-2
515.402	1	10
515.572	1	12
515.742	1	-1
515.912	1	-1
516.083	1	14
516.253	1	-5
516.423	1	0
516.593	1	2
516.763	1	-2
516.933	1	3
517.104	1	2
517.274	1	14
517.444	1	2
517.614	1	2
517.784	1	6
517.954	1	2
518.124	1	11
518.294	1	4
518.465	1	-5
518.635	1	9
518.805	1	6
518.975	1	3
519.145	1	6
519.315	1	-2
519.485	1	5
519.656	1	0
519.826	1	10
519.996	1	7
520.166	1	14
520.336	1	-2
520.506	1	-1
520.676	1	6
520.846	1	9
521.017	1	-1
521.187	1	1
521.357	1	3
521.527	1	-3
521.697	1	-2
521.867	1	-5
522.037	1	13
522.207	1	2
522.377	1	-2
522.548	1	2
522.718	1	9
522.888	1	11
523.058	1	0
523.228	1	5
523.398	1	14
523.568	1	5
523.738	1	-2
523.909	1	-1
524.079	1	7
524.249	1	8
524.419	1	8
524.589	1	3
524.759	1	-2
524.929	1	8
525.099	1	4
525.269	1	3
525.439	1	-7
525.610	1	0
525.780	1	6
525.950	1	11
526.120	1	6
526.290	1	11
526.460	1	-5
526.630	1	5
526.800	1	2
526.970	1	4
527.140	1	3
527.311	1	10
527.481	1	8
527.651	1	9
527.821	1	-14
527.991	1	7
528.161	1	-2
528.331	1	4
528.501	1	-3
528.671	1	6
528.841	1	-3
529.011	1	-1
529.181	1	3
529.352	1	5
529.522	1	3
529.692	1	3
529.862	1	0
530.032	1	13
530.202	1	-8
530.372	1	-1
530.542	1	1
530.712	1	6
530.882	1	-3
531.052	1	3
531.222	1	7
531.392	1	0
531.563	1	3
531.733	1	11
531.903	1	-4
532.073	1	3
532.243	1	0
532.413	1	10
532.583	1	-7
532.753	1	0
532.923	1	0
533.093	1	8
533.263	1	7
533.433	1	5
533.603	1	15
533.773	1	9
533.943	1	2
534.113	1	-1
534.284	1	-1
534.454	1	7
534.624	1	-1
534.794	1	-4
534.964	1	14
535.134	1	-3
535.304	1	8
535.474	1	6
535.644	1	6
535.814	1	-1
535.984	1	0
536.154	1	9
536.324	1	-5
536.494	1	3
536.664	1	12
536.834	1	-1
537.004	1	-1
537.174	1	0
537.344	1	5
537.514	1	5
537.685	1	9
537.855	1	-2
538.025	1	4
538.195	1	1
538.365	1	4
538.535	1	2
538.705	1	9
538.875	1	-4
539.045	1	-10
539.215	1	12
539.385	1	1
539.555	1	4
539.725	1	1
539.895	1	16
540.065	1	-7
540.235	1	-3
540.405	1	3
540.575	1	9
540.745	1	13
540.915	1	8
541.085	1	-7
541.255	1	14
541.425	1	0
541.595	1	-3
541.765	1	-9
541.935	1	10
542.105	1	0
542.275	1	1
542.445	1	1
542.615	1	12
542.785	1	0
542.955	1	0
543.125	1	12
543.295	1	7
543.465	1	15
543.635	1	2
543.805	1	-9
543.975	1	4
544.145	1	-2
544.315	1	9
544.485	1	-6
544.655	1	8
544.825	1	-1
544.995	1	-1
545.165	1	7
545.335	1	1
545.505	1	8
545.675	1	5
545.845	1	11
546.015	1	2
546.185	1	9
546.355	1	-1
546.525	1	5
546.695	1	7
546.865	1	-1
547.035	1	-2
547.205	1	13
547.375	1	10
547.545	1	2
547.715	1	-3
547.885	1	2
548.055	1	19
548.225	1	-4
548.395	1	-1
548.565	1	-2
548.735	1	-10
548.905	1	18
549.075	1	3
549.245	1	4
549.415	1	3
549.585	1	-1
549.755	1	0
549.925	1	2
550.095	1	4
550.265	1	7
550.435	1	10
550.605	1	-7
550.775	1	-1
550.945	1	-1
551.115	1	6
551.285	1	3
551.455	1	5
551.625	1	6
551.795	1	13
551.965	1	7
552.135	1	1
552.305	1	0
552.475	1	-6
552.645	1	7
552.815	1	4
552.985	1	-16
553.155	1	-2
553.325	1	2
553.495	1	10
553.665	1	5
553.835	1	8
554.004	1	5
554.174	1	-5
554.344	1	12
554.514	1	4
554.684	1	-8
554.854	1	3
555.024	1	-12
555.194	1	-1
555.364	1	-4
555.534	1	10
555.704	1	6
555.874	1	13
556.044	1	2
556.214	1	15
556.384	1	-2
556.554	1	2
556.724	1	-2
556.894	1	3
557.064	1	5
557.234	1	7
557.404	1	4
557.573	1	12
557.743	1	-10
557.913	1	-2
558.083	1	6
558.253	1	5
558.423	1	8
558.593	1	11
558.763	1	17
558.933	1	6
559.103	1	-4
559.273	1	4
559.443	1	3
559.613	1	-9
559.783	1	6
559.953	1	-11
560.122	1	-6
560.292	1	1
560.462	1	4
560.632	1	5
560.802	1	-5
560.972	1	2
561.142	1	-4
561.312	1	-4
561.482	1	16
561.652	1	-2
561.822	1	8
561.992	1	0
562.162	1	14
562.331	1	-6
562.501	1	1
562.671	1	-3
562.841	1	2
563.011	1	-3
563.181	1	7
563.351	1	-2
563.521	1	10
563.691	1	6
563.861	1	5
564.031	1	7
564.201	1	5
564.370	1	3
564.540	1	-2
564.710	1	3
564.880	1	3
565.050	1	6
565.220	1	6
565.390	1	5
565.560	1	7
565.730	1	-1
565.900	1	0
566.069	1	16
566.239	1	1
566.409	1	9
566.579	1	-3
566.749	1	-1
566.919	1	-9
567.089	1	2
567.259	1	9
567.429	1	-1
567.599	1	-3
567.768	1	-4
567.938	1	14
568.108	1	6
568.278	1	2
568.448	1	-6
568.618	1	8
568.788	1	7
568.958	1	10
569.128	1	0
569.297	1	8
569.467	1	-9
569.637	1	-1
569.807	1	4
569.977	1	12
570.147	1	0
570.317	1	3
570.487	1	-11
570.656	1	8
570.826	1	7
570.996	1	5
571.166	1	6
571.336	1	6
571.506	1	-3
571.676	1	5
571.846	1	7
572.015	1	-7
572.185	1	4
572.355	1	11
572.525	1	3
572.695	1	5
572.865	1	-4
573.035	1	11
573.205	1	-3
573.374	1	9
573.544	1	9
573.714	1	15
573.884	1	-9
574.054	1	10
574.224	1	9
574.394	1	2
574.563	1	3
574.733	1	-1
574.903	1	4
575.073	1	-2
575.243	1	3
575.413	1	-3
575.583	1	11
575.752	1	8
575.922	1	4
576.092	1	-1
576.262	1	-5
576.432	1	4
576.602	1	-1
576.772	1	4
576.941	1	-9
577.111	1	13
577.281	1	-2
577.451	1	9
577.621	1	4
577.791	1	5
577.960	1	0
578.130	1	-4
578.300	1	3
578.470	1	6
578.640	1	2
578.810	1	-7
578.979	1	0
579.149	1	3
579.319	1	-3
579.489	1	9
579.659	1	9
579.829	1	9
579.998	1	-5
580.168	1	2
580.338	1	3
580.508	1	10
580.678	1	8
580.848	1	7
581.017	1	-1
581.187	1	9
581.357	1	2
581.527	1	2
581.697	1	1
581.867	1	-3
582.036	1	11
582.206	1	2
582.376	1	-2
582.546	1	-2
582.716	1	-11
582.885	1	-1
583.055	1	3
583.225	1	6
583.395	1	-1
583.565	1	3
583.735	1	8
583.904	1	1
584.074	1	1
584.244	1	8
584.414	1	3
584.584	1	2
584.753	1	3
584.923	1	11
585.093	1	-4
585.263	1	0
585.433	1	-6
585.602	1	-2
585.772	1	5
585.942	1	-2
586.112	1	7
586.282	1	1
586.451	1	3
586.621	1	12
586.791	1	8
586.961	1	-2
587.131	1	8
587.300	1	3
587.470	1	10
587.640	1	9
587.810	1	5
587.980	1	-1
588.149	1	-5
588.319	1	3
588.489	1	-3
588.659	1	21
588.829	1	2
588.998	1	4
589.168	1	10
589.338	1	7
589.508	1	-1
589.677	1	-8
589.847	1	18
590.017	1	12
590.187	1	6
590.357	1	-3
590.526	1	0
590.696	1	8
590.866	1	11
591.036	1	20
591.205	1	5
591.375	1	-9
591.545	1	13
591.715	1	-5
591.885	1	11
592.054	1	-1
592.224	1	16
592.394	1	4
592.564	1	10
592.733	1	5
592.903	1	14
593.073	1	5
593.243	1	7
593.412	1	8
593.582	1	4
593.752	1	2
593.922	1	-3
594.091	1	2
594.261	1	6
594.431	1	12
594.601	1	-13
594.771	1	5
594.940	1	3
595.110	1	-5
595.280	1	5
595.450	1	9
595.619	1	0
595.789	1	-2
595.959	1	-1
596.129	1	13
596.298	1	5
596.468	1	9
596.638	1	-1
596.808	1	8
596.977	1	6
597.147	1	1
597.317	1	6
597.487	1	-9
597.656	1	-7
597.826	1	9
597.996	1	5
598.166	1	2
598.335	1	1
598.505	1	10
598.675	1	-5
598.844	1	0
599.014	1	0
599.184	1	13
599.354	1	-4
599.523	1	0
599.693	1	2
599.863	1	11
600.033	1	-10
600.202	1	-2
600.372	1	4
600.542	1	1
600.712	1	3
600.881	1	2
601.051	1	9
601.221	1	9
601.390	1	-7
601.560	1	-5
601.730	1	10
601.900	1	1
602.069	1	-1
602.239	1	24
602.409	1	7
602.578	1	-12
602.748	1	7
602.918	1	-1
603.088	1	11
603.257	1	2
603.427	1	-2
603.597	1	9
603.767	1	1
603.936	1	-7
604.106	1	0
604.276	1	5
604.445	1	1
604.615	1	2
604.785	1	9
604.954	1	1
605.124	1	4
605.294	1	1
605.464	1	10
605.633	1	0
605.803	1	1
605.973	1	11
606.142	1	3
606.312	1	5
606.482	1	8
606.652	1	3
606.821	1	-1
606.991	1	7
607.161	1	10
607.330	1	-7
607.500	1	-1
607.670	1	6
607.839	1	9
608.009	1	-1
608.179	1	4
608.348	1	9
608.518	1	7
608.688	1	15
608.858	1	11
609.027	1	19
609.197	1	-11
609.367	1	0
609.536	1	12
609.706	1	11
609.876	1	7
610.045	1	2
610.215	1	10
610.385	1	1
610.554	1	6
610.724	1	5
610.894	1	7
611.063	1	8
611.233	1	2
611.403	1	9
611.572	1	-5
611.742	1	-1
611.912	1	0
612.081	1	5
612.251	1	10
612.421	1	7
612.590	1	2
612.760	1	15
612.930	1	5
613.099	1	9
613.269	1	11
613.439	1	1
613.608	1	6
613.778	1	1
613.948	1	1
614.117	1	11
614.287	1	15
614.457	1	7
614.626	1	6
614.796	1	13
614.966	1	14
615.135	1	6
615.305	1	5
615.475	1	4
615.644	1	-2
615.814	1	-2
615.984	1	10
616.153	1	-2
616.323	1	17
616.493	1	9
616.662	1	-4
616.832	1	12
617.002	1	-5
617.171	1	-5
617.341	1	3
617.511	1	-2
617.680	1	16
617.850	1	10
618.019	1	12
618.189	1	8
618.359	1	8
618.528	1	7
618.698	1	-8
618.868	1	1
619.037	1	8
619.207	1	6
619.377	1	-1
619.546	1	3
619.716	1	4
619.885	1	2
620.055	1	-2
620.225	1	15
620.394	1	5
620.564	1	-3
620.734	1	4
620.903	1	7
621.073	1	4
621.242	1	9
621.412	1	11
621.582	1	5
621.751	1	0
621.921	1	4
622.091	1	4
622.260	1	5
622.430	1	2
622.599	1	18
622.769	1	-1
622.939	1	1
623.108	1	5
623.278	1	7
623.448	1	11
623.617	1	-8
623.787	1	-3
623.956	1	8
624.126	1	0
624.296	1	-8
624.465	1	-4
624.635	1	11
624.804	1	5
624.974	1	3
625.144	1	1
625.313	1	13
625.483	1	11
625.652	1	3
625.822	1	21
625.992	1	3
626.161	1	10
626.331	1	13
626.501	1	21
626.670	1	-6
626.840	1	1
627.009	1	13
627.179	1	13
627.348	1	5
627.518	1	3
627.688	1	11
627.857	1	17
628.027	1	4
628.196	1	5
628.366	1	7
628.536	1	11
628.705	1	-3
628.875	1	13
629.044	1	10
629.214	1	11
629.384	1	-6
629.553	1	1
629.723	1	4
629.892	1	10
630.062	1	6
630.232	1	3
630.401	1	8
630.571	1	12
630.740	1	5
630.910	1	9
631.079	1	13
631.249	1	9
631.419	1	0
631.588	1	12
631.758	1	13
631.927	1	-5
632.097	1	-3
632.266	1	7
632.436	1	-4
632.606	1	11
632.775	1	6
632.945	1	7
633.114	1	14
633.284	1	6
633.453	1	1
633.623	1	4
633.793	1	7
633.962	1	1
634.132	1	3
634.301	1	2
634.471	1	3
634.640	1	13
634.810	1	17
634.979	1	11
635.149	1	7
635.319	1	8
635.488	1	-3
635.658	1	10
635.827	1	-3
635.997	1	7
636.166	1	6
636.336	1	10
636.505	1	13
636.675	1	5
636.845	1	5
637.014	1	17
637.184	1	10
637.353	1	12
637.523	1	10
637.692	1	0
637.862	1	5
638.031	1	15
638.201	1	12
638.370	1	14
638.540	1	11
638.710	1	7
638.879	1	9
639.049	1	15
639.218	1	-3
639.388	1	3
639.557	1	18
639.727	1	4
639.896	1	11
640.066	1	11
640.235	1	14
640.405	1	10
640.574	1	9
640.744	1	15
640.914	1	9
641.083	1	2
641.253	1	5
641.422	1	0
641.592	1	0
641.761	1	8
641.931	1	13
642.100	1	0
642.270	1	6
642.439	1	8
642.609	1	1
642.778	1	-2
642.948	1	6
643.117	1	-5
643.287	1	6
643.456	1	5
643.626	1	11
643.795	1	-5
643.965	1	9
644.134	1	3
644.304	1	11
644.473	1	1
644.643	1	4
644.812	1	2
644.982	1	6
645.151	1	10
645.321	1	3
645.490	1	11
645.660	1	4
645.829	1	4
645.999	1	1
646.168	1	8
646.338	1	0
646.507	1	4
646.677	1	3
646.846	1	11
647.016	1	12
647.185	1	3
647.355	1	9
647.524	1	5
647.694	1	4
647.863	1	10
648.033	1	8
648.202	1	-1
648.372	1	7
648.541	1	4
648.711	1	10
648.880	1	8
649.050	1	1
649.219	1	13
649.389	1	1
649.558	1	9
649.728	1	5
649.897	1	5
650.067	1	-3
650.236	1	0
650.406	1	11
650.575	1	7
650.745	1	4
650.914	1	11
651.084	1	-1
651.253	1	6
651.423	1	23
651.592	1	13
651.762	1	12
651.931	1	10
652.101	1	12
652.270	1	4
652.440	1	-13
652.609	1	-3
652.778	1	-2
652.948	1	1
653.117	1	10
653.287	1	9
653.456	1	12
653.626	1	11
653.795	1	0
653.965	1	12
654.134	1	-4
654.304	1	3
654.473	1	13
654.643	1	3
654.812	1	-1
654.982	1	6
655.151	1	6
655.320	1	14
655.490	1	4
655.659	1	6
655.829	1	-1
655.998	1	10
656.168	1	5
656.337	1	6
656.507	1	2
656.676	1	9
656.846	1	5
657.015	1	6
657.184	1	7
657.354	1	-3
657.523	1	9
657.693	1	5
657.862	1	10
658.032	1	16
658.201	1	3
658.371	1	5
658.540	1	9
658.709	1	-7
658.879	1	11
659.048	1	13
659.218	1	13
659.387	1	5
659.557	1	-13
659.726	1	4
659.895	1	-6
660.065	1	7
660.234	1	-7
660.404	1	6
660.573	1	4
660.743	1	4
660.912	1	15
661.081	1	5
661.251	1	8
661.420	1	2
661.590	1	11
661.759	1	8
661.929	1	4
662.098	1	-3
662.267	1	11
662.437	1	2
662.606	1	7
662.776	1	-1
662.945	1	6
663.115	1	4
663.284	1	0
663.453	1	5
663.623	1	-4
663.792	1	2
663.962	1	1
664.131	1	7
664.300	1	-2
664.470	1	10
664.639	1	10
664.809	1	-2
664.978	1	-3
665.148	1	6
665.317	1	10
665.486	1	8
665.656	1	6
665.825	1	10
665.995	1	5
666.164	1	14
666.333	1	-5
666.503	1	0
666.672	1	1
666.842	1	-4
667.011	1	0
667.180	1	-4
667.350	1	9
667.519	1	-2
667.689	1	4
667.858	1	-1
668.027	1	13
668.197	1	7
668.366	1	14
668.536	1	6
668.705	1	5
668.874	1	14
669.044	1	-2
669.213	1	-4
669.382	1	3
669.552	1	10
669.721	1	3
669.891	1	10
670.060	1	11
670.229	1	10
670.399	1	1
670.568	1	-5
670.738	1	9
670.907	1	12
671.076	1	5
671.246	1	6
671.415	1	3
671.584	1	13
671.754	1	12
671.923	1	4
672.093	1	-3
672.262	1	-4
672.431	1	5
672.601	1	-13
672.770	1	5
672.939	1	-7
673.109	1	11
673.278	1	7
673.448	1	13
673.617	1	2
673.786	1	-11
