325.333	1	11
325.504	1	9
325.675	1	17
325.846	1	-6
326.017	1	-5
326.188	1	7
326.359	1	8
326.531	1	18
326.702	1	3
326.873	1	15
327.044	1	12
327.215	1	4
327.386	1	21
327.557	1	5
327.728	1	5
327.899	1	5
328.070	1	7
328.241	1	-4
328.412	1	-11
328.583	1	13
328.754	1	-1
328.926	1	11
329.097	1	8
329.268	1	15
329.439	1	5
329.610	1	8
329.781	1	1
329.952	1	8
330.123	1	-3
330.294	1	19
330.465	1	4
330.636	1	24
330.807	1	15
330.978	1	13
331.149	1	0
331.320	1	21
331.492	1	12
331.663	1	4
331.834	1	3
332.005	1	1
332.176	1	2
332.347	1	14
332.518	1	10
332.689	1	5
332.860	1	6
333.031	1	-3
333.202	1	7
333.373	1	13
333.544	1	10
333.715	1	0
333.886	1	2
334.057	1	16
334.228	1	8
334.399	1	2
334.570	1	9
334.741	1	-3
334.912	1	9
335.084	1	10
335.255	1	10
335.426	1	14
335.597	1	6
335.768	1	4
335.939	1	19
336.110	1	10
336.281	1	8
336.452	1	9
336.623	1	4
336.794	1	10
336.965	1	14
337.136	1	7
337.307	1	10
337.478	1	11
337.649	1	13
337.820	1	0
337.991	1	17
338.162	1	13
338.333	1	1
338.504	1	-1
338.675	1	13
338.846	1	13
339.017	1	2
339.188	1	19
339.359	1	13
339.530	1	10
339.701	1	16
339.872	1	7
340.043	1	10
340.214	1	-5
340.385	1	0
340.556	1	-1
340.727	1	14
340.898	1	15
341.069	1	6
341.240	1	8
341.411	1	17
341.582	1	12
341.753	1	14
341.924	1	14
342.095	1	3
342.266	1	-5
342.437	1	8
342.608	1	6
342.779	1	16
342.950	1	9
343.121	1	8
343.292	1	8
343.463	1	12
343.634	1	6
343.805	1	6
343.976	1	5
344.147	1	7
344.318	1	12
344.489	1	9
344.660	1	25
344.831	1	4
345.002	1	8
345.173	1	11
345.344	1	7
345.515	1	8
345.686	1	8
345.857	1	8
346.028	1	16
346.199	1	10
346.370	1	6
346.541	1	11
346.712	1	-1
346.883	1	18
347.054	1	7
347.225	1	8
347.396	1	0
347.567	1	13
347.738	1	14
347.909	1	4
348.080	1	0
348.251	1	10
348.422	1	7
348.593	1	-1
348.764	1	13
348.935	1	0
349.106	1	3
349.277	1	14
349.448	1	2
349.619	1	2
349.790	1	11
349.961	1	7
350.132	1	1
350.303	1	9
350.474	1	6
350.645	1	4
350.816	1	1
350.987	1	1
351.157	1	9
351.328	1	6
351.499	1	20
351.670	1	5
351.841	1	12
352.012	1	21
352.183	1	11
352.354	1	12
352.525	1	6
352.696	1	8
352.867	1	12
353.038	1	15
353.209	1	3
353.380	1	10
353.551	1	-3
353.722	1	0
353.893	1	4
354.064	1	17
354.235	1	7
354.406	1	10
354.576	1	4
354.747	1	2
354.918	1	13
355.089	1	12
355.260	1	2
355.431	1	-3
355.602	1	-1
355.773	1	7
355.944	1	2
356.115	1	-6
356.286	1	1
356.457	1	7
356.628	1	5
356.799	1	3
356.970	1	2
357.141	1	2
357.311	1	4
357.482	1	12
357.653	1	4
357.824	1	5
357.995	1	11
358.166	1	8
358.337	1	10
358.508	1	3
358.679	1	8
358.850	1	11
359.021	1	1
359.192	1	6
359.363	1	8
359.533	1	-3
359.704	1	4
359.875	1	5
360.046	1	7
360.217	1	10
360.388	1	6
360.559	1	11
360.730	1	-3
360.901	1	19
361.072	1	3
361.243	1	9
361.414	1	9
361.584	1	3
361.755	1	4
361.926	1	1
362.097	1	-3
362.268	1	6
362.439	1	9
362.610	1	15
362.781	1	-1
362.952	1	1
363.123	1	0
363.293	1	6
363.464	1	-2
363.635	1	16
363.806	1	2
363.977	1	14
364.148	1	2
364.319	1	10
364.490	1	0
364.661	1	-2
364.832	1	14
365.002	1	1
365.173	1	5
365.344	1	-3
365.515	1	5
365.686	1	9
365.857	1	11
366.028	1	6
366.199	1	-5
366.370	1	-5
366.540	1	-1
366.711	1	4
366.882	1	12
367.053	1	4
367.224	1	-8
367.395	1	2
367.566	1	-2
367.737	1	10
367.908	1	8
368.078	1	2
368.249	1	-2
368.420	1	13
368.591	1	6
368.762	1	12
368.933	1	11
369.104	1	0
369.274	1	3
369.445	1	2
369.616	1	3
369.787	1	9
369.958	1	6
370.129	1	5
370.300	1	-3
370.471	1	12
370.641	1	10
370.812	1	-3
370.983	1	5
371.154	1	13
371.325	1	11
371.496	1	-2
371.667	1	-4
371.837	1	6
372.008	1	3
372.179	1	5
372.350	1	-1
372.521	1	-5
372.692	1	2
372.863	1	11
373.033	1	11
373.204	1	9
373.375	1	7
373.546	1	5
373.717	1	5
373.888	1	2
374.059	1	12
374.229	1	6
374.400	1	11
374.571	1	6
374.742	1	10
374.913	1	1
375.084	1	5
375.254	1	15
375.425	1	9
375.596	1	13
375.767	1	5
375.938	1	4
376.109	1	3
376.279	1	4
376.450	1	12
376.621	1	3
376.792	1	7
376.963	1	16
377.134	1	6
377.304	1	-2
377.475	1	12
377.646	1	1
377.817	1	7
377.988	1	5
378.159	1	6
378.329	1	8
378.500	1	6
378.671	1	8
378.842	1	10
379.013	1	19
379.184	1	6
379.354	1	-6
379.525	1	5
379.696	1	-2
379.867	1	11
380.038	1	9
380.209	1	6
380.379	1	8
380.550	1	-2
380.721	1	13
380.892	1	10
381.063	1	6
381.233	1	8
381.404	1	16
381.575	1	6
381.746	1	-8
381.917	1	3
382.087	1	8
382.258	1	18
382.429	1	13
382.600	1	12
382.771	1	5
382.941	1	14
383.112	1	-4
383.283	1	0
383.454	1	6
383.625	1	10
383.795	1	19
383.966	1	19
384.137	1	3
384.308	1	9
384.479	1	18
384.649	1	15
384.820	1	13
384.991	1	16
385.162	1	13
385.333	1	-2
385.503	1	0
385.674	1	18
385.845	1	8
386.016	1	23
386.187	1	14
386.357	1	4
386.528	1	11
386.699	1	2
386.870	1	13
387.041	1	10
387.211	1	10
387.382	1	12
387.553	1	5
387.724	1	-4
387.894	1	14
388.065	1	13
388.236	1	16
388.407	1	8
388.578	1	14
388.748	1	7
388.919	1	10
389.090	1	16
389.261	1	-2
389.431	1	21
389.602	1	19
389.773	1	9
389.944	1	7
390.114	1	3
390.285	1	28
390.456	1	14
390.627	1	15
390.798	1	8
390.968	1	21
391.139	1	5
391.310	1	9
391.481	1	8
391.651	1	16
391.822	1	13
391.993	1	7
392.164	1	-1
392.334	1	10
392.505	1	13
392.676	1	5
392.847	1	6
393.017	1	15
393.188	1	10
393.359	1	17
393.530	1	18
393.700	1	19
393.871	1	12
394.042	1	0
394.213	1	16
394.383	1	8
394.554	1	4
394.725	1	31
394.896	1	24
395.066	1	14
395.237	1	16
395.408	1	-1
395.579	1	3
395.749	1	8
395.920	1	7
396.091	1	6
396.262	1	6
396.432	1	13
396.603	1	6
396.774	1	19
396.945	1	11
397.115	1	22
397.286	1	5
397.457	1	17
397.627	1	2
397.798	1	11
397.969	1	11
398.140	1	6
398.310	1	21
398.481	1	12
398.652	1	15
398.823	1	15
398.993	1	10
399.164	1	3
399.335	1	12
399.505	1	9
399.676	1	11
399.847	1	14
400.018	1	21
400.188	1	13
400.359	1	10
400.530	1	26
400.700	1	13
400.871	1	14
401.042	1	11
401.213	1	13
401.383	1	16
401.554	1	12
401.725	1	16
401.895	1	6
402.066	1	8
402.237	1	23
402.408	1	19
402.578	1	15
402.749	1	18
402.920	1	11
403.090	1	2
403.261	1	3
403.432	1	6
403.603	1	15
403.773	1	18
403.944	1	17
404.115	1	11
404.285	1	12
404.456	1	18
404.627	1	21
404.797	1	11
404.968	1	11
405.139	1	14
405.310	1	16
405.480	1	14
405.651	1	17
405.822	1	9
405.992	1	24
406.163	1	14
406.334	1	18
406.504	1	18
406.675	1	13
406.846	1	9
407.016	1	17
407.187	1	18
407.358	1	12
407.528	1	11
407.699	1	15
407.870	1	18
408.041	1	22
408.211	1	14
408.382	1	14
408.553	1	11
408.723	1	26
408.894	1	2
409.065	1	8
409.235	1	7
409.406	1	19
409.577	1	18
409.747	1	13
409.918	1	14
410.089	1	21
410.259	1	17
410.430	1	11
410.601	1	23
410.771	1	17
410.942	1	16
411.113	1	18
411.283	1	15
411.454	1	23
411.625	1	21
411.795	1	20
411.966	1	22
412.137	1	15
412.307	1	5
412.478	1	16
412.649	1	21
412.819	1	21
412.990	1	26
413.161	1	21
413.331	1	18
413.502	1	27
413.672	1	3
413.843	1	21
414.014	1	17
414.184	1	24
414.355	1	14
414.526	1	22
414.696	1	13
414.867	1	22
415.038	1	14
415.208	1	8
415.379	1	16
415.550	1	28
415.720	1	15
415.891	1	24
416.062	1	20
416.232	1	22
416.403	1	13
416.573	1	23
416.744	1	19
416.915	1	12
417.085	1	19
417.256	1	16
417.427	1	26
417.597	1	19
417.768	1	15
417.939	1	7
418.109	1	26
418.280	1	23
418.450	1	28
418.621	1	9
418.792	1	14
418.962	1	32
419.133	1	24
419.304	1	19
419.474	1	11
419.645	1	18
419.815	1	30
419.986	1	20
420.157	1	23
420.327	1	16
420.498	1	13
420.669	1	10
420.839	1	14
421.010	1	16
421.180	1	23
421.351	1	6
421.522	1	10
421.692	1	26
421.863	1	25
422.033	1	16
422.204	1	22
422.375	1	32
422.545	1	31
422.716	1	21
422.886	1	19
423.057	1	15
423.228	1	17
423.398	1	23
423.569	1	13
423.740	1	24
423.910	1	28
424.081	1	21
424.251	1	15
424.422	1	21
424.593	1	14
424.763	1	24
424.934	1	11
425.104	1	28
425.275	1	14
425.445	1	30
425.616	1	18
425.787	1	29
425.957	1	32
426.128	1	19
426.298	1	15
426.469	1	30
426.640	1	7
426.810	1	21
426.981	1	15
427.151	1	16
427.322	1	25
427.493	1	28
427.663	1	20
427.834	1	9
428.004	1	27
428.175	1	7
428.345	1	22
428.516	1	13
428.687	1	17
428.857	1	1
429.028	1	19
429.198	1	6
429.369	1	28
429.540	1	14
429.710	1	17
429.881	1	23
430.051	1	14
430.222	1	20
430.392	1	22
430.563	1	26
430.734	1	25
430.904	1	7
431.075	1	19
431.245	1	18
431.416	1	9
431.586	1	11
431.757	1	16
431.927	1	16
432.098	1	15
432.269	1	27
432.439	1	20
432.610	1	12
432.780	1	9
432.951	1	10
433.121	1	14
433.292	1	16
433.462	1	27
433.633	1	26
433.804	1	24
433.974	1	21
434.145	1	23
434.315	1	19
434.486	1	18
434.656	1	22
434.827	1	17
434.997	1	22
435.168	1	20
435.339	1	17
435.509	1	14
435.680	1	12
435.850	1	11
436.021	1	22
436.191	1	12
436.362	1	30
436.532	1	12
436.703	1	26
436.873	1	22
437.044	1	26
437.214	1	21
437.385	1	15
437.556	1	14
437.726	1	11
437.897	1	9
438.067	1	18
438.238	1	14
438.408	1	18
438.579	1	22
438.749	1	20
438.920	1	14
439.090	1	36
439.261	1	19
439.431	1	19
439.602	1	25
439.772	1	13
439.943	1	17
440.113	1	19
440.284	1	12
440.455	1	6
440.625	1	22
440.796	1	26
440.966	1	14
441.137	1	9
441.307	1	17
441.478	1	12
441.648	1	16
441.819	1	14
441.989	1	21
442.160	1	23
442.330	1	16
442.501	1	6
442.671	1	22
442.842	1	19
443.012	1	21
443.183	1	14
443.353	1	10
443.524	1	7
443.694	1	11
443.865	1	14
444.035	1	20
444.206	1	13
444.376	1	19
444.547	1	11
444.717	1	22
444.888	1	21
445.058	1	28
445.229	1	14
445.399	1	9
445.570	1	29
445.740	1	6
445.911	1	6
446.081	1	23
446.252	1	-2
446.422	1	6
446.593	1	22
446.763	1	10
446.934	1	6
447.104	1	15
447.275	1	11
447.445	1	24
447.616	1	23
447.786	1	10
447.957	1	8
448.127	1	5
448.298	1	4
448.468	1	20
448.639	1	22
448.809	1	26
448.979	1	4
449.150	1	18
449.320	1	17
449.491	1	31
449.661	1	17
449.832	1	0
450.002	1	16
450.173	1	5
450.343	1	8
450.514	1	12
450.684	1	18
450.855	1	10
451.025	1	18
451.196	1	22
451.366	1	19
451.537	1	7
451.707	1	16
451.878	1	10
452.048	1	15
452.218	1	16
452.389	1	24
452.559	1	20
452.730	1	12
452.900	1	18
453.071	1	24
453.241	1	24
453.412	1	16
453.582	1	22
453.753	1	20
453.923	1	6
454.093	1	1
454.264	1	19
454.434	1	12
454.605	1	15
454.775	1	14
454.946	1	7
455.116	1	12
455.287	1	20
455.457	1	13
455.628	1	4
455.798	1	5
455.968	1	7
456.139	1	15
456.309	1	22
456.480	1	20
456.650	1	16
456.821	1	14
456.991	1	10
457.161	1	13
457.332	1	10
457.502	1	17
457.673	1	7
457.843	1	20
458.014	1	10
458.184	1	7
458.355	1	20
458.525	1	22
458.695	1	8
458.866	1	7
459.036	1	14
459.207	1	11
459.377	1	12
459.548	1	7
459.718	1	12
459.888	1	10
460.059	1	12
460.229	1	10
460.400	1	26
460.570	1	13
460.740	1	-2
460.911	1	22
461.081	1	6
461.252	1	9
461.422	1	11
461.593	1	23
461.763	1	13
461.933	1	17
462.104	1	5
462.274	1	12
462.445	1	1
462.615	1	15
462.785	1	4
462.956	1	2
463.126	1	10
463.297	1	16
463.467	1	8
463.638	1	11
463.808	1	12
463.978	1	8
464.149	1	13
464.319	1	5
464.490	1	6
464.660	1	0
464.830	1	11
465.001	1	13
465.171	1	10
465.342	1	5
465.512	1	2
465.682	1	17
465.853	1	13
466.023	1	7
466.194	1	16
466.364	1	17
466.534	1	1
466.705	1	5
466.875	1	0
467.045	1	15
467.216	1	24
467.386	1	15
467.557	1	9
467.727	1	12
467.897	1	7
468.068	1	6
468.238	1	0
468.409	1	3
468.579	1	8
468.749	1	18
468.920	1	19
469.090	1	10
469.260	1	3
469.431	1	7
469.601	1	18
469.772	1	-7
469.942	1	1
470.112	1	3
470.283	1	10
470.453	1	1
470.623	1	4
470.794	1	-10
470.964	1	6
471.135	1	3
471.305	1	5
471.475	1	12
471.646	1	18
471.816	1	6
471.986	1	23
472.157	1	8
472.327	1	-3
472.497	1	-1
472.668	1	9
472.838	1	5
473.009	1	15
473.179	1	2
473.349	1	6
473.520	1	3
473.690	1	15
473.860	1	4
474.031	1	23
474.201	1	8
474.371	1	27
474.542	1	17
474.712	1	10
474.882	1	0
475.053	1	8
475.223	1	6
475.394	1	6
475.564	1	8
475.734	1	11
475.905	1	2
476.075	1	12
476.245	1	-6
476.416	1	6
476.586	1	16
476.756	1	1
476.927	1	1
477.097	1	0
477.267	1	7
477.438	1	12
477.608	1	3
477.778	1	10
477.949	1	11
478.119	1	14
478.289	1	5
478.460	1	4
478.630	1	11
478.800	1	12
478.971	1	1
479.141	1	10
479.311	1	10
479.482	1	10
479.652	1	7
479.822	1	3
479.993	1	3
480.163	1	11
480.333	1	3
480.504	1	7
480.674	1	-6
480.844	1	7
481.015	1	6
481.185	1	16
481.355	1	10
481.525	1	3
481.696	1	8
481.866	1	7
482.036	1	1
482.207	1	12
482.377	1	4
482.547	1	8
482.718	1	6
482.888	1	11
483.058	1	15
483.229	1	11
483.399	1	8
483.569	1	4
483.740	1	4
483.910	1	8
484.080	1	18
484.250	1	7
484.421	1	12
484.591	1	6
484.761	1	-3
484.932	1	7
485.102	1	-3
485.272	1	1
485.443	1	10
485.613	1	9
485.783	1	6
485.953	1	10
486.124	1	10
486.294	1	19
486.464	1	9
486.635	1	9
486.805	1	8
486.975	1	0
487.146	1	-1
487.316	1	7
487.486	1	6
487.656	1	16
487.827	1	5
487.997	1	6
488.167	1	11
488.338	1	19
488.508	1	13
488.678	1	2
488.848	1	12
489.019	1	-6
489.189	1	-1
489.359	1	4
489.529	1	10
489.700	1	0
489.870	1	10
490.040	1	7
490.211	1	17
490.381	1	15
490.551	1	1
490.721	1	15
490.892	1	-11
491.062	1	5
491.232	1	14
491.402	1	8
491.573	1	19
491.743	1	11
491.913	1	17
492.084	1	-1
492.254	1	6
492.424	1	12
492.594	1	4
492.765	1	-7
492.935	1	9
493.105	1	1
493.275	1	5
493.446	1	1
493.616	1	2
493.786	1	5
493.956	1	13
494.127	1	2
494.297	1	3
494.467	1	3
494.637	1	6
494.808	1	9
494.978	1	5
495.148	1	2
495.318	1	17
495.489	1	6
495.659	1	7
495.829	1	15
495.999	1	7
496.170	1	6
496.340	1	6
496.510	1	2
496.680	1	18
496.851	1	7
497.021	1	14
497.191	1	21
497.361	1	8
497.532	1	6
497.702	1	6
497.872	1	3
498.042	1	10
498.213	1	14
498.383	1	12
498.553	1	8
498.723	1	2
498.894	1	0
499.064	1	6
499.234	1	10
499.404	1	14
499.574	1	1
499.745	1	1
499.915	1	13
500.085	1	2
500.255	1	2
500.426	1	7
500.596	1	3
500.766	1	9
500.936	1	6
501.106	1	3
501.277	1	7
501.447	1	6
501.617	1	0
501.787	1	14
501.958	1	-2
502.128	1	10
502.298	1	-5
502.468	1	1
502.638	1	2
502.809	1	7
502.979	1	6
503.149	1	4
503.319	1	8
503.489	1	9
503.660	1	-1
503.830	1	-1
504.000	1	2
504.170	1	-3
504.340	1	1
504.511	1	2
504.681	1	6
504.851	1	10
505.021	1	9
505.192	1	8
505.362	1	6
505.532	1	4
505.702	1	3
505.872	1	6
506.043	1	0
506.213	1	-3
506.383	1	2
506.553	1	1
506.723	1	3
506.893	1	9
507.064	1	0
507.234	1	13
507.404	1	10
507.574	1	-3
507.744	1	2
507.915	1	2
508.085	1	7
508.255	1	2
508.425	1	8
508.595	1	13
508.766	1	1
508.936	1	4
509.106	1	13
509.276	1	2
509.446	1	-4
509.616	1	3
509.787	1	2
509.957	1	12
510.127	1	-2
510.297	1	8
510.467	1	10
510.638	1	7
510.808	1	1
510.978	1	6
511.148	1	2
511.318	1	-5
511.488	1	12
511.659	1	6
511.829	1	3
511.999	1	8
512.169	1	14
512.339	1	0
512.509	1	5
512.680	1	0
512.850	1	0
513.020	1	3
513.190	1	6
513.360	1	2
513.530	1	1
513.700	1	16
513.871	1	10
514.041	1	9
514.211	1	16
514.381	1	-2
514.551	1	-4
514.721	1	6
514.892	1	-1
515.062	1	-1
515.232	1	-4
515.402	1	10
515.572	1	13
515.742	1	-2
515.912	1	4
516.083	1	8
516.253	1	-3
516.423	1	6
516.593	1	5
516.763	1	-4
516.933	1	-10
517.104	1	-6
517.274	1	13
517.444	1	-7
517.614	1	-2
517.784	1	6
517.954	1	12
518.124	1	3
518.294	1	6
518.465	1	-2
518.635	1	10
518.805	1	0
518.975	1	5
519.145	1	7
519.315	1	4
519.485	1	5
519.656	1	2
519.826	1	9
519.996	1	4
520.166	1	5
520.336	1	5
520.506	1	13
520.676	1	2
520.846	1	12
521.017	1	7
521.187	1	8
521.357	1	7
521.527	1	1
521.697	1	1
521.867	1	-4
522.037	1	13
522.207	1	6
522.377	1	4
522.548	1	8
522.718	1	12
522.888	1	8
523.058	1	13
523.228	1	-6
523.398	1	8
523.568	1	2
523.738	1	5
523.909	1	2
524.079	1	8
524.249	1	2
524.419	1	2
524.589	1	-7
524.759	1	2
524.929	1	-8
525.099	1	3
525.269	1	-5
525.439	1	-1
525.610	1	-2
525.780	1	4
525.950	1	6
526.120	1	7
526.290	1	14
526.460	1	7
526.630	1	-1
526.800	1	-7
526.970	1	4
527.140	1	9
527.311	1	8
527.481	1	7
527.651	1	7
527.821	1	-15
527.991	1	-5
528.161	1	6
528.331	1	1
528.501	1	4
528.671	1	3
528.841	1	9
529.011	1	-6
529.181	1	7
529.352	1	1
529.522	1	0
529.692	1	4
529.862	1	2
530.032	1	10
530.202	1	1
530.372	1	6
530.542	1	-1
530.712	1	-2
530.882	1	-6
531.052	1	0
531.222	1	8
531.392	1	2
531.563	1	-2
531.733	1	10
531.903	1	-1
532.073	1	7
532.243	1	8
532.413	1	5
532.583	1	4
532.753	1	7
532.923	1	-2
533.093	1	-1
533.263	1	1
533.433	1	-3
533.603	1	9
533.773	1	0
533.943	1	5
534.113	1	3
534.284	1	4
534.454	1	0
534.624	1	7
534.794	1	4
534.964	1	16
535.134	1	2
535.304	1	8
535.474	1	9
535.644	1	5
535.814	1	-1
535.984	1	21
536.154	1	11
536.324	1	1
536.494	1	1
536.664	1	9
536.834	1	5
537.004	1	3
537.174	1	-2
537.344	1	10
537.514	1	-4
537.685	1	5
537.855	1	1
538.025	1	2
538.195	1	10
538.365	1	7
538.535	1	6
538.705	1	-7
538.875	1	1
539.045	1	-3
539.215	1	18
539.385	1	6
539.555	1	1
539.725	1	9
539.895	1	20
540.065	1	0
540.235	1	2
540.405	1	2
540.575	1	6
540.745	1	0
540.915	1	-6
541.085	1	-1
541.255	1	11
541.425	1	2
541.595	1	-2
541.765	1	0
541.935	1	9
542.105	1	3
542.275	1	0
542.445	1	-6
542.615	1	0
542.785	1	3
542.955	1	13
543.125	1	4
543.295	1	7
543.465	1	7
543.635	1	11
543.805	1	0
543.975	1	2
544.145	1	-2
544.315	1	11
544.485	1	0
544.655	1	0
544.825	1	2
544.995	1	-5
545.165	1	8
545.335	1	4
545.505	1	6
545.675	1	11
545.845	1	7
546.015	1	7
546.185	1	13
546.355	1	6
546.525	1	-3
546.695	1	8
546.865	1	2
547.035	1	2
547.205	1	-5
547.375	1	7
547.545	1	0
547.715	1	-2
547.885	1	2
548.055	1	13
548.225	1	8
548.395	1	-4
548.565	1	4
548.735	1	-16
548.905	1	2
549.075	1	2
549.245	1	7
549.415	1	6
549.585	1	8
549.755	1	-7
549.925	1	8
550.095	1	0
550.265	1	8
550.435	1	-1
550.605	1	1
550.775	1	4
550.945	1	1
551.115	1	10
551.285	1	3
551.455	1	6
551.625	1	9
551.795	1	9
551.965	1	5
552.135	1	-4
552.305	1	3
552.475	1	9
552.645	1	7
552.815	1	-2
552.985	1	-4
553.155	1	11
553.325	1	0
553.495	1	3
553.665	1	11
553.835	1	14
554.004	1	4
554.174	1	-14
554.344	1	5
554.514	1	0
554.684	1	1
554.854	1	-1
555.024	1	-7
555.194	1	10
555.364	1	-1
555.534	1	3
555.704	1	8
555.874	1	11
556.044	1	3
556.214	1	1
556.384	1	-8
556.554	1	-1
556.724	1	7
556.894	1	-2
557.064	1	8
557.234	1	9
557.404	1	-10
557.573	1	7
557.743	1	-9
557.913	1	1
558.083	1	0
558.253	1	-6
558.423	1	10
558.593	1	13
558.763	1	6
558.933	1	2
559.103	1	8
559.273	1	3
559.443	1	-5
559.613	1	-7
559.783	1	-1
559.953	1	-5
560.122	1	-6
560.292	1	4
560.462	1	-11
560.632	1	6
560.802	1	0
560.972	1	6
561.142	1	-8
561.312	1	-3
561.482	1	11
561.652	1	17
561.822	1	2
561.992	1	5
562.162	1	7
562.331	1	5
562.501	1	-2
562.671	1	5
562.841	1	6
563.011	1	0
563.181	1	0
563.351	1	1
563.521	1	-1
563.691	1	-5
563.861	1	4
564.031	1	12
564.201	1	4
564.370	1	0
564.540	1	-2
564.710	1	-2
564.880	1	3
565.050	1	8
565.220	1	13
565.390	1	0
565.560	1	6
565.730	1	2
565.900	1	7
566.069	1	11
566.239	1	4
566.409	1	3
566.579	1	-8
566.749	1	-1
566.919	1	-6
567.089	1	3
567.259	1	2
567.429	1	-6
567.599	1	10
567.768	1	-2
567.938	1	3
568.108	1	1
568.278	1	1
568.448	1	-5
568.618	1	10
568.788	1	8
568.958	1	1
569.128	1	-12
569.297	1	7
569.467	1	-6
569.637	1	16
569.807	1	4
569.977	1	13
570.147	1	6
570.317	1	5
570.487	1	-10
570.656	1	7
570.826	1	7
570.996	1	10
571.166	1	5
571.336	1	10
571.506	1	1
571.676	1	11
571.846	1	2
572.015	1	-8
572.185	1	2
572.355	1	-6
572.525	1	7
572.695	1	2
572.865	1	0
573.035	1	10
573.205	1	-10
573.374	1	10
573.544	1	-1
573.714	1	4
573.884	1	-3
574.054	1	7
574.224	1	8
574.394	1	-5
574.563	1	6
574.733	1	10
574.903	1	-1
575.073	1	7
575.243	1	8
575.413	1	-5
575.583	1	0
575.752	1	-4
575.922	1	10
576.092	1	5
576.262	1	6
576.432	1	5
576.602	1	1
576.772	1	-5
576.941	1	1
577.111	1	6
577.281	1	2
577.451	1	1
577.621	1	-2
577.791	1	5
577.960	1	4
578.130	1	-5
578.300	1	6
578.470	1	4
578.640	1	4
578.810	1	-7
578.979	1	2
579.149	1	-1
579.319	1	4
579.489	1	7
579.659	1	14
579.829	1	14
579.998	1	4
580.168	1	2
580.338	1	-3
580.508	1	10
580.678	1	2
580.848	1	-16
581.017	1	1
581.187	1	3
581.357	1	4
581.527	1	1
581.697	1	-4
581.867	1	3
582.036	1	7
582.206	1	7
582.376	1	6
582.546	1	-2
582.716	1	3
582.885	1	-8
583.055	1	6
583.225	1	13
583.395	1	4
583.565	1	3
583.735	1	11
583.904	1	8
584.074	1	7
584.244	1	14
584.414	1	-5
584.584	1	3
584.753	1	-1
584.923	1	9
585.093	1	-1
585.263	1	3
585.433	1	-4
585.602	1	1
585.772	1	11
585.942	1	4
586.112	1	5
586.282	1	4
586.451	1	-1
586.621	1	8
586.791	1	2
586.961	1	0
587.131	1	0
587.300	1	6
587.470	1	16
587.640	1	7
587.810	1	-1
587.980	1	-5
588.149	1	2
588.319	1	9
588.489	1	10
588.659	1	16
588.829	1	0
588.998	1	0
589.168	1	3
589.338	1	0
589.508	1	-10
589.677	1	-10
589.847	1	15
590.017	1	9
590.187	1	0
590.357	1	1
590.526	1	0
590.696	1	2
590.866	1	4
591.036	1	10
591.205	1	-3
591.375	1	-2
591.545	1	14
591.715	1	6
591.885	1	-1
592.054	1	2
592.224	1	10
592.394	1	-4
592.564	1	1
592.733	1	10
592.903	1	11
593.073	1	-1
593.243	1	4
593.412	1	16
593.582	1	-6
593.752	1	6
593.922	1	-4
594.091	1	11
594.261	1	2
594.431	1	13
594.601	1	3
594.771	1	2
594.940	1	-11
595.110	1	-1
595.280	1	-2
595.450	1	11
595.619	1	-2
595.789	1	-1
595.959	1	8
596.129	1	14
596.298	1	7
596.468	1	5
596.638	1	2
596.808	1	7
596.977	1	9
597.147	1	3
597.317	1	-2
597.487	1	0
597.656	1	-4
597.826	1	3
597.996	1	2
598.166	1	1
598.335	1	1
598.505	1	9
598.675	1	9
598.844	1	3
599.014	1	-5
599.184	1	5
599.354	1	0
599.523	1	6
599.693	1	12
599.863	1	4
600.033	1	-8
600.202	1	3
600.372	1	2
600.542	1	1
600.712	1	2
600.881	1	8
601.051	1	-2
601.221	1	7
601.390	1	-1
601.560	1	3
601.730	1	9
601.900	1	-4
602.069	1	-1
602.239	1	21
602.409	1	0
602.578	1	0
602.748	1	-2
602.918	1	4
603.088	1	7
603.257	1	9
603.427	1	0
603.597	1	14
603.767	1	-3
603.936	1	-4
604.106	1	7
604.276	1	0
604.445	1	-1
604.615	1	6
604.785	1	10
604.954	1	3
605.124	1	17
605.294	1	9
605.464	1	1
605.633	1	11
605.803	1	0
605.973	1	21
606.142	1	6
606.312	1	7
606.482	1	-5
606.652	1	9
606.821	1	-6
606.991	1	16
607.161	1	-5
607.330	1	1
607.500	1	-6
607.670	1	-5
607.839	1	-7
608.009	1	15
608.179	1	11
608.348	1	17
608.518	1	6
608.688	1	10
608.858	1	10
609.027	1	16
609.197	1	-7
609.367	1	0
609.536	1	2
609.706	1	-1
609.876	1	5
610.045	1	3
610.215	1	21
610.385	1	-1
610.554	1	13
610.724	1	-1
610.894	1	15
611.063	1	-1
611.233	1	-3
611.403	1	2
611.572	1	-10
611.742	1	5
611.912	1	-1
612.081	1	2
612.251	1	4
612.421	1	4
612.590	1	11
612.760	1	3
612.930	1	1
613.099	1	8
613.269	1	7
613.439	1	-2
613.608	1	1
613.778	1	12
613.948	1	3
614.117	1	3
614.287	1	26
614.457	1	5
614.626	1	8
614.796	1	9
614.966	1	13
615.135	1	5
615.305	1	7
615.475	1	-2
615.644	1	1
615.814	1	-4
615.984	1	15
616.153	1	-4
616.323	1	16
616.493	1	6
616.662	1	5
616.832	1	5
617.002	1	-6
617.171	1	-3
617.341	1	1
617.511	1	-4
617.680	1	6
617.850	1	6
618.019	1	9
618.189	1	8
618.359	1	4
618.528	1	9
618.698	1	0
618.868	1	-5
619.037	1	16
619.207	1	0
619.377	1	6
619.546	1	-1
619.716	1	-1
619.885	1	7
620.055	1	-8
620.225	1	13
620.394	1	2
620.564	1	7
620.734	1	-5
620.903	1	5
621.073	1	2
621.242	1	12
621.412	1	2
621.582	1	9
621.751	1	-3
621.921	1	3
622.091	1	10
622.260	1	8
622.430	1	1
622.599	1	13
622.769	1	7
622.939	1	7
623.108	1	14
623.278	1	8
623.448	1	9
623.617	1	3
623.787	1	-5
623.956	1	18
624.126	1	-4
624.296	1	0
624.465	1	-1
624.635	1	13
624.804	1	5
624.974	1	2
625.144	1	-1
625.313	1	7
625.483	1	12
625.652	1	-5
625.822	1	10
625.992	1	0
626.161	1	12
626.331	1	11
626.501	1	18
626.670	1	-9
626.840	1	9
627.009	1	12
627.179	1	5
627.348	1	5
627.518	1	4
627.688	1	-2
627.857	1	17
628.027	1	8
628.196	1	4
628.366	1	7
628.536	1	15
628.705	1	-5
628.875	1	4
629.044	1	-4
629.214	1	8
629.384	1	6
629.553	1	-1
629.723	1	0
629.892	1	14
630.062	1	13
630.232	1	0
630.401	1	9
630.571	1	9
630.740	1	11
630.910	1	4
631.079	1	13
631.249	1	10
631.419	1	5
631.588	1	15
631.758	1	5
631.927	1	-9
632.097	1	10
632.266	1	0
632.436	1	13
632.606	1	17
632.775	1	14
632.945	1	8
633.114	1	1
633.284	1	7
633.453	1	-5
633.623	1	11
633.793	1	18
633.962	1	4
634.132	1	3
634.301	1	13
634.471	1	6
634.640	1	9
634.810	1	6
634.979	1	17
635.149	1	10
635.319	1	-5
635.488	1	10
635.658	1	15
635.827	1	11
635.997	1	9
636.166	1	7
636.336	1	12
636.505	1	10
636.675	1	-2
636.845	1	11
637.014	1	9
637.184	1	14
637.353	1	8
637.523	1	17
637.692	1	4
637.862	1	-2
638.031	1	13
638.201	1	7
638.370	1	17
638.540	1	3
638.710	1	-6
638.879	1	7
639.049	1	8
639.218	1	6
639.388	1	5
639.557	1	20
639.727	1	1
639.896	1	15
640.066	1	8
640.235	1	15
640.405	1	9
640.574	1	12
640.744	1	8
640.914	1	9
641.083	1	5
641.253	1	4
641.422	1	1
641.592	1	-4
641.761	1	12
641.931	1	6
642.100	1	8
642.270	1	0
642.439	1	7
642.609	1	11
642.778	1	0
642.948	1	8
643.117	1	1
643.287	1	7
643.456	1	9
643.626	1	10
643.795	1	-5
643.965	1	16
644.134	1	13
644.304	1	6
644.473	1	15
644.643	1	15
644.812	1	10
644.982	1	-1
645.151	1	8
645.321	1	5
645.490	1	7
645.660	1	-3
645.829	1	11
645.999	1	7
646.168	1	10
646.338	1	8
646.507	1	-3
646.677	1	0
646.846	1	0
647.016	1	10
647.185	1	5
647.355	1	9
647.524	1	7
647.694	1	10
647.863	1	11
648.033	1	9
648.202	1	-4
648.372	1	8
648.541	1	-4
648.711	1	10
648.880	1	5
649.050	1	10
649.219	1	9
649.389	1	3
649.558	1	17
649.728	1	3
649.897	1	2
650.067	1	-3
650.236	1	1
650.406	1	8
650.575	1	5
650.745	1	-9
650.914	1	5
651.084	1	-4
651.253	1	5
651.423	1	14
651.592	1	11
651.762	1	1
651.931	1	12
652.101	1	1
652.270	1	11
652.440	1	-2
652.609	1	11
652.778	1	-5
652.948	1	6
653.117	1	9
653.287	1	3
653.456	1	5
653.626	1	5
653.795	1	0
653.965	1	-4
654.134	1	9
654.304	1	6
654.473	1	7
654.643	1	-1
654.812	1	9
654.982	1	1
655.151	1	1
655.320	1	8
655.490	1	3
655.659	1	7
655.829	1	6
655.998	1	11
656.168	1	6
656.337	1	3
656.507	1	0
656.676	1	-8
656.846	1	7
657.015	1	10
657.184	1	12
657.354	1	0
657.523	1	2
657.693	1	3
657.862	1	6
658.032	1	20
658.201	1	5
658.371	1	2
658.540	1	1
658.709	1	-2
658.879	1	6
659.048	1	10
659.218	1	5
659.387	1	-1
659.557	1	-1
659.726	1	6
659.895	1	-5
660.065	1	6
660.234	1	-1
660.404	1	8
660.573	1	4
660.743	1	2
660.912	1	0
661.081	1	5
661.251	1	5
661.420	1	0
661.590	1	12
661.759	1	1
661.929	1	2
662.098	1	7
662.267	1	8
662.437	1	3
662.606	1	3
662.776	1	2
662.945	1	10
663.115	1	2
663.284	1	-11
663.453	1	4
663.623	1	-9
663.792	1	1
663.962	1	4
664.131	1	4
664.300	1	-5
664.470	1	0
664.639	1	16
664.809	1	4
664.978	1	-1
665.148	1	3
665.317	1	16
665.486	1	-4
665.656	1	11
665.825	1	6
665.995	1	0
666.164	1	13
666.333	1	7
666.503	1	5
666.672	1	-7
666.842	1	8
667.011	1	7
667.180	1	5
667.350	1	7
667.519	1	-7
667.689	1	7
667.858	1	7
668.027	1	3
668.197	1	6
668.366	1	8
668.536	1	0
668.705	1	9
668.874	1	10
669.044	1	4
669.213	1	-8
669.382	1	4
669.552	1	3
669.721	1	8
669.891	1	-3
670.060	1	11
670.229	1	5
670.399	1	2
670.568	1	-11
670.738	1	10
670.907	1	6
671.076	1	4
671.246	1	6
671.415	1	8
671.584	1	3
671.754	1	10
671.923	1	6
672.093	1	-3
672.262	1	-10
672.431	1	-9
672.601	1	-3
672.770	1	4
672.939	1	0
673.109	1	4
673.278	1	10
673.448	1	6
673.617	1	-7
673.786	1	-5
