325.333	1	25
325.504	1	18
325.675	1	14
325.846	1	6
326.017	1	-3
326.188	1	14
326.359	1	2
326.531	1	11
326.702	1	9
326.873	1	8
327.044	1	10
327.215	1	17
327.386	1	16
327.557	1	9
327.728	1	26
327.899	1	8
328.070	1	5
328.241	1	11
328.412	1	6
328.583	1	8
328.754	1	6
328.926	1	13
329.097	1	21
329.268	1	6
329.439	1	-2
329.610	1	25
329.781	1	3
329.952	1	3
330.123	1	0
330.294	1	23
330.465	1	17
330.636	1	22
330.807	1	18
330.978	1	17
331.149	1	6
331.320	1	17
331.492	1	21
331.663	1	4
331.834	1	16
332.005	1	6
332.176	1	9
332.347	1	20
332.518	1	22
332.689	1	16
332.860	1	14
333.031	1	13
333.202	1	5
333.373	1	9
333.544	1	15
333.715	1	8
333.886	1	13
334.057	1	20
334.228	1	14
334.399	1	4
334.570	1	13
334.741	1	10
334.912	1	13
335.084	1	9
335.255	1	2
335.426	1	-1
335.597	1	13
335.768	1	12
335.939	1	23
336.110	1	11
336.281	1	13
336.452	1	15
336.623	1	14
336.794	1	17
336.965	1	22
337.136	1	8
337.307	1	16
337.478	1	4
337.649	1	23
337.820	1	17
337.991	1	24
338.162	1	22
338.333	1	18
338.504	1	14
338.675	1	16
338.846	1	14
339.017	1	13
339.188	1	10
339.359	1	17
339.530	1	7
339.701	1	24
339.872	1	9
340.043	1	15
340.214	1	6
340.385	1	0
340.556	1	19
340.727	1	30
340.898	1	18
341.069	1	4
341.240	1	11
341.411	1	22
341.582	1	8
341.753	1	18
341.924	1	14
342.095	1	16
342.266	1	4
342.437	1	12
342.608	1	17
342.779	1	16
342.950	1	11
343.121	1	17
343.292	1	23
343.463	1	21
343.634	1	7
343.805	1	23
343.976	1	15
344.147	1	8
344.318	1	25
344.489	1	19
344.660	1	22
344.831	1	11
345.002	1	15
345.173	1	11
345.344	1	12
345.515	1	9
345.686	1	11
345.857	1	21
346.028	1	17
346.199	1	20
346.370	1	29
346.541	1	18
346.712	1	18
346.883	1	18
347.054	1	8
347.225	1	8
347.396	1	8
347.567	1	24
347.738	1	21
347.909	1	17
348.080	1	12
348.251	1	22
348.422	1	4
348.593	1	8
348.764	1	18
348.935	1	10
349.106	1	7
349.277	1	25
349.448	1	23
349.619	1	12
349.790	1	27
349.961	1	20
350.132	1	18
350.303	1	12
350.474	1	14
350.645	1	11
350.816	1	20
350.987	1	3
351.157	1	16
351.328	1	15
351.499	1	23
351.670	1	16
351.841	1	25
352.012	1	23
352.183	1	6
352.354	1	28
352.525	1	18
352.696	1	27
352.867	1	26
353.038	1	26
353.209	1	23
353.380	1	34
353.551	1	17
353.722	1	4
353.893	1	14
354.064	1	12
354.235	1	18
354.406	1	17
354.576	1	9
354.747	1	17
354.918	1	23
355.089	1	16
355.260	1	29
355.431	1	10
355.602	1	9
355.773	1	18
355.944	1	19
356.115	1	18
356.286	1	19
356.457	1	23
356.628	1	21
356.799	1	13
356.970	1	8
357.141	1	9
357.311	1	16
357.482	1	18
357.653	1	11
357.824	1	24
357.995	1	24
358.166	1	14
358.337	1	37
358.508	1	10
358.679	1	11
358.850	1	23
359.021	1	23
359.192	1	19
359.363	1	15
359.533	1	8
359.704	1	18
359.875	1	20
360.046	1	27
360.217	1	18
360.388	1	23
360.559	1	34
360.730	1	16
360.901	1	32
361.072	1	26
361.243	1	32
361.414	1	15
361.584	1	20
361.755	1	34
361.926	1	18
362.097	1	11
362.268	1	30
362.439	1	16
362.610	1	14
362.781	1	16
362.952	1	16
363.123	1	14
363.293	1	27
363.464	1	13
363.635	1	21
363.806	1	29
363.977	1	31
364.148	1	18
364.319	1	24
364.490	1	14
364.661	1	12
364.832	1	20
365.002	1	13
365.173	1	10
365.344	1	11
365.515	1	15
365.686	1	20
365.857	1	8
366.028	1	20
366.199	1	8
366.370	1	14
366.540	1	18
366.711	1	17
366.882	1	26
367.053	1	28
367.224	1	19
367.395	1	13
367.566	1	17
367.737	1	21
367.908	1	18
368.078	1	15
368.249	1	17
368.420	1	18
368.591	1	20
368.762	1	24
368.933	1	21
369.104	1	24
369.274	1	18
369.445	1	19
369.616	1	24
369.787	1	21
369.958	1	14
370.129	1	7
370.300	1	17
370.471	1	25
370.641	1	30
370.812	1	10
370.983	1	13
371.154	1	35
371.325	1	21
371.496	1	20
371.667	1	27
371.837	1	16
372.008	1	18
372.179	1	29
372.350	1	13
372.521	1	12
372.692	1	27
372.863	1	23
373.033	1	24
373.204	1	25
373.375	1	12
373.546	1	11
373.717	1	15
373.888	1	19
374.059	1	19
374.229	1	18
374.400	1	24
374.571	1	20
374.742	1	19
374.913	1	2
375.084	1	22
375.254	1	19
375.425	1	24
375.596	1	18
375.767	1	32
375.938	1	6
376.109	1	16
376.279	1	17
376.450	1	18
376.621	1	20
376.792	1	23
376.963	1	27
377.134	1	16
377.304	1	1
377.475	1	23
377.646	1	21
377.817	1	26
377.988	1	15
378.159	1	17
378.329	1	34
378.500	1	24
378.671	1	16
378.842	1	25
379.013	1	42
379.184	1	27
379.354	1	31
379.525	1	40
379.696	1	26
379.867	1	29
380.038	1	27
380.209	1	18
380.379	1	34
380.550	1	11
380.721	1	33
380.892	1	19
381.063	1	23
381.233	1	42
381.404	1	27
381.575	1	27
381.746	1	22
381.917	1	25
382.087	1	26
382.258	1	33
382.429	1	26
382.600	1	23
382.771	1	27
382.941	1	25
383.112	1	14
383.283	1	16
383.454	1	31
383.625	1	28
383.795	1	29
383.966	1	42
384.137	1	20
384.308	1	38
384.479	1	37
384.649	1	21
384.820	1	22
384.991	1	38
385.162	1	23
385.333	1	34
385.503	1	34
385.674	1	14
385.845	1	13
386.016	1	37
386.187	1	27
386.357	1	14
386.528	1	37
386.699	1	24
386.870	1	25
387.041	1	37
387.211	1	43
387.382	1	27
387.553	1	40
387.724	1	31
387.894	1	23
388.065	1	33
388.236	1	29
388.407	1	45
388.578	1	22
388.748	1	33
388.919	1	30
389.090	1	28
389.261	1	30
389.431	1	37
389.602	1	38
389.773	1	29
389.944	1	33
390.114	1	30
390.285	1	36
390.456	1	35
390.627	1	43
390.798	1	26
390.968	1	46
391.139	1	28
391.310	1	31
391.481	1	25
391.651	1	36
391.822	1	32
391.993	1	30
392.164	1	32
392.334	1	32
392.505	1	32
392.676	1	31
392.847	1	30
393.017	1	27
393.188	1	44
393.359	1	37
393.530	1	36
393.700	1	35
393.871	1	37
394.042	1	29
394.213	1	35
394.383	1	26
394.554	1	33
394.725	1	34
394.896	1	38
395.066	1	38
395.237	1	25
395.408	1	33
395.579	1	27
395.749	1	35
395.920	1	32
396.091	1	33
396.262	1	21
396.432	1	23
396.603	1	34
396.774	1	41
396.945	1	27
397.115	1	38
397.286	1	35
397.457	1	30
397.627	1	33
397.798	1	43
397.969	1	46
398.140	1	34
398.310	1	45
398.481	1	36
398.652	1	32
398.823	1	37
398.993	1	34
399.164	1	27
399.335	1	32
399.505	1	27
399.676	1	32
399.847	1	36
400.018	1	39
400.188	1	34
400.359	1	29
400.530	1	44
400.700	1	30
400.871	1	34
401.042	1	35
401.213	1	34
401.383	1	48
401.554	1	35
401.725	1	33
401.895	1	37
402.066	1	32
402.237	1	47
402.408	1	44
402.578	1	33
402.749	1	35
402.920	1	39
403.090	1	26
403.261	1	31
403.432	1	34
403.603	1	34
403.773	1	44
403.944	1	47
404.115	1	41
404.285	1	34
404.456	1	40
404.627	1	48
404.797	1	40
404.968	1	39
405.139	1	41
405.310	1	31
405.480	1	32
405.651	1	44
405.822	1	30
405.992	1	48
406.163	1	34
406.334	1	48
406.504	1	43
406.675	1	42
406.846	1	37
407.016	1	35
407.187	1	45
407.358	1	42
407.528	1	35
407.699	1	34
407.870	1	32
408.041	1	40
408.211	1	34
408.382	1	37
408.553	1	43
408.723	1	56
408.894	1	40
409.065	1	39
409.235	1	28
409.406	1	50
409.577	1	36
409.747	1	40
409.918	1	41
410.089	1	44
410.259	1	44
410.430	1	29
410.601	1	47
410.771	1	51
410.942	1	38
411.113	1	41
411.283	1	47
411.454	1	51
411.625	1	37
411.795	1	47
411.966	1	45
412.137	1	56
412.307	1	33
412.478	1	46
412.649	1	49
412.819	1	42
412.990	1	48
413.161	1	46
413.331	1	52
413.502	1	48
413.672	1	45
413.843	1	48
414.014	1	34
414.184	1	47
414.355	1	36
414.526	1	58
414.696	1	32
414.867	1	46
415.038	1	40
415.208	1	30
415.379	1	38
415.550	1	49
415.720	1	46
415.891	1	47
416.062	1	42
416.232	1	52
416.403	1	31
416.573	1	47
416.744	1	47
416.915	1	42
417.085	1	39
417.256	1	39
417.427	1	41
417.597	1	41
417.768	1	41
417.939	1	40
418.109	1	54
418.280	1	45
418.450	1	43
418.621	1	36
418.792	1	45
418.962	1	48
419.133	1	47
419.304	1	48
419.474	1	37
419.645	1	40
419.815	1	53
419.986	1	46
420.157	1	50
420.327	1	32
420.498	1	30
420.669	1	46
420.839	1	47
421.010	1	30
421.180	1	47
421.351	1	42
421.522	1	39
421.692	1	49
421.863	1	49
422.033	1	49
422.204	1	40
422.375	1	47
422.545	1	40
422.716	1	42
422.886	1	50
423.057	1	52
423.228	1	38
423.398	1	50
423.569	1	50
423.740	1	49
423.910	1	49
424.081	1	45
424.251	1	36
424.422	1	47
424.593	1	40
424.763	1	51
424.934	1	43
425.104	1	61
425.275	1	54
425.445	1	49
425.616	1	43
425.787	1	45
425.957	1	38
426.128	1	45
426.298	1	31
426.469	1	43
426.640	1	39
426.810	1	54
426.981	1	49
427.151	1	46
427.322	1	45
427.493	1	45
427.663	1	49
427.834	1	31
428.004	1	51
428.175	1	41
428.345	1	51
428.516	1	51
428.687	1	43
428.857	1	30
429.028	1	43
429.198	1	34
429.369	1	47
429.540	1	46
429.710	1	34
429.881	1	40
430.051	1	43
430.222	1	45
430.392	1	52
430.563	1	51
430.734	1	53
430.904	1	37
431.075	1	38
431.245	1	44
431.416	1	34
431.586	1	36
431.757	1	44
431.927	1	47
432.098	1	36
432.269	1	55
432.439	1	45
432.610	1	43
432.780	1	29
432.951	1	39
433.121	1	45
433.292	1	45
433.462	1	49
433.633	1	44
433.804	1	44
433.974	1	44
434.145	1	36
434.315	1	43
434.486	1	48
434.656	1	53
434.827	1	43
434.997	1	46
435.168	1	46
435.339	1	39
435.509	1	51
435.680	1	45
435.850	1	33
436.021	1	46
436.191	1	47
436.362	1	46
436.532	1	39
436.703	1	46
436.873	1	37
437.044	1	39
437.214	1	50
437.385	1	38
437.556	1	48
437.726	1	43
437.897	1	34
438.067	1	41
438.238	1	42
438.408	1	38
438.579	1	41
438.749	1	48
438.920	1	41
439.090	1	35
439.261	1	39
439.431	1	33
439.602	1	50
439.772	1	39
439.943	1	39
440.113	1	35
440.284	1	45
440.455	1	32
440.625	1	48
440.796	1	40
440.966	1	48
441.137	1	40
441.307	1	50
441.478	1	38
441.648	1	45
441.819	1	34
441.989	1	35
442.160	1	42
442.330	1	48
442.501	1	35
442.671	1	46
442.842	1	45
443.012	1	42
443.183	1	45
443.353	1	28
443.524	1	34
443.694	1	27
443.865	1	38
444.035	1	50
444.206	1	28
444.376	1	49
444.547	1	28
444.717	1	40
444.888	1	35
445.058	1	40
445.229	1	44
445.399	1	27
445.570	1	46
445.740	1	45
445.911	1	32
446.081	1	40
446.252	1	32
446.422	1	26
446.593	1	38
446.763	1	37
446.934	1	19
447.104	1	42
447.275	1	37
447.445	1	34
447.616	1	37
447.786	1	37
447.957	1	30
448.127	1	33
448.298	1	42
448.468	1	37
448.639	1	41
448.809	1	39
448.979	1	21
449.150	1	40
449.320	1	36
449.491	1	54
449.661	1	42
449.832	1	33
450.002	1	30
450.173	1	42
450.343	1	42
450.514	1	41
450.684	1	42
450.855	1	40
451.025	1	44
451.196	1	39
451.366	1	46
451.537	1	33
451.707	1	45
451.878	1	35
452.048	1	32
452.218	1	37
452.389	1	37
452.559	1	41
452.730	1	30
452.900	1	36
453.071	1	41
453.241	1	43
453.412	1	34
453.582	1	39
453.753	1	39
453.923	1	41
454.093	1	33
454.264	1	36
454.434	1	32
454.605	1	30
454.775	1	41
454.946	1	37
455.116	1	37
455.287	1	51
455.457	1	29
455.628	1	19
455.798	1	41
455.968	1	34
456.139	1	36
456.309	1	37
456.480	1	41
456.650	1	38
456.821	1	37
456.991	1	35
457.161	1	41
457.332	1	32
457.502	1	51
457.673	1	33
457.843	1	37
458.014	1	31
458.184	1	34
458.355	1	44
458.525	1	33
458.695	1	34
458.866	1	31
459.036	1	26
459.207	1	34
459.377	1	22
459.548	1	27
459.718	1	36
459.888	1	36
460.059	1	30
460.229	1	32
460.400	1	36
460.570	1	36
460.740	1	33
460.911	1	30
461.081	1	28
461.252	1	27
461.422	1	33
461.593	1	41
461.763	1	33
461.933	1	32
462.104	1	32
462.274	1	38
462.445	1	28
462.615	1	25
462.785	1	25
462.956	1	38
463.126	1	30
463.297	1	34
463.467	1	23
463.638	1	30
463.808	1	34
463.978	1	23
464.149	1	41
464.319	1	29
464.490	1	25
464.660	1	25
464.830	1	34
465.001	1	38
465.171	1	33
465.342	1	31
465.512	1	36
465.682	1	29
465.853	1	21
466.023	1	48
466.194	1	40
466.364	1	35
466.534	1	30
466.705	1	32
466.875	1	30
467.045	1	31
467.216	1	38
467.386	1	30
467.557	1	30
467.727	1	23
467.897	1	38
468.068	1	18
468.238	1	20
468.409	1	25
468.579	1	30
468.749	1	40
468.920	1	43
469.090	1	33
469.260	1	23
469.431	1	21
469.601	1	31
469.772	1	0
469.942	1	24
470.112	1	30
470.283	1	32
470.453	1	31
470.623	1	28
470.794	1	17
470.964	1	35
471.135	1	36
471.305	1	27
471.475	1	30
471.646	1	32
471.816	1	30
471.986	1	43
472.157	1	31
472.327	1	29
472.497	1	14
472.668	1	20
472.838	1	22
473.009	1	29
473.179	1	28
473.349	1	13
473.520	1	25
473.690	1	31
473.860	1	18
474.031	1	38
474.201	1	37
474.371	1	28
474.542	1	27
474.712	1	35
474.882	1	18
475.053	1	16
475.223	1	37
475.394	1	17
475.564	1	22
475.734	1	36
475.905	1	23
476.075	1	10
476.245	1	22
476.416	1	16
476.586	1	26
476.756	1	22
476.927	1	12
477.097	1	24
477.267	1	35
477.438	1	20
477.608	1	21
477.778	1	29
477.949	1	11
478.119	1	37
478.289	1	24
478.460	1	23
478.630	1	45
478.800	1	28
478.971	1	13
479.141	1	28
479.311	1	18
479.482	1	15
479.652	1	28
479.822	1	28
479.993	1	20
480.163	1	29
480.333	1	28
480.504	1	14
480.674	1	22
480.844	1	29
481.015	1	22
481.185	1	30
481.355	1	20
481.525	1	33
481.696	1	42
481.866	1	18
482.036	1	25
482.207	1	28
482.377	1	11
482.547	1	31
482.718	1	33
482.888	1	24
483.058	1	30
483.229	1	33
483.399	1	29
483.569	1	19
483.740	1	14
483.910	1	38
484.080	1	20
484.250	1	26
484.421	1	21
484.591	1	22
484.761	1	17
484.932	1	18
485.102	1	21
485.272	1	18
485.443	1	33
485.613	1	15
485.783	1	14
485.953	1	28
486.124	1	23
486.294	1	23
486.464	1	24
486.635	1	27
486.805	1	16
486.975	1	20
487.146	1	22
487.316	1	18
487.486	1	29
487.656	1	35
487.827	1	15
487.997	1	16
488.167	1	31
488.338	1	19
488.508	1	26
488.678	1	24
488.848	1	23
489.019	1	15
489.189	1	22
489.359	1	18
489.529	1	26
489.700	1	18
489.870	1	21
490.040	1	17
490.211	1	43
490.381	1	25
490.551	1	15
490.721	1	18
490.892	1	3
491.062	1	25
491.232	1	21
491.402	1	15
491.573	1	24
491.743	1	26
491.913	1	25
492.084	1	14
492.254	1	17
492.424	1	24
492.594	1	13
492.765	1	15
492.935	1	16
493.105	1	19
493.275	1	20
493.446	1	15
493.616	1	14
493.786	1	18
493.956	1	30
494.127	1	18
494.297	1	21
494.467	1	14
494.637	1	22
494.808	1	22
494.978	1	15
495.148	1	0
495.318	1	17
495.489	1	12
495.659	1	7
495.829	1	19
495.999	1	11
496.170	1	17
496.340	1	26
496.510	1	23
496.680	1	10
496.851	1	6
497.021	1	28
497.191	1	18
497.361	1	22
497.532	1	15
497.702	1	18
497.872	1	19
498.042	1	15
498.213	1	24
498.383	1	30
498.553	1	18
498.723	1	10
498.894	1	20
499.064	1	11
499.234	1	31
499.404	1	25
499.574	1	12
499.745	1	33
499.915	1	28
500.085	1	8
500.255	1	17
500.426	1	17
500.596	1	16
500.766	1	21
500.936	1	21
501.106	1	15
501.277	1	5
501.447	1	10
501.617	1	16
501.787	1	17
501.958	1	9
502.128	1	13
502.298	1	3
502.468	1	19
502.638	1	22
502.809	1	15
502.979	1	12
503.149	1	19
503.319	1	11
503.489	1	17
503.660	1	12
503.830	1	5
504.000	1	5
504.170	1	15
504.340	1	21
504.511	1	7
504.681	1	9
504.851	1	16
505.021	1	17
505.192	1	17
505.362	1	18
505.532	1	5
505.702	1	16
505.872	1	16
506.043	1	22
506.213	1	9
506.383	1	10
506.553	1	18
506.723	1	23
506.893	1	17
507.064	1	9
507.234	1	18
507.404	1	13
507.574	1	-1
507.744	1	10
507.915	1	15
508.085	1	17
508.255	1	16
508.425	1	18
508.595	1	20
508.766	1	9
508.936	1	15
509.106	1	9
509.276	1	15
509.446	1	11
509.616	1	14
509.787	1	19
509.957	1	13
510.127	1	9
510.297	1	4
510.467	1	14
510.638	1	16
510.808	1	9
510.978	1	14
511.148	1	27
511.318	1	15
511.488	1	13
511.659	1	11
511.829	1	5
511.999	1	16
512.169	1	23
512.339	1	16
512.509	1	6
512.680	1	8
512.850	1	14
513.020	1	16
513.190	1	26
513.360	1	2
513.530	1	9
513.700	1	21
513.871	1	14
514.041	1	23
514.211	1	26
514.381	1	13
514.551	1	3
514.721	1	20
514.892	1	6
515.062	1	14
515.232	1	-3
515.402	1	15
515.572	1	22
515.742	1	7
515.912	1	12
516.083	1	14
516.253	1	15
516.423	1	15
516.593	1	10
516.763	1	7
516.933	1	5
517.104	1	2
517.274	1	12
517.444	1	9
517.614	1	18
517.784	1	17
517.954	1	20
518.124	1	19
518.294	1	15
518.465	1	0
518.635	1	12
518.805	1	4
518.975	1	20
519.145	1	9
519.315	1	11
519.485	1	15
519.656	1	14
519.826	1	20
519.996	1	17
520.166	1	9
520.336	1	-3
520.506	1	11
520.676	1	10
520.846	1	14
521.017	1	21
521.187	1	16
521.357	1	7
521.527	1	1
521.697	1	8
521.867	1	-1
522.037	1	21
522.207	1	-3
522.377	1	7
522.548	1	12
522.718	1	10
522.888	1	9
523.058	1	16
523.228	1	13
523.398	1	19
523.568	1	4
523.738	1	9
523.909	1	18
524.079	1	16
524.249	1	10
524.419	1	16
524.589	1	13
524.759	1	18
524.929	1	8
525.099	1	7
525.269	1	5
525.439	1	-1
525.610	1	4
525.780	1	6
525.950	1	14
526.120	1	15
526.290	1	11
526.460	1	7
526.630	1	13
526.800	1	8
526.970	1	5
527.140	1	16
527.311	1	8
527.481	1	11
527.651	1	13
527.821	1	8
527.991	1	6
528.161	1	14
528.331	1	5
528.501	1	7
528.671	1	11
528.841	1	16
529.011	1	3
529.181	1	16
529.352	1	9
529.522	1	14
529.692	1	6
529.862	1	8
530.032	1	12
530.202	1	11
530.372	1	11
530.542	1	9
530.712	1	8
530.882	1	2
531.052	1	14
531.222	1	11
531.392	1	16
531.563	1	1
531.733	1	17
531.903	1	6
532.073	1	9
532.243	1	16
532.413	1	17
532.583	1	3
532.753	1	18
532.923	1	16
533.093	1	15
533.263	1	6
533.433	1	2
533.603	1	19
533.773	1	19
533.943	1	18
534.113	1	13
534.284	1	4
534.454	1	3
534.624	1	7
534.794	1	10
534.964	1	10
535.134	1	6
535.304	1	2
535.474	1	6
535.644	1	3
535.814	1	2
535.984	1	13
536.154	1	11
536.324	1	5
536.494	1	-3
536.664	1	13
536.834	1	6
537.004	1	9
537.174	1	2
537.344	1	17
537.514	1	14
537.685	1	12
537.855	1	4
538.025	1	3
538.195	1	4
538.365	1	12
538.535	1	8
538.705	1	3
538.875	1	7
539.045	1	-5
539.215	1	20
539.385	1	19
539.555	1	9
539.725	1	4
539.895	1	15
540.065	1	3
540.235	1	8
540.405	1	-6
540.575	1	15
540.745	1	15
540.915	1	10
541.085	1	7
541.255	1	13
541.425	1	10
541.595	1	0
541.765	1	2
541.935	1	17
542.105	1	15
542.275	1	6
542.445	1	-1
542.615	1	12
542.785	1	9
542.955	1	7
543.125	1	10
543.295	1	8
543.465	1	6
543.635	1	8
543.805	1	-1
543.975	1	6
544.145	1	3
544.315	1	14
544.485	1	4
544.655	1	8
544.825	1	11
544.995	1	10
545.165	1	19
545.335	1	8
545.505	1	6
545.675	1	10
545.845	1	16
546.015	1	7
546.185	1	12
546.355	1	14
546.525	1	3
546.695	1	7
546.865	1	10
547.035	1	2
547.205	1	8
547.375	1	19
547.545	1	4
547.715	1	5
547.885	1	13
548.055	1	24
548.225	1	16
548.395	1	3
548.565	1	11
548.735	1	-3
548.905	1	21
549.075	1	11
549.245	1	6
549.415	1	13
549.585	1	16
549.755	1	5
549.925	1	11
550.095	1	10
550.265	1	11
550.435	1	9
550.605	1	11
550.775	1	2
550.945	1	5
551.115	1	6
551.285	1	10
551.455	1	8
551.625	1	13
551.795	1	9
551.965	1	3
552.135	1	5
552.305	1	7
552.475	1	7
552.645	1	12
552.815	1	3
552.985	1	1
553.155	1	5
553.325	1	-5
553.495	1	10
553.665	1	12
553.835	1	15
554.004	1	2
554.174	1	0
554.344	1	12
554.514	1	0
554.684	1	6
554.854	1	2
555.024	1	-8
555.194	1	9
555.364	1	9
555.534	1	13
555.704	1	7
555.874	1	8
556.044	1	17
556.214	1	2
556.384	1	-2
556.554	1	-5
556.724	1	-6
556.894	1	2
557.064	1	15
557.234	1	17
557.404	1	2
557.573	1	11
557.743	1	-3
557.913	1	12
558.083	1	6
558.253	1	2
558.423	1	5
558.593	1	13
558.763	1	16
558.933	1	18
559.103	1	14
559.273	1	-2
559.443	1	0
559.613	1	-3
559.783	1	9
559.953	1	-10
560.122	1	-1
560.292	1	4
560.462	1	-2
560.632	1	13
560.802	1	8
560.972	1	6
561.142	1	1
561.312	1	11
561.482	1	11
561.652	1	11
561.822	1	11
561.992	1	0
562.162	1	8
562.331	1	4
562.501	1	10
562.671	1	-1
562.841	1	6
563.011	1	4
563.181	1	2
563.351	1	8
563.521	1	13
563.691	1	5
563.861	1	14
564.031	1	14
564.201	1	12
564.370	1	0
564.540	1	8
564.710	1	3
564.880	1	-1
565.050	1	10
565.220	1	8
565.390	1	11
565.560	1	11
565.730	1	8
565.900	1	12
566.069	1	9
566.239	1	5
566.409	1	6
566.579	1	-3
566.749	1	9
566.919	1	10
567.089	1	10
567.259	1	7
567.429	1	-1
567.599	1	1
567.768	1	3
567.938	1	6
568.108	1	2
568.278	1	2
568.448	1	0
568.618	1	16
568.788	1	13
568.958	1	5
569.128	1	4
569.297	1	13
569.467	1	3
569.637	1	24
569.807	1	10
569.977	1	15
570.147	1	15
570.317	1	2
570.487	1	14
570.656	1	7
570.826	1	10
570.996	1	14
571.166	1	11
571.336	1	16
571.506	1	7
571.676	1	10
571.846	1	8
572.015	1	-1
572.185	1	13
572.355	1	9
572.525	1	5
572.695	1	8
572.865	1	6
573.035	1	16
573.205	1	-5
573.374	1	6
573.544	1	11
573.714	1	13
573.884	1	-1
574.054	1	13
574.224	1	26
574.394	1	-2
574.563	1	9
574.733	1	7
574.903	1	4
575.073	1	-1
575.243	1	12
575.413	1	-2
575.583	1	15
575.752	1	11
575.922	1	21
576.092	1	7
576.262	1	5
576.432	1	10
576.602	1	-3
576.772	1	3
576.941	1	-5
577.111	1	18
577.281	1	2
577.451	1	16
577.621	1	0
577.791	1	17
577.960	1	6
578.130	1	4
578.300	1	4
578.470	1	9
578.640	1	0
578.810	1	1
578.979	1	-1
579.149	1	12
579.319	1	14
579.489	1	8
579.659	1	11
579.829	1	10
579.998	1	-1
580.168	1	10
580.338	1	4
580.508	1	6
580.678	1	4
580.848	1	-3
581.017	1	14
581.187	1	6
581.357	1	10
581.527	1	5
581.697	1	5
581.867	1	10
582.036	1	7
582.206	1	4
582.376	1	11
582.546	1	-6
582.716	1	-2
582.885	1	9
583.055	1	9
583.225	1	14
583.395	1	1
583.565	1	-2
583.735	1	6
583.904	1	16
584.074	1	14
584.244	1	12
584.414	1	1
584.584	1	6
584.753	1	7
584.923	1	17
585.093	1	-1
585.263	1	9
585.433	1	7
585.602	1	3
585.772	1	14
585.942	1	3
586.112	1	3
586.282	1	6
586.451	1	3
586.621	1	0
586.791	1	5
586.961	1	-1
587.131	1	6
587.300	1	9
587.470	1	12
587.640	1	4
587.810	1	14
587.980	1	-2
588.149	1	3
588.319	1	8
588.489	1	8
588.659	1	18
588.829	1	3
588.998	1	10
589.168	1	10
589.338	1	5
589.508	1	10
589.677	1	1
589.847	1	11
590.017	1	9
590.187	1	4
590.357	1	-5
590.526	1	3
590.696	1	9
590.866	1	15
591.036	1	9
591.205	1	11
591.375	1	-2
591.545	1	14
591.715	1	3
591.885	1	1
592.054	1	3
592.224	1	18
592.394	1	7
592.564	1	6
592.733	1	21
592.903	1	10
593.073	1	5
593.243	1	10
593.412	1	11
593.582	1	3
593.752	1	5
593.922	1	2
594.091	1	3
594.261	1	7
594.431	1	9
594.601	1	10
594.771	1	3
594.940	1	-3
595.110	1	-1
595.280	1	3
595.450	1	12
595.619	1	-2
595.789	1	-2
595.959	1	3
596.129	1	11
596.298	1	13
596.468	1	9
596.638	1	4
596.808	1	2
596.977	1	11
597.147	1	4
597.317	1	-1
597.487	1	-4
597.656	1	-7
597.826	1	0
597.996	1	18
598.166	1	5
598.335	1	3
598.505	1	9
598.675	1	9
598.844	1	6
599.014	1	7
599.184	1	14
599.354	1	0
599.523	1	0
599.693	1	15
599.863	1	16
600.033	1	-2
600.202	1	13
600.372	1	7
600.542	1	10
600.712	1	0
600.881	1	2
601.051	1	5
601.221	1	6
601.390	1	-6
601.560	1	11
601.730	1	7
601.900	1	6
602.069	1	0
602.239	1	21
602.409	1	7
602.578	1	3
602.748	1	3
602.918	1	0
603.088	1	6
603.257	1	15
603.427	1	9
603.597	1	7
603.767	1	1
603.936	1	-6
604.106	1	2
604.276	1	8
604.445	1	-3
604.615	1	3
604.785	1	1
604.954	1	6
605.124	1	14
605.294	1	12
605.464	1	19
605.633	1	8
605.803	1	9
605.973	1	10
606.142	1	6
606.312	1	4
606.482	1	13
606.652	1	10
606.821	1	0
606.991	1	18
607.161	1	11
607.330	1	2
607.500	1	9
607.670	1	10
607.839	1	18
608.009	1	7
608.179	1	-6
608.348	1	12
608.518	1	11
608.688	1	13
608.858	1	11
609.027	1	15
609.197	1	-5
609.367	1	8
609.536	1	16
609.706	1	6
609.876	1	9
610.045	1	6
610.215	1	13
610.385	1	3
610.554	1	11
610.724	1	9
610.894	1	13
611.063	1	7
611.233	1	10
611.403	1	18
611.572	1	3
611.742	1	5
611.912	1	4
612.081	1	9
612.251	1	16
612.421	1	-3
612.590	1	10
612.760	1	11
612.930	1	2
613.099	1	13
613.269	1	9
613.439	1	10
613.608	1	6
613.778	1	6
613.948	1	11
614.117	1	4
614.287	1	15
614.457	1	16
614.626	1	1
614.796	1	17
614.966	1	8
615.135	1	16
615.305	1	15
615.475	1	7
615.644	1	-5
615.814	1	7
615.984	1	18
616.153	1	15
616.323	1	13
616.493	1	8
616.662	1	8
616.832	1	13
617.002	1	1
617.171	1	7
617.341	1	12
617.511	1	0
617.680	1	13
617.850	1	9
618.019	1	23
618.189	1	4
618.359	1	21
618.528	1	10
618.698	1	1
618.868	1	7
619.037	1	11
619.207	1	16
619.377	1	2
619.546	1	5
619.716	1	11
619.885	1	3
620.055	1	1
620.225	1	9
620.394	1	8
620.564	1	5
620.734	1	3
620.903	1	7
621.073	1	8
621.242	1	16
621.412	1	3
621.582	1	19
621.751	1	8
621.921	1	14
622.091	1	0
622.260	1	15
622.430	1	5
622.599	1	12
622.769	1	4
622.939	1	16
623.108	1	12
623.278	1	15
623.448	1	15
623.617	1	5
623.787	1	4
623.956	1	3
624.126	1	-5
624.296	1	3
624.465	1	3
624.635	1	22
624.804	1	12
624.974	1	11
625.144	1	3
625.313	1	10
625.483	1	14
625.652	1	5
625.822	1	11
625.992	1	11
626.161	1	15
626.331	1	17
626.501	1	20
626.670	1	5
626.840	1	5
627.009	1	15
627.179	1	11
627.348	1	3
627.518	1	10
627.688	1	10
627.857	1	20
628.027	1	8
628.196	1	6
628.366	1	4
628.536	1	8
628.705	1	15
628.875	1	15
629.044	1	8
629.214	1	10
629.384	1	13
629.553	1	1
629.723	1	-1
629.892	1	17
630.062	1	15
630.232	1	3
630.401	1	9
630.571	1	13
630.740	1	10
630.910	1	17
631.079	1	11
631.249	1	17
631.419	1	4
631.588	1	4
631.758	1	13
631.927	1	7
632.097	1	12
632.266	1	12
632.436	1	10
632.606	1	13
632.775	1	17
632.945	1	17
633.114	1	12
633.284	1	10
633.453	1	7
633.623	1	14
633.793	1	16
633.962	1	6
634.132	1	10
634.301	1	16
634.471	1	-2
634.640	1	7
634.810	1	27
634.979	1	16
635.149	1	15
635.319	1	1
635.488	1	8
635.658	1	23
635.827	1	13
635.997	1	5
636.166	1	13
636.336	1	11
636.505	1	15
636.675	1	15
636.845	1	1
637.014	1	16
637.184	1	18
637.353	1	8
637.523	1	22
637.692	1	11
637.862	1	11
638.031	1	12
638.201	1	11
638.370	1	18
638.540	1	12
638.710	1	0
638.879	1	8
639.049	1	17
639.218	1	3
639.388	1	7
639.557	1	17
639.727	1	4
639.896	1	21
640.066	1	20
640.235	1	22
640.405	1	24
640.574	1	19
640.744	1	11
640.914	1	7
641.083	1	9
641.253	1	14
641.422	1	6
641.592	1	2
641.761	1	5
641.931	1	25
642.100	1	7
642.270	1	1
642.439	1	8
642.609	1	14
642.778	1	-3
642.948	1	9
643.117	1	2
643.287	1	7
643.456	1	15
643.626	1	14
643.795	1	1
643.965	1	13
644.134	1	10
644.304	1	17
644.473	1	7
644.643	1	7
644.812	1	1
644.982	1	4
645.151	1	14
645.321	1	5
645.490	1	12
645.660	1	7
645.829	1	11
645.999	1	16
646.168	1	19
646.338	1	1
646.507	1	4
646.677	1	4
646.846	1	4
647.016	1	16
647.185	1	4
647.355	1	21
647.524	1	7
647.694	1	7
647.863	1	12
648.033	1	13
648.202	1	1
648.372	1	7
648.541	1	4
648.711	1	15
648.880	1	19
649.050	1	6
649.219	1	8
649.389	1	5
649.558	1	8
649.728	1	6
649.897	1	2
650.067	1	10
650.236	1	11
650.406	1	11
650.575	1	17
650.745	1	8
650.914	1	18
651.084	1	4
651.253	1	6
651.423	1	25
651.592	1	4
651.762	1	8
651.931	1	14
652.101	1	3
652.270	1	11
652.440	1	13
652.609	1	9
652.778	1	9
652.948	1	10
653.117	1	23
653.287	1	2
653.456	1	8
653.626	1	11
653.795	1	13
653.965	1	7
654.134	1	4
654.304	1	13
654.473	1	16
654.643	1	3
654.812	1	-1
654.982	1	7
655.151	1	11
655.320	1	7
655.490	1	10
655.659	1	13
655.829	1	5
655.998	1	11
656.168	1	13
656.337	1	10
656.507	1	4
656.676	1	11
656.846	1	8
657.015	1	13
657.184	1	6
657.354	1	9
657.523	1	8
657.693	1	6
657.862	1	18
658.032	1	15
658.201	1	11
658.371	1	12
658.540	1	-3
658.709	1	3
658.879	1	13
659.048	1	19
659.218	1	11
659.387	1	4
659.557	1	10
659.726	1	4
659.895	1	6
660.065	1	14
660.234	1	6
660.404	1	14
660.573	1	6
660.743	1	7
660.912	1	16
661.081	1	14
661.251	1	22
661.420	1	-1
661.590	1	17
661.759	1	13
661.929	1	12
662.098	1	11
662.267	1	11
662.437	1	0
662.606	1	6
662.776	1	9
662.945	1	10
663.115	1	6
663.284	1	9
663.453	1	18
663.623	1	6
663.792	1	4
663.962	1	18
664.131	1	7
664.300	1	2
664.470	1	3
664.639	1	10
664.809	1	4
664.978	1	0
665.148	1	21
665.317	1	15
665.486	1	3
665.656	1	13
665.825	1	15
665.995	1	6
666.164	1	20
666.333	1	4
666.503	1	10
666.672	1	15
666.842	1	12
667.011	1	12
667.180	1	6
667.350	1	14
667.519	1	8
667.689	1	4
667.858	1	14
668.027	1	5
668.197	1	11
668.366	1	22
668.536	1	4
668.705	1	11
668.874	1	15
669.044	1	9
669.213	1	8
669.382	1	8
669.552	1	10
669.721	1	3
669.891	1	7
670.060	1	19
670.229	1	22
670.399	1	10
670.568	1	-8
670.738	1	15
670.907	1	13
671.076	1	7
671.246	1	13
671.415	1	10
671.584	1	15
671.754	1	9
671.923	1	-3
672.093	1	6
672.262	1	-6
672.431	1	15
672.601	1	6
672.770	1	5
672.939	1	1
673.109	1	13
673.278	1	2
673.448	1	11
673.617	1	11
673.786	1	3
