325.333	1	14
325.504	1	0
325.675	1	15
325.846	1	-3
326.017	1	5
326.188	1	12
326.359	1	-6
326.531	1	10
326.702	1	4
326.873	1	-2
327.044	1	5
327.215	1	-1
327.386	1	7
327.557	1	-3
327.728	1	22
327.899	1	10
328.070	1	5
328.241	1	12
328.412	1	-2
328.583	1	15
328.754	1	-7
328.926	1	17
329.097	1	6
329.268	1	11
329.439	1	0
329.610	1	5
329.781	1	4
329.952	1	-8
330.123	1	3
330.294	1	18
330.465	1	3
330.636	1	15
330.807	1	12
330.978	1	9
331.149	1	7
331.320	1	10
331.492	1	7
331.663	1	-3
331.834	1	9
332.005	1	6
332.176	1	2
332.347	1	16
332.518	1	3
332.689	1	9
332.860	1	4
333.031	1	-11
333.202	1	3
333.373	1	5
333.544	1	6
333.715	1	-3
333.886	1	-4
334.057	1	16
334.228	1	-2
334.399	1	6
334.570	1	11
334.741	1	-2
334.912	1	5
335.084	1	5
335.255	1	7
335.426	1	1
335.597	1	4
335.768	1	3
335.939	1	11
336.110	1	7
336.281	1	9
336.452	1	10
336.623	1	8
336.794	1	7
336.965	1	0
337.136	1	2
337.307	1	11
337.478	1	6
337.649	1	10
337.820	1	8
337.991	1	18
338.162	1	-2
338.333	1	3
338.504	1	0
338.675	1	9
338.846	1	11
339.017	1	11
339.188	1	10
339.359	1	4
339.530	1	2
339.701	1	14
339.872	1	6
340.043	1	4
340.214	1	6
340.385	1	-12
340.556	1	4
340.727	1	13
340.898	1	15
341.069	1	5
341.240	1	4
341.411	1	9
341.582	1	7
341.753	1	12
341.924	1	-1
342.095	1	12
342.266	1	4
342.437	1	1
342.608	1	11
342.779	1	6
342.950	1	10
343.121	1	6
343.292	1	6
343.463	1	10
343.634	1	-1
343.805	1	3
343.976	1	3
344.147	1	-3
344.318	1	2
344.489	1	4
344.660	1	10
344.831	1	4
345.002	1	5
345.173	1	2
345.344	1	3
345.515	1	5
345.686	1	0
345.857	1	3
346.028	1	19
346.199	1	-1
346.370	1	12
346.541	1	6
346.712	1	-3
346.883	1	1
347.054	1	4
347.225	1	0
347.396	1	-7
347.567	1	14
347.738	1	3
347.909	1	-4
348.080	1	-2
348.251	1	15
348.422	1	-1
348.593	1	-2
348.764	1	15
348.935	1	-3
349.106	1	0
349.277	1	12
349.448	1	4
349.619	1	2
349.790	1	15
349.961	1	9
350.132	1	4
350.303	1	0
350.474	1	3
350.645	1	2
350.816	1	10
350.987	1	-5
351.157	1	5
351.328	1	1
351.499	1	24
351.670	1	7
351.841	1	14
352.012	1	10
352.183	1	1
352.354	1	7
352.525	1	7
352.696	1	10
352.867	1	5
353.038	1	-3
353.209	1	7
353.380	1	9
353.551	1	3
353.722	1	-2
353.893	1	-3
354.064	1	10
354.235	1	9
354.406	1	13
354.576	1	-7
354.747	1	-8
354.918	1	8
355.089	1	1
355.260	1	6
355.431	1	7
355.602	1	10
355.773	1	-8
355.944	1	2
356.115	1	-5
356.286	1	4
356.457	1	6
356.628	1	0
356.799	1	0
356.970	1	3
357.141	1	6
357.311	1	1
357.482	1	9
357.653	1	1
357.824	1	5
357.995	1	5
358.166	1	4
358.337	1	-2
358.508	1	-4
358.679	1	-1
358.850	1	3
359.021	1	2
359.192	1	5
359.363	1	5
359.533	1	1
359.704	1	4
359.875	1	-1
360.046	1	9
360.217	1	1
360.388	1	2
360.559	1	-1
360.730	1	6
360.901	1	12
361.072	1	0
361.243	1	4
361.414	1	-2
361.584	1	4
361.755	1	2
361.926	1	4
362.097	1	-4
362.268	1	-2
362.439	1	1
362.610	1	13
362.781	1	0
362.952	1	-5
363.123	1	-2
363.293	1	4
363.464	1	4
363.635	1	10
363.806	1	1
363.977	1	12
364.148	1	3
364.319	1	6
364.490	1	3
364.661	1	-10
364.832	1	10
365.002	1	-6
365.173	1	7
365.344	1	-4
365.515	1	2
365.686	1	0
365.857	1	5
366.028	1	5
366.199	1	1
366.370	1	-7
366.540	1	6
366.711	1	1
366.882	1	5
367.053	1	2
367.224	1	-6
367.395	1	-1
367.566	1	4
367.737	1	1
367.908	1	2
368.078	1	-4
368.249	1	-2
368.420	1	2
368.591	1	-5
368.762	1	-1
368.933	1	5
369.104	1	3
369.274	1	4
369.445	1	5
369.616	1	9
369.787	1	-3
369.958	1	4
370.129	1	10
370.300	1	5
370.471	1	2
370.641	1	9
370.812	1	-7
370.983	1	-4
371.154	1	10
371.325	1	3
371.496	1	8
371.667	1	4
371.837	1	6
372.008	1	2
372.179	1	11
372.350	1	2
372.521	1	-8
372.692	1	12
372.863	1	6
373.033	1	8
373.204	1	5
373.375	1	7
373.546	1	-3
373.717	1	-1
373.888	1	-2
374.059	1	-2
374.229	1	1
374.400	1	3
374.571	1	5
374.742	1	3
374.913	1	-10
375.084	1	2
375.254	1	2
375.425	1	10
375.596	1	13
375.767	1	7
375.938	1	-4
376.109	1	4
376.279	1	0
376.450	1	4
376.621	1	-9
376.792	1	6
376.963	1	0
377.134	1	-2
377.304	1	-13
377.475	1	4
377.646	1	1
377.817	1	0
377.988	1	-1
378.159	1	9
378.329	1	7
378.500	1	-2
378.671	1	0
378.842	1	0
379.013	1	4
379.184	1	8
379.354	1	-1
379.525	1	11
379.696	1	-4
379.867	1	8
380.038	1	13
380.209	1	-3
380.379	1	3
380.550	1	-8
380.721	1	14
380.892	1	0
381.063	1	9
381.233	1	14
381.404	1	14
381.575	1	8
381.746	1	0
381.917	1	5
382.087	1	6
382.258	1	9
382.429	1	11
382.600	1	6
382.771	1	3
382.941	1	-4
383.112	1	-10
383.283	1	-1
383.454	1	3
383.625	1	7
383.795	1	11
383.966	1	17
384.137	1	1
384.308	1	16
384.479	1	9
384.649	1	8
384.820	1	4
384.991	1	12
385.162	1	-2
385.333	1	-3
385.503	1	1
385.674	1	3
385.845	1	3
386.016	1	15
386.187	1	5
386.357	1	-4
386.528	1	5
386.699	1	-6
386.870	1	7
387.041	1	-1
387.211	1	14
387.382	1	4
387.553	1	2
387.724	1	-8
387.894	1	0
388.065	1	10
388.236	1	6
388.407	1	4
388.578	1	8
388.748	1	5
388.919	1	-2
389.090	1	-7
389.261	1	3
389.431	1	8
389.602	1	7
389.773	1	9
389.944	1	3
390.114	1	3
390.285	1	13
390.456	1	16
390.627	1	9
390.798	1	6
390.968	1	10
391.139	1	0
391.310	1	-1
391.481	1	-1
391.651	1	9
391.822	1	8
391.993	1	-8
392.164	1	9
392.334	1	1
392.505	1	8
392.676	1	5
392.847	1	6
393.017	1	0
393.188	1	5
393.359	1	4
393.530	1	11
393.700	1	9
393.871	1	5
394.042	1	9
394.213	1	5
394.383	1	-2
394.554	1	5
394.725	1	10
394.896	1	6
395.066	1	2
395.237	1	5
395.408	1	-1
395.579	1	8
395.749	1	2
395.920	1	-7
396.091	1	1
396.262	1	11
396.432	1	5
396.603	1	4
396.774	1	7
396.945	1	-5
397.115	1	7
397.286	1	-6
397.457	1	16
397.627	1	1
397.798	1	15
397.969	1	8
398.140	1	6
398.310	1	11
398.481	1	3
398.652	1	15
398.823	1	8
398.993	1	6
399.164	1	4
399.335	1	-3
399.505	1	-9
399.676	1	8
399.847	1	6
400.018	1	14
400.188	1	2
400.359	1	1
400.530	1	13
400.700	1	10
400.871	1	12
401.042	1	15
401.213	1	7
401.383	1	10
401.554	1	10
401.725	1	8
401.895	1	6
402.066	1	8
402.237	1	20
402.408	1	11
402.578	1	4
402.749	1	17
402.920	1	-1
403.090	1	4
403.261	1	8
403.432	1	6
403.603	1	8
403.773	1	11
403.944	1	16
404.115	1	13
404.285	1	5
404.456	1	13
404.627	1	17
404.797	1	12
404.968	1	-2
405.139	1	0
405.310	1	8
405.480	1	4
405.651	1	14
405.822	1	1
405.992	1	20
406.163	1	7
406.334	1	11
406.504	1	9
406.675	1	7
406.846	1	5
407.016	1	20
407.187	1	9
407.358	1	13
407.528	1	7
407.699	1	7
407.870	1	8
408.041	1	22
408.211	1	15
408.382	1	14
408.553	1	9
408.723	1	18
408.894	1	-2
409.065	1	23
409.235	1	1
409.406	1	19
409.577	1	9
409.747	1	10
409.918	1	8
410.089	1	6
410.259	1	11
410.430	1	0
410.601	1	16
410.771	1	11
410.942	1	6
411.113	1	19
411.283	1	3
411.454	1	19
411.625	1	14
411.795	1	17
411.966	1	12
412.137	1	18
412.307	1	-1
412.478	1	13
412.649	1	16
412.819	1	8
412.990	1	8
413.161	1	13
413.331	1	14
413.502	1	14
413.672	1	-1
413.843	1	17
414.014	1	13
414.184	1	18
414.355	1	7
414.526	1	17
414.696	1	12
414.867	1	13
415.038	1	5
415.208	1	8
415.379	1	10
415.550	1	15
415.720	1	7
415.891	1	11
416.062	1	5
416.232	1	14
416.403	1	-1
416.573	1	9
416.744	1	15
416.915	1	14
417.085	1	17
417.256	1	13
417.427	1	8
417.597	1	12
417.768	1	1
417.939	1	3
418.109	1	17
418.280	1	17
418.450	1	19
418.621	1	9
418.792	1	11
418.962	1	14
419.133	1	15
419.304	1	5
419.474	1	9
419.645	1	15
419.815	1	17
419.986	1	29
420.157	1	11
420.327	1	3
420.498	1	2
420.669	1	11
420.839	1	6
421.010	1	9
421.180	1	11
421.351	1	-2
421.522	1	9
421.692	1	11
421.863	1	13
422.033	1	16
422.204	1	4
422.375	1	22
422.545	1	20
422.716	1	9
422.886	1	15
423.057	1	18
423.228	1	7
423.398	1	22
423.569	1	9
423.740	1	15
423.910	1	16
424.081	1	14
424.251	1	7
424.422	1	14
424.593	1	11
424.763	1	16
424.934	1	22
425.104	1	20
425.275	1	14
425.445	1	14
425.616	1	7
425.787	1	12
425.957	1	11
426.128	1	19
426.298	1	0
426.469	1	28
426.640	1	1
426.810	1	22
426.981	1	11
427.151	1	5
427.322	1	10
427.493	1	16
427.663	1	19
427.834	1	1
428.004	1	6
428.175	1	2
428.345	1	8
428.516	1	15
428.687	1	7
428.857	1	3
429.028	1	10
429.198	1	9
429.369	1	13
429.540	1	6
429.710	1	18
429.881	1	5
430.051	1	7
430.222	1	21
430.392	1	11
430.563	1	17
430.734	1	12
430.904	1	16
431.075	1	10
431.245	1	10
431.416	1	-2
431.586	1	5
431.757	1	21
431.927	1	17
432.098	1	10
432.269	1	19
432.439	1	15
432.610	1	11
432.780	1	1
432.951	1	9
433.121	1	8
433.292	1	10
433.462	1	16
433.633	1	9
433.804	1	14
433.974	1	16
434.145	1	12
434.315	1	6
434.486	1	8
434.656	1	16
434.827	1	3
434.997	1	10
435.168	1	4
435.339	1	7
435.509	1	17
435.680	1	2
435.850	1	12
436.021	1	18
436.191	1	16
436.362	1	11
436.532	1	4
436.703	1	19
436.873	1	-2
437.044	1	16
437.214	1	14
437.385	1	21
437.556	1	8
437.726	1	7
437.897	1	6
438.067	1	6
438.238	1	13
438.408	1	14
438.579	1	7
438.749	1	7
438.920	1	21
439.090	1	13
439.261	1	11
439.431	1	21
439.602	1	9
439.772	1	6
439.943	1	14
440.113	1	7
440.284	1	17
440.455	1	3
440.625	1	18
440.796	1	18
440.966	1	16
441.137	1	9
441.307	1	12
441.478	1	2
441.648	1	14
441.819	1	2
441.989	1	11
442.160	1	12
442.330	1	18
442.501	1	2
442.671	1	12
442.842	1	15
443.012	1	18
443.183	1	12
443.353	1	11
443.524	1	2
443.694	1	1
443.865	1	2
444.035	1	16
444.206	1	7
444.376	1	15
444.547	1	-2
444.717	1	5
444.888	1	17
445.058	1	9
445.229	1	18
445.399	1	6
445.570	1	15
445.740	1	4
445.911	1	0
446.081	1	4
446.252	1	-3
446.422	1	4
446.593	1	7
446.763	1	15
446.934	1	9
447.104	1	4
447.275	1	8
447.445	1	10
447.616	1	9
447.786	1	23
447.957	1	5
448.127	1	2
448.298	1	0
448.468	1	8
448.639	1	12
448.809	1	19
448.979	1	2
449.150	1	9
449.320	1	13
449.491	1	15
449.661	1	8
449.832	1	7
450.002	1	1
450.173	1	10
450.343	1	-3
450.514	1	8
450.684	1	10
450.855	1	9
451.025	1	11
451.196	1	11
451.366	1	14
451.537	1	3
451.707	1	9
451.878	1	11
452.048	1	2
452.218	1	9
452.389	1	17
452.559	1	12
452.730	1	6
452.900	1	5
453.071	1	8
453.241	1	18
453.412	1	13
453.582	1	-1
453.753	1	12
453.923	1	4
454.093	1	-9
454.264	1	12
454.434	1	6
454.605	1	-4
454.775	1	9
454.946	1	6
455.116	1	10
455.287	1	18
455.457	1	9
455.628	1	1
455.798	1	1
455.968	1	7
456.139	1	1
456.309	1	11
456.480	1	13
456.650	1	1
456.821	1	17
456.991	1	15
457.161	1	17
457.332	1	7
457.502	1	23
457.673	1	14
457.843	1	12
458.014	1	12
458.184	1	4
458.355	1	15
458.525	1	19
458.695	1	10
458.866	1	2
459.036	1	1
459.207	1	5
459.377	1	-7
459.548	1	6
459.718	1	6
459.888	1	1
460.059	1	-1
460.229	1	11
460.400	1	17
460.570	1	9
460.740	1	0
460.911	1	16
461.081	1	13
461.252	1	8
461.422	1	4
461.593	1	14
461.763	1	4
461.933	1	-1
462.104	1	2
462.274	1	5
462.445	1	4
462.615	1	-3
462.785	1	2
462.956	1	2
463.126	1	6
463.297	1	14
463.467	1	8
463.638	1	7
463.808	1	4
463.978	1	5
464.149	1	8
464.319	1	1
464.490	1	-6
464.660	1	-2
464.830	1	6
465.001	1	11
465.171	1	3
465.342	1	9
465.512	1	3
465.682	1	11
465.853	1	6
466.023	1	7
466.194	1	1
466.364	1	3
466.534	1	-4
466.705	1	11
466.875	1	5
467.045	1	6
467.216	1	7
467.386	1	0
467.557	1	4
467.727	1	2
467.897	1	13
468.068	1	1
468.238	1	-4
468.409	1	11
468.579	1	5
468.749	1	8
468.920	1	14
469.090	1	7
469.260	1	1
469.431	1	4
469.601	1	7
469.772	1	-7
469.942	1	6
470.112	1	-4
470.283	1	5
470.453	1	-1
470.623	1	9
470.794	1	-2
470.964	1	5
471.135	1	8
471.305	1	8
471.475	1	7
471.646	1	8
471.816	1	6
471.986	1	-3
472.157	1	1
472.327	1	-7
472.497	1	1
472.668	1	-4
472.838	1	5
473.009	1	17
473.179	1	3
473.349	1	4
473.520	1	-3
473.690	1	9
473.860	1	-4
474.031	1	18
474.201	1	-6
474.371	1	15
474.542	1	3
474.712	1	16
474.882	1	-2
475.053	1	2
475.223	1	7
475.394	1	-12
475.564	1	4
475.734	1	6
475.905	1	7
476.075	1	0
476.245	1	1
476.416	1	8
476.586	1	10
476.756	1	-1
476.927	1	0
477.097	1	-2
477.267	1	8
477.438	1	-4
477.608	1	4
477.778	1	3
477.949	1	1
478.119	1	11
478.289	1	4
478.460	1	6
478.630	1	7
478.800	1	15
478.971	1	-9
479.141	1	3
479.311	1	2
479.482	1	7
479.652	1	9
479.822	1	5
479.993	1	3
480.163	1	3
480.333	1	5
480.504	1	0
480.674	1	-5
480.844	1	4
481.015	1	5
481.185	1	-1
481.355	1	-1
481.525	1	10
481.696	1	7
481.866	1	3
482.036	1	-5
482.207	1	10
482.377	1	-1
482.547	1	8
482.718	1	12
482.888	1	0
483.058	1	5
483.229	1	8
483.399	1	5
483.569	1	0
483.740	1	-4
483.910	1	1
484.080	1	4
484.250	1	2
484.421	1	4
484.591	1	3
484.761	1	6
484.932	1	-3
485.102	1	8
485.272	1	-8
485.443	1	14
485.613	1	7
485.783	1	-6
485.953	1	5
486.124	1	7
486.294	1	5
486.464	1	12
486.635	1	1
486.805	1	5
486.975	1	11
487.146	1	0
487.316	1	14
487.486	1	7
487.656	1	3
487.827	1	-1
487.997	1	-7
488.167	1	19
488.338	1	10
488.508	1	16
488.678	1	5
488.848	1	5
489.019	1	6
489.189	1	3
489.359	1	1
489.529	1	12
489.700	1	3
489.870	1	11
490.040	1	5
490.211	1	18
490.381	1	7
490.551	1	-5
490.721	1	-1
490.892	1	-8
491.062	1	10
491.232	1	15
491.402	1	3
491.573	1	13
491.743	1	5
491.913	1	10
492.084	1	-3
492.254	1	9
492.424	1	11
492.594	1	7
492.765	1	-12
492.935	1	1
493.105	1	9
493.275	1	11
493.446	1	-1
493.616	1	6
493.786	1	4
493.956	1	17
494.127	1	7
494.297	1	-4
494.467	1	1
494.637	1	-1
494.808	1	4
494.978	1	4
495.148	1	-7
495.318	1	3
495.489	1	-1
495.659	1	-4
495.829	1	6
495.999	1	2
496.170	1	-2
496.340	1	1
496.510	1	2
496.680	1	6
496.851	1	-1
497.021	1	9
497.191	1	14
497.361	1	5
497.532	1	-10
497.702	1	6
497.872	1	-2
498.042	1	15
498.213	1	10
498.383	1	6
498.553	1	9
498.723	1	-2
498.894	1	2
499.064	1	-5
499.234	1	12
499.404	1	-11
499.574	1	-2
499.745	1	6
499.915	1	9
500.085	1	-1
500.255	1	11
500.426	1	-3
500.596	1	7
500.766	1	14
500.936	1	5
501.106	1	-2
501.277	1	6
501.447	1	-8
501.617	1	-2
501.787	1	10
501.958	1	-1
502.128	1	-7
502.298	1	5
502.468	1	-1
502.638	1	-4
502.809	1	-4
502.979	1	1
503.149	1	4
503.319	1	6
503.489	1	9
503.660	1	5
503.830	1	-14
504.000	1	-2
504.170	1	-4
504.340	1	8
504.511	1	0
504.681	1	7
504.851	1	12
505.021	1	11
505.192	1	9
505.362	1	0
505.532	1	1
505.702	1	2
505.872	1	-1
506.043	1	10
506.213	1	-5
506.383	1	4
506.553	1	1
506.723	1	1
506.893	1	5
507.064	1	-4
507.234	1	8
507.404	1	5
507.574	1	-15
507.744	1	4
507.915	1	9
508.085	1	21
508.255	1	-9
508.425	1	8
508.595	1	10
508.766	1	4
508.936	1	1
509.106	1	-7
509.276	1	10
509.446	1	-12
509.616	1	10
509.787	1	-2
509.957	1	19
510.127	1	-1
510.297	1	9
510.467	1	-1
510.638	1	12
510.808	1	-4
510.978	1	3
511.148	1	11
511.318	1	-1
511.488	1	0
511.659	1	4
511.829	1	-2
511.999	1	12
512.169	1	9
512.339	1	-3
512.509	1	-2
512.680	1	-6
512.850	1	-5
513.020	1	7
513.190	1	3
513.360	1	7
513.530	1	-1
513.700	1	5
513.871	1	9
514.041	1	2
514.211	1	14
514.381	1	-3
514.551	1	6
514.721	1	6
514.892	1	-9
515.062	1	1
515.232	1	0
515.402	1	16
515.572	1	9
515.742	1	-1
515.912	1	3
516.083	1	10
516.253	1	-3
516.423	1	1
516.593	1	-4
516.763	1	-4
516.933	1	-6
517.104	1	-3
517.274	1	9
517.444	1	-3
517.614	1	-5
517.784	1	5
517.954	1	5
518.124	1	13
518.294	1	1
518.465	1	-16
518.635	1	11
518.805	1	0
518.975	1	12
519.145	1	-2
519.315	1	4
519.485	1	14
519.656	1	1
519.826	1	2
519.996	1	5
520.166	1	-2
520.336	1	-9
520.506	1	2
520.676	1	-3
520.846	1	14
521.017	1	5
521.187	1	-1
521.357	1	0
521.527	1	-4
521.697	1	4
521.867	1	5
522.037	1	2
522.207	1	-9
522.377	1	-4
522.548	1	0
522.718	1	1
522.888	1	6
523.058	1	10
523.228	1	-5
523.398	1	5
523.568	1	3
523.738	1	2
523.909	1	6
524.079	1	8
524.249	1	0
524.419	1	-2
524.589	1	-8
524.759	1	2
524.929	1	-5
525.099	1	1
525.269	1	-2
525.439	1	0
525.610	1	8
525.780	1	-4
525.950	1	4
526.120	1	6
526.290	1	8
526.460	1	-7
526.630	1	7
526.800	1	-13
526.970	1	0
527.140	1	10
527.311	1	7
527.481	1	8
527.651	1	-2
527.821	1	-11
527.991	1	1
528.161	1	9
528.331	1	1
528.501	1	-7
528.671	1	-1
528.841	1	4
529.011	1	-7
529.181	1	3
529.352	1	-1
529.522	1	1
529.692	1	4
529.862	1	-2
530.032	1	10
530.202	1	2
530.372	1	-5
530.542	1	-4
530.712	1	3
530.882	1	-2
531.052	1	12
531.222	1	9
531.392	1	-8
531.563	1	-7
531.733	1	5
531.903	1	2
532.073	1	-4
532.243	1	2
532.413	1	-4
532.583	1	-3
532.753	1	2
532.923	1	8
533.093	1	-10
533.263	1	9
533.433	1	-5
533.603	1	9
533.773	1	6
533.943	1	0
534.113	1	-2
534.284	1	-3
534.454	1	-1
534.624	1	0
534.794	1	15
534.964	1	-3
535.134	1	-1
535.304	1	9
535.474	1	10
535.644	1	2
535.814	1	-4
535.984	1	4
536.154	1	3
536.324	1	-4
536.494	1	8
536.664	1	17
536.834	1	0
537.004	1	8
537.174	1	-8
537.344	1	1
537.514	1	-8
537.685	1	11
537.855	1	-6
538.025	1	2
538.195	1	1
538.365	1	-1
538.535	1	7
538.705	1	-9
538.875	1	4
539.045	1	-8
539.215	1	9
539.385	1	7
539.555	1	8
539.725	1	1
539.895	1	1
540.065	1	-2
540.235	1	-7
540.405	1	-1
540.575	1	9
540.745	1	-3
540.915	1	16
541.085	1	-5
541.255	1	6
541.425	1	-11
541.595	1	-7
541.765	1	-2
541.935	1	3
542.105	1	4
542.275	1	-1
542.445	1	-7
542.615	1	1
542.785	1	101
542.955	1	94
543.125	1	20
543.295	1	-5
543.465	1	4
543.635	1	-3
543.805	1	-4
543.975	1	0
544.145	1	-6
544.315	1	6
544.485	1	-1
544.655	1	1
544.825	1	10
544.995	1	3
545.165	1	5
545.335	1	4
545.505	1	-6
545.675	1	5
545.845	1	10
546.015	1	4
546.185	1	9
546.355	1	7
546.525	1	4
546.695	1	12
546.865	1	-7
547.035	1	-10
547.205	1	3
547.375	1	1
547.545	1	-3
547.715	1	2
547.885	1	1
548.055	1	14
548.225	1	-7
548.395	1	-8
548.565	1	4
548.735	1	-11
548.905	1	5
549.075	1	-4
549.245	1	14
549.415	1	-1
549.585	1	3
549.755	1	2
549.925	1	10
550.095	1	-8
550.265	1	7
550.435	1	10
550.605	1	-3
550.775	1	-4
550.945	1	-6
551.115	1	5
551.285	1	4
551.455	1	10
551.625	1	2
551.795	1	3
551.965	1	1
552.135	1	-4
552.305	1	0
552.475	1	3
552.645	1	-2
552.815	1	-4
552.985	1	-8
553.155	1	7
553.325	1	0
553.495	1	4
553.665	1	0
553.835	1	3
554.004	1	0
554.174	1	-6
554.344	1	7
554.514	1	6
554.684	1	-6
554.854	1	6
555.024	1	-3
555.194	1	7
555.364	1	-6
555.534	1	-7
555.704	1	-2
555.874	1	4
556.044	1	12
556.214	1	4
556.384	1	-8
556.554	1	1
556.724	1	-11
556.894	1	4
557.064	1	1
557.234	1	6
557.404	1	-3
557.573	1	4
557.743	1	-3
557.913	1	4
558.083	1	0
558.253	1	-5
558.423	1	-1
558.593	1	11
558.763	1	8
558.933	1	2
559.103	1	-2
559.273	1	-8
559.443	1	1
559.613	1	-8
559.783	1	3
559.953	1	-4
560.122	1	0
560.292	1	-4
560.462	1	-4
560.632	1	4
560.802	1	-4
560.972	1	2
561.142	1	-7
561.312	1	-2
561.482	1	2
561.652	1	-1
561.822	1	8
561.992	1	-4
562.162	1	7
562.331	1	-2
562.501	1	-1
562.671	1	3
562.841	1	4
563.011	1	-11
563.181	1	-2
563.351	1	6
563.521	1	12
563.691	1	-8
563.861	1	1
564.031	1	11
564.201	1	10
564.370	1	0
564.540	1	-10
564.710	1	-9
564.880	1	-5
565.050	1	4
565.220	1	2
565.390	1	5
565.560	1	7
565.730	1	1
565.900	1	-3
566.069	1	5
566.239	1	2
566.409	1	-4
566.579	1	-2
566.749	1	0
566.919	1	-2
567.089	1	4
567.259	1	4
567.429	1	-2
567.599	1	5
567.768	1	-3
567.938	1	4
568.108	1	1
568.278	1	4
568.448	1	2
568.618	1	-2
568.788	1	12
568.958	1	-3
569.128	1	-10
569.297	1	-6
569.467	1	11
569.637	1	10
569.807	1	3
569.977	1	1
570.147	1	1
570.317	1	1
570.487	1	-5
570.656	1	2
570.826	1	2
570.996	1	0
571.166	1	17
571.336	1	11
571.506	1	7
571.676	1	10
571.846	1	-1
572.015	1	-2
572.185	1	-2
572.355	1	3
572.525	1	4
572.695	1	8
572.865	1	5
573.035	1	5
573.205	1	-2
573.374	1	-7
573.544	1	5
573.714	1	8
573.884	1	-7
574.054	1	8
574.224	1	2
574.394	1	-1
574.563	1	4
574.733	1	8
574.903	1	3
575.073	1	9
575.243	1	5
575.413	1	5
575.583	1	-2
575.752	1	-3
575.922	1	5
576.092	1	3
576.262	1	0
576.432	1	3
576.602	1	-5
576.772	1	6
576.941	1	-4
577.111	1	10
577.281	1	-2
577.451	1	10
577.621	1	-3
577.791	1	11
577.960	1	2
578.130	1	-4
578.300	1	-8
578.470	1	7
578.640	1	-2
578.810	1	-8
578.979	1	3
579.149	1	4
579.319	1	-3
579.489	1	6
579.659	1	5
579.829	1	7
579.998	1	-3
580.168	1	9
580.338	1	-9
580.508	1	6
580.678	1	-9
580.848	1	-6
581.017	1	2
581.187	1	1
581.357	1	-6
581.527	1	0
581.697	1	-1
581.867	1	7
582.036	1	6
582.206	1	3
582.376	1	-1
582.546	1	-3
582.716	1	-6
582.885	1	-4
583.055	1	1
583.225	1	17
583.395	1	2
583.565	1	-1
583.735	1	0
583.904	1	0
584.074	1	2
584.244	1	5
584.414	1	-9
584.584	1	5
584.753	1	0
584.923	1	7
585.093	1	-1
585.263	1	2
585.433	1	-7
585.602	1	-2
585.772	1	-4
585.942	1	0
586.112	1	-2
586.282	1	1
586.451	1	-4
586.621	1	7
586.791	1	5
586.961	1	-7
587.131	1	6
587.300	1	-6
587.470	1	11
587.640	1	3
587.810	1	-4
587.980	1	-7
588.149	1	2
588.319	1	12
588.489	1	1
588.659	1	8
588.829	1	-7
588.998	1	-6
589.168	1	1
589.338	1	6
589.508	1	0
589.677	1	-4
589.847	1	14
590.017	1	9
590.187	1	2
590.357	1	-4
590.526	1	-9
590.696	1	3
590.866	1	6
591.036	1	9
591.205	1	-4
591.375	1	-11
591.545	1	13
591.715	1	-14
591.885	1	-7
592.054	1	3
592.224	1	15
592.394	1	-8
592.564	1	5
592.733	1	11
592.903	1	4
593.073	1	1
593.243	1	13
593.412	1	11
593.582	1	-2
593.752	1	-3
593.922	1	-9
594.091	1	1
594.261	1	0
594.431	1	8
594.601	1	-2
594.771	1	-9
594.940	1	-3
595.110	1	-5
595.280	1	-1
595.450	1	1
595.619	1	-3
595.789	1	-4
595.959	1	8
596.129	1	11
596.298	1	8
596.468	1	-13
596.638	1	-6
596.808	1	2
596.977	1	4
597.147	1	-1
597.317	1	-6
597.487	1	0
597.656	1	-8
597.826	1	-4
597.996	1	7
598.166	1	6
598.335	1	-5
598.505	1	1
598.675	1	0
598.844	1	5
599.014	1	-1
599.184	1	10
599.354	1	-1
599.523	1	4
599.693	1	-5
599.863	1	14
600.033	1	-8
600.202	1	5
600.372	1	-6
600.542	1	6
600.712	1	-2
600.881	1	0
601.051	1	2
601.221	1	9
601.390	1	4
601.560	1	1
601.730	1	-5
601.900	1	-1
602.069	1	1
602.239	1	21
602.409	1	0
602.578	1	8
602.748	1	-1
602.918	1	8
603.088	1	0
603.257	1	14
603.427	1	-2
603.597	1	7
603.767	1	1
603.936	1	-5
604.106	1	-3
604.276	1	-9
604.445	1	6
604.615	1	-6
604.785	1	-1
604.954	1	2
605.124	1	13
605.294	1	11
605.464	1	10
605.633	1	5
605.803	1	3
605.973	1	12
606.142	1	7
606.312	1	2
606.482	1	3
606.652	1	-8
606.821	1	-2
606.991	1	5
607.161	1	3
607.330	1	-9
607.500	1	-10
607.670	1	4
607.839	1	2
608.009	1	11
608.179	1	-7
608.348	1	6
608.518	1	-5
608.688	1	7
608.858	1	-1
609.027	1	8
609.197	1	-15
609.367	1	1
609.536	1	0
609.706	1	2
609.876	1	10
610.045	1	-4
610.215	1	15
610.385	1	4
610.554	1	0
610.724	1	6
610.894	1	3
611.063	1	4
611.233	1	-2
611.403	1	3
611.572	1	-4
611.742	1	5
611.912	1	-2
612.081	1	7
612.251	1	0
612.421	1	-4
612.590	1	-1
612.760	1	10
612.930	1	-9
613.099	1	7
613.269	1	4
613.439	1	4
613.608	1	2
613.778	1	-3
613.948	1	6
614.117	1	5
614.287	1	15
614.457	1	7
614.626	1	3
614.796	1	8
614.966	1	5
615.135	1	7
615.305	1	12
615.475	1	5
615.644	1	-6
615.814	1	14
615.984	1	13
616.153	1	-10
616.323	1	16
616.493	1	-8
616.662	1	-1
616.832	1	3
617.002	1	-2
617.171	1	-12
617.341	1	5
617.511	1	0
617.680	1	5
617.850	1	3
618.019	1	8
618.189	1	-1
618.359	1	3
618.528	1	1
618.698	1	-5
618.868	1	0
619.037	1	3
619.207	1	5
619.377	1	-7
619.546	1	1
619.716	1	7
619.885	1	0
620.055	1	-13
620.225	1	4
620.394	1	10
620.564	1	5
620.734	1	-1
620.903	1	3
621.073	1	4
621.242	1	4
621.412	1	-4
621.582	1	16
621.751	1	120
621.921	1	76
622.091	1	31
622.260	1	1
622.430	1	8
622.599	1	17
622.769	1	7
622.939	1	-5
623.108	1	-1
623.278	1	1
623.448	1	6
623.617	1	-1
623.787	1	5
623.956	1	-3
624.126	1	0
624.296	1	4
624.465	1	-3
624.635	1	12
624.804	1	3
624.974	1	2
625.144	1	-1
625.313	1	12
625.483	1	9
625.652	1	-1
625.822	1	6
625.992	1	5
626.161	1	9
626.331	1	19
626.501	1	11
626.670	1	-5
626.840	1	5
627.009	1	2
627.179	1	11
627.348	1	3
627.518	1	11
627.688	1	4
627.857	1	4
628.027	1	3
628.196	1	-4
628.366	1	0
628.536	1	14
628.705	1	1
628.875	1	8
629.044	1	2
629.214	1	7
629.384	1	8
629.553	1	8
629.723	1	7
629.892	1	12
630.062	1	3
630.232	1	-3
630.401	1	7
630.571	1	1
630.740	1	14
630.910	1	15
631.079	1	5
631.249	1	3
631.419	1	-2
631.588	1	0
631.758	1	-1
631.927	1	-9
632.097	1	2
632.266	1	9
632.436	1	6
632.606	1	12
632.775	1	8
632.945	1	11
633.114	1	4
633.284	1	3
633.453	1	0
633.623	1	-4
633.793	1	10
633.962	1	6
634.132	1	0
634.301	1	6
634.471	1	-1
634.640	1	7
634.810	1	13
634.979	1	11
635.149	1	7
635.319	1	2
635.488	1	3
635.658	1	17
635.827	1	-7
635.997	1	0
636.166	1	8
636.336	1	5
636.505	1	9
636.675	1	-4
636.845	1	5
637.014	1	8
637.184	1	15
637.353	1	4
637.523	1	14
637.692	1	6
637.862	1	5
638.031	1	14
638.201	1	3
638.370	1	7
638.540	1	8
638.710	1	-1
638.879	1	2
639.049	1	10
639.218	1	-1
639.388	1	0
639.557	1	18
639.727	1	9
639.896	1	5
640.066	1	0
640.235	1	5
640.405	1	9
640.574	1	11
640.744	1	14
640.914	1	2
641.083	1	0
641.253	1	-3
641.422	1	-10
641.592	1	2
641.761	1	5
641.931	1	13
642.100	1	-1
642.270	1	-3
642.439	1	4
642.609	1	9
642.778	1	0
642.948	1	14
643.117	1	2
643.287	1	6
643.456	1	5
643.626	1	6
643.795	1	0
643.965	1	1
644.134	1	0
644.304	1	13
644.473	1	5
644.643	1	-3
644.812	1	-2
644.982	1	2
645.151	1	1
645.321	1	1
645.490	1	4
645.660	1	1
645.829	1	10
645.999	1	10
646.168	1	10
646.338	1	4
646.507	1	3
646.677	1	4
646.846	1	1
647.016	1	11
647.185	1	4
647.355	1	12
647.524	1	4
647.694	1	9
647.863	1	2
648.033	1	6
648.202	1	-2
648.372	1	0
648.541	1	3
648.711	1	11
648.880	1	8
649.050	1	2
649.219	1	7
649.389	1	-6
649.558	1	8
649.728	1	1
649.897	1	13
650.067	1	-8
650.236	1	3
650.406	1	12
650.575	1	13
650.745	1	-5
650.914	1	4
651.084	1	1
651.253	1	3
651.423	1	21
651.592	1	14
651.762	1	3
651.931	1	5
652.101	1	7
652.270	1	4
652.440	1	-6
652.609	1	3
652.778	1	3
652.948	1	16
653.117	1	14
653.287	1	-6
653.456	1	4
653.626	1	12
653.795	1	2
653.965	1	6
654.134	1	1
654.304	1	5
654.473	1	3
654.643	1	-7
654.812	1	1
654.982	1	7
655.151	1	-4
655.320	1	4
655.490	1	0
655.659	1	7
655.829	1	0
655.998	1	3
656.168	1	-4
656.337	1	3
656.507	1	-4
656.676	1	1
656.846	1	3
657.015	1	2
657.184	1	-1
657.354	1	7
657.523	1	-1
657.693	1	8
657.862	1	5
658.032	1	18
658.201	1	2
658.371	1	-2
658.540	1	2
658.709	1	-4
658.879	1	5
659.048	1	13
659.218	1	10
659.387	1	4
659.557	1	0
659.726	1	-5
659.895	1	-1
660.065	1	1
660.234	1	7
660.404	1	8
660.573	1	7
660.743	1	-1
660.912	1	5
661.081	1	-6
661.251	1	13
661.420	1	-2
661.590	1	6
661.759	1	-2
661.929	1	-2
662.098	1	7
662.267	1	8
662.437	1	8
662.606	1	1
662.776	1	-3
662.945	1	11
663.115	1	-5
663.284	1	7
663.453	1	3
663.623	1	-3
663.792	1	-1
663.962	1	-2
664.131	1	3
664.300	1	-8
664.470	1	3
664.639	1	8
664.809	1	-1
664.978	1	-3
665.148	1	10
665.317	1	9
665.486	1	-2
665.656	1	8
665.825	1	12
665.995	1	-2
666.164	1	16
666.333	1	9
666.503	1	0
666.672	1	5
666.842	1	-2
667.011	1	-2
667.180	1	-3
667.350	1	1
667.519	1	1
667.689	1	-4
667.858	1	6
668.027	1	5
668.197	1	2
668.366	1	8
668.536	1	-7
668.705	1	8
668.874	1	2
669.044	1	1
669.213	1	-2
669.382	1	3
669.552	1	2
669.721	1	2
669.891	1	0
670.060	1	9
670.229	1	5
670.399	1	8
670.568	1	-15
670.738	1	8
670.907	1	9
671.076	1	9
671.246	1	2
671.415	1	3
671.584	1	1
671.754	1	3
671.923	1	-3
672.093	1	-2
672.262	1	-3
672.431	1	5
672.601	1	-2
672.770	1	0
672.939	1	-4
673.109	1	5
673.278	1	3
673.448	1	3
673.617	1	1
673.786	1	-6
