325.333	1	18
325.504	1	11
325.675	1	15
325.846	1	-2
326.017	1	16
326.188	1	19
326.359	1	-3
326.531	1	24
326.702	1	12
326.873	1	-6
327.044	1	17
327.215	1	4
327.386	1	3
327.557	1	18
327.728	1	13
327.899	1	23
328.070	1	25
328.241	1	2
328.412	1	8
328.583	1	20
328.754	1	12
328.926	1	9
329.097	1	14
329.268	1	15
329.439	1	1
329.610	1	19
329.781	1	8
329.952	1	10
330.123	1	15
330.294	1	18
330.465	1	17
330.636	1	21
330.807	1	13
330.978	1	17
331.149	1	11
331.320	1	24
331.492	1	19
331.663	1	13
331.834	1	11
332.005	1	12
332.176	1	12
332.347	1	15
332.518	1	5
332.689	1	19
332.860	1	12
333.031	1	6
333.202	1	5
333.373	1	13
333.544	1	11
333.715	1	11
333.886	1	4
334.057	1	21
334.228	1	12
334.399	1	4
334.570	1	11
334.741	1	9
334.912	1	17
335.084	1	15
335.255	1	23
335.426	1	18
335.597	1	6
335.768	1	18
335.939	1	15
336.110	1	18
336.281	1	13
336.452	1	10
336.623	1	9
336.794	1	19
336.965	1	23
337.136	1	12
337.307	1	19
337.478	1	3
337.649	1	21
337.820	1	10
337.991	1	28
338.162	1	14
338.333	1	21
338.504	1	12
338.675	1	25
338.846	1	13
339.017	1	17
339.188	1	26
339.359	1	14
339.530	1	13
339.701	1	23
339.872	1	9
340.043	1	19
340.214	1	13
340.385	1	6
340.556	1	19
340.727	1	34
340.898	1	25
341.069	1	13
341.240	1	16
341.411	1	21
341.582	1	14
341.753	1	20
341.924	1	14
342.095	1	14
342.266	1	14
342.437	1	18
342.608	1	19
342.779	1	16
342.950	1	10
343.121	1	20
343.292	1	24
343.463	1	15
343.634	1	6
343.805	1	20
343.976	1	15
344.147	1	5
344.318	1	12
344.489	1	11
344.660	1	32
344.831	1	10
345.002	1	21
345.173	1	29
345.344	1	9
345.515	1	11
345.686	1	19
345.857	1	16
346.028	1	22
346.199	1	8
346.370	1	18
346.541	1	12
346.712	1	16
346.883	1	18
347.054	1	22
347.225	1	12
347.396	1	10
347.567	1	26
347.738	1	16
347.909	1	15
348.080	1	22
348.251	1	33
348.422	1	14
348.593	1	12
348.764	1	26
348.935	1	15
349.106	1	28
349.277	1	24
349.448	1	14
349.619	1	18
349.790	1	26
349.961	1	17
350.132	1	18
350.303	1	27
350.474	1	9
350.645	1	17
350.816	1	21
350.987	1	6
351.157	1	20
351.328	1	13
351.499	1	29
351.670	1	17
351.841	1	30
352.012	1	33
352.183	1	22
352.354	1	20
352.525	1	21
352.696	1	25
352.867	1	13
353.038	1	14
353.209	1	21
353.380	1	18
353.551	1	15
353.722	1	15
353.893	1	23
354.064	1	25
354.235	1	19
354.406	1	32
354.576	1	2
354.747	1	20
354.918	1	32
355.089	1	13
355.260	1	19
355.431	1	25
355.602	1	21
355.773	1	17
355.944	1	24
356.115	1	9
356.286	1	21
356.457	1	24
356.628	1	13
356.799	1	23
356.970	1	13
357.141	1	19
357.311	1	19
357.482	1	9
357.653	1	14
357.824	1	11
357.995	1	28
358.166	1	22
358.337	1	24
358.508	1	22
358.679	1	21
358.850	1	24
359.021	1	22
359.192	1	20
359.363	1	17
359.533	1	14
359.704	1	26
359.875	1	17
360.046	1	21
360.217	1	16
360.388	1	16
360.559	1	26
360.730	1	24
360.901	1	38
361.072	1	14
361.243	1	30
361.414	1	25
361.584	1	21
361.755	1	30
361.926	1	40
362.097	1	12
362.268	1	23
362.439	1	27
362.610	1	27
362.781	1	20
362.952	1	12
363.123	1	26
363.293	1	21
363.464	1	22
363.635	1	35
363.806	1	21
363.977	1	38
364.148	1	22
364.319	1	18
364.490	1	25
364.661	1	21
364.832	1	19
365.002	1	11
365.173	1	27
365.344	1	12
365.515	1	23
365.686	1	29
365.857	1	21
366.028	1	19
366.199	1	23
366.370	1	9
366.540	1	18
366.711	1	28
366.882	1	34
367.053	1	18
367.224	1	29
367.395	1	25
367.566	1	28
367.737	1	32
367.908	1	20
368.078	1	21
368.249	1	25
368.420	1	22
368.591	1	31
368.762	1	34
368.933	1	31
369.104	1	27
369.274	1	32
369.445	1	27
369.616	1	32
369.787	1	30
369.958	1	32
370.129	1	34
370.300	1	14
370.471	1	33
370.641	1	31
370.812	1	20
370.983	1	27
371.154	1	33
371.325	1	27
371.496	1	23
371.667	1	22
371.837	1	27
372.008	1	36
372.179	1	28
372.350	1	21
372.521	1	27
372.692	1	33
372.863	1	21
373.033	1	23
373.204	1	34
373.375	1	19
373.546	1	13
373.717	1	24
373.888	1	21
374.059	1	24
374.229	1	28
374.400	1	27
374.571	1	24
374.742	1	32
374.913	1	7
375.084	1	33
375.254	1	26
375.425	1	36
375.596	1	34
375.767	1	21
375.938	1	23
376.109	1	25
376.279	1	18
376.450	1	29
376.621	1	30
376.792	1	20
376.963	1	32
377.134	1	27
377.304	1	20
377.475	1	27
377.646	1	29
377.817	1	29
377.988	1	34
378.159	1	25
378.329	1	36
378.500	1	26
378.671	1	32
378.842	1	36
379.013	1	35
379.184	1	32
379.354	1	32
379.525	1	41
379.696	1	26
379.867	1	33
380.038	1	43
380.209	1	25
380.379	1	36
380.550	1	23
380.721	1	46
380.892	1	38
381.063	1	29
381.233	1	31
381.404	1	48
381.575	1	37
381.746	1	34
381.917	1	36
382.087	1	28
382.258	1	28
382.429	1	33
382.600	1	35
382.771	1	39
382.941	1	32
383.112	1	22
383.283	1	27
383.454	1	38
383.625	1	31
383.795	1	29
383.966	1	37
384.137	1	31
384.308	1	28
384.479	1	44
384.649	1	37
384.820	1	29
384.991	1	40
385.162	1	32
385.333	1	29
385.503	1	27
385.674	1	34
385.845	1	34
386.016	1	45
386.187	1	33
386.357	1	36
386.528	1	36
386.699	1	29
386.870	1	29
387.041	1	40
387.211	1	47
387.382	1	42
387.553	1	28
387.724	1	21
387.894	1	26
388.065	1	45
388.236	1	39
388.407	1	33
388.578	1	36
388.748	1	45
388.919	1	44
389.090	1	39
389.261	1	26
389.431	1	43
389.602	1	36
389.773	1	33
389.944	1	35
390.114	1	37
390.285	1	48
390.456	1	45
390.627	1	41
390.798	1	47
390.968	1	36
391.139	1	32
391.310	1	41
391.481	1	19
391.651	1	42
391.822	1	45
391.993	1	18
392.164	1	39
392.334	1	36
392.505	1	43
392.676	1	32
392.847	1	34
393.017	1	36
393.188	1	38
393.359	1	39
393.530	1	37
393.700	1	39
393.871	1	29
394.042	1	39
394.213	1	37
394.383	1	36
394.554	1	37
394.725	1	39
394.896	1	37
395.066	1	38
395.237	1	35
395.408	1	33
395.579	1	42
395.749	1	39
395.920	1	41
396.091	1	42
396.262	1	22
396.432	1	34
396.603	1	29
396.774	1	42
396.945	1	32
397.115	1	45
397.286	1	36
397.457	1	45
397.627	1	43
397.798	1	41
397.969	1	49
398.140	1	37
398.310	1	42
398.481	1	41
398.652	1	45
398.823	1	40
398.993	1	38
399.164	1	36
399.335	1	40
399.505	1	42
399.676	1	35
399.847	1	47
400.018	1	44
400.188	1	38
400.359	1	33
400.530	1	60
400.700	1	43
400.871	1	52
401.042	1	50
401.213	1	43
401.383	1	51
401.554	1	38
401.725	1	37
401.895	1	39
402.066	1	42
402.237	1	52
402.408	1	45
402.578	1	40
402.749	1	47
402.920	1	34
403.090	1	44
403.261	1	42
403.432	1	29
403.603	1	37
403.773	1	43
403.944	1	36
404.115	1	39
404.285	1	42
404.456	1	45
404.627	1	48
404.797	1	45
404.968	1	44
405.139	1	55
405.310	1	42
405.480	1	44
405.651	1	36
405.822	1	29
405.992	1	46
406.163	1	35
406.334	1	45
406.504	1	42
406.675	1	39
406.846	1	42
407.016	1	53
407.187	1	40
407.358	1	47
407.528	1	44
407.699	1	43
407.870	1	36
408.041	1	49
408.211	1	39
408.382	1	42
408.553	1	54
408.723	1	50
408.894	1	43
409.065	1	47
409.235	1	36
409.406	1	38
409.577	1	53
409.747	1	55
409.918	1	50
410.089	1	52
410.259	1	54
410.430	1	40
410.601	1	50
410.771	1	54
410.942	1	49
411.113	1	55
411.283	1	41
411.454	1	54
411.625	1	47
411.795	1	50
411.966	1	49
412.137	1	55
412.307	1	39
412.478	1	37
412.649	1	47
412.819	1	47
412.990	1	37
413.161	1	59
413.331	1	50
413.502	1	49
413.672	1	40
413.843	1	46
414.014	1	54
414.184	1	53
414.355	1	56
414.526	1	53
414.696	1	49
414.867	1	54
415.038	1	48
415.208	1	41
415.379	1	36
415.550	1	38
415.720	1	48
415.891	1	50
416.062	1	37
416.232	1	45
416.403	1	35
416.573	1	54
416.744	1	50
416.915	1	43
417.085	1	57
417.256	1	40
417.427	1	53
417.597	1	54
417.768	1	45
417.939	1	47
418.109	1	48
418.280	1	52
418.450	1	47
418.621	1	50
418.792	1	31
418.962	1	44
419.133	1	62
419.304	1	42
419.474	1	43
419.645	1	46
419.815	1	46
419.986	1	49
420.157	1	55
420.327	1	39
420.498	1	50
420.669	1	47
420.839	1	45
421.010	1	40
421.180	1	44
421.351	1	41
421.522	1	49
421.692	1	49
421.863	1	57
422.033	1	48
422.204	1	44
422.375	1	54
422.545	1	53
422.716	1	44
422.886	1	43
423.057	1	52
423.228	1	51
423.398	1	53
423.569	1	50
423.740	1	55
423.910	1	43
424.081	1	51
424.251	1	46
424.422	1	47
424.593	1	44
424.763	1	52
424.934	1	55
425.104	1	62
425.275	1	43
425.445	1	41
425.616	1	46
425.787	1	58
425.957	1	58
426.128	1	53
426.298	1	40
426.469	1	57
426.640	1	40
426.810	1	40
426.981	1	43
427.151	1	41
427.322	1	40
427.493	1	50
427.663	1	52
427.834	1	44
428.004	1	54
428.175	1	42
428.345	1	46
428.516	1	61
428.687	1	48
428.857	1	38
429.028	1	51
429.198	1	44
429.369	1	49
429.540	1	47
429.710	1	47
429.881	1	33
430.051	1	38
430.222	1	64
430.392	1	40
430.563	1	48
430.734	1	47
430.904	1	41
431.075	1	44
431.245	1	36
431.416	1	36
431.586	1	55
431.757	1	47
431.927	1	40
432.098	1	42
432.269	1	54
432.439	1	47
432.610	1	53
432.780	1	55
432.951	1	40
433.121	1	41
433.292	1	50
433.462	1	58
433.633	1	52
433.804	1	39
433.974	1	52
434.145	1	41
434.315	1	45
434.486	1	42
434.656	1	59
434.827	1	43
434.997	1	51
435.168	1	56
435.339	1	44
435.509	1	63
435.680	1	39
435.850	1	43
436.021	1	52
436.191	1	52
436.362	1	55
436.532	1	47
436.703	1	49
436.873	1	46
437.044	1	59
437.214	1	49
437.385	1	55
437.556	1	34
437.726	1	40
437.897	1	50
438.067	1	47
438.238	1	46
438.408	1	53
438.579	1	40
438.749	1	46
438.920	1	52
439.090	1	55
439.261	1	40
439.431	1	44
439.602	1	46
439.772	1	50
439.943	1	40
440.113	1	39
440.284	1	53
440.455	1	49
440.625	1	56
440.796	1	46
440.966	1	58
441.137	1	37
441.307	1	40
441.478	1	48
441.648	1	43
441.819	1	32
441.989	1	41
442.160	1	48
442.330	1	50
442.501	1	37
442.671	1	45
442.842	1	46
443.012	1	49
443.183	1	56
443.353	1	52
443.524	1	39
443.694	1	39
443.865	1	41
444.035	1	51
444.206	1	42
444.376	1	43
444.547	1	29
444.717	1	42
444.888	1	43
445.058	1	47
445.229	1	50
445.399	1	41
445.570	1	42
445.740	1	40
445.911	1	40
446.081	1	48
446.252	1	52
446.422	1	47
446.593	1	41
446.763	1	34
446.934	1	36
447.104	1	43
447.275	1	41
447.445	1	45
447.616	1	51
447.786	1	47
447.957	1	41
448.127	1	35
448.298	1	40
448.468	1	44
448.639	1	63
448.809	1	42
448.979	1	40
449.150	1	46
449.320	1	43
449.491	1	51
449.661	1	40
449.832	1	40
450.002	1	29
450.173	1	48
450.343	1	42
450.514	1	57
450.684	1	52
450.855	1	43
451.025	1	43
451.196	1	53
451.366	1	48
451.537	1	33
451.707	1	49
451.878	1	40
452.048	1	37
452.218	1	35
452.389	1	45
452.559	1	55
452.730	1	43
452.900	1	40
453.071	1	45
453.241	1	41
453.412	1	42
453.582	1	49
453.753	1	33
453.923	1	36
454.093	1	35
454.264	1	51
454.434	1	40
454.605	1	44
454.775	1	45
454.946	1	42
455.116	1	27
455.287	1	53
455.457	1	45
455.628	1	27
455.798	1	41
455.968	1	28
456.139	1	40
456.309	1	40
456.480	1	41
456.650	1	43
456.821	1	40
456.991	1	40
457.161	1	42
457.332	1	42
457.502	1	50
457.673	1	46
457.843	1	40
458.014	1	36
458.184	1	30
458.355	1	44
458.525	1	41
458.695	1	32
458.866	1	32
459.036	1	33
459.207	1	42
459.377	1	33
459.548	1	30
459.718	1	42
459.888	1	30
460.059	1	34
460.229	1	46
460.400	1	51
460.570	1	36
460.740	1	32
460.911	1	50
461.081	1	39
461.252	1	28
461.422	1	37
461.593	1	44
461.763	1	39
461.933	1	27
462.104	1	30
462.274	1	37
462.445	1	35
462.615	1	45
462.785	1	36
462.956	1	33
463.126	1	35
463.297	1	40
463.467	1	40
463.638	1	40
463.808	1	36
463.978	1	30
464.149	1	46
464.319	1	33
464.490	1	36
464.660	1	32
464.830	1	42
465.001	1	41
465.171	1	29
465.342	1	35
465.512	1	35
465.682	1	42
465.853	1	33
466.023	1	34
466.194	1	43
466.364	1	33
466.534	1	23
466.705	1	39
466.875	1	31
467.045	1	35
467.216	1	41
467.386	1	30
467.557	1	28
467.727	1	29
467.897	1	37
468.068	1	29
468.238	1	24
468.409	1	35
468.579	1	37
468.749	1	31
468.920	1	38
469.090	1	31
469.260	1	30
469.431	1	27
469.601	1	32
469.772	1	25
469.942	1	24
470.112	1	29
470.283	1	35
470.453	1	39
470.623	1	35
470.794	1	21
470.964	1	27
471.135	1	37
471.305	1	33
471.475	1	35
471.646	1	27
471.816	1	42
471.986	1	34
472.157	1	38
472.327	1	21
472.497	1	39
472.668	1	21
472.838	1	33
473.009	1	39
473.179	1	38
473.349	1	21
473.520	1	27
473.690	1	34
473.860	1	26
474.031	1	45
474.201	1	29
474.371	1	35
474.542	1	33
474.712	1	35
474.882	1	31
475.053	1	22
475.223	1	31
475.394	1	18
475.564	1	32
475.734	1	43
475.905	1	30
476.075	1	27
476.245	1	26
476.416	1	36
476.586	1	42
476.756	1	24
476.927	1	34
477.097	1	23
477.267	1	33
477.438	1	26
477.608	1	30
477.778	1	34
477.949	1	29
478.119	1	29
478.289	1	27
478.460	1	32
478.630	1	28
478.800	1	38
478.971	1	25
479.141	1	36
479.311	1	37
479.482	1	37
479.652	1	39
479.822	1	33
479.993	1	24
480.163	1	19
480.333	1	25
480.504	1	24
480.674	1	18
480.844	1	25
481.015	1	43
481.185	1	28
481.355	1	29
481.525	1	38
481.696	1	33
481.866	1	29
482.036	1	24
482.207	1	30
482.377	1	17
482.547	1	32
482.718	1	29
482.888	1	24
483.058	1	39
483.229	1	43
483.399	1	32
483.569	1	23
483.740	1	24
483.910	1	30
484.080	1	29
484.250	1	31
484.421	1	23
484.591	1	10
484.761	1	28
484.932	1	27
485.102	1	20
485.272	1	27
485.443	1	29
485.613	1	22
485.783	1	25
485.953	1	26
486.124	1	13
486.294	1	36
486.464	1	21
486.635	1	29
486.805	1	30
486.975	1	24
487.146	1	24
487.316	1	30
487.486	1	17
487.656	1	33
487.827	1	28
487.997	1	13
488.167	1	31
488.338	1	35
488.508	1	17
488.678	1	23
488.848	1	37
489.019	1	24
489.189	1	18
489.359	1	26
489.529	1	26
489.700	1	14
489.870	1	27
490.040	1	23
490.211	1	33
490.381	1	29
490.551	1	14
490.721	1	20
490.892	1	10
491.062	1	22
491.232	1	28
491.402	1	26
491.573	1	28
491.743	1	20
491.913	1	29
492.084	1	15
492.254	1	17
492.424	1	36
492.594	1	17
492.765	1	15
492.935	1	27
493.105	1	18
493.275	1	22
493.446	1	30
493.616	1	21
493.786	1	15
493.956	1	42
494.127	1	26
494.297	1	27
494.467	1	27
494.637	1	17
494.808	1	26
494.978	1	30
495.148	1	9
495.318	1	32
495.489	1	26
495.659	1	18
495.829	1	29
495.999	1	16
496.170	1	14
496.340	1	30
496.510	1	16
496.680	1	23
496.851	1	26
497.021	1	24
497.191	1	29
497.361	1	34
497.532	1	12
497.702	1	22
497.872	1	27
498.042	1	30
498.213	1	27
498.383	1	24
498.553	1	32
498.723	1	15
498.894	1	16
499.064	1	15
499.234	1	22
499.404	1	14
499.574	1	14
499.745	1	17
499.915	1	27
500.085	1	15
500.255	1	28
500.426	1	10
500.596	1	25
500.766	1	33
500.936	1	12
501.106	1	21
501.277	1	19
501.447	1	14
501.617	1	28
501.787	1	25
501.958	1	5
502.128	1	18
502.298	1	19
502.468	1	19
502.638	1	21
502.809	1	13
502.979	1	17
503.149	1	22
503.319	1	19
503.489	1	16
503.660	1	13
503.830	1	12
504.000	1	18
504.170	1	12
504.340	1	13
504.511	1	16
504.681	1	22
504.851	1	25
505.021	1	21
505.192	1	26
505.362	1	24
505.532	1	12
505.702	1	24
505.872	1	11
506.043	1	17
506.213	1	8
506.383	1	23
506.553	1	17
506.723	1	12
506.893	1	10
507.064	1	18
507.234	1	16
507.404	1	24
507.574	1	6
507.744	1	18
507.915	1	21
508.085	1	26
508.255	1	13
508.425	1	10
508.595	1	21
508.766	1	11
508.936	1	18
509.106	1	9
509.276	1	21
509.446	1	8
509.616	1	15
509.787	1	14
509.957	1	15
510.127	1	16
510.297	1	20
510.467	1	22
510.638	1	15
510.808	1	8
510.978	1	18
511.148	1	16
511.318	1	21
511.488	1	10
511.659	1	15
511.829	1	4
511.999	1	23
512.169	1	22
512.339	1	18
512.509	1	16
512.680	1	16
512.850	1	10
513.020	1	29
513.190	1	15
513.360	1	12
513.530	1	25
513.700	1	23
513.871	1	28
514.041	1	21
514.211	1	25
514.381	1	9
514.551	1	19
514.721	1	14
514.892	1	17
515.062	1	17
515.232	1	6
515.402	1	18
515.572	1	26
515.742	1	15
515.912	1	15
516.083	1	21
516.253	1	14
516.423	1	12
516.593	1	5
516.763	1	2
516.933	1	3
517.104	1	4
517.274	1	25
517.444	1	16
517.614	1	19
517.784	1	18
517.954	1	18
518.124	1	27
518.294	1	15
518.465	1	7
518.635	1	18
518.805	1	10
518.975	1	14
519.145	1	15
519.315	1	19
519.485	1	31
519.656	1	12
519.826	1	18
519.996	1	12
520.166	1	15
520.336	1	2
520.506	1	20
520.676	1	14
520.846	1	21
521.017	1	19
521.187	1	21
521.357	1	13
521.527	1	9
521.697	1	11
521.867	1	15
522.037	1	10
522.207	1	7
522.377	1	7
522.548	1	13
522.718	1	6
522.888	1	23
523.058	1	16
523.228	1	15
523.398	1	18
523.568	1	3
523.738	1	23
523.909	1	16
524.079	1	21
524.249	1	18
524.419	1	8
524.589	1	16
524.759	1	14
524.929	1	10
525.099	1	11
525.269	1	18
525.439	1	6
525.610	1	11
525.780	1	-1
525.950	1	7
526.120	1	11
526.290	1	22
526.460	1	12
526.630	1	3
526.800	1	-2
526.970	1	16
527.140	1	16
527.311	1	21
527.481	1	13
527.651	1	16
527.821	1	-1
527.991	1	12
528.161	1	6
528.331	1	12
528.501	1	6
528.671	1	15
528.841	1	16
529.011	1	0
529.181	1	8
529.352	1	14
529.522	1	15
529.692	1	13
529.862	1	2
530.032	1	11
530.202	1	9
530.372	1	8
530.542	1	10
530.712	1	6
530.882	1	-2
531.052	1	17
531.222	1	12
531.392	1	13
531.563	1	12
531.733	1	20
531.903	1	14
532.073	1	15
532.243	1	15
532.413	1	4
532.583	1	8
532.753	1	15
532.923	1	19
533.093	1	10
533.263	1	10
533.433	1	13
533.603	1	22
533.773	1	21
533.943	1	9
534.113	1	11
534.284	1	12
534.454	1	4
534.624	1	14
534.794	1	13
534.964	1	10
535.134	1	13
535.304	1	19
535.474	1	15
535.644	1	8
535.814	1	4
535.984	1	22
536.154	1	22
536.324	1	13
536.494	1	6
536.664	1	10
536.834	1	11
537.004	1	15
537.174	1	3
537.344	1	25
537.514	1	8
537.685	1	14
537.855	1	4
538.025	1	8
538.195	1	9
538.365	1	17
538.535	1	5
538.705	1	9
538.875	1	7
539.045	1	1
539.215	1	25
539.385	1	17
539.555	1	7
539.725	1	10
539.895	1	20
540.065	1	22
540.235	1	6
540.405	1	11
540.575	1	20
540.745	1	17
540.915	1	16
541.085	1	2
541.255	1	21
541.425	1	3
541.595	1	3
541.765	1	4
541.935	1	17
542.105	1	10
542.275	1	12
542.445	1	4
542.615	1	8
542.785	1	7
542.955	1	19
543.125	1	23
543.295	1	7
543.465	1	13
543.635	1	11
543.805	1	1
543.975	1	11
544.145	1	13
544.315	1	15
544.485	1	5
544.655	1	20
544.825	1	5
544.995	1	6
545.165	1	12
545.335	1	6
545.505	1	9
545.675	1	21
545.845	1	10
546.015	1	1
546.185	1	25
546.355	1	20
546.525	1	11
546.695	1	12
546.865	1	12
547.035	1	7
547.205	1	10
547.375	1	18
547.545	1	10
547.715	1	9
547.885	1	2
548.055	1	25
548.225	1	10
548.395	1	5
548.565	1	8
548.735	1	4
548.905	1	13
549.075	1	7
549.245	1	11
549.415	1	13
549.585	1	8
549.755	1	0
549.925	1	19
550.095	1	5
550.265	1	17
550.435	1	5
550.605	1	6
550.775	1	7
550.945	1	2
551.115	1	10
551.285	1	8
551.455	1	18
551.625	1	22
551.795	1	8
551.965	1	15
552.135	1	5
552.305	1	15
552.475	1	13
552.645	1	15
552.815	1	5
552.985	1	-4
553.155	1	10
553.325	1	2
553.495	1	16
553.665	1	13
553.835	1	19
554.004	1	13
554.174	1	-1
554.344	1	11
554.514	1	8
554.684	1	0
554.854	1	14
555.024	1	0
555.194	1	3
555.364	1	13
555.534	1	11
555.704	1	13
555.874	1	7
556.044	1	5
556.214	1	7
556.384	1	-3
556.554	1	6
556.724	1	5
556.894	1	5
557.064	1	19
557.234	1	7
557.404	1	8
557.573	1	14
557.743	1	-4
557.913	1	10
558.083	1	10
558.253	1	-1
558.423	1	14
558.593	1	18
558.763	1	15
558.933	1	17
559.103	1	8
559.273	1	-1
559.443	1	5
559.613	1	2
559.783	1	9
559.953	1	1
560.122	1	3
560.292	1	7
560.462	1	-2
560.632	1	22
560.802	1	11
560.972	1	7
561.142	1	4
561.312	1	3
561.482	1	8
561.652	1	8
561.822	1	17
561.992	1	0
562.162	1	13
562.331	1	10
562.501	1	15
562.671	1	9
562.841	1	3
563.011	1	-3
563.181	1	12
563.351	1	4
563.521	1	11
563.691	1	0
563.861	1	16
564.031	1	16
564.201	1	17
564.370	1	4
564.540	1	3
564.710	1	1
564.880	1	2
565.050	1	20
565.220	1	9
565.390	1	17
565.560	1	16
565.730	1	5
565.900	1	10
566.069	1	5
566.239	1	12
566.409	1	14
566.579	1	1
566.749	1	6
566.919	1	2
567.089	1	5
567.259	1	17
567.429	1	2
567.599	1	10
567.768	1	9
567.938	1	5
568.108	1	6
568.278	1	6
568.448	1	3
568.618	1	22
568.788	1	18
568.958	1	9
569.128	1	2
569.297	1	23
569.467	1	7
569.637	1	10
569.807	1	5
569.977	1	11
570.147	1	12
570.317	1	18
570.487	1	0
570.656	1	5
570.826	1	11
570.996	1	14
571.166	1	14
571.336	1	11
571.506	1	10
571.676	1	6
571.846	1	-3
572.015	1	9
572.185	1	1
572.355	1	10
572.525	1	8
572.695	1	9
572.865	1	10
573.035	1	18
573.205	1	4
573.374	1	14
573.544	1	9
573.714	1	13
573.884	1	1
574.054	1	16
574.224	1	15
574.394	1	4
574.563	1	9
574.733	1	1
574.903	1	8
575.073	1	0
575.243	1	10
575.413	1	6
575.583	1	1
575.752	1	0
575.922	1	7
576.092	1	14
576.262	1	5
576.432	1	19
576.602	1	8
576.772	1	10
576.941	1	2
577.111	1	12
577.281	1	3
577.451	1	12
577.621	1	10
577.791	1	7
577.960	1	11
578.130	1	4
578.300	1	6
578.470	1	5
578.640	1	16
578.810	1	-9
578.979	1	1
579.149	1	4
579.319	1	16
579.489	1	15
579.659	1	20
579.829	1	10
579.998	1	10
580.168	1	14
580.338	1	-1
580.508	1	19
580.678	1	11
580.848	1	-2
581.017	1	2
581.187	1	7
581.357	1	5
581.527	1	1
581.697	1	5
581.867	1	11
582.036	1	9
582.206	1	1
582.376	1	11
582.546	1	0
582.716	1	-5
582.885	1	7
583.055	1	6
583.225	1	20
583.395	1	12
583.565	1	6
583.735	1	22
583.904	1	9
584.074	1	6
584.244	1	18
584.414	1	1
584.584	1	7
584.753	1	8
584.923	1	10
585.093	1	6
585.263	1	4
585.433	1	4
585.602	1	9
585.772	1	2
585.942	1	9
586.112	1	2
586.282	1	10
586.451	1	10
586.621	1	6
586.791	1	12
586.961	1	7
587.131	1	4
587.300	1	2
587.470	1	10
587.640	1	11
587.810	1	8
587.980	1	4
588.149	1	5
588.319	1	9
588.489	1	5
588.659	1	15
588.829	1	12
588.998	1	5
589.168	1	11
589.338	1	8
589.508	1	9
589.677	1	0
589.847	1	20
590.017	1	18
590.187	1	9
590.357	1	-2
590.526	1	5
590.696	1	11
590.866	1	11
591.036	1	22
591.205	1	9
591.375	1	1
591.545	1	22
591.715	1	0
591.885	1	9
592.054	1	8
592.224	1	15
592.394	1	10
592.564	1	10
592.733	1	20
592.903	1	11
593.073	1	7
593.243	1	13
593.412	1	15
593.582	1	2
593.752	1	13
593.922	1	-7
594.091	1	1
594.261	1	16
594.431	1	14
594.601	1	4
594.771	1	8
594.940	1	4
595.110	1	8
595.280	1	9
595.450	1	16
595.619	1	3
595.789	1	0
595.959	1	8
596.129	1	7
596.298	1	22
596.468	1	2
596.638	1	3
596.808	1	4
596.977	1	15
597.147	1	12
597.317	1	-4
597.487	1	5
597.656	1	9
597.826	1	8
597.996	1	11
598.166	1	6
598.335	1	6
598.505	1	5
598.675	1	9
598.844	1	8
599.014	1	8
599.184	1	13
599.354	1	17
599.523	1	6
599.693	1	6
599.863	1	6
600.033	1	1
600.202	1	4
600.372	1	1
600.542	1	11
600.712	1	14
600.881	1	4
601.051	1	9
601.221	1	10
601.390	1	3
601.560	1	0
601.730	1	10
601.900	1	10
602.069	1	12
602.239	1	26
602.409	1	4
602.578	1	10
602.748	1	10
602.918	1	15
603.088	1	3
603.257	1	18
603.427	1	8
603.597	1	16
603.767	1	8
603.936	1	3
604.106	1	11
604.276	1	11
604.445	1	9
604.615	1	5
604.785	1	22
604.954	1	-1
605.124	1	13
605.294	1	8
605.464	1	19
605.633	1	8
605.803	1	3
605.973	1	20
606.142	1	3
606.312	1	11
606.482	1	12
606.652	1	9
606.821	1	1
606.991	1	6
607.161	1	11
607.330	1	7
607.500	1	-1
607.670	1	6
607.839	1	6
608.009	1	5
608.179	1	2
608.348	1	14
608.518	1	9
608.688	1	19
608.858	1	10
609.027	1	22
609.197	1	0
609.367	1	1
609.536	1	19
609.706	1	8
609.876	1	12
610.045	1	3
610.215	1	21
610.385	1	4
610.554	1	13
610.724	1	9
610.894	1	7
611.063	1	10
611.233	1	15
611.403	1	6
611.572	1	-3
611.742	1	-5
611.912	1	6
612.081	1	8
612.251	1	16
612.421	1	12
612.590	1	13
612.760	1	11
612.930	1	10
613.099	1	4
613.269	1	6
613.439	1	14
613.608	1	-3
613.778	1	-4
613.948	1	11
614.117	1	8
614.287	1	16
614.457	1	15
614.626	1	16
614.796	1	12
614.966	1	11
615.135	1	10
615.305	1	5
615.475	1	21
615.644	1	4
615.814	1	6
615.984	1	9
616.153	1	6
616.323	1	23
616.493	1	7
616.662	1	1
616.832	1	10
617.002	1	-2
617.171	1	5
617.341	1	8
617.511	1	2
617.680	1	20
617.850	1	12
618.019	1	20
618.189	1	9
618.359	1	15
618.528	1	14
618.698	1	-1
618.868	1	9
619.037	1	13
619.207	1	15
619.377	1	9
619.546	1	1
619.716	1	8
619.885	1	11
620.055	1	-2
620.225	1	7
620.394	1	16
620.564	1	6
620.734	1	10
620.903	1	4
621.073	1	18
621.242	1	21
621.412	1	7
621.582	1	14
621.751	1	3
621.921	1	17
622.091	1	8
622.260	1	-2
622.430	1	10
622.599	1	17
622.769	1	7
622.939	1	14
623.108	1	12
623.278	1	9
623.448	1	12
623.617	1	6
623.787	1	11
623.956	1	3
624.126	1	-3
624.296	1	14
624.465	1	9
624.635	1	17
624.804	1	7
624.974	1	9
625.144	1	5
625.313	1	22
625.483	1	16
625.652	1	-1
625.822	1	11
625.992	1	15
626.161	1	16
626.331	1	26
626.501	1	22
626.670	1	5
626.840	1	8
627.009	1	15
627.179	1	6
627.348	1	18
627.518	1	12
627.688	1	3
627.857	1	9
628.027	1	16
628.196	1	-1
628.366	1	5
628.536	1	18
628.705	1	3
628.875	1	25
629.044	1	11
629.214	1	17
629.384	1	13
629.553	1	2
629.723	1	14
629.892	1	21
630.062	1	9
630.232	1	-5
630.401	1	7
630.571	1	16
630.740	1	3
630.910	1	12
631.079	1	18
631.249	1	15
631.419	1	-3
631.588	1	9
631.758	1	13
631.927	1	10
632.097	1	9
632.266	1	7
632.436	1	14
632.606	1	10
632.775	1	17
632.945	1	14
633.114	1	8
633.284	1	16
633.453	1	4
633.623	1	1
633.793	1	17
633.962	1	17
634.132	1	7
634.301	1	8
634.471	1	3
634.640	1	13
634.810	1	22
634.979	1	15
635.149	1	12
635.319	1	8
635.488	1	17
635.658	1	14
635.827	1	16
635.997	1	10
636.166	1	13
636.336	1	13
636.505	1	18
636.675	1	16
636.845	1	7
637.014	1	22
637.184	1	5
637.353	1	15
637.523	1	18
637.692	1	8
637.862	1	9
638.031	1	28
638.201	1	16
638.370	1	22
638.540	1	16
638.710	1	8
638.879	1	10
639.049	1	10
639.218	1	16
639.388	1	2
639.557	1	27
639.727	1	12
639.896	1	25
640.066	1	22
640.235	1	23
640.405	1	15
640.574	1	16
640.744	1	14
640.914	1	8
641.083	1	7
641.253	1	13
641.422	1	7
641.592	1	6
641.761	1	12
641.931	1	26
642.100	1	5
642.270	1	7
642.439	1	9
642.609	1	5
642.778	1	4
642.948	1	18
643.117	1	7
643.287	1	14
643.456	1	6
643.626	1	12
643.795	1	9
643.965	1	10
644.134	1	15
644.304	1	7
644.473	1	16
644.643	1	6
644.812	1	8
644.982	1	8
645.151	1	5
645.321	1	11
645.490	1	24
645.660	1	4
645.829	1	14
645.999	1	12
646.168	1	17
646.338	1	2
646.507	1	16
646.677	1	6
646.846	1	7
647.016	1	15
647.185	1	14
647.355	1	18
647.524	1	11
647.694	1	16
647.863	1	16
648.033	1	22
648.202	1	10
648.372	1	7
648.541	1	0
648.711	1	1
648.880	1	13
649.050	1	18
649.219	1	14
649.389	1	18
649.558	1	17
649.728	1	16
649.897	1	11
650.067	1	5
650.236	1	3
650.406	1	13
650.575	1	20
650.745	1	0
650.914	1	18
651.084	1	9
651.253	1	16
651.423	1	33
651.592	1	15
651.762	1	7
651.931	1	12
652.101	1	5
652.270	1	13
652.440	1	2
652.609	1	4
652.778	1	7
652.948	1	17
653.117	1	19
653.287	1	12
653.456	1	18
653.626	1	14
653.795	1	5
653.965	1	9
654.134	1	12
654.304	1	9
654.473	1	20
654.643	1	-4
654.812	1	13
654.982	1	6
655.151	1	16
655.320	1	12
655.490	1	3
655.659	1	14
655.829	1	11
655.998	1	9
656.168	1	2
656.337	1	16
656.507	1	6
656.676	1	9
656.846	1	18
657.015	1	6
657.184	1	8
657.354	1	13
657.523	1	12
657.693	1	4
657.862	1	26
658.032	1	18
658.201	1	16
658.371	1	15
658.540	1	13
658.709	1	2
658.879	1	11
659.048	1	9
659.218	1	14
659.387	1	14
659.557	1	7
659.726	1	4
659.895	1	0
660.065	1	13
660.234	1	0
660.404	1	21
660.573	1	18
660.743	1	3
660.912	1	7
661.081	1	13
661.251	1	22
661.420	1	8
661.590	1	13
661.759	1	8
661.929	1	7
662.098	1	7
662.267	1	23
662.437	1	5
662.606	1	7
662.776	1	2
662.945	1	14
663.115	1	5
663.284	1	13
663.453	1	9
663.623	1	5
663.792	1	7
663.962	1	7
664.131	1	13
664.300	1	4
664.470	1	1
664.639	1	16
664.809	1	2
664.978	1	2
665.148	1	10
665.317	1	16
665.486	1	3
665.656	1	15
665.825	1	5
665.995	1	11
666.164	1	22
666.333	1	2
666.503	1	9
666.672	1	3
666.842	1	7
667.011	1	10
667.180	1	13
667.350	1	18
667.519	1	7
667.689	1	15
667.858	1	10
668.027	1	12
668.197	1	2
668.366	1	17
668.536	1	6
668.705	1	14
668.874	1	10
669.044	1	12
669.213	1	5
669.382	1	17
669.552	1	9
669.721	1	9
669.891	1	12
670.060	1	12
670.229	1	19
670.399	1	7
670.568	1	2
670.738	1	6
670.907	1	12
671.076	1	16
671.246	1	14
671.415	1	1
671.584	1	9
671.754	1	13
671.923	1	1
672.093	1	7
672.262	1	11
672.431	1	14
672.601	1	8
672.770	1	11
672.939	1	5
673.109	1	13
673.278	1	15
673.448	1	21
673.617	1	3
673.786	1	2
