325.333	1	23
325.504	1	7
325.675	1	17
325.846	1	-9
326.017	1	7
326.188	1	12
326.359	1	2
326.531	1	3
326.702	1	13
326.873	1	9
327.044	1	9
327.215	1	0
327.386	1	9
327.557	1	11
327.728	1	14
327.899	1	15
328.070	1	13
328.241	1	13
328.412	1	-1
328.583	1	12
328.754	1	1
328.926	1	16
329.097	1	8
329.268	1	21
329.439	1	3
329.610	1	15
329.781	1	5
329.952	1	6
330.123	1	5
330.294	1	19
330.465	1	6
330.636	1	14
330.807	1	10
330.978	1	11
331.149	1	5
331.320	1	25
331.492	1	6
331.663	1	5
331.834	1	3
332.005	1	4
332.176	1	8
332.347	1	9
332.518	1	10
332.689	1	7
332.860	1	3
333.031	1	-1
333.202	1	5
333.373	1	18
333.544	1	10
333.715	1	1
333.886	1	6
334.057	1	18
334.228	1	8
334.399	1	4
334.570	1	9
334.741	1	-2
334.912	1	8
335.084	1	11
335.255	1	11
335.426	1	14
335.597	1	4
335.768	1	4
335.939	1	18
336.110	1	14
336.281	1	14
336.452	1	7
336.623	1	3
336.794	1	15
336.965	1	17
337.136	1	7
337.307	1	5
337.478	1	10
337.649	1	19
337.820	1	6
337.991	1	14
338.162	1	15
338.333	1	10
338.504	1	10
338.675	1	7
338.846	1	18
339.017	1	14
339.188	1	10
339.359	1	10
339.530	1	12
339.701	1	18
339.872	1	2
340.043	1	9
340.214	1	3
340.385	1	-8
340.556	1	2
340.727	1	33
340.898	1	13
341.069	1	11
341.240	1	19
341.411	1	19
341.582	1	13
341.753	1	17
341.924	1	16
342.095	1	9
342.266	1	7
342.437	1	10
342.608	1	16
342.779	1	11
342.950	1	4
343.121	1	17
343.292	1	7
343.463	1	-1
343.634	1	6
343.805	1	16
343.976	1	9
344.147	1	9
344.318	1	14
344.489	1	12
344.660	1	24
344.831	1	7
345.002	1	13
345.173	1	7
345.344	1	4
345.515	1	3
345.686	1	1
345.857	1	5
346.028	1	11
346.199	1	18
346.370	1	14
346.541	1	16
346.712	1	9
346.883	1	13
347.054	1	-2
347.225	1	7
347.396	1	-2
347.567	1	21
347.738	1	5
347.909	1	4
348.080	1	1
348.251	1	17
348.422	1	-3
348.593	1	5
348.764	1	17
348.935	1	6
349.106	1	6
349.277	1	21
349.448	1	12
349.619	1	11
349.790	1	18
349.961	1	12
350.132	1	-2
350.303	1	15
350.474	1	6
350.645	1	12
350.816	1	6
350.987	1	-2
351.157	1	13
351.328	1	2
351.499	1	27
351.670	1	11
351.841	1	22
352.012	1	17
352.183	1	9
352.354	1	17
352.525	1	0
352.696	1	12
352.867	1	13
353.038	1	10
353.209	1	16
353.380	1	6
353.551	1	10
353.722	1	3
353.893	1	9
354.064	1	11
354.235	1	12
354.406	1	12
354.576	1	2
354.747	1	12
354.918	1	16
355.089	1	10
355.260	1	16
355.431	1	7
355.602	1	8
355.773	1	5
355.944	1	6
356.115	1	10
356.286	1	7
356.457	1	12
356.628	1	5
356.799	1	8
356.970	1	3
357.141	1	10
357.311	1	10
357.482	1	9
357.653	1	8
357.824	1	14
357.995	1	10
358.166	1	10
358.337	1	21
358.508	1	15
358.679	1	2
358.850	1	16
359.021	1	13
359.192	1	9
359.363	1	5
359.533	1	5
359.704	1	8
359.875	1	1
360.046	1	11
360.217	1	20
360.388	1	13
360.559	1	9
360.730	1	9
360.901	1	18
361.072	1	7
361.243	1	15
361.414	1	2
361.584	1	5
361.755	1	19
361.926	1	19
362.097	1	6
362.268	1	13
362.439	1	4
362.610	1	18
362.781	1	2
362.952	1	5
363.123	1	3
363.293	1	26
363.464	1	7
363.635	1	7
363.806	1	8
363.977	1	21
364.148	1	18
364.319	1	10
364.490	1	12
364.661	1	5
364.832	1	16
365.002	1	12
365.173	1	5
365.344	1	0
365.515	1	12
365.686	1	14
365.857	1	12
366.028	1	21
366.199	1	2
366.370	1	2
366.540	1	11
366.711	1	7
366.882	1	10
367.053	1	16
367.224	1	1
367.395	1	3
367.566	1	8
367.737	1	14
367.908	1	14
368.078	1	6
368.249	1	8
368.420	1	12
368.591	1	10
368.762	1	18
368.933	1	24
369.104	1	9
369.274	1	13
369.445	1	9
369.616	1	11
369.787	1	14
369.958	1	11
370.129	1	8
370.300	1	1
370.471	1	8
370.641	1	17
370.812	1	7
370.983	1	3
371.154	1	14
371.325	1	21
371.496	1	0
371.667	1	11
371.837	1	11
372.008	1	6
372.179	1	18
372.350	1	-2
372.521	1	7
372.692	1	6
372.863	1	19
373.033	1	7
373.204	1	12
373.375	1	13
373.546	1	3
373.717	1	3
373.888	1	12
374.059	1	6
374.229	1	4
374.400	1	8
374.571	1	3
374.742	1	13
374.913	1	5
375.084	1	11
375.254	1	10
375.425	1	14
375.596	1	16
375.767	1	9
375.938	1	-3
376.109	1	1
376.279	1	3
376.450	1	19
376.621	1	15
376.792	1	3
376.963	1	15
377.134	1	4
377.304	1	6
377.475	1	14
377.646	1	13
377.817	1	14
377.988	1	11
378.159	1	18
378.329	1	17
378.500	1	6
378.671	1	12
378.842	1	13
379.013	1	19
379.184	1	24
379.354	1	0
379.525	1	10
379.696	1	5
379.867	1	15
380.038	1	11
380.209	1	3
380.379	1	10
380.550	1	6
380.721	1	13
380.892	1	5
381.063	1	20
381.233	1	3
381.404	1	19
381.575	1	15
381.746	1	7
381.917	1	12
382.087	1	6
382.258	1	14
382.429	1	12
382.600	1	11
382.771	1	15
382.941	1	11
383.112	1	0
383.283	1	9
383.454	1	10
383.625	1	13
383.795	1	28
383.966	1	24
384.137	1	0
384.308	1	14
384.479	1	18
384.649	1	20
384.820	1	7
384.991	1	21
385.162	1	18
385.333	1	1
385.503	1	6
385.674	1	24
385.845	1	9
386.016	1	22
386.187	1	8
386.357	1	8
386.528	1	22
386.699	1	3
386.870	1	8
387.041	1	10
387.211	1	9
387.382	1	19
387.553	1	21
387.724	1	4
387.894	1	8
388.065	1	24
388.236	1	18
388.407	1	18
388.578	1	20
388.748	1	22
388.919	1	17
389.090	1	24
389.261	1	16
389.431	1	21
389.602	1	21
389.773	1	18
389.944	1	23
390.114	1	7
390.285	1	14
390.456	1	14
390.627	1	22
390.798	1	23
390.968	1	22
391.139	1	8
391.310	1	12
391.481	1	15
391.651	1	12
391.822	1	22
391.993	1	5
392.164	1	12
392.334	1	18
392.505	1	18
392.676	1	18
392.847	1	13
393.017	1	11
393.188	1	18
393.359	1	22
393.530	1	18
393.700	1	25
393.871	1	13
394.042	1	11
394.213	1	19
394.383	1	16
394.554	1	17
394.725	1	20
394.896	1	20
395.066	1	14
395.237	1	8
395.408	1	18
395.579	1	12
395.749	1	15
395.920	1	17
396.091	1	15
396.262	1	15
396.432	1	15
396.603	1	8
396.774	1	18
396.945	1	15
397.115	1	20
397.286	1	13
397.457	1	17
397.627	1	17
397.798	1	23
397.969	1	19
398.140	1	17
398.310	1	16
398.481	1	16
398.652	1	18
398.823	1	16
398.993	1	15
399.164	1	8
399.335	1	15
399.505	1	18
399.676	1	15
399.847	1	28
400.018	1	19
400.188	1	17
400.359	1	21
400.530	1	26
400.700	1	12
400.871	1	30
401.042	1	18
401.213	1	17
401.383	1	29
401.554	1	26
401.725	1	15
401.895	1	23
402.066	1	18
402.237	1	31
402.408	1	33
402.578	1	20
402.749	1	21
402.920	1	23
403.090	1	20
403.261	1	16
403.432	1	27
403.603	1	28
403.773	1	14
403.944	1	31
404.115	1	33
404.285	1	14
404.456	1	14
404.627	1	28
404.797	1	26
404.968	1	28
405.139	1	16
405.310	1	23
405.480	1	27
405.651	1	22
405.822	1	10
405.992	1	40
406.163	1	6
406.334	1	18
406.504	1	23
406.675	1	21
406.846	1	25
407.016	1	24
407.187	1	31
407.358	1	30
407.528	1	21
407.699	1	23
407.870	1	34
408.041	1	23
408.211	1	36
408.382	1	27
408.553	1	28
408.723	1	31
408.894	1	13
409.065	1	29
409.235	1	25
409.406	1	18
409.577	1	33
409.747	1	21
409.918	1	26
410.089	1	28
410.259	1	29
410.430	1	22
410.601	1	42
410.771	1	27
410.942	1	30
411.113	1	31
411.283	1	21
411.454	1	34
411.625	1	31
411.795	1	33
411.966	1	30
412.137	1	31
412.307	1	11
412.478	1	23
412.649	1	26
412.819	1	22
412.990	1	29
413.161	1	29
413.331	1	31
413.502	1	41
413.672	1	18
413.843	1	30
414.014	1	35
414.184	1	32
414.355	1	24
414.526	1	40
414.696	1	33
414.867	1	32
415.038	1	20
415.208	1	15
415.379	1	25
415.550	1	20
415.720	1	28
415.891	1	25
416.062	1	15
416.232	1	30
416.403	1	18
416.573	1	27
416.744	1	41
416.915	1	28
417.085	1	36
417.256	1	22
417.427	1	24
417.597	1	21
417.768	1	32
417.939	1	19
418.109	1	36
418.280	1	29
418.450	1	24
418.621	1	32
418.792	1	30
418.962	1	24
419.133	1	33
419.304	1	38
419.474	1	18
419.645	1	35
419.815	1	25
419.986	1	34
420.157	1	39
420.327	1	28
420.498	1	25
420.669	1	14
420.839	1	26
421.010	1	25
421.180	1	24
421.351	1	20
421.522	1	31
421.692	1	36
421.863	1	26
422.033	1	25
422.204	1	29
422.375	1	38
422.545	1	27
422.716	1	35
422.886	1	23
423.057	1	25
423.228	1	28
423.398	1	38
423.569	1	24
423.740	1	33
423.910	1	33
424.081	1	34
424.251	1	32
424.422	1	34
424.593	1	34
424.763	1	29
424.934	1	41
425.104	1	33
425.275	1	40
425.445	1	22
425.616	1	15
425.787	1	40
425.957	1	31
426.128	1	32
426.298	1	18
426.469	1	38
426.640	1	21
426.810	1	29
426.981	1	30
427.151	1	25
427.322	1	32
427.493	1	41
427.663	1	42
427.834	1	32
428.004	1	28
428.175	1	25
428.345	1	27
428.516	1	41
428.687	1	25
428.857	1	19
429.028	1	25
429.198	1	18
429.369	1	29
429.540	1	25
429.710	1	19
429.881	1	31
430.051	1	24
430.222	1	25
430.392	1	41
430.563	1	36
430.734	1	30
430.904	1	28
431.075	1	30
431.245	1	16
431.416	1	24
431.586	1	27
431.757	1	26
431.927	1	34
432.098	1	26
432.269	1	28
432.439	1	26
432.610	1	26
432.780	1	23
432.951	1	23
433.121	1	26
433.292	1	24
433.462	1	41
433.633	1	29
433.804	1	28
433.974	1	34
434.145	1	24
434.315	1	27
434.486	1	28
434.656	1	42
434.827	1	30
434.997	1	38
435.168	1	19
435.339	1	23
435.509	1	38
435.680	1	19
435.850	1	14
436.021	1	34
436.191	1	23
436.362	1	16
436.532	1	33
436.703	1	29
436.873	1	27
437.044	1	37
437.214	1	24
437.385	1	39
437.556	1	29
437.726	1	33
437.897	1	17
438.067	1	25
438.238	1	26
438.408	1	19
438.579	1	32
438.749	1	27
438.920	1	21
439.090	1	35
439.261	1	13
439.431	1	29
439.602	1	33
439.772	1	22
439.943	1	22
440.113	1	28
440.284	1	30
440.455	1	16
440.625	1	36
440.796	1	34
440.966	1	30
441.137	1	12
441.307	1	33
441.478	1	17
441.648	1	14
441.819	1	23
441.989	1	14
442.160	1	25
442.330	1	26
442.501	1	18
442.671	1	38
442.842	1	20
443.012	1	24
443.183	1	29
443.353	1	19
443.524	1	20
443.694	1	22
443.865	1	16
444.035	1	35
444.206	1	27
444.376	1	24
444.547	1	19
444.717	1	23
444.888	1	29
445.058	1	34
445.229	1	20
445.399	1	15
445.570	1	34
445.740	1	24
445.911	1	9
446.081	1	29
446.252	1	22
446.422	1	15
446.593	1	28
446.763	1	23
446.934	1	3
447.104	1	15
447.275	1	15
447.445	1	38
447.616	1	28
447.786	1	19
447.957	1	16
448.127	1	23
448.298	1	9
448.468	1	22
448.639	1	39
448.809	1	21
448.979	1	21
449.150	1	27
449.320	1	23
449.491	1	27
449.661	1	28
449.832	1	25
450.002	1	12
450.173	1	29
450.343	1	24
450.514	1	23
450.684	1	38
450.855	1	26
451.025	1	20
451.196	1	27
451.366	1	22
451.537	1	24
451.707	1	26
451.878	1	20
452.048	1	22
452.218	1	17
452.389	1	23
452.559	1	36
452.730	1	14
452.900	1	15
453.071	1	27
453.241	1	18
453.412	1	26
453.582	1	25
453.753	1	20
453.923	1	26
454.093	1	13
454.264	1	33
454.434	1	25
454.605	1	23
454.775	1	28
454.946	1	26
455.116	1	30
455.287	1	31
455.457	1	21
455.628	1	16
455.798	1	5
455.968	1	12
456.139	1	18
456.309	1	26
456.480	1	19
456.650	1	28
456.821	1	23
456.991	1	29
457.161	1	15
457.332	1	16
457.502	1	39
457.673	1	7
457.843	1	20
458.014	1	25
458.184	1	17
458.355	1	26
458.525	1	19
458.695	1	10
458.866	1	12
459.036	1	13
459.207	1	12
459.377	1	14
459.548	1	12
459.718	1	19
459.888	1	22
460.059	1	21
460.229	1	23
460.400	1	34
460.570	1	24
460.740	1	11
460.911	1	32
461.081	1	13
461.252	1	20
461.422	1	14
461.593	1	22
461.763	1	19
461.933	1	13
462.104	1	17
462.274	1	13
462.445	1	19
462.615	1	15
462.785	1	0
462.956	1	14
463.126	1	14
463.297	1	15
463.467	1	11
463.638	1	12
463.808	1	16
463.978	1	18
464.149	1	24
464.319	1	10
464.490	1	13
464.660	1	6
464.830	1	13
465.001	1	28
465.171	1	19
465.342	1	14
465.512	1	14
465.682	1	6
465.853	1	14
466.023	1	22
466.194	1	15
466.364	1	25
466.534	1	11
466.705	1	17
466.875	1	14
467.045	1	19
467.216	1	30
467.386	1	6
467.557	1	6
467.727	1	16
467.897	1	32
468.068	1	11
468.238	1	13
468.409	1	13
468.579	1	19
468.749	1	25
468.920	1	14
469.090	1	4
469.260	1	3
469.431	1	11
469.601	1	13
469.772	1	3
469.942	1	14
470.112	1	11
470.283	1	23
470.453	1	10
470.623	1	5
470.794	1	-3
470.964	1	16
471.135	1	12
471.305	1	10
471.475	1	8
471.646	1	26
471.816	1	20
471.986	1	13
472.157	1	4
472.327	1	12
472.497	1	9
472.668	1	9
472.838	1	13
473.009	1	19
473.179	1	12
473.349	1	20
473.520	1	23
473.690	1	18
473.860	1	8
474.031	1	24
474.201	1	5
474.371	1	25
474.542	1	15
474.712	1	14
474.882	1	11
475.053	1	11
475.223	1	14
475.394	1	0
475.564	1	14
475.734	1	16
475.905	1	7
476.075	1	11
476.245	1	5
476.416	1	11
476.586	1	19
476.756	1	12
476.927	1	12
477.097	1	12
477.267	1	11
477.438	1	15
477.608	1	15
477.778	1	12
477.949	1	10
478.119	1	16
478.289	1	12
478.460	1	19
478.630	1	18
478.800	1	11
478.971	1	-5
479.141	1	13
479.311	1	14
479.482	1	7
479.652	1	18
479.822	1	15
479.993	1	10
480.163	1	22
480.333	1	16
480.504	1	10
480.674	1	3
480.844	1	7
481.015	1	13
481.185	1	16
481.355	1	18
481.525	1	16
481.696	1	21
481.866	1	16
482.036	1	14
482.207	1	19
482.377	1	3
482.547	1	16
482.718	1	17
482.888	1	11
483.058	1	7
483.229	1	17
483.399	1	-1
483.569	1	7
483.740	1	7
483.910	1	13
484.080	1	15
484.250	1	17
484.421	1	16
484.591	1	18
484.761	1	13
484.932	1	10
485.102	1	15
485.272	1	11
485.443	1	16
485.613	1	12
485.783	1	5
485.953	1	14
486.124	1	5
486.294	1	20
486.464	1	7
486.635	1	7
486.805	1	16
486.975	1	17
487.146	1	-1
487.316	1	8
487.486	1	19
487.656	1	16
487.827	1	11
487.997	1	5
488.167	1	19
488.338	1	18
488.508	1	17
488.678	1	11
488.848	1	22
489.019	1	13
489.189	1	11
489.359	1	18
489.529	1	9
489.700	1	2
489.870	1	9
490.040	1	11
490.211	1	31
490.381	1	17
490.551	1	5
490.721	1	12
490.892	1	2
491.062	1	11
491.232	1	19
491.402	1	14
491.573	1	14
491.743	1	11
491.913	1	25
492.084	1	11
492.254	1	3
492.424	1	9
492.594	1	3
492.765	1	1
492.935	1	4
493.105	1	12
493.275	1	17
493.446	1	7
493.616	1	15
493.786	1	11
493.956	1	25
494.127	1	4
494.297	1	9
494.467	1	8
494.637	1	4
494.808	1	15
494.978	1	8
495.148	1	-2
495.318	1	15
495.489	1	3
495.659	1	1
495.829	1	14
495.999	1	3
496.170	1	3
496.340	1	11
496.510	1	2
496.680	1	9
496.851	1	14
497.021	1	4
497.191	1	17
497.361	1	10
497.532	1	14
497.702	1	6
497.872	1	1
498.042	1	20
498.213	1	12
498.383	1	13
498.553	1	6
498.723	1	1
498.894	1	12
499.064	1	8
499.234	1	13
499.404	1	11
499.574	1	5
499.745	1	16
499.915	1	9
500.085	1	6
500.255	1	10
500.426	1	1
500.596	1	7
500.766	1	19
500.936	1	13
501.106	1	9
501.277	1	12
501.447	1	3
501.617	1	18
501.787	1	3
501.958	1	-4
502.128	1	12
502.298	1	11
502.468	1	8
502.638	1	7
502.809	1	9
502.979	1	10
503.149	1	12
503.319	1	0
503.489	1	12
503.660	1	4
503.830	1	3
504.000	1	10
504.170	1	0
504.340	1	12
504.511	1	1
504.681	1	14
504.851	1	16
505.021	1	14
505.192	1	14
505.362	1	6
505.532	1	4
505.702	1	13
505.872	1	12
506.043	1	4
506.213	1	5
506.383	1	10
506.553	1	16
506.723	1	5
506.893	1	1
507.064	1	8
507.234	1	17
507.404	1	1
507.574	1	2
507.744	1	8
507.915	1	6
508.085	1	18
508.255	1	-7
508.425	1	2
508.595	1	12
508.766	1	2
508.936	1	20
509.106	1	6
509.276	1	13
509.446	1	2
509.616	1	12
509.787	1	1
509.957	1	17
510.127	1	3
510.297	1	6
510.467	1	15
510.638	1	17
510.808	1	8
510.978	1	17
511.148	1	10
511.318	1	-4
511.488	1	4
511.659	1	8
511.829	1	-1
511.999	1	16
512.169	1	16
512.339	1	7
512.509	1	-1
512.680	1	-4
512.850	1	-6
513.020	1	8
513.190	1	14
513.360	1	12
513.530	1	9
513.700	1	9
513.871	1	11
514.041	1	3
514.211	1	18
514.381	1	-2
514.551	1	4
514.721	1	3
514.892	1	-1
515.062	1	2
515.232	1	9
515.402	1	12
515.572	1	22
515.742	1	-2
515.912	1	3
516.083	1	8
516.253	1	-8
516.423	1	4
516.593	1	-3
516.763	1	6
516.933	1	11
517.104	1	-4
517.274	1	17
517.444	1	8
517.614	1	1
517.784	1	10
517.954	1	10
518.124	1	14
518.294	1	5
518.465	1	-5
518.635	1	18
518.805	1	4
518.975	1	9
519.145	1	11
519.315	1	5
519.485	1	8
519.656	1	8
519.826	1	0
519.996	1	16
520.166	1	4
520.336	1	-9
520.506	1	10
520.676	1	-8
520.846	1	16
521.017	1	12
521.187	1	13
521.357	1	19
521.527	1	1
521.697	1	6
521.867	1	-3
522.037	1	18
522.207	1	-7
522.377	1	0
522.548	1	3
522.718	1	14
522.888	1	14
523.058	1	-1
523.228	1	11
523.398	1	5
523.568	1	1
523.738	1	6
523.909	1	13
524.079	1	5
524.249	1	10
524.419	1	7
524.589	1	4
524.759	1	15
524.929	1	11
525.099	1	2
525.269	1	-7
525.439	1	-1
525.610	1	3
525.780	1	-1
525.950	1	9
526.120	1	14
526.290	1	12
526.460	1	10
526.630	1	5
526.800	1	0
526.970	1	0
527.140	1	9
527.311	1	8
527.481	1	13
527.651	1	9
527.821	1	-5
527.991	1	1
528.161	1	5
528.331	1	3
528.501	1	11
528.671	1	9
528.841	1	4
529.011	1	-7
529.181	1	7
529.352	1	5
529.522	1	-1
529.692	1	-4
529.862	1	6
530.032	1	10
530.202	1	5
530.372	1	2
530.542	1	4
530.712	1	6
530.882	1	-1
531.052	1	11
531.222	1	7
531.392	1	5
531.563	1	8
531.733	1	13
531.903	1	2
532.073	1	7
532.243	1	3
532.413	1	0
532.583	1	2
532.753	1	4
532.923	1	3
533.093	1	1
533.263	1	3
533.433	1	5
533.603	1	18
533.773	1	12
533.943	1	2
534.113	1	12
534.284	1	-7
534.454	1	0
534.624	1	8
534.794	1	7
534.964	1	4
535.134	1	5
535.304	1	7
535.474	1	2
535.644	1	-9
535.814	1	3
535.984	1	10
536.154	1	5
536.324	1	3
536.494	1	-1
536.664	1	8
536.834	1	6
537.004	1	5
537.174	1	3
537.344	1	8
537.514	1	-2
537.685	1	8
537.855	1	9
538.025	1	-2
538.195	1	1
538.365	1	10
538.535	1	0
538.705	1	-2
538.875	1	11
539.045	1	-4
539.215	1	17
539.385	1	8
539.555	1	8
539.725	1	3
539.895	1	8
540.065	1	0
540.235	1	-2
540.405	1	8
540.575	1	7
540.745	1	9
540.915	1	10
541.085	1	-3
541.255	1	9
541.425	1	-1
541.595	1	-1
541.765	1	0
541.935	1	10
542.105	1	0
542.275	1	-1
542.445	1	-11
542.615	1	9
542.785	1	1
542.955	1	3
543.125	1	14
543.295	1	-1
543.465	1	7
543.635	1	6
543.805	1	-7
543.975	1	3
544.145	1	-6
544.315	1	7
544.485	1	-5
544.655	1	4
544.825	1	2
544.995	1	3
545.165	1	-4
545.335	1	5
545.505	1	3
545.675	1	14
545.845	1	10
546.015	1	-2
546.185	1	10
546.355	1	5
546.525	1	2
546.695	1	14
546.865	1	-2
547.035	1	-1
547.205	1	0
547.375	1	13
547.545	1	14
547.715	1	-3
547.885	1	-1
548.055	1	20
548.225	1	9
548.395	1	5
548.565	1	-2
548.735	1	-11
548.905	1	16
549.075	1	3
549.245	1	6
549.415	1	16
549.585	1	1
549.755	1	7
549.925	1	8
550.095	1	12
550.265	1	1
550.435	1	11
550.605	1	10
550.775	1	6
550.945	1	2
551.115	1	12
551.285	1	2
551.455	1	9
551.625	1	12
551.795	1	8
551.965	1	12
552.135	1	3
552.305	1	5
552.475	1	6
552.645	1	11
552.815	1	1
552.985	1	-8
553.155	1	4
553.325	1	6
553.495	1	8
553.665	1	6
553.835	1	14
554.004	1	4
554.174	1	-6
554.344	1	10
554.514	1	14
554.684	1	-1
554.854	1	10
555.024	1	-5
555.194	1	6
555.364	1	5
555.534	1	9
555.704	1	17
555.874	1	7
556.044	1	9
556.214	1	3
556.384	1	7
556.554	1	-4
556.724	1	-4
556.894	1	-3
557.064	1	12
557.234	1	6
557.404	1	3
557.573	1	3
557.743	1	-7
557.913	1	-4
558.083	1	12
558.253	1	3
558.423	1	6
558.593	1	13
558.763	1	13
558.933	1	6
559.103	1	5
559.273	1	6
559.443	1	3
559.613	1	-16
559.783	1	2
559.953	1	-5
560.122	1	-2
560.292	1	0
560.462	1	-4
560.632	1	14
560.802	1	6
560.972	1	4
561.142	1	-8
561.312	1	-5
561.482	1	10
561.652	1	8
561.822	1	13
561.992	1	-2
562.162	1	13
562.331	1	6
562.501	1	3
562.671	1	12
562.841	1	7
563.011	1	4
563.181	1	5
563.351	1	-7
563.521	1	4
563.691	1	2
563.861	1	7
564.031	1	9
564.201	1	4
564.370	1	-1
564.540	1	-7
564.710	1	8
564.880	1	7
565.050	1	12
565.220	1	3
565.390	1	8
565.560	1	7
565.730	1	0
565.900	1	5
566.069	1	13
566.239	1	5
566.409	1	5
566.579	1	10
566.749	1	-5
566.919	1	-3
567.089	1	9
567.259	1	16
567.429	1	-1
567.599	1	11
567.768	1	5
567.938	1	7
568.108	1	-1
568.278	1	9
568.448	1	3
568.618	1	2
568.788	1	6
568.958	1	-6
569.128	1	-1
569.297	1	6
569.467	1	2
569.637	1	15
569.807	1	-1
569.977	1	8
570.147	1	4
570.317	1	9
570.487	1	-2
570.656	1	6
570.826	1	7
570.996	1	16
571.166	1	8
571.336	1	8
571.506	1	0
571.676	1	6
571.846	1	1
572.015	1	1
572.185	1	7
572.355	1	8
572.525	1	3
572.695	1	6
572.865	1	12
573.035	1	10
573.205	1	5
573.374	1	11
573.544	1	-5
573.714	1	8
573.884	1	2
574.054	1	10
574.224	1	6
574.394	1	9
574.563	1	15
574.733	1	7
574.903	1	-2
575.073	1	7
575.243	1	8
575.413	1	2
575.583	1	10
575.752	1	1
575.922	1	7
576.092	1	8
576.262	1	4
576.432	1	12
576.602	1	5
576.772	1	6
576.941	1	3
577.111	1	9
577.281	1	0
577.451	1	4
577.621	1	2
577.791	1	-2
577.960	1	10
578.130	1	-2
578.300	1	7
578.470	1	1
578.640	1	-4
578.810	1	-3
578.979	1	10
579.149	1	0
579.319	1	2
579.489	1	5
579.659	1	9
579.829	1	18
579.998	1	9
580.168	1	11
580.338	1	-1
580.508	1	12
580.678	1	8
580.848	1	-7
581.017	1	-10
581.187	1	6
581.357	1	4
581.527	1	1
581.697	1	1
581.867	1	11
582.036	1	10
582.206	1	-6
582.376	1	-6
582.546	1	-2
582.716	1	5
582.885	1	8
583.055	1	7
583.225	1	22
583.395	1	7
583.565	1	-1
583.735	1	4
583.904	1	5
584.074	1	5
584.244	1	8
584.414	1	2
584.584	1	-4
584.753	1	9
584.923	1	6
585.093	1	-2
585.263	1	2
585.433	1	-3
585.602	1	4
585.772	1	1
585.942	1	7
586.112	1	1
586.282	1	0
586.451	1	2
586.621	1	7
586.791	1	4
586.961	1	-1
587.131	1	5
587.300	1	4
587.470	1	4
587.640	1	3
587.810	1	8
587.980	1	-2
588.149	1	-1
588.319	1	1
588.489	1	8
588.659	1	12
588.829	1	5
588.998	1	7
589.168	1	9
589.338	1	14
589.508	1	-6
589.677	1	-6
589.847	1	11
590.017	1	7
590.187	1	6
590.357	1	1
590.526	1	3
590.696	1	6
590.866	1	0
591.036	1	13
591.205	1	-3
591.375	1	-13
591.545	1	13
591.715	1	-6
591.885	1	2
592.054	1	3
592.224	1	13
592.394	1	1
592.564	1	8
592.733	1	13
592.903	1	8
593.073	1	-1
593.243	1	4
593.412	1	8
593.582	1	-6
593.752	1	3
593.922	1	-5
594.091	1	3
594.261	1	5
594.431	1	11
594.601	1	2
594.771	1	2
594.940	1	-5
595.110	1	2
595.280	1	1
595.450	1	7
595.619	1	0
595.789	1	1
595.959	1	0
596.129	1	9
596.298	1	4
596.468	1	11
596.638	1	-1
596.808	1	0
596.977	1	15
597.147	1	4
597.317	1	9
597.487	1	-7
597.656	1	0
597.826	1	-5
597.996	1	2
598.166	1	-4
598.335	1	5
598.505	1	14
598.675	1	2
598.844	1	9
599.014	1	2
599.184	1	8
599.354	1	8
599.523	1	4
599.693	1	-4
599.863	1	4
600.033	1	-4
600.202	1	4
600.372	1	4
600.542	1	6
600.712	1	4
600.881	1	14
601.051	1	1
601.221	1	3
601.390	1	1
601.560	1	2
601.730	1	8
601.900	1	0
602.069	1	0
602.239	1	12
602.409	1	-3
602.578	1	6
602.748	1	-2
602.918	1	12
603.088	1	17
603.257	1	15
603.427	1	6
603.597	1	2
603.767	1	-3
603.936	1	-12
604.106	1	-3
604.276	1	5
604.445	1	7
604.615	1	3
604.785	1	10
604.954	1	1
605.124	1	8
605.294	1	7
605.464	1	15
605.633	1	-1
605.803	1	-3
605.973	1	9
606.142	1	6
606.312	1	12
606.482	1	1
606.652	1	5
606.821	1	-3
606.991	1	9
607.161	1	8
607.330	1	3
607.500	1	-4
607.670	1	-3
607.839	1	4
608.009	1	6
608.179	1	10
608.348	1	9
608.518	1	9
608.688	1	14
608.858	1	8
609.027	1	12
609.197	1	-7
609.367	1	-1
609.536	1	0
609.706	1	3
609.876	1	11
610.045	1	7
610.215	1	12
610.385	1	2
610.554	1	6
610.724	1	1
610.894	1	8
611.063	1	-2
611.233	1	1
611.403	1	1
611.572	1	0
611.742	1	-2
611.912	1	8
612.081	1	10
612.251	1	8
612.421	1	6
612.590	1	4
612.760	1	11
612.930	1	-5
613.099	1	8
613.269	1	5
613.439	1	10
613.608	1	0
613.778	1	-1
613.948	1	3
614.117	1	9
614.287	1	5
614.457	1	8
614.626	1	8
614.796	1	4
614.966	1	10
615.135	1	2
615.305	1	10
615.475	1	11
615.644	1	-1
615.814	1	8
615.984	1	16
616.153	1	6
616.323	1	8
616.493	1	11
616.662	1	-10
616.832	1	4
617.002	1	0
617.171	1	9
617.341	1	14
617.511	1	-1
617.680	1	13
617.850	1	9
618.019	1	5
618.189	1	-4
618.359	1	12
618.528	1	10
618.698	1	4
618.868	1	-5
619.037	1	9
619.207	1	7
619.377	1	-2
619.546	1	-1
619.716	1	-2
619.885	1	6
620.055	1	-4
620.225	1	9
620.394	1	10
620.564	1	8
620.734	1	-3
620.903	1	10
621.073	1	7
621.242	1	16
621.412	1	8
621.582	1	3
621.751	1	3
621.921	1	7
622.091	1	-1
622.260	1	-2
622.430	1	-1
622.599	1	9
622.769	1	3
622.939	1	1
623.108	1	1
623.278	1	10
623.448	1	2
623.617	1	-2
623.787	1	3
623.956	1	4
624.126	1	-3
624.296	1	9
624.465	1	4
624.635	1	10
624.804	1	4
624.974	1	8
625.144	1	10
625.313	1	4
625.483	1	12
625.652	1	6
625.822	1	17
625.992	1	7
626.161	1	14
626.331	1	18
626.501	1	13
626.670	1	-4
626.840	1	0
627.009	1	15
627.179	1	10
627.348	1	1
627.518	1	3
627.688	1	-2
627.857	1	16
628.027	1	3
628.196	1	-4
628.366	1	0
628.536	1	13
628.705	1	9
628.875	1	8
629.044	1	16
629.214	1	14
629.384	1	-3
629.553	1	1
629.723	1	10
629.892	1	22
630.062	1	6
630.232	1	-6
630.401	1	16
630.571	1	11
630.740	1	-3
630.910	1	1
631.079	1	17
631.249	1	12
631.419	1	0
631.588	1	12
631.758	1	18
631.927	1	-4
632.097	1	5
632.266	1	9
632.436	1	18
632.606	1	6
632.775	1	21
632.945	1	8
633.114	1	1
633.284	1	0
633.453	1	11
633.623	1	14
633.793	1	11
633.962	1	6
634.132	1	1
634.301	1	11
634.471	1	-1
634.640	1	11
634.810	1	23
634.979	1	15
635.149	1	13
635.319	1	3
635.488	1	3
635.658	1	7
635.827	1	-1
635.997	1	-2
636.166	1	16
636.336	1	11
636.505	1	21
636.675	1	7
636.845	1	4
637.014	1	17
637.184	1	14
637.353	1	3
637.523	1	17
637.692	1	14
637.862	1	11
638.031	1	15
638.201	1	17
638.370	1	17
638.540	1	8
638.710	1	2
638.879	1	6
639.049	1	12
639.218	1	2
639.388	1	0
639.557	1	18
639.727	1	6
639.896	1	17
640.066	1	14
640.235	1	11
640.405	1	14
640.574	1	21
640.744	1	6
640.914	1	-4
641.083	1	3
641.253	1	5
641.422	1	1
641.592	1	-5
641.761	1	6
641.931	1	17
642.100	1	10
642.270	1	0
642.439	1	13
642.609	1	14
642.778	1	-4
642.948	1	15
643.117	1	7
643.287	1	5
643.456	1	11
643.626	1	8
643.795	1	3
643.965	1	9
644.134	1	13
644.304	1	16
644.473	1	9
644.643	1	6
644.812	1	4
644.982	1	-9
645.151	1	6
645.321	1	2
645.490	1	15
645.660	1	7
645.829	1	0
645.999	1	10
646.168	1	11
646.338	1	2
646.507	1	3
646.677	1	2
646.846	1	4
647.016	1	12
647.185	1	7
647.355	1	10
647.524	1	11
647.694	1	6
647.863	1	11
648.033	1	15
648.202	1	9
648.372	1	0
648.541	1	5
648.711	1	9
648.880	1	17
649.050	1	4
649.219	1	8
649.389	1	-1
649.558	1	10
649.728	1	6
649.897	1	-4
650.067	1	1
650.236	1	6
650.406	1	17
650.575	1	5
650.745	1	8
650.914	1	13
651.084	1	6
651.253	1	6
651.423	1	17
651.592	1	17
651.762	1	0
651.931	1	13
652.101	1	2
652.270	1	8
652.440	1	2
652.609	1	10
652.778	1	4
652.948	1	12
653.117	1	18
653.287	1	13
653.456	1	12
653.626	1	7
653.795	1	3
653.965	1	5
654.134	1	5
654.304	1	7
654.473	1	11
654.643	1	2
654.812	1	-3
654.982	1	2
655.151	1	5
655.320	1	10
655.490	1	4
655.659	1	8
655.829	1	0
655.998	1	10
656.168	1	19
656.337	1	5
656.507	1	0
656.676	1	2
656.846	1	8
657.015	1	12
657.184	1	4
657.354	1	9
657.523	1	3
657.693	1	4
657.862	1	8
658.032	1	24
658.201	1	0
658.371	1	1
658.540	1	1
658.709	1	-6
658.879	1	7
659.048	1	6
659.218	1	8
659.387	1	6
659.557	1	-1
659.726	1	6
659.895	1	-6
660.065	1	10
660.234	1	2
660.404	1	16
660.573	1	2
660.743	1	3
660.912	1	5
661.081	1	12
661.251	1	16
661.420	1	2
661.590	1	10
661.759	1	1
661.929	1	13
662.098	1	8
662.267	1	15
662.437	1	11
662.606	1	12
662.776	1	9
662.945	1	7
663.115	1	1
663.284	1	8
663.453	1	2
663.623	1	-1
663.792	1	5
663.962	1	3
664.131	1	7
664.300	1	1
664.470	1	2
664.639	1	9
664.809	1	0
664.978	1	-2
665.148	1	14
665.317	1	6
665.486	1	-3
665.656	1	8
665.825	1	19
665.995	1	-6
666.164	1	16
666.333	1	0
666.503	1	4
666.672	1	2
666.842	1	4
667.011	1	2
667.180	1	5
667.350	1	11
667.519	1	7
667.689	1	4
667.858	1	5
668.027	1	6
668.197	1	0
668.366	1	17
668.536	1	3
668.705	1	8
668.874	1	8
669.044	1	-2
669.213	1	-2
669.382	1	10
669.552	1	2
669.721	1	7
669.891	1	6
670.060	1	11
670.229	1	16
670.399	1	7
670.568	1	-10
670.738	1	6
670.907	1	9
671.076	1	13
671.246	1	3
671.415	1	-5
671.584	1	12
671.754	1	4
671.923	1	-1
672.093	1	2
672.262	1	-6
672.431	1	0
672.601	1	-7
672.770	1	7
672.939	1	-5
673.109	1	8
673.278	1	5
673.448	1	14
673.617	1	8
673.786	1	-1
